800 40 38 36
11  35 1338866174
8  21 1604185768
13  19 328944124
14  19 1435706841
13  15 1779453323
39  20 1064019399
21  9 1991699220
6  16 2014024470
30  20 1720563467
16  31 1099888255
14  13 678286905
24  12 1859631229
33  37 336467132
22  38 1878450639
24  36 699002934
24  26 2080663816
8  30 1265882874
1  33 2037208351
4  22 1753691411
13  7 2001649548
36  16 1785808310
25  19 410636039
21  20 1483007357
16  9 65778960
26  13 269839247
0  1 1936839873
19  27 1714562535
12  24 1002884598
24  8 1855701161
26  12 237818106
34  8 1859330898
7  20 1737074686
18  38 2041262502
23  39 2090807696
7  37 1049426852
17  5 964659060
1  3 87189366
35  18 412908136
18  21 1499165852
21  7 18609812
4  12 422195488
10  25 1858860381
9  12 163481393
26  10 1116646506
30  2 6407994
20  6 342760293
24  6 1164349898
13  5 1163402597
22  30 775060289
28  23 1610525492
20  6 321289504
24  17 1363890149
35  0 851710542
14  3 1992629337
34  12 2135714890
30  22 1262317990
25  36 1232411851
23  29 909109851
22  37 226145624
30  39 1812356481
15  10 1593796042
7  29 84599807
30  17 1735575958
38  15 648514805
34  14 847973898
10  17 1958699482
17  26 1663432564
13  5 409533370
36  34 2132964364
13  24 1191136704
2  17 779034983
38  27 1307438899
35  34 198834605
29  3 392619494
7  16 1575108191
20  27 1932359247
17  33 1671058466
17  14 1988540915
36  7 443346753
30  14 986580493
4  9 1301574593
6  13 1838250356
29  28 207029718
3  12 1830690318
28  1 1814039048
35  32 1107308800
20  37 1100239559
19  27 1035706704
32  24 66546541
2  5 180546793
11  10 227613571
34  33 1192193935
20  5 49653747
15  5 1675991489
38  23 1425333056
17  18 352981937
25  17 1527219707
12  5 1989428874
1  32 750864257
23  22 1071396604
14  4 2126048794
15  3 586366133
32  23 401950353
33  1 83057077
38  4 1408299981
25  21 973285469
10  37 1521957834
3  39 924304673
26  19 1497575857
37  17 1825854119
19  35 652544621
36  3 1233327239
22  24 586105078
35  22 924743864
39  9 1132578575
32  6 654633343
26  28 1634780849
29  10 480927454
39  31 1040392368
24  30 1196738833
10  15 814356240
4  20 1194523008
9  24 625977609
10  16 341135725
16  1 598059074
6  22 369027755
35  30 1522070724
8  38 606800901
9  29 1631437323
38  28 1730378587
4  35 878221844
16  38 262121453
0  4 1193378657
30  8 1381819481
24  34 222823027
14  2 172606912
22  5 1989600567
28  9 1181774372
34  22 436536668
22  14 826434664
23  30 706257659
16  14 473375898
34  19 1864374524
8  0 1827287506
0  10 186341522
22  27 1818086546
37  36 2029629329
23  25 2092167296
28  11 968525299
4  7 864092566
1  9 1225576600
31  27 1308021837
37  18 2092339205
6  34 1976067543
6  19 1514692683
15  13 640136164
17  31 1906183904
17  11 259798926
3  23 1855794776
4  27 1703937046
22  10 607981974
37  17 850225269
27  12 1397454281
0  31 253153964
22  13 239743929
39  5 741813357
22  14 1661358776
4  10 714991085
6  33 1711585723
21  14 376229337
21  25 1065609594
13  7 1198214593
33  6 537309676
29  16 917348520
12  20 1749580578
37  9 40398976
31  33 1791626465
28  10 1929033059
34  16 1217989019
14  1 1164370449
2  9 1829636062
12  7 1731863615
11  0 2032661109
21  27 1340654802
37  11 333684577
13  15 33197532
20  29 1065650452
7  31 428970925
18  36 1055296198
8  14 124397717
20  3 1371095089
16  35 757070084
24  13 934145506
32  9 1038156882
10  25 1015628226
23  34 1242234670
33  39 1268658069
24  39 1868873117
21  10 743747161
16  1 701238953
14  29 1142085658
5  23 385515209
39  12 928757651
36  33 319442641
30  8 276733472
36  13 1447678017
30  21 254718246
25  10 1739944348
25  29 1488722454
38  37 2082831193
18  25 1595197871
13  7 1774181593
34  15 745339076
27  32 86869114
12  19 953092240
34  24 977274016
31  10 1320558611
19  13 568195506
33  3 2133599057
11  4 1594450297
2  6 110009136
18  0 945265752
35  11 654159981
22  3 591648579
34  37 885459217
36  15 1670571913
22  15 1510519985
28  32 135806709
27  37 1460812352
3  1 1092399373
16  26 1797620536
30  23 1599296477
38  14 1981886276
35  28 710005839
13  22 371178810
32  9 771568537
11  2 1356415604
29  4 668449968
24  34 1843663936
31  29 1078650456
6  26 592110277
25  37 1453678810
18  3 1279905700
12  25 1478699916
10  6 52163065
9  31 1132270663
26  15 896042928
38  5 1591502435
10  4 278524433
23  1 1520676051
29  32 88293529
20  0 1415412372
22  0 326390749
6  17 1706347556
18  34 758479290
19  8 29557857
1  7 1568497648
5  6 630502100
23  37 487735914
17  20 955487919
21  9 481601662
2  31 50639976
31  4 574622526
5  38 1092735630
1  22 265689099
7  32 1734943214
22  35 257025042
33  26 533177347
29  7 1995320649
14  7 93558871
32  31 955744588
2  9 220980550
3  29 1472045181
25  22 1319339658
20  29 1138816867
9  1 479626016
20  21 603893656
5  9 1961544520
38  33 1652339077
15  18 681291384
27  7 1534086156
1  11 169586068
5  0 1413899764
30  18 1866614804
26  27 395966675
15  10 675882767
33  28 1656503402
35  28 457459904
38  34 897849572
19  14 1781972312
7  9 1888740387
21  8 2102997214
3  32 1580862250
39  13 417311811
29  17 1543162748
24  31 1637212224
14  31 847274579
23  14 1563284425
18  13 1667088163
10  37 259862348
2  22 1721565761
3  15 1553290951
27  12 1056778353
13  25 1438129310
23  20 198131748
21  28 1161757004
2  36 975349454
19  23 1131508974
24  39 2083630868
38  17 1436332917
7  13 1233202279
13  36 2141867685
27  30 2113826324
10  27 362809262
30  31 1149982223
20  19 313483545
38  36 237253164
6  2 1907485023
5  31 1450380811
27  6 1367256514
32  16 1130894326
28  22 881176546
35  12 1886375173
34  1 731001663
6  37 344314829
15  36 1461125660
32  8 1363669665
26  11 1860323935
37  9 532158804
19  1 1940908868
4  6 1835414324
32  17 1613202493
13  31 1118582020
30  1 1233496729
20  32 1429391028
8  16 1398971531
15  35 1840045178
31  26 1609278672
17  18 895649974
1  3 510635132
24  25 1481506901
38  39 1037848055
14  10 2104864869
32  4 1250011348
37  13 1371254478
12  33 75602659
34  12 41006556
4  20 797430546
0  1 858610307
7  3 181639622
10  6 1821190075
38  21 1764766962
35  13 1056648260
24  9 1874266080
1  32 1700728222
35  36 742643254
2  21 1076448742
33  31 1271043010
6  4 1347596889
25  16 1441237162
24  7 944304450
3  14 109743014
14  6 652702725
22  27 402089221
25  9 1116283061
23  15 1392973480
27  32 1313311969
10  12 2109444333
16  9 73081342
30  38 407788299
31  9 1609245170
11  4 1656025552
30  35 1270684584
8  32 1930197361
36  39 16358963
29  35 1679852085
2  0 1373011171
0  21 1424719882
1  9 598197361
20  11 668710606
19  0 1519491142
7  5 1748981438
1  27 1407366828
38  20 1248279758
8  21 92970839
13  12 1833365941
12  27 25516940
33  6 98688345
31  21 656034416
1  21 1342970159
22  21 1498955281
35  25 2118607753
16  26 823288091
10  26 2042230718
28  14 1605227990
15  38 398072550
37  14 1775371910
20  16 1165008009
13  8 507483378
26  34 50432107
10  2 239194476
3  10 698738884
21  19 256930540
32  37 472501989
21  2 568821601
39  38 880419271
15  7 1465551726
38  10 1099109425
36  26 1946382300
35  14 1378294474
19  8 1678350183
26  16 138355551
18  13 713263004
30  5 1919363609
38  7 1947813546
24  36 456400673
28  17 1658057131
37  7 1293249238
13  9 1148581593
24  32 581521946
37  23 119841917
17  25 621090363
17  15 334823254
37  19 1439405141
18  14 1307038570
3  36 2121633310
37  24 1867434121
38  25 1476215111
23  17 328261201
33  23 998878152
28  13 912896716
7  25 1105314502
30  27 1439423629
34  11 1525495684
16  6 174211402
1  39 1565049306
31  25 173501824
29  0 303676857
11  20 337368632
7  21 1902024337
12  14 515976656
11  25 1992909436
14  27 908444212
10  36 1166672893
3  5 966932828
34  3 168728570
22  21 1328403514
29  17 1115472354
4  37 1824370315
20  4 614856906
29  15 809093567
18  22 975358872
9  21 45396612
0  16 124776751
17  27 1816730728
23  0 534771963
36  21 214044065
9  30 108890816
34  14 1136415500
12  16 1324892539
35  30 295613360
13  6 803142628
18  13 375070327
3  18 1005279108
38  10 922722895
8  28 126578604
18  20 843350212
32  7 414310390
5  36 126581006
15  26 1176324366
24  18 327100661
26  27 1787474869
27  24 1387845433
12  13 2068591737
2  6 1210694152
9  13 313846040
2  34 675914198
16  23 286925135
23  26 1002154002
1  14 1906259820
1  24 1882302341
18  33 1346547101
38  39 2045017153
6  30 389835893
0  20 254352341
1  6 36138286
9  17 10828693
25  17 945208422
36  27 725890105
4  20 1964138383
9  19 387079708
22  5 1754709445
4  22 1907359981
22  23 1271906113
35  23 1313289609
5  14 359764151
36  32 677618905
38  32 1487464155
36  35 1688861034
7  11 2060500020
34  21 1275717263
9  25 1018999519
23  32 81442848
20  2 1896599433
8  18 635605371
28  29 590905540
20  36 452043231
7  18 1034099186
38  31 577695032
5  34 1184595823
12  37 832113529
15  28 910059746
32  20 1338094292
6  22 1930083005
38  2 1145380364
25  5 239892889
24  25 1250191833
8  6 1365981967
12  2 1815247401
15  1 170207360
16  19 45103692
12  19 1489560129
4  18 801287802
14  2 161407533
19  20 1484428179
36  23 1899770817
16  4 172721336
5  24 1797720189
6  30 855482432
2  39 1064244242
16  21 704316459
2  21 1647525109
22  8 937506723
13  35 875215778
18  16 2002216818
26  3 1019320297
32  10 867143996
26  24 1103934907
25  10 53820384
14  7 1053098061
14  17 330987685
11  37 1343634032
9  35 1691529047
15  35 1060719689
15  4 1227165344
23  27 1065820104
9  36 437163487
35  14 1520644110
10  35 685598607
23  27 1588121649
4  6 109848335
3  9 1354867177
29  23 1634195761
9  0 754452331
18  14 1936416740
11  22 34542078
7  29 944446447
17  15 1212280540
21  17 68461733
30  2 358260184
21  19 804065897
27  39 62675336
5  1 617510296
19  3 995010853
9  21 1407364670
26  18 2091987723
6  28 1941672860
8  26 438478293
4  7 756426521
14  19 38529374
6  22 989247225
28  2 83926768
2  24 1359813840
24  37 204933970
7  30 813217988
9  7 1181505554
4  14 1291401583
25  19 839275345
5  6 1237144397
11  31 1885533651
9  7 1408197681
2  39 1858896612
10  11 425398934
7  26 1162847361
5  26 1200206780
31  1 1275409923
35  31 228443195
14  38 1761974420
12  36 1371882390
17  33 815499114
33  30 210370495
33  30 1555700481
35  30 2034373112
15  13 370195880
11  33 1764449009
27  28 1300508875
13  0 2070469378
16  32 1454614173
6  35 2059699052
35  0 1348350283
19  13 1126733888
13  11 1616961465
36  1 1697586583
12  6 1447417592
7  1 2087422615
3  26 205750519
25  26 1028423324
31  26 817781162
11  25 1939600051
11  20 371848612
8  34 2115621536
9  17 89800575
7  6 1667749455
28  15 1680012268
15  33 1962858210
31  27 471849798
19  24 1997630095
4  11 899802303
21  2 1205577966
25  26 564792622
10  16 197939434
14  39 591848890
18  20 160725415
21  20 634806836
25  34 496983681
38  15 175850745
9  30 1653262540
36  28 2110046195
37  20 2006119341
27  29 241370453
16  32 1199066293
25  1 1259855406
32  17 1181521773
10  2 1912145515
5  6 1550771828
18  3 1058475636
29  23 259778972
13  34 50380887
35  22 1914548542
24  21 208017020
2  33 1504210387
3  39 1294482966
22  8 2133548905
4  21 1693931720
38  15 2054005989
6  39 1802932935
4  22 1233579103
5  26 1679610497
4  32 893006914
24  4 1362013245
7  10 15086654
21  25 1873816540
22  13 587241365
24  25 242340373
21  29 32323473
29  31 6903104
13  1 62575039
23  13 1127793159
35  11 189754833
23  32 220440701
31  18 149604331
21  36 472943992
35  14 1907590431
1  35 1062538534
39  18 531079316
23  6 560080813
22  3 1422200801
15  12 67659496
27  15 1884486356
35  29 690820880
38  12 1030876799
37  23 1431895214
29  28 1146562686
35  10 1875703327
34  25 1982235178
27  14 467877635
0  2 1446355417
16  28 585813410
11  22 202638284
10  27 1580235761
12  26 750176938
3  28 2135201230
21  23 1476018699
15  21 1417551374
36  25 528163263
31  37 2011499112
4  19 1456343656
25  29 1323226865
6  2 258403670
33  27 1663913828
12  29 1800330386
21  2 1219312252
33  5 1307167340
10  28 814487165
8  14 833062144
0  21 155396798
32  19 572876613
36  3 617806098
38  7 1284524852
34  31 739994659
7  38 1448705497
7  30 1506495404
2  18 1955247395
34  20 1774537107
11  7 102057009
9  30 2049466480
13  1 261265340
9  32 768056742
32  17 786943972
25  10 39380609
24  29 138517908
31  23 515435894
17  1 912528897
33  39 1659676634
23  21 127370875
6  2 545473517
16  24 631714469
16  31 535604260
33  12 841543520
26  27 1352439521
7  27 888286569
26  14 1328082096
10  28 48284508
21  16 2098189903
21  22 510385642
6  14 1507906892
38  17 172706838
1  17 269350831
22  7 741833503
22  32 2135468449
0  30 1521279265
12  30 1096086173
11  17 1597386609
11  12 1418358103
10  15 1210586190
17  2 628790513
18  26 2019816828
24  33 37823549
21  15 408668898
19  11 1340423564
14  26 130820098
21  27 1926744548
17  1 1508965996
15  0 1817817925
36  3 1823908150
1  2 846161519
28  31 1117610815
4  35 756059471
5  3 1409391036
39  16 1087632051
10  1 1142973200
34  32 833038046
29  15 79007274
4  16 1188054735
27  1 286762158
11  22 223969563
20  0 390945299
18  22 1400405689
30  9 1818276880
35  24 607105713
14  2 1378239666
18  19 1771598948
29  2 1494512771
14  24 1678752369
15  8 59862991
19  29 1867031167
37  2 683622449
14  28 877422802
39  9 1347947167
7  31 724730139
3  21 1280231678
35  18 2079947337
16  33 772652203
23  4 2078424415
13  32 899072819
32  31 1802561193
36  12 2050141085
24  19 1812313904
16  25 497690481
34  1 770251432
35  14 2086922907
21  36 1949350957
25  17 1505931574
23  21 1414936497
9  31 99378059
14  39 702614528
25  34 2028507407
3  5 1622628903
9  17 416579601
4  19 1423570550
4  8 1834674964
8  21 205177431
27  7 1705154482
3  33 1864623387
25  37 1145983849
29  23 864698751
7  27 1162302617
7  29 1468845107
13  2 1836860948
7  9 446888666
