800 40 1 34
0  4 1564826089
15  13 607294735
24  6 548550396
15  14 2074574668
21  39 128914817
39  0 1184873333
34  37 1627680686
18  17 1658142491
29  27 334150770
39  2 968436341
26  27 908495261
34  1 562850527
19  1 803077600
38  17 845295503
16  27 794380919
17  34 1029288114
6  1 868616567
6  18 1446608378
5  2 2105563783
2  22 151510338
3  21 261667611
29  22 143931655
21  1 1434072582
26  27 1250745282
24  7 986418766
32  27 1478057700
4  6 362594955
14  20 1626994807
12  36 283284875
3  34 1747089249
5  16 1537479343
23  34 270847688
24  12 344737713
10  9 33212737
9  11 1280888026
38  33 1689787005
20  30 558172389
6  31 79673270
36  34 1380528240
29  15 1017488596
7  12 1500139
7  20 825629682
24  33 2132947235
16  18 1136464085
24  36 64199764
17  34 183388051
21  35 1761126105
26  3 2102354995
9  5 1217309374
33  38 657979815
10  2 1230692260
39  19 997397687
32  4 1797496750
36  28 214776638
2  6 1853721238
21  19 1918199407
12  38 168480132
18  10 157257260
33  12 1792824797
14  29 1090445315
38  39 1727367614
21  15 182116540
37  29 290047208
0  36 1717349551
8  7 993229038
36  24 704374804
30  0 979107850
15  0 1194633653
28  33 1415283489
37  38 144603598
39  8 877172030
13  36 907597078
34  27 38050771
17  8 944898736
20  0 287642879
8  12 2085115326
22  23 1163083538
11  23 1897892348
29  2 924869547
23  28 7913354
18  35 840387942
22  18 1146441943
14  10 632964074
28  31 1750605878
17  25 49081338
9  39 907755883
36  16 109887075
13  15 1559350332
16  2 915781326
13  3 1637997186
2  5 1404239335
20  25 1017907732
37  34 1215626502
21  33 52296650
9  27 885671372
11  33 1918344249
19  37 953476420
9  2 1229007298
20  17 860219933
6  17 1672396721
26  27 1688085394
25  4 719163747
5  21 96517362
30  29 1585502459
7  4 1799232728
28  7 450135637
20  17 201023687
14  8 1883672872
38  5 476394859
38  7 621494674
21  7 1763895066
13  29 40450445
35  16 1478062792
13  23 1507170159
22  32 641705212
1  18 2145315413
26  25 1958554758
21  6 501757293
18  22 1281501301
16  26 929252742
34  21 1771416720
4  31 1437342446
21  15 803278586
17  0 1517161916
30  19 1811348919
38  22 1383115288
17  4 386027542
7  12 486131603
16  5 1834808973
32  29 630726911
35  32 1789419399
8  21 2109969890
39  24 206895613
22  8 1337563536
24  18 1519261439
10  21 917211045
10  7 1346907443
3  22 2008148751
8  11 1522278892
28  19 1448147592
27  19 1274856217
17  19 2105006331
38  32 1561050210
18  30 1829042164
26  16 675130105
31  16 450325373
8  38 2124295422
37  5 1039703826
11  32 1793655462
28  30 1473472340
0  13 1499956866
20  35 713530074
10  13 989296976
15  10 1813017550
27  37 1606778638
19  28 768910272
37  12 827753780
20  3 995877027
32  24 203379540
33  15 352905979
39  20 294877819
18  25 219557193
27  21 1147137937
12  16 1659567451
9  7 67710968
20  17 1214037045
34  0 854541306
14  23 1805465866
34  3 1795537182
32  16 544944148
0  27 296011623
29  22 1841564546
35  12 1870170124
27  16 1083891304
9  33 617231615
22  34 2090351319
1  0 886945429
1  32 1568184494
8  0 670507430
38  25 1580368744
32  25 500491346
1  2 855573698
39  13 471072099
38  1 686044769
32  23 1953959228
28  1 330455136
7  21 664597942
38  37 240194742
4  27 1251332308
37  13 508429643
5  12 423083297
11  30 2041450659
26  39 1421605606
36  27 1189354874
25  34 2013213415
29  1 104056808
25  30 1436851500
27  0 1310183664
3  18 182524441
18  7 961160701
10  27 1028074045
3  38 1452340686
12  38 1806046288
39  20 1061230642
8  0 741629254
29  38 152513627
2  10 1448549490
4  27 377401686
36  30 1890348064
10  17 1700136977
39  25 1383697148
36  11 1908075095
6  35 1978835604
28  24 1279903573
23  29 252823420
7  20 1231235145
32  5 1921635664
28  35 239004040
1  7 1102127081
34  11 316751667
16  11 1106827021
5  15 1189907663
38  22 1444937986
24  3 1429208083
35  22 683204652
5  17 1327186720
29  17 1088742229
38  10 2029074493
10  12 1528879813
24  30 1099801555
7  0 609606362
32  25 1536021690
8  11 651748314
33  17 409800918
9  22 1498744327
38  27 75509003
27  18 1958766508
34  37 1350069977
39  7 2072928260
32  18 1762687219
6  31 382132854
26  37 1272911995
7  29 1508074966
37  14 748183319
37  6 1121731302
13  25 17803959
15  37 1218222270
6  12 2070656040
9  20 1084036838
34  25 1236031024
22  14 1461839899
0  15 393063714
16  24 1490164520
26  33 1252367550
37  20 1126006100
2  21 1265774806
0  12 1898236880
4  32 1494763303
6  28 301076384
9  31 919709080
9  35 1343816011
13  9 965059943
25  0 1935434489
16  31 795434032
34  3 1333270467
27  24 1053429424
31  34 2006380862
34  37 865798960
34  11 1795865339
9  34 171534723
8  2 363444917
22  37 1305354166
37  15 2084775200
12  4 1894805404
9  34 1795214508
24  7 826095950
9  1 9955241
9  23 812684997
9  26 1660177046
15  14 1064122931
31  1 311582449
8  18 823738839
35  2 1196371846
14  9 1150221785
39  8 1972958446
18  26 2121471508
5  3 775048468
21  0 1946434488
29  4 86070013
14  15 2114838348
11  35 1338039325
4  7 2064719786
6  15 1735290474
27  17 1903653843
39  34 1522182721
15  6 1464906411
6  25 1963462101
7  24 1061923148
5  35 2117179002
14  19 36249500
31  11 455678395
26  31 2111352286
38  1 2092086260
30  16 1286718689
16  26 595161562
37  39 2050752997
11  29 1804448450
26  16 1392383380
5  18 826554952
23  2 1385283937
13  24 721970611
27  33 1389783566
31  30 700941751
9  0 1435765300
24  32 1755207525
5  31 1872325899
13  0 1883158745
6  21 130055222
30  21 1460462604
15  22 1799744079
32  29 1683503966
0  29 6839465
8  28 331611308
32  39 894328507
19  6 2047530935
9  21 830802087
22  2 676975189
2  35 317544669
10  14 977948618
6  15 790501434
37  4 1384804341
36  38 403362720
15  14 1839038898
10  21 113973589
11  29 2052895971
4  27 726168531
23  39 1334722629
19  15 819558076
21  12 610126307
39  9 939432929
29  13 1217510139
27  8 632293328
25  21 2036473681
3  5 793285533
5  6 1735201963
4  22 1663176358
7  26 338182946
19  23 422020799
11  13 1125613046
4  38 1665160922
24  9 1679619577
22  11 1121749765
35  0 712230738
35  2 943722354
37  3 864305484
5  7 233479611
7  24 1915126625
24  10 1695157085
26  4 285097672
10  29 1953433599
36  14 855237041
39  7 611254316
35  22 1683778944
16  36 778786617
33  19 1414987167
14  28 61295444
10  13 817915092
12  4 4134255
29  7 1792229584
5  24 736509876
6  8 325109644
31  27 1533667270
30  35 636776435
0  38 1655474953
20  6 1914820818
36  29 1758405188
4  20 573889716
19  23 1028387467
11  4 1428313232
21  22 1225005746
20  17 1088151322
30  22 1441078263
5  23 1979054404
36  37 1762805435
14  2 666258453
39  28 664371050
25  8 1959665997
25  39 661719645
14  17 1811175259
12  16 1762785424
13  5 680529105
36  20 1946326343
38  14 1387463358
39  11 1599213988
20  22 674359314
28  18 1464431106
5  29 1726413620
3  33 1889777071
12  7 93120758
10  21 608380504
33  10 1944896070
38  32 890775860
13  33 1235789159
37  21 534976178
3  30 388700911
6  5 1737915642
14  6 1163308473
14  21 465567532
24  17 1389198370
38  37 1683332763
20  31 1173688522
5  21 379178143
0  17 2035711945
28  21 1174825875
3  1 1121935587
22  7 1300901892
4  22 529067797
30  35 1009843492
34  1 1003474658
11  27 1654235313
34  24 1058768098
20  10 2076212254
35  39 955137310
11  5 1368640604
10  25 1077537111
2  4 1253740259
7  9 1982420581
19  23 1622644772
29  2 781186469
16  6 425975302
30  14 1338138196
18  0 2110431350
25  39 209580526
9  7 1942050832
16  18 1355143783
36  8 2100382893
12  28 977381264
4  23 1070218292
2  13 1764982210
16  18 40709047
14  25 144282535
35  30 191887226
27  35 2052493650
5  29 1399406479
27  11 737978939
35  31 1653678165
30  12 2049833721
13  6 1187015021
35  39 885265189
24  3 1863778351
27  18 904692172
9  36 1458735593
9  3 1743410545
1  17 1750640402
25  6 1728651110
17  8 1472609676
11  18 432583910
16  7 1402181520
7  39 149092732
21  9 1706550809
39  0 39640413
9  16 362706640
2  4 187879479
11  18 511134100
15  20 1410231936
35  13 475895092
10  2 704327197
23  32 1416254574
30  11 784435993
32  21 1807377018
39  25 273920087
8  18 1495350912
23  13 1204933338
0  36 766442077
12  18 584858630
16  5 324439177
3  8 1601107022
9  7 1825068152
19  39 1852341572
18  29 2133996529
32  35 228729766
37  26 139726496
34  10 1429803807
13  28 308929385
25  1 406512957
30  5 2082480244
26  22 442706291
13  32 838148724
3  16 1757083005
32  3 1351780382
12  29 1188871495
1  2 952428832
36  21 1470530757
12  29 1087350147
14  21 1152499720
29  2 743066540
9  12 721725005
30  39 613202761
2  27 1390782914
5  10 1610183657
31  36 1730663865
24  21 880928841
30  6 200601537
31  27 1115757532
18  27 150807893
26  6 1535658509
13  36 157069459
19  27 76842560
39  22 332552643
18  39 782245064
31  33 1264011574
2  22 57300521
12  16 460777736
0  15 1582644835
24  18 1167684522
8  16 2059907928
39  26 2024800324
31  14 943858497
4  25 1646607261
23  3 925089074
34  7 1894625224
17  25 1848873111
14  38 204325427
36  6 2127797647
16  32 136283924
18  24 1949988836
38  12 86444926
18  5 1874527406
33  36 656506719
34  7 852187257
37  12 612127464
14  39 534980954
14  33 1253468588
36  15 677416472
1  9 460208746
3  4 722096846
0  15 666527516
11  25 27318875
5  7 663348896
6  2 1199901593
10  16 422238343
31  12 2100044404
36  11 38838839
10  29 1832107278
34  31 1421347585
16  18 872884025
38  37 1990610134
12  11 903394235
20  31 1857108900
38  27 1404316967
5  16 818534057
36  39 1375117604
20  4 445295897
33  29 265922436
13  7 1195301788
33  11 915098771
29  13 1041088835
14  7 1685356667
23  6 2135756533
0  36 2049306024
6  39 1452586135
2  15 284117164
17  25 1392674590
3  39 516226817
21  8 1458820759
21  17 205636535
4  16 146345339
15  22 524455120
12  14 6787408
1  15 38361899
16  32 1961530865
14  35 271166443
24  8 1556461273
11  13 2093340008
24  39 1661525563
34  7 2127201926
35  32 741099110
32  29 416512009
5  2 2145590836
4  37 202297175
28  10 1403915750
1  32 593993082
12  32 507283427
14  21 1519695627
2  12 2077986593
8  32 1109872199
34  20 1265870607
20  11 1926005659
2  23 747715413
29  12 385162435
32  7 662347684
23  6 437476376
25  5 1220014498
8  34 1468801365
25  20 98572713
11  1 2131891701
27  18 1675952197
32  17 990000862
10  14 456601130
9  4 1901076099
6  20 879743954
23  18 1842907337
31  18 396584662
36  39 292924785
30  31 714383034
15  14 921852667
4  32 1796867579
23  18 1183836129
19  39 1421552648
14  10 868237496
31  5 875749447
4  5 789310310
38  19 531366155
11  23 1001519610
17  7 1212349387
29  0 825741712
31  8 1098810090
20  11 1663165367
28  30 2130932267
24  4 1562475013
24  14 895151065
28  20 1789409453
10  30 50475582
4  30 887414083
10  17 1106045358
1  21 1513455809
6  11 1786679524
10  7 479303856
36  26 991999231
38  34 2047970966
38  39 600709850
14  3 174380029
10  2 1552021482
39  0 1346108704
11  35 1242771703
7  38 1689709784
12  29 2064206767
25  0 1667298081
14  0 1831682447
15  21 1683891058
15  27 1179674292
29  25 914395983
12  6 551915068
6  9 122454059
29  14 2046056151
39  28 447378243
11  22 1321733434
15  14 1913565373
36  7 979301131
10  31 1150387434
18  21 166002719
23  27 51086076
33  12 1489865283
23  9 353072701
24  32 26354256
35  38 1719744056
1  28 11867766
23  19 1531169794
30  5 143732512
20  27 557361977
10  35 1170087943
9  22 1554920705
12  19 1832720042
14  26 307416837
6  36 210156640
24  15 1432969969
33  2 1211176525
1  25 758644082
36  6 792487554
25  14 1537462807
23  31 1237443870
4  28 1543523447
8  9 1800310600
36  9 576344880
30  35 59993616
29  20 1557773734
12  32 858814888
38  11 1333612555
15  1 2107629321
22  33 1399741649
39  28 1140248291
33  12 1606708859
12  24 2062268425
21  14 1023842182
30  21 601891501
23  6 876659696
29  21 288438609
11  0 1782324156
16  34 1634618027
38  6 1603589265
0  32 1748034428
1  32 1796424692
34  36 450241996
16  37 917161844
32  22 630856819
20  29 1757618843
5  32 1033704460
29  25 584602421
16  3 1872574032
20  11 601852633
22  11 1810508517
33  16 88729011
24  17 2062774066
31  22 902846086
19  7 1987270510
39  20 2110443754
36  34 1734627245
22  7 1713483812
36  3 1606676363
17  0 196621489
9  37 543388815
38  4 1628430651
28  1 1821700710
2  3 1064281994
26  30 1494678795
31  23 1258207068
23  20 269129275
27  4 455823232
14  38 1398733999
30  20 633553829
2  35 985050177
5  13 1706244470
7  34 46654256
13  1 1373088270
26  33 920336034
32  4 1966852975
15  17 271331784
12  23 2026734393
29  2 1638442465
38  34 1107246520
31  17 1993881439
37  13 126653907
3  2 1315859833
15  17 1902383469
30  35 825731823
3  15 1099897951
19  35 319166179
36  22 729888023
10  31 815970194
25  2 1005123297
23  30 547570418
0  19 895734718
3  16 916560929
32  22 859640735
33  1 785312288
25  34 999115704
14  12 2027914402
14  31 1824093004
32  35 1753731890
34  39 817229203
34  20 2011136187
4  5 1417913546
10  23 148683169
39  26 940643386
31  12 1813552586
29  9 2100335194
18  2 762785163
25  11 1372634519
15  4 1932483456
26  19 252044249
37  27 1233850223
22  13 1952515157
13  23 1283837230
39  9 2074384357
29  38 1717858766
22  4 1098445854
29  15 19032522
15  9 511975651
9  33 594233608
15  13 950059037
9  3 948189153
30  27 1750206565
33  27 481048097
32  11 1740235534
9  37 2021986131
17  11 1191861558
32  15 217172051
2  10 1069146667
34  39 595522626
23  11 2059049225
9  26 1426489525
18  29 338588393
18  21 1513713655
8  36 1139325048
9  38 386285531
27  32 162081066
1  2 1946621739
23  5 1844833535
22  6 1977580932
25  16 107726325
7  23 1904628470
31  12 103664398
25  39 1312859702
34  14 86048795
31  32 1438101465
13  0 1053802447
5  21 1202834738
10  17 32891693
10  14 1608720917
10  7 842754293
