800 40 14 28
4  16 532588135
16  29 473060674
0  28 2072316313
5  20 874409739
30  34 1470072139
14  17 529011411
34  3 160003656
39  7 798031947
16  2 1802692016
9  16 5998392
20  19 535700972
37  6 1049324578
13  6 795623283
32  11 1466172698
20  23 477974511
6  37 1182574096
16  35 2031737465
36  32 14956413
17  8 987969451
17  16 1349416292
23  4 356807244
6  18 268825338
17  29 563255661
23  35 939058334
29  15 1535786965
16  0 1994381350
32  11 1544478805
2  37 1819357627
2  25 782716625
39  4 329640099
12  8 1127281550
18  2 640456487
21  8 325568653
28  36 1495944263
15  23 2082788558
36  3 1623427277
17  2 412404912
16  32 1041545578
39  22 359559966
30  12 974895974
14  15 662766432
18  24 1854339637
3  9 1230616241
2  18 1776593394
36  30 256365048
3  1 1504972908
30  14 1538035202
36  2 625135428
12  31 460066266
32  26 70505300
12  3 2008534732
14  13 295181124
36  23 1207728093
10  39 520367376
39  13 1382004113
25  4 1993696267
31  11 1952603277
14  10 1573429537
20  17 1223061979
26  36 1719991316
24  21 1648521822
29  0 1148832514
22  37 1876250613
20  2 277620533
38  3 125986035
29  26 1188048871
30  39 1169329126
22  26 738585399
37  3 724784214
15  14 305543483
0  29 1171874513
37  22 1259959549
28  7 91784567
5  25 1477834290
39  38 823647753
39  9 1906230442
0  27 2061502405
28  21 1507093398
1  16 1737434760
19  31 955681707
27  37 459039802
2  14 328027254
6  4 1580825393
5  36 503899209
12  34 709541559
25  20 1337463994
22  28 1728595333
16  36 1133025906
8  29 603192919
18  30 1662461854
33  10 1640251592
19  35 1682171844
24  23 463341803
37  10 1698617520
7  2 1507143205
15  32 1804346815
4  28 1260615006
22  2 342278859
29  19 820402371
10  34 1002375087
39  20 25407466
3  15 841840702
10  27 1762699982
10  13 885956707
6  16 951100141
21  24 1495539100
22  17 1935594838
23  28 893170064
29  17 658512355
2  10 585472905
32  25 1844898436
32  22 193500744
29  39 336957310
34  4 1368120565
23  13 1852371699
39  27 1499885899
29  4 1323280666
8  17 1685852156
20  35 992602696
11  31 1500311874
16  28 1413545287
23  39 170204375
34  12 1984978809
2  8 16019450
12  3 1726572118
28  31 733489392
0  26 834025324
39  35 319782261
27  29 2117336071
7  37 1190551763
29  6 1137737135
25  4 916487771
14  0 843894898
31  1 1424655346
34  22 1748892298
3  29 1666597353
13  39 1674593382
27  20 2056318274
36  20 313942946
36  4 1378888963
22  15 575406173
3  39 631874498
23  34 1769515316
4  27 1518184850
13  0 301846122
24  39 1221815975
21  37 1118778633
10  2 1331245222
39  16 1381870472
31  6 1761382679
13  2 165805230
10  19 1602367085
14  7 1285460561
16  33 1843953150
36  1 1300301003
5  16 1721807991
16  7 2114833830
2  24 1022502065
3  22 1046461954
3  34 1151766158
24  5 1997882410
37  18 309314419
9  8 1675999919
16  15 197555446
37  1 1658681735
6  5 1996411192
39  31 210456013
39  26 302718357
38  21 827095003
1  37 390519768
17  24 331332061
13  4 1502635722
24  30 1249947431
21  10 1043538185
32  22 757662839
36  2 1636326864
36  20 1740669488
7  8 1584573043
13  31 540055535
10  22 28690067
19  20 843517936
30  12 2090959372
33  29 1429800755
24  10 2042889738
7  8 40025753
12  32 576544489
15  26 417273272
34  0 1656062785
39  35 1737181966
17  35 1134378799
24  6 1505196571
19  17 1583294065
19  26 1970858754
39  21 61523706
5  3 1438873075
31  5 331857999
13  14 1495787766
24  35 668355921
14  21 853717611
30  24 1469495281
13  37 213347472
3  37 1425605640
26  21 332039377
31  1 248084869
5  26 2141303618
1  20 279598832
3  4 2014052154
15  36 812477848
18  19 275635344
5  1 571200668
24  29 312780279
9  0 466742671
16  12 985680092
10  30 376554901
1  36 392720475
39  17 490554932
38  12 643076465
26  36 2018602418
6  30 1251015871
10  25 535112347
37  27 693301331
34  26 1315914499
5  28 694583805
12  0 755075201
23  14 356785974
25  19 530406479
35  29 435029286
33  34 34326722
3  30 1139540620
29  23 157949701
37  26 1251568602
25  33 1443220966
37  16 1096085389
33  18 745493497
5  22 202122911
10  26 985003622
22  36 1338515702
17  2 264141227
0  1 1193877756
29  6 1329032376
6  19 508732122
14  17 1040128030
25  27 2125548889
8  18 1009777210
16  6 438267419
21  20 1158206022
34  33 656916255
26  15 103606705
16  39 1751051859
11  19 1103116780
31  25 833855002
2  4 9741434
5  30 1629205629
20  18 436722980
29  24 1797949206
17  8 643627028
34  1 1383021324
22  8 1233068753
22  25 1633014996
1  37 629080282
0  1 516051747
34  21 1188912358
21  34 403758733
21  6 1806469152
39  13 1119489210
12  9 417645407
30  0 1192402562
11  14 290041562
21  11 1271266969
10  11 1309950474
29  32 227055554
18  27 874532288
19  9 1664676147
32  12 836501818
13  15 1036859169
13  31 1451693900
31  19 1589731587
11  9 247635311
30  2 377252789
25  1 113040961
14  5 1877734383
36  10 1596517675
25  6 1988950523
14  24 412782872
8  31 1950480392
23  5 1070719590
16  0 1412936254
39  23 217834626
35  9 270205050
16  39 1228953391
27  22 446681184
28  23 412153342
34  38 84902730
25  39 1138750125
36  28 2072790104
17  5 1236469944
32  14 909753866
1  33 245591763
34  2 2061873148
36  8 1728579263
12  11 788732229
10  37 864389545
8  9 1050896104
21  30 308551667
36  35 1011316024
2  6 252042399
36  33 1667912090
23  39 920162474
33  10 2047136073
16  14 1124445046
13  26 742576290
32  7 1060323370
29  23 1207852233
6  7 433676182
17  13 1311829139
6  15 1110696648
33  22 335968041
34  37 1882665232
1  5 60092747
19  23 910528860
10  2 679504978
15  21 51455365
12  14 102221168
35  3 272253091
29  6 1172413166
7  24 660764492
12  9 1543256733
24  35 1306329002
13  12 2100586675
13  39 1850106431
8  6 1282956625
30  14 529422031
13  22 1713236097
12  31 174201304
26  20 1433323372
1  10 648926354
34  4 1523433566
31  7 1474710451
20  10 1090641814
8  5 1678890465
4  6 1853737908
37  30 951068462
7  8 1890848968
19  12 1952152558
39  19 423147336
9  3 364493005
21  14 1409786858
26  29 1552041921
11  27 624497087
10  5 1913660077
8  9 1041377662
14  10 1473809294
11  39 813009624
23  18 267307436
26  17 630430326
16  37 695463277
22  37 1390580495
37  12 1048685525
35  21 591489901
6  37 1984635920
14  1 769376079
16  36 270470176
29  32 155014918
20  34 711394534
18  6 1078115915
11  18 1145101060
18  34 1562178030
13  2 667440035
20  22 398033627
23  4 65325416
2  35 1786172559
37  35 545856953
6  17 1534711588
1  9 1914845706
8  23 163285779
39  10 13176025
25  22 95277474
12  13 1063419794
19  11 1329123423
12  38 196904631
4  13 1128286611
29  33 1895290635
22  10 828161659
9  30 260394888
3  26 1538137783
22  25 1952095503
36  14 544637616
1  32 583970644
13  19 232993814
32  4 2145274275
31  2 1332678733
8  38 1906309564
29  33 195897018
25  13 1013397193
24  38 1798575064
28  30 82999437
19  15 334343078
18  3 1809718926
32  23 2108179350
17  32 200028297
20  13 497193236
17  37 446008402
22  29 218192416
18  39 1988815769
7  10 1189360258
34  0 395312952
26  27 741597135
2  31 549836712
12  32 624798118
17  21 1628512667
36  37 1778076411
17  31 2072137239
8  25 1814558898
26  9 1832324278
24  4 1771986153
29  39 1336030419
4  22 1028640317
36  39 516308768
27  13 657452912
34  22 1145451125
15  10 653521436
10  8 1857391319
2  13 1902626584
0  20 198785986
17  39 1956521495
9  27 2126707399
2  15 2045638458
7  16 1797086572
23  29 1256626073
36  25 409424700
6  22 790416532
26  18 163774503
16  25 1199837225
37  31 634410326
29  1 392620123
22  29 1343863548
6  11 2113750921
33  37 2039133383
33  14 1156792642
31  13 1174844930
17  14 811560984
13  34 1193895845
8  32 1917933415
20  22 1585892063
10  12 1941014611
5  35 3906180
5  13 1727282384
0  16 1861644467
0  28 1951073494
36  26 1917253846
6  5 1922335751
19  27 194975982
7  5 1311607823
29  36 513533440
19  23 2018615681
22  24 1208072347
14  4 544142018
24  4 729042086
16  30 1868821796
32  29 780814114
13  38 1394608879
11  34 265587333
38  21 1765727053
25  36 770654769
34  10 1006121342
23  19 1401855956
4  0 541906072
14  13 1810506169
30  15 204405799
13  39 764504479
18  24 1978834673
14  25 1285722715
19  33 1636020119
19  39 444525351
21  9 866268612
31  18 436845568
30  27 717575482
10  25 158815682
9  13 598255916
22  8 421929142
34  37 1875496440
20  38 152053575
2  26 723612321
35  8 1252542225
33  13 827208974
3  12 236398362
3  7 1563151986
23  2 1113361227
36  0 9524736
20  25 563050034
21  28 1675318584
0  39 924305069
38  22 292612371
1  5 1677041876
29  12 1495009536
4  22 586063785
3  24 1929133603
2  35 915441638
5  14 597703557
7  6 508062327
1  13 1505087137
4  32 606651743
26  38 1588051326
33  27 898254192
14  17 1825322860
0  39 1641345963
3  35 582335348
12  39 356263831
30  3 1429422292
6  32 524084282
16  15 1555716206
16  28 586299785
35  23 1837715614
29  21 1920822233
6  25 2086840017
20  33 85295782
38  12 2082792951
5  28 233304818
12  1 1620228947
39  17 1966562047
16  36 234758723
11  31 1978746411
16  9 703295338
35  22 500718786
22  3 658101608
17  11 1332547583
11  31 1061857734
32  4 2061018570
22  35 2135912689
21  25 435367687
13  10 1562159983
25  1 1941435661
8  27 354250063
16  17 906166972
12  13 330508132
6  39 1378209443
28  24 306604251
25  22 696623151
9  20 1993786827
34  20 84511174
11  3 733032700
23  39 1639934749
32  9 1632032787
18  38 2020746526
31  33 922636319
3  13 663047082
32  21 175461350
30  26 879291389
11  24 1113087531
11  17 368728460
23  7 595479854
34  20 469337914
29  31 669715264
12  26 857312688
2  15 758447886
25  33 1213928859
29  18 997860692
29  2 1423502233
13  9 1929445287
11  23 1256613186
14  29 562478861
19  0 1799638455
39  8 1225248833
4  28 705161607
16  18 1872368952
11  8 486062348
16  30 841392710
3  39 260201301
6  13 1373732339
20  21 1700164899
19  6 68306407
37  6 456909737
7  14 1450874234
32  29 14919556
6  25 132581471
26  29 214490226
8  13 1632312524
35  6 1418170841
33  1 93029548
14  10 1380670775
28  14 1681847085
14  37 104071397
38  0 1726536078
15  24 1453523201
36  31 1375641960
25  36 886169366
37  3 278342496
2  36 530301843
15  28 2102154345
10  28 302540255
17  37 1265380985
29  14 707185528
11  12 125592922
13  30 1109111005
35  3 1807867854
19  25 862589080
17  36 1709399721
9  8 555249467
22  37 90965591
26  4 1381691045
15  24 745747363
9  13 529329471
35  25 917580722
23  38 190990687
0  10 1723412475
31  6 1988197047
0  21 1567921708
29  32 410143185
28  8 989804099
1  14 2020330077
19  21 1470182318
18  34 682844972
30  6 2010153828
38  31 1673188562
5  31 1694995423
5  38 1524174854
21  17 659046782
22  30 1943756575
23  39 1451198613
24  32 1659319664
2  29 2120226832
9  11 1267065241
34  17 1763187839
24  22 1572409676
33  15 1717171899
11  8 243226906
39  18 1511170145
1  2 848268099
3  5 979246328
8  12 1563484083
27  18 1087224424
2  20 1137318211
14  13 231754000
7  6 638583511
31  18 1443810760
17  33 1093187534
1  27 1149930733
0  37 1858964511
13  27 540462941
10  18 1550921314
2  29 142143886
38  20 1888326062
25  22 1070929575
37  25 472981449
15  18 240400901
33  3 1998001184
26  34 2087940105
5  1 1821137999
33  22 1814113897
38  37 1510382241
1  27 1172580325
28  39 1062002083
8  24 577039225
27  24 261345236
26  32 323363429
1  20 1355228377
11  3 429211470
37  16 803265161
8  28 2068234797
15  38 1645479129
11  17 874212456
12  39 247452856
39  16 1799383237
19  36 1288627696
9  13 54842577
9  35 1041384924
2  30 1958613205
30  31 1551893460
28  0 952048150
31  29 1034541441
25  24 685764192
24  37 719235117
32  26 391605847
28  36 1174300681
16  33 66357879
2  25 186939453
3  38 976572979
11  10 1858191310
32  28 157761073
8  2 1871353103
35  19 1875532206
17  38 5321261
34  0 2048723234
29  33 723375352
15  14 613790194
6  26 2137555137
3  27 2101168645
36  37 1541370581
35  4 774118025
26  38 1345401942
13  8 194783662
38  26 483416915
9  25 652378112
16  6 116335103
8  23 575013018
23  38 921450377
21  23 1651261436
29  17 98001021
38  22 1088740824
3  35 1951563251
39  4 1722357211
26  32 1467138347
19  3 1629568537
25  36 1098853377
33  37 489658866
7  23 1067107284
17  31 1867729301
21  12 1037137404
25  19 981384968
19  33 295695514
35  22 385678191
7  4 2003495267
3  28 928752590
30  23 456136594
14  37 1568050263
30  3 2103119846
34  7 1792346764
3  19 1208961281
33  10 588135933
24  7 740780535
30  14 103159299
18  11 557862243
9  26 82915692
9  38 972983469
25  4 1630158067
11  22 1097503663
0  21 544901933
13  23 980101838
17  19 2044019691
10  37 1622290971
11  31 1857154809
32  24 439192494
24  0 1963673819
25  32 1837790932
37  36 1961371571
27  10 121986024
0  35 797487696
13  32 1663479694
17  14 312386489
29  34 577718011
20  36 1383222493
21  9 1280275049
31  27 983487861
6  33 1915162091
23  4 1597206149
11  22 576925520
26  16 1611258523
14  23 461703892
37  32 2095747561
33  5 147632531
25  5 1425417597
38  36 294058488
6  17 282351759
28  17 930976850
19  8 1251468661
1  15 1582223609
10  22 1920462361
38  33 1890866614
36  17 1366477509
38  14 1979697708
37  0 1032790095
35  24 1064875168
25  18 1985489920
33  37 1235897587
14  36 2050004822
26  5 1119883864
32  6 1811936456
16  2 1315979545
29  6 1414520810
34  36 406224706
24  16 1579115973
7  9 23005593
1  30 2056429567
35  1 296149204
34  28 848997709
37  31 1034539303
32  21 246093781
22  25 1032326452
15  6 1338697071
1  19 1426295822
23  34 1618701601
3  27 2080888956
4  23 47267087
37  25 1274407124
39  24 642343099
39  38 852231518
4  6 119686217
12  20 2076016646
35  30 638632154
3  13 717684921
37  26 2003396590
22  39 64315175
8  24 373272538
6  38 196806108
32  24 502938180
30  7 2033446879
36  8 1122438785
2  7 798662842
9  34 1361482451
12  29 1618313661
