800 40 29 17
33  23 592143313
11  19 1098220445
2  15 811857047
15  11 1943034222
38  25 536587201
18  10 2144855736
31  4 1793329788
19  5 1976140703
33  9 202413362
0  30 1775086046
24  10 910424359
20  35 1542625212
32  11 938315049
21  19 1407345145
13  32 729679795
10  31 1468578455
19  28 713597029
6  1 519263869
24  15 1053372124
5  16 1407075813
36  10 494107370
5  37 733965449
20  21 1183901360
4  3 644652540
32  37 2017469274
3  9 377171692
26  29 1968802894
12  6 1732436059
20  3 375532052
2  32 350998751
32  18 1297754103
38  13 1385299329
32  23 848741779
37  29 2033856895
23  14 1221736723
32  28 1864089136
37  23 1145147301
31  33 247122167
39  33 1275463158
27  13 263081896
5  27 96000714
11  19 2119228228
7  23 99278999
34  2 1530031075
18  35 1977869570
13  38 262945589
25  34 558713007
0  13 1417480019
29  25 1741163228
25  38 1284609024
15  20 1222587530
5  12 1811293276
35  39 1481698971
33  2 899158277
30  4 1876577090
24  23 358233947
38  4 136907413
38  14 144608088
1  5 1173989408
1  25 1942353422
23  19 888840522
15  3 1002907959
31  6 517013968
21  32 884612647
25  8 1791315252
31  38 1629769491
27  26 1141870118
37  31 1210003350
15  27 1623964963
3  10 1232739429
25  0 105093712
20  18 1077065686
6  21 561776240
32  24 222366126
24  13 745736117
36  11 66791729
18  35 26715990
7  39 1977299623
21  0 1764676813
22  36 559725853
18  20 2105031479
6  33 579505777
5  26 1422432784
32  25 528929058
31  23 1732766250
33  35 1149134813
9  3 391364017
35  23 118422426
20  27 2079415943
36  0 638087975
34  33 1100442525
7  11 292365124
29  18 1966264535
36  24 1595123313
18  29 566155897
15  28 376575819
24  16 658658526
13  26 1757035665
32  35 322304398
21  4 1779878054
35  15 1908313101
33  29 497667155
1  21 1610405872
28  36 2103679988
21  2 810127681
36  15 2078717101
10  27 759776590
30  8 348478539
5  14 93888301
4  14 1107250446
28  9 1727095220
17  31 1573576313
30  27 585976205
36  27 1063967543
30  25 1876020285
19  17 192392195
15  14 1612975584
39  1 582634816
19  8 280897423
20  2 1222575821
7  28 1274495477
0  3 774579578
36  27 658019465
5  7 1454249595
6  12 1275050846
12  34 334721249
2  12 65825616
5  38 1020816673
10  39 1226656704
19  7 632405551
26  9 1501940053
0  37 530872485
31  1 405098410
32  14 492917258
13  32 706654812
3  2 562403041
27  13 1394177431
9  21 1211557294
5  24 1350488773
38  0 786499290
35  29 994206085
23  3 1271223499
16  17 1339113745
38  31 913425823
34  24 1057185972
0  11 40370642
3  18 1009712128
15  29 1144347812
24  30 579669523
30  32 248022138
0  9 138061584
22  4 775903831
5  7 232655895
9  2 522142562
2  5 383422206
36  12 510399865
18  10 1196164279
23  12 252631420
39  12 1592105889
7  12 1363540554
10  25 1432375438
9  6 1998558787
16  26 1062008731
20  24 2006508915
22  6 2142106223
36  34 1467731703
36  0 1265403009
26  13 387005249
11  30 342073782
38  10 1390936030
2  29 485691018
23  27 1562998724
33  26 676202321
34  36 1397292053
2  32 1857851003
1  37 1574857490
38  8 1821818184
13  38 1198144857
13  1 35314829
0  6 2013680268
36  35 240562751
13  31 1684423435
14  6 636984673
10  39 1596937835
33  0 1278560805
7  38 1245774903
9  28 1700509729
33  15 1873485758
39  28 841890318
3  2 945838050
27  30 1713315425
33  31 2089470246
38  36 1412491164
28  39 1515541640
22  34 1116373270
25  36 782471502
4  31 139220875
23  11 173633245
2  4 1485832150
12  32 1963313215
24  11 388003369
20  0 657834851
6  11 1464430129
34  1 1739475130
29  25 821722707
33  26 950312964
39  8 888786722
10  29 1928951724
15  38 105561176
2  7 225030003
9  37 1371984430
17  30 1343803416
30  13 396539500
10  35 60076978
35  9 1043103167
4  6 1808991645
17  22 2062119790
9  27 1943943595
14  39 1087734767
18  16 1633177229
12  26 673323314
28  8 937855869
37  5 1771261392
24  33 503857265
30  2 319575145
7  34 2111043337
9  12 1726515356
38  23 1274586084
19  30 1777950995
6  8 292883819
14  16 1443447280
33  7 1945855442
8  23 799862786
11  16 1268438027
26  6 1975421875
8  34 472518887
34  5 512864960
15  24 1708466806
36  10 1781590678
15  18 1527576723
13  36 363817558
22  24 1419654857
12  21 412780090
26  29 1405979331
0  31 124066157
15  39 915521056
1  6 1770653419
25  28 298929808
26  36 1823560133
11  36 1291689558
4  21 1064331917
24  0 1373358993
18  4 2023795664
31  33 1350937110
18  0 657350796
11  21 646944811
7  14 1005762440
18  32 477627572
30  22 531848000
12  36 1321403158
7  15 1707125119
5  24 2101248130
38  16 1302539036
37  18 559948133
29  19 2086987350
38  12 1423366651
22  8 390255151
1  3 1026112431
30  0 178106329
19  28 1787179326
25  14 859446311
6  36 214352327
33  29 1633762875
28  21 1935657686
2  14 1807344718
22  10 1065009166
31  34 1560760794
7  0 148595732
27  31 2008126775
0  1 2038077416
14  6 2140449700
17  37 172455933
21  25 90508608
37  12 1079939367
13  16 1800841194
17  9 1734851059
19  4 57784578
7  9 1784712861
16  23 442930439
19  14 807973917
0  23 1539561232
33  34 212482119
34  23 1714163133
36  1 697010896
8  29 362817952
34  9 557309505
26  2 1392534588
28  2 684743757
4  28 313035398
10  11 591336295
16  29 352250902
11  28 1218723468
2  9 651574436
36  24 490844691
25  3 1231719885
17  24 988311857
21  39 959160689
7  11 57046874
5  28 1463444005
37  20 1961802531
12  14 937652154
25  2 1194501196
30  3 54912581
25  33 484942057
24  36 2000800672
17  25 224622105
17  22 1342587226
20  25 333073161
5  29 918462755
38  7 1504953547
32  25 459103530
39  32 1730436856
1  32 1765162081
26  14 1805806556
34  37 759643080
25  31 1467088184
1  24 1884006932
8  39 1087111819
5  14 1007078484
14  7 398759429
12  24 708202988
14  39 101904916
24  28 864872419
9  34 1176785887
15  27 1868858571
14  8 183129245
30  17 1827988176
12  5 989355966
7  29 223060124
4  2 901384612
22  10 190993678
30  13 815963816
1  6 1279081971
26  20 1791269558
19  30 1293520996
32  20 472528242
17  0 1538997552
37  1 510253966
8  3 393497159
16  32 180696381
19  39 262654738
36  20 908914337
2  24 417777363
14  19 1711485938
21  39 2061383807
24  5 630074520
7  38 813100500
17  0 1170365759
1  17 706040628
4  9 1383312505
6  0 1104702065
15  26 471031692
2  33 1657603137
19  24 27772315
19  23 24353374
0  15 907262794
37  15 985600816
4  19 673128115
3  33 444126612
17  31 906758348
14  35 1856611193
33  8 1754477505
16  30 1358282291
27  33 1882825960
18  38 635567989
6  25 1010766616
4  9 571384081
33  17 483943230
33  9 293304786
29  2 1818476653
27  8 1025332330
34  12 234303511
27  11 1785033303
34  36 1871602126
2  3 128527905
13  37 454365225
39  15 619453242
10  6 2053827576
13  30 501558771
29  25 1541941882
1  13 1588860948
13  31 1960857051
32  24 460755458
39  36 1812266412
33  2 211840813
7  13 489881482
4  1 501309488
33  25 442505825
26  34 23316531
12  39 1400282566
20  9 407108047
27  25 741921335
1  39 1165313924
3  38 55029779
22  28 1405651633
22  2 2009753946
22  20 1206422898
31  19 344670171
1  0 1048544486
7  12 556159502
13  26 444104990
24  34 1995657759
11  33 1210606065
29  3 1489437627
9  16 2099373341
18  32 1609879640
32  16 1630562524
0  31 1966356902
38  32 274102578
20  9 160532460
7  34 1741951579
26  23 968837891
22  30 2038968376
34  3 394376793
25  10 1241764093
34  30 275263508
16  15 39587738
20  19 1833201787
36  13 1122368459
10  30 689549721
4  17 118261561
27  17 1073584500
1  29 231600929
1  37 509288818
13  10 996736463
2  23 1428612780
20  26 1186152805
14  32 440525505
31  23 944034781
37  12 429117158
33  24 1330324902
24  3 2107741164
39  32 1364971051
35  25 861965905
32  1 750366797
21  14 398259576
37  31 838588881
15  32 1246486676
14  30 1558232682
36  27 1030991337
39  19 1464188324
34  16 1432168150
34  2 398159421
24  12 1077258722
33  18 36737715
35  10 638255918
34  25 1911414958
34  21 1787398326
32  20 1184608303
15  14 129699706
22  15 1613528024
12  1 1521779607
2  38 408268172
6  35 1496210234
23  0 920038644
15  3 980049328
6  36 602972028
22  23 1154662686
37  26 942476498
20  30 230357080
12  21 330847849
31  0 1466042305
36  22 2028922070
38  19 141506160
31  27 2057722468
8  39 632083346
35  4 770800492
30  2 826116522
14  2 358582754
8  20 1536531444
32  34 1820093151
35  26 1106850497
21  2 720116621
29  16 2081009271
21  34 1663483212
38  13 625908340
21  20 1220355510
10  25 2054546899
31  13 896593719
33  21 533499426
16  8 1334924791
17  29 2116321310
3  14 949801177
7  13 1426633106
32  8 697391010
5  31 238258308
12  15 1482444809
39  30 1685215892
38  19 1240750074
35  2 1607488020
38  15 1423631006
3  6 1213433335
22  15 836073681
13  19 1568654183
25  4 372028074
36  0 2051308591
2  28 50051862
19  36 1666599781
30  11 1745956998
37  22 1587082883
4  5 405064860
38  23 1499277634
9  7 623267364
34  2 500846671
33  30 1328971291
31  26 1706337821
36  29 2118872150
13  15 436286731
12  6 1320348002
17  13 816683619
9  16 155865446
3  36 1628378326
7  0 799536805
5  17 1083549907
22  37 1085770906
17  27 1191180659
1  9 141653731
17  13 1132469444
3  33 1687372808
18  24 1279814789
12  32 1988200154
9  27 592873811
24  1 962911822
15  6 1435309256
31  33 510458319
9  12 38341014
33  0 920785476
16  25 1988819280
30  8 1674274195
10  7 560131624
21  1 1813996283
38  36 86254931
12  35 1787488703
0  3 535532600
31  17 647754229
37  13 1858448547
17  6 235692142
31  11 1298163080
3  23 130182958
34  1 669007040
1  24 1652570770
30  10 1976785428
11  2 1947799671
15  22 225310181
25  2 1439638412
30  36 699784514
0  36 398878224
39  19 328106590
33  31 2071004637
26  8 770949941
2  5 825887789
11  10 1468225516
1  32 589683199
37  0 367970072
24  26 514202892
35  38 394996457
4  28 1582832495
27  5 1704235540
28  32 1562329658
2  17 1098396741
17  25 1431691721
28  6 1145799691
24  7 296303010
18  25 1193024243
18  35 1934111017
8  28 1961691222
29  37 631813141
34  2 1330742890
25  14 448598936
27  13 1354369714
5  29 1437738300
27  22 1787544363
7  1 893453141
38  9 152716447
6  24 1653281214
22  19 2078735681
6  3 1218551069
6  1 321159741
15  26 195482360
22  38 641603664
36  29 1008449944
30  16 1824131371
19  11 1017707170
14  22 1478269856
23  5 740964164
25  28 853656927
32  26 1927564875
21  10 1174013741
23  0 2098549362
33  30 716681873
4  23 1499947606
11  24 2114623693
18  24 1207728948
20  37 1524100376
4  18 542983484
35  21 821199697
27  31 853018131
27  6 1014264210
39  25 7682686
15  33 118893444
6  33 1363366771
22  31 1481995268
17  21 476993244
20  5 1917903114
39  5 1844430669
23  26 1239004620
29  9 1533206802
35  17 1964092576
27  5 847083276
11  18 146417186
37  18 1608176505
38  37 4504779
37  5 323799851
24  6 366981296
38  18 944101847
38  16 1446421620
31  10 1888346359
37  14 1220826028
7  14 1575862244
26  33 1603246020
14  7 495771834
35  16 1716369050
37  1 593872118
7  11 1230653984
36  17 1001148349
18  10 628277419
21  12 70336229
9  33 1748750101
24  0 487426741
21  20 977390872
23  31 894413291
15  19 1288749017
36  8 1549460310
20  1 306961081
38  27 2049068014
34  24 1210439389
20  19 601054405
7  13 1314538090
21  10 1215154145
0  22 1618586877
20  15 500611928
25  1 1808447990
12  9 1357542169
20  7 1335392798
31  6 1062918174
10  29 143203371
35  16 1520237826
33  38 1924395368
9  13 467425188
13  24 1665968862
1  35 1570413400
19  13 808295418
11  20 682801465
28  11 769754489
37  10 771062047
10  33 478123765
28  11 658255856
2  6 164549472
12  25 709045331
20  22 1874065451
38  39 964492095
29  25 335948201
28  27 1944006345
19  12 1379058148
4  3 364959141
3  8 412498577
27  8 942702448
12  9 1802863993
4  33 1643824783
7  33 1218184715
10  5 166738782
7  2 496443224
1  19 192595430
2  38 361851033
7  35 509494646
20  4 1218211034
19  20 140313930
8  14 1282809017
8  20 1286319
7  20 1191513310
3  37 652080439
20  11 947980239
1  0 1192412855
38  31 1241202516
8  27 2114837951
39  14 726713613
4  3 1200660911
39  32 825500280
3  32 2095783630
34  5 1063433922
16  19 1538730379
20  29 1687713872
36  5 1433483946
20  2 2023721280
25  2 1601413842
36  37 1264199780
33  29 1813873777
6  29 2140942908
14  0 1591319709
4  7 950876015
23  34 1272824784
32  27 610192609
15  4 51046910
1  3 1692506178
16  15 497285270
13  7 1464595648
23  20 283830213
5  35 857436203
0  10 835463275
33  15 189921219
12  20 1689584914
32  14 1536435946
21  25 541623049
0  12 78832392
37  12 648584241
32  2 1836339524
10  12 877965345
38  20 1086324880
1  31 1638672266
8  22 1759513773
7  25 1068430726
18  31 1333900526
16  3 1561557645
23  22 1977682486
31  23 816842705
25  1 364632237
28  5 464568325
13  16 630625370
15  32 498969906
1  13 597806425
3  31 1990211740
15  20 2072283526
11  10 925521038
8  11 917660061
17  4 285993318
11  34 198065746
17  20 1268671249
29  18 272500752
11  29 54428746
0  21 1088217262
25  14 993975395
15  37 2097664240
19  22 1887900418
24  2 2019057098
14  36 1278655532
26  28 1991820599
28  14 1692622003
23  11 1593842810
31  24 1858323048
38  3 1571821800
35  11 1865763475
37  7 1991416670
24  23 76114464
27  5 1698810335
34  0 794155800
20  34 2091784406
10  14 2115619685
22  20 100608373
31  16 1115542536
33  4 749306683
33  36 962209264
21  14 1585133780
24  20 829935998
25  20 1766334859
7  9 1235751878
39  36 1840063804
31  35 456626871
27  9 2014562298
25  12 816270094
37  34 2135280340
5  26 1314577421
12  27 984157339
18  16 1739878495
21  38 503149966
27  18 1643592470
4  31 615758295
15  14 151623475
22  5 1370446008
18  30 148886024
18  12 827802865
3  38 1295388111
32  13 1916414435
8  29 722648156
22  1 1047541058
6  21 1457684952
22  32 1131759994
9  25 1464117973
22  31 1946770605
16  32 1505972068
31  36 2084186811
