800 40 39 12
26  39 388533474
12  20 727486038
1  13 1503329244
8  5 895390027
23  12 1981373614
27  35 1316426585
2  14 1345623739
37  26 588170775
3  9 1885324746
37  11 1169746531
38  7 858555591
17  6 394420161
34  19 264409730
5  12 1691588652
35  11 686911169
4  34 477321725
2  19 1997257043
7  8 211354601
13  19 628857766
3  11 802347330
1  15 965685702
22  18 1385304362
1  5 20815938
8  1 1645810741
26  34 651808599
34  39 770031795
39  6 1054642165
17  33 1591534066
39  18 1688394570
27  17 969248911
30  31 154351947
0  16 2091320592
22  4 1920115639
24  9 1136074371
12  26 982879274
8  30 1466643209
10  25 1046766681
14  11 909581339
30  39 1859070758
3  26 373066104
23  3 181632404
2  9 754224136
21  39 163932441
18  22 1919276644
17  16 1513144026
5  28 1987052162
19  6 351296408
18  28 311127746
13  12 1339140761
20  36 1970008425
10  20 1748694704
19  3 713098079
2  32 835952557
1  4 592449419
8  38 1432222612
15  24 39725657
37  14 724511157
6  39 825313602
32  15 29480931
26  33 1657960189
28  12 698521148
29  7 2009541666
7  19 732901965
12  19 81757685
12  19 454606959
22  5 895001344
5  11 900488524
37  13 400282882
35  30 390443988
5  8 273827218
13  5 703919137
5  9 260755900
11  7 1280268317
28  1 956772865
21  22 353168628
32  26 164751722
34  24 1660162535
26  1 1983827003
0  27 807209306
34  29 1835343308
17  39 684405139
30  31 1698559718
12  17 901950911
10  13 502942617
7  33 1871662424
25  12 575428089
20  27 135045735
39  34 1695399690
26  2 422978551
23  7 1437312168
13  24 1082410585
25  35 462926082
26  38 2107814512
37  26 1808863480
4  23 1285413939
20  24 1602299674
1  28 1928429745
19  31 1293025904
23  25 1026976458
12  27 1549691732
10  9 9762198
14  15 835766772
29  36 14513871
11  22 2051809891
19  33 1865377380
26  27 2059150574
33  30 689076708
39  10 1143582742
3  25 783454027
5  18 782434712
24  4 1492484390
23  26 973926840
6  37 966125668
1  27 1788415396
4  6 1480471821
1  35 659914453
35  18 6424759
3  11 1300107155
35  18 275467736
1  35 797114518
22  29 1381718321
18  10 1390938924
14  12 366435307
32  26 1558381763
8  39 1594266790
1  33 1679659313
12  29 689636960
22  0 1437218912
25  17 1415277127
35  19 644103323
20  17 1457791615
17  33 573909427
18  3 1100915489
30  33 870075545
22  30 1290491317
38  17 1857653755
39  0 215667603
24  0 1330211828
33  10 1712087426
31  7 1298396021
14  39 1064629184
1  29 1549788735
20  8 1213316384
12  4 614880998
14  23 62054595
2  25 27474744
31  0 1424399840
32  12 2082671721
35  24 118591905
8  16 2088441983
33  19 149735040
17  19 375375504
31  34 413051434
8  12 1974328860
16  6 1073038690
17  36 2019919867
8  27 1806720285
23  1 1854643287
24  7 355139138
27  4 1876268422
8  6 2053188539
16  33 1500459185
18  0 704405407
17  21 981220176
3  39 1009392332
11  30 781959392
0  6 1828224101
19  17 1333508860
30  34 765505136
37  28 444560398
1  18 1068653156
36  34 1339005244
0  19 1247878579
7  5 1629222037
20  14 730632460
20  15 848087651
29  30 505676471
27  2 581244386
12  20 599109178
12  7 116689908
5  37 941434950
27  4 1990821516
30  21 254127124
10  28 1598876461
14  17 1659816418
35  29 2128483124
28  22 1383055250
29  28 690807244
17  20 1626704626
26  29 1896502845
37  28 1718308604
28  29 1072032984
14  29 1249209099
18  20 558816847
33  8 299749635
9  11 1249856479
36  38 1254850902
18  6 2048756815
8  23 887698088
24  20 1007676207
16  10 274600552
15  3 2046064717
36  9 2082233096
25  15 393229577
3  22 1541920872
13  2 1334814855
0  19 258876600
25  14 2076945022
16  17 1306118660
7  4 939723262
11  25 87236481
0  20 310681311
10  39 1484577192
12  31 573299670
34  3 1456249839
2  6 1107090661
1  5 238268226
25  36 1644535157
12  22 1194812496
15  10 1789658822
13  33 869318948
9  39 1448496895
17  19 696975034
21  29 1982483991
9  34 663759899
22  12 342984696
0  7 769303647
8  2 84597269
0  32 650020711
13  2 244423562
12  31 260846420
28  26 1183643005
23  30 1359984831
0  14 1889929348
33  35 1778040558
8  0 138515501
35  17 1055740035
20  39 437746717
37  6 1615358394
32  39 639038103
10  27 2129391522
2  1 1388526800
2  17 1458486485
7  4 1101535193
9  20 1249585382
27  14 1073513545
31  7 1205587868
20  2 1183965012
12  23 983354654
38  39 154716555
15  36 387812955
13  2 2088393720
12  11 770102016
7  16 536177592
17  28 1751153649
22  21 1200809802
9  33 449611825
32  37 1891078599
32  0 776937488
12  27 833595564
39  10 1117015796
4  22 1197959178
22  30 1997869478
37  23 536015813
8  11 1297068944
33  5 1799119511
35  31 315878885
29  11 645790533
13  22 1853501275
26  7 1789999883
12  5 587337762
16  30 1219567984
28  36 1769703494
16  27 467238840
11  30 27694372
31  0 1483794455
7  29 76534915
39  19 89882180
14  5 1322849688
32  33 378514741
7  9 1858264469
2  38 731348529
31  22 2136010347
29  17 1691685664
15  32 1651962287
28  10 941437223
33  15 579505251
22  24 872917989
5  12 492075745
35  5 748604770
1  25 154428887
1  17 2030545201
38  18 1110529280
36  15 1664781517
1  26 1518438236
20  5 1668655166
22  4 700093539
9  31 1579896107
34  22 1308387770
32  25 545847277
27  33 1261239195
19  39 325131084
18  36 1670957806
25  10 1411161086
23  21 663117070
6  24 819368934
15  35 1667255932
5  17 1166898148
32  12 2049953702
19  10 2078506828
36  34 48149715
28  12 713712862
27  6 1817415578
30  29 1329988176
12  6 949066992
7  27 1148722406
15  9 929477669
37  21 1512786954
19  21 2006242157
27  23 957740834
17  22 2027775535
3  22 1095645799
25  21 477837948
28  6 153222344
4  6 428989467
23  21 1317196449
2  6 85900312
31  27 1604634176
5  7 57964933
1  31 900788755
22  37 1422176483
17  39 355352351
14  17 383140221
25  28 769251615
5  4 853772288
5  36 371378238
11  22 1626584127
5  24 406244743
14  10 399438707
38  19 1734970128
34  8 1603880995
12  18 1917348834
4  11 512126394
18  5 1307164776
13  6 46919379
20  28 845415739
23  19 1636492026
8  36 1062935617
0  12 551514656
24  35 587407621
33  20 1452691513
30  13 1823796442
22  4 1928808732
28  36 1709781760
24  27 1150994092
29  26 993627199
33  0 1868591803
0  28 1186609388
25  13 62901080
10  38 2098277623
5  21 1064579074
33  1 712284588
12  31 1870237729
12  8 1475011333
8  10 63172358
15  28 797698482
5  1 1490272810
33  17 236314392
25  6 1081910984
12  21 1047471963
18  22 991868384
20  26 681915820
16  24 2038263451
21  34 390420617
37  17 1978158501
32  14 1492228483
0  8 1075588258
24  23 1136386300
12  26 1000950050
0  22 1759598264
20  2 637068647
19  26 292100213
0  25 707173149
19  8 1203705522
35  17 705768833
34  28 9796883
10  5 1415070169
36  7 254211820
24  1 1845616528
19  7 455629631
10  9 1815415523
29  17 1726487678
39  27 1863365291
12  7 1215064005
16  24 156978645
8  37 1405295697
15  8 1905962448
28  31 1400387381
35  24 1013698155
22  20 1228471764
37  24 948795114
12  26 1895657027
0  38 1892802065
21  24 607515993
11  7 1499089522
33  20 116341697
28  37 1372902586
17  34 1533682259
11  37 504806864
26  37 421776294
16  14 44503153
18  38 78840695
10  14 1653054425
8  37 219802004
16  18 1402076119
19  27 717607359
35  7 1890520216
33  7 456137821
36  12 1171718175
22  12 740843048
37  10 1566488936
36  5 481963434
20  35 375161175
33  26 1471962279
10  7 2091164481
27  9 882595332
19  7 790514793
9  17 989306271
1  19 877312497
31  5 1090525349
39  37 1009697342
26  29 1356526819
23  28 1452888351
25  35 735149399
7  4 1430093362
0  13 59215329
10  20 217529485
10  21 34117627
1  24 1263396608
23  7 1653397563
16  33 1565098981
27  37 897104147
34  30 1869635449
28  32 626106147
4  37 2007757956
8  31 1922052665
14  8 2083206612
25  23 1364332222
38  36 1975498855
17  12 2086786864
6  1 464264447
4  37 318752335
27  14 399789570
21  12 1697658411
35  33 308476234
9  4 810503439
10  37 1835764213
20  32 415824839
32  25 847541800
38  5 868124234
18  12 1552939822
19  29 1672415821
3  5 699052456
18  21 858298237
37  29 1430121628
27  14 227983129
12  35 891980041
6  16 965437286
37  18 1664443595
16  34 1314880813
33  4 643851339
39  15 1214080970
26  23 1735076545
18  27 813996362
30  24 1414197676
5  30 190479285
34  17 65068590
38  8 500478388
35  12 427420336
30  25 1054588438
31  21 1567534447
24  16 29782107
7  25 940683204
21  25 566195834
21  19 1054933010
27  2 1056069543
3  32 72563092
28  38 1472097501
38  17 1948157234
4  37 1750795427
8  1 883077412
25  19 1743118615
30  24 16782426
18  37 1575076401
37  22 1116648472
5  39 217523130
22  39 1689350617
26  25 1210192156
2  0 713860966
24  21 671275481
25  13 845149595
33  38 459582193
33  38 228858075
35  23 984905931
8  14 2042116473
25  20 925818768
22  34 457527292
38  29 1072901462
19  20 1071806034
5  0 135415473
25  17 699748308
35  21 1841488442
9  32 1810290189
10  31 805010753
27  13 40913769
22  14 1878170669
36  8 1397134592
36  6 199883524
11  0 923100691
21  16 537342701
33  32 1532352010
28  21 80793914
39  15 845876921
11  2 351985114
34  15 407020650
27  14 2102250705
13  4 949848555
33  14 866069108
33  24 908865180
13  3 1051565729
17  24 957011657
37  4 1964423696
23  39 215555917
1  25 748124130
14  15 1539805399
11  0 853505409
14  4 1302819526
2  25 417466414
12  16 1555486443
36  10 1387971893
31  22 1573645009
6  33 210828293
17  22 159840647
1  25 640484073
37  15 1581560724
3  10 445272895
4  38 990110186
31  1 1919092671
15  28 2090510268
3  34 301708763
7  12 1892237955
10  1 20384925
12  16 301841153
23  25 1155568695
32  6 1194883226
21  34 415204639
8  1 956470082
28  5 1840027470
15  18 792469582
0  24 546637375
30  6 1963462434
34  37 1474619309
15  37 1352931456
13  15 1100333344
25  13 1090953093
3  26 810747429
23  9 1403606080
0  5 1653254149
22  23 1248293580
6  39 1260163223
24  32 64815170
12  33 816926805
36  10 903132628
14  10 1115313019
0  15 1866464183
23  32 226958652
3  20 2035049940
35  30 1457060217
37  31 1329214969
32  7 1845620004
27  30 1653919506
30  1 580613908
5  22 656958304
32  9 757947049
33  20 526502655
23  30 2121228283
11  26 335807688
5  0 1461242338
20  9 1493242789
28  31 258125814
30  19 1016874393
17  34 2064229446
26  39 825032566
22  23 1328894224
11  33 1324519275
30  21 275884096
29  12 1555831936
10  31 1650319688
39  38 680698230
17  27 463665403
26  25 75691524
6  16 1947469076
18  12 623961417
14  24 1143096662
37  39 1182910803
21  6 703799331
6  36 659957584
0  2 329747106
6  2 1127781718
14  7 114706163
18  37 1286629500
34  16 1679018846
20  33 1012445260
29  28 1727685050
16  36 1569708002
5  37 409410416
7  5 1484974410
7  12 1214583760
23  32 415253185
18  8 1574963257
10  0 1919095231
2  18 1272344603
9  19 1622804213
10  6 373409924
25  31 89880391
20  5 1873940833
33  34 1482502763
0  5 1575872072
10  8 658323195
3  36 1925661039
1  26 181186901
12  4 1200281945
4  1 627859436
6  17 1391040580
16  20 467576317
37  17 749731347
21  13 1216572020
6  25 1498967762
36  33 1489284893
32  0 865409260
28  17 122632371
19  25 634382749
2  27 1126200639
35  38 1196750600
31  23 1708342051
3  35 1754980768
37  31 561931435
38  19 1203919042
15  27 2096317257
21  8 1222155344
37  15 1843884244
16  39 919516846
32  28 328881241
36  26 2047758825
8  34 30587202
4  8 562397951
39  22 687077869
14  7 292698123
21  20 1309032894
36  27 1835407158
7  1 989214919
28  10 1883561238
11  14 1723753331
10  20 1759227558
12  30 1187598232
4  3 2014149199
23  4 169923849
32  35 366136703
37  33 2094338411
33  26 511357298
12  37 629922651
4  25 1212426899
8  26 474573447
7  26 1633380706
12  33 1685726755
16  11 465282522
38  11 575584019
29  14 1071301683
7  11 1558366466
29  3 116655485
9  24 924148197
0  25 1396289547
4  31 740825818
30  0 302616150
29  0 205495789
5  27 1827225688
38  9 1181165759
5  22 2110198956
9  7 1834101463
39  33 2139157876
27  29 1034755775
29  9 1142298517
15  32 1892184561
28  6 1360201251
16  34 1883245057
25  2 159255121
32  6 534757045
37  12 1833475620
3  11 901449567
30  27 1654642078
11  34 828110647
29  26 432241673
7  29 783202809
7  11 292489925
18  35 1876022392
6  0 527605828
0  20 1398997786
33  25 648989158
26  24 333174861
31  8 466649360
24  12 1896882060
1  2 1733240727
23  10 1854907331
33  39 1413907284
28  18 1008171797
24  35 161989836
11  22 1448343791
11  35 1762146214
22  21 471801958
15  35 2004413826
27  25 1538606299
5  20 1510113985
34  32 2095100472
6  26 88773428
7  33 735553763
15  32 1177247103
32  3 2107860379
12  27 1992617843
18  26 832973143
14  35 1857920013
6  38 1226805516
31  38 1354433444
27  23 1002991570
37  8 1515281009
36  35 1075295690
31  16 536133047
12  22 774693734
34  22 1507172502
27  6 2008823897
16  27 1613443066
9  24 1949177916
11  25 1873970423
25  23 930565930
32  12 394517942
37  16 742569331
37  18 80168405
20  13 19193480
3  18 1475228166
32  10 322480110
38  13 849682387
16  28 1545834207
22  5 870634423
23  2 1266942411
13  19 1246017041
27  30 32216754
35  26 1393079175
2  1 1322490380
18  13 286932102
4  27 428067725
37  26 1450830289
23  29 1800788302
29  25 1601040423
15  36 1118453466
39  29 1459937264
6  15 1154982600
30  35 1655086397
23  14 1959101318
38  27 946828888
14  25 1470097422
9  17 1448295417
36  15 1152429408
28  31 1399099916
14  23 1412239103
13  34 648452090
6  20 682057038
1  19 1816916292
24  37 1727157302
37  36 979654449
36  8 1953580100
26  23 199967775
34  20 1588168235
4  35 1307116943
4  10 1682542746
20  26 444585535
14  36 841636994
24  19 1224067020
21  9 505378689
24  14 592331107
37  7 117441035
30  11 1144521522
34  6 2129077582
10  25 1116776993
27  28 1596713570
6  8 575158810
18  38 557466639
5  4 1270380586
1  11 1352081398
22  7 820724199
2  21 358150710
16  26 1888213733
