800 40 17 0
3  36 1192012018
22  30 1797753313
28  25 1350681482
20  6 1800067756
3  27 478845587
34  39 1792999212
19  26 133405164
23  2 1882703541
13  5 1066465533
5  7 633869451
26  10 1132464350
31  21 2081881655
36  33 1865780104
39  23 389272125
33  20 1948585646
24  10 167972652
20  35 908940250
13  26 1714398803
14  21 1331079716
20  25 54625417
2  7 793531780
20  39 589501903
22  7 1542285857
4  10 985427725
35  23 1304080553
3  35 188761242
4  14 738242047
18  14 1090676958
17  33 555101594
29  0 1327736282
9  11 1767517380
9  31 2086629224
23  18 127100864
11  19 273440169
23  20 1823244951
37  7 1653547734
32  18 1466968364
9  27 1569682414
21  19 911031760
16  36 1742669680
11  1 1703100453
10  12 828873827
24  26 1111801652
21  9 322379708
17  10 343300721
12  9 1961812362
35  5 1690149160
31  35 1170103580
12  10 1225730925
1  9 2055974906
28  19 2090388313
18  31 1134597176
34  33 857377912
14  19 129397058
20  9 517688643
5  18 1974213978
33  26 1145780280
8  20 1147578070
9  38 1030222551
26  8 1290501121
23  4 1375812220
32  10 1250375023
37  38 443097168
7  6 1699344022
15  11 242704569
17  27 1645024962
12  20 560138590
39  0 594638837
4  27 1669964881
9  0 799819804
13  32 811359437
10  31 503251468
6  32 70017381
18  27 2121687727
14  19 1366868805
10  27 433272793
33  14 1840115321
39  37 2092638100
11  8 485968234
25  32 1494401416
1  26 1822434353
2  6 415397390
20  22 1595546075
16  17 1224562408
20  11 1542668975
5  31 1203574543
31  9 555393600
15  22 1998292483
8  33 955604237
23  20 1526808066
17  5 168541404
15  32 326686531
6  24 944892617
6  10 1979288775
6  22 1982148930
14  25 1110613864
25  26 1233490611
17  9 1385135828
25  31 339415672
10  3 749605891
37  27 41695240
10  35 1320712077
33  19 1831304552
26  14 343043459
10  11 439588390
18  19 794172030
9  25 1145780375
3  17 878992061
5  4 302922823
31  7 1234284850
7  19 1967330412
12  19 254567861
15  13 675442163
10  25 1596571777
0  17 132270336
23  27 1426983156
14  12 92290577
37  11 22520528
9  11 239571428
35  26 13778434
23  28 595220622
28  22 376545105
36  19 1052198563
38  35 2063058758
17  4 994946309
14  5 1107203037
30  28 667370567
35  11 503742643
39  21 585862118
8  27 1701738595
14  36 773008931
0  38 1655410852
22  26 1777175243
6  22 1421834277
35  16 1851298244
25  14 1511418765
23  38 1644626949
33  11 860522355
6  35 1707864070
19  21 1626180190
19  21 1191487817
22  24 2122922841
29  24 1437068790
16  17 1373463240
3  32 1063609761
13  35 1033921959
27  19 1703829064
38  36 1017236945
25  37 1260432615
24  2 1142435388
36  4 201681643
24  7 1754350884
14  11 178529439
30  5 627608384
8  18 428335279
24  19 885788661
2  3 1283760185
32  21 1179125470
25  35 1110670615
34  20 764041179
11  9 1888956923
36  18 2017044117
38  14 325217419
2  30 1562913843
3  15 818273388
4  38 1375578329
22  7 1750156596
23  38 895205451
11  20 1692956505
31  30 1760441675
39  7 1993661756
19  15 1354084031
30  33 1813161094
0  39 363940903
34  31 76689735
4  9 1298513899
14  6 1357827971
9  37 715466084
39  17 1540082536
33  6 936437834
14  30 111381822
20  27 1919394745
24  16 1726702903
38  3 1844014604
14  39 1537202863
2  20 1576324859
33  10 1210556509
10  5 1999014622
1  9 1726361150
7  9 908856938
10  25 1770513222
8  6 1921292653
35  19 1139346896
34  10 709361905
20  26 253667352
27  16 1964881762
31  30 1947692719
13  19 502144899
29  36 987485544
35  12 1503290816
16  9 839822032
11  0 1063666291
19  21 1169006444
10  21 39355271
37  36 33822527
14  11 1251800836
38  6 1142273386
20  19 661177094
34  23 2032624271
37  38 2058134739
15  35 1110842500
35  7 602598244
5  13 1751276336
21  27 1858045290
1  20 253453442
2  10 1902334804
30  33 1481771587
9  13 1516449270
16  24 507604931
27  16 1413271188
4  25 347089209
31  13 364840576
27  6 1800069907
28  4 1468650665
36  32 1543901594
8  27 1339270141
22  35 1864069390
15  10 426526748
14  39 1131441945
18  17 1663744665
16  33 94230513
4  26 2119847019
3  23 1230395431
3  37 401233634
16  12 1704343215
6  30 853270580
17  7 1256321452
22  7 1085498425
23  36 1290748651
24  32 1380908655
26  3 1443037436
5  38 743697855
2  16 1037772712
12  3 525180661
5  17 515106107
8  18 659108273
37  23 1144717573
38  32 1817375887
18  35 1614047490
22  18 559455240
25  28 1855252928
11  22 1173586240
22  30 276381391
27  39 1213330420
36  12 1888597119
32  5 1783839636
25  13 530499570
1  10 1390637003
27  24 1319812434
14  33 2139904262
37  24 1029795098
12  2 128963849
27  4 246609264
3  20 716307466
16  30 524528875
10  20 349470490
17  20 223247314
4  9 777213329
3  2 205293141
23  14 912979040
28  9 1365953206
11  20 359704724
18  34 876915898
21  1 986304115
4  21 354388402
30  6 813783334
35  37 260103634
25  15 1501621045
21  27 471081680
18  10 858885293
32  10 804449591
26  22 762373313
25  26 1542267961
12  0 1592994795
5  23 1287032307
2  23 540803606
11  33 21739269
14  20 1516129424
35  6 585650034
0  23 1662876727
5  18 957609915
39  37 344938455
34  9 1702048362
36  11 1595701002
20  15 763232477
32  34 386781625
38  9 880658879
20  18 575988356
22  34 1784027284
6  1 1984866393
27  16 873941873
16  37 1098570196
22  25 1347637281
23  15 1173842322
11  36 358245571
32  33 203257006
23  3 1026081549
25  15 1250265848
0  23 291089733
10  18 660683931
11  30 1132908379
0  23 1449663570
19  26 790135756
30  16 1537383378
12  32 1910685851
35  21 1074603795
8  19 1639891026
12  37 1178195994
16  8 139934346
23  0 1443655294
38  0 678862719
0  28 591211616
27  33 555792380
25  22 1469493646
16  32 1616422644
0  5 1622174028
7  21 307791478
38  6 417438204
28  24 1400700519
9  23 703170676
21  7 90039244
10  14 1270488089
15  32 1526892952
0  23 1296210418
12  36 1345689214
33  0 1360597609
16  18 1074076747
23  8 869815037
17  7 1629365600
26  14 738498717
25  28 1056942835
23  31 256392245
35  18 2089891705
23  28 701834022
30  3 2004034207
6  26 1146231312
16  1 508167515
35  33 1296964453
15  5 1269620802
35  38 424224814
31  13 1146035820
24  21 143683909
19  12 690892901
17  31 1516270964
16  14 1493012465
22  4 719415185
28  7 400474749
28  13 1242265042
13  6 1910453013
24  33 806055680
25  13 1588948881
6  16 1052305147
28  10 1882974345
38  28 1914739006
4  3 894493803
2  21 1598446740
5  11 423273680
32  33 674827106
17  19 707244292
12  34 1348260295
0  10 941251121
36  4 869535189
12  32 1782319133
20  0 1310809126
8  18 1475092195
38  11 1981692735
32  19 2089028050
12  36 332620076
0  26 628247927
7  5 374857390
36  25 1879224671
32  6 330640767
35  33 1179956712
8  13 1765657749
34  21 1890528020
13  39 466127718
34  35 638740853
20  14 676817958
30  6 385779489
2  4 462449195
13  24 721484713
3  36 1075430134
34  28 495561146
26  14 517898840
19  28 796755654
1  24 250033089
23  3 1889736805
9  36 122863453
21  6 847597208
31  4 898114728
39  1 1283291082
14  38 1240319945
31  36 751481179
0  28 1802554194
7  14 207644872
12  38 163820105
33  24 682810883
7  21 1689339570
21  12 875896295
33  26 733944561
30  29 952391189
1  8 1857952760
4  20 287970362
4  36 166911300
33  28 1192740710
14  26 1837595752
27  23 1701600262
33  6 489150407
6  17 1969843251
15  37 1518874345
36  12 768095831
7  5 957680005
31  4 638860595
1  18 1824799872
28  32 73352739
19  2 2088087873
21  3 1377216638
23  39 141940407
39  17 72126427
18  30 140360245
27  34 917970201
19  11 1780873449
17  11 1032484878
7  38 1245303660
3  21 723777370
19  31 900830767
31  36 898900354
26  36 998870920
31  2 607596933
13  30 64929725
3  35 1853509444
6  3 394138037
24  33 1731425065
37  24 176599336
5  23 224222597
26  30 1353950300
15  11 1250502465
13  8 1823745545
23  15 2035898506
35  22 1402551151
1  20 1841604425
18  32 1901558946
6  1 953604404
11  1 1457824026
13  21 680592663
26  33 257808571
0  32 1407535317
12  31 831548397
27  34 1372869159
37  22 701345144
19  2 2036458833
39  16 775108190
34  8 1225149429
30  13 1596203484
35  13 93883451
0  34 1828080957
7  19 144449476
33  24 1234300927
19  11 939908270
9  25 1916833298
2  33 1597905452
33  25 1073686948
37  21 1775621087
35  24 605558788
30  35 651650150
19  16 709658306
13  35 1332660041
14  34 1901845737
2  17 392840257
35  32 2110053196
17  13 984469020
30  15 758174144
20  8 530393978
32  15 1572563511
8  7 1110268886
36  7 1075185132
33  25 880673304
37  18 64137126
37  7 481542847
33  13 294197894
18  15 355956764
1  31 821686209
13  26 130491725
17  26 1005171242
19  14 1121564110
18  26 80754970
14  19 1094181693
12  17 1118790585
7  20 630025382
4  0 313623823
35  1 1683302321
0  37 881621064
28  36 1389500134
12  16 500065672
8  12 305943685
15  7 1017222148
27  19 1520069502
16  30 1796893027
8  36 1614088329
14  24 1429446187
27  2 1054023131
17  0 1901104573
13  8 280660988
23  34 67091166
22  10 923406183
34  0 848178892
32  18 503262103
18  25 695238529
18  25 771916552
5  29 2000708284
24  23 1771383312
12  9 1093572148
4  32 52436793
28  18 1632703035
25  39 223066904
21  24 1037300010
17  15 548364527
6  16 741002209
6  25 457804388
19  38 450956955
23  11 1966039331
10  21 1216806906
32  7 1154702719
5  24 557211322
0  30 77965377
25  2 235500770
5  36 371195939
33  26 2084638403
19  36 1787575320
3  23 330001254
6  33 1740998370
29  22 1981583871
14  24 1774491770
22  30 2017609237
36  15 435881892
34  37 1629282887
39  23 840480337
35  17 1140844899
11  17 1293696261
32  19 679790847
6  17 1135075705
24  12 961654213
9  29 1146532817
21  39 10486309
14  22 1798222848
1  36 36414757
15  9 149801540
9  4 1832493662
28  3 1071609508
1  15 565029509
19  39 1706526120
29  25 2062293760
29  13 1205561985
37  11 257802530
29  3 561858345
20  32 1753429421
39  23 1663819923
2  32 886015884
28  6 1274124785
33  32 910095065
21  19 1486258134
4  6 1552324725
29  6 1970841999
37  19 821381025
38  24 828169009
24  8 46938999
37  25 1547280860
26  2 1117468646
33  11 1886559411
20  35 1799291412
14  26 515382317
13  1 1360935518
15  1 1339333904
39  22 1120949369
35  20 1889313775
2  13 879262690
31  32 1284020087
28  37 1449922272
18  6 835929771
31  17 1826875242
8  16 1168281287
6  19 48108975
1  26 1931302701
25  22 1050705854
39  25 1438703058
15  30 283898408
25  8 988744963
3  2 1990035352
4  31 1567033890
13  20 1692367667
3  16 1900199548
1  25 1048828699
11  36 1011786900
34  22 662697111
20  8 127724042
35  4 732667689
0  1 1718161697
10  5 1903789850
30  7 1508790518
19  6 170401996
30  12 1521666085
11  2 1472274186
0  38 68867759
27  13 1185714202
26  22 961373548
34  15 704645866
37  15 436096771
34  38 405603808
16  25 1856748329
37  20 345580462
16  30 1707883191
9  27 1570887513
37  2 203492731
20  6 2040213288
30  0 52667130
32  5 1898082221
25  10 1951297075
34  35 441405693
14  35 142667174
14  0 2085432765
10  9 1240938514
5  10 1523656722
9  5 1401165580
8  18 918426694
4  6 1258667671
12  18 1746209852
28  0 609678805
26  23 644231264
33  1 234058886
2  12 253055290
6  23 1639553483
26  22 161984526
30  10 1199490049
34  32 903776963
1  18 1251828996
36  9 755385967
33  39 1991203738
16  38 749891911
34  30 602648079
33  34 255470599
18  29 1419106669
7  28 303276607
13  2 1039801815
14  24 275811889
28  10 1211810293
8  19 2085999708
37  2 292262139
39  37 721951819
18  4 316729927
19  32 1656487714
30  27 996336486
38  13 1644401488
21  18 84556731
36  29 233163378
7  38 2122893403
21  28 1495613337
20  8 1932124239
12  14 1527451198
2  23 714958405
1  14 2011560979
31  24 17898497
5  36 1299437269
7  25 975254677
11  2 807055095
28  9 1810163938
30  18 744264719
21  31 863828100
5  16 8055920
28  30 512128554
20  16 788134557
36  1 845344307
28  23 1884334518
39  15 1945240294
27  7 854001814
20  39 2065430092
33  8 1178096429
33  37 1665636191
28  13 508589060
34  5 1621812141
5  37 1883874403
13  9 861825686
4  1 1528471003
26  25 1996469939
39  32 1256379588
15  27 1696055784
1  38 722642733
34  38 673773880
30  26 459338933
8  5 1367580429
9  21 1094391675
21  16 415898061
34  21 615128288
32  14 498670779
27  13 2060316202
16  33 149951178
29  32 1384426996
31  14 187233704
24  39 1622194600
32  39 2048617394
0  19 290466474
16  30 1160083132
10  31 2100671093
39  37 956809132
34  29 1415330627
5  11 764824753
39  11 1876993230
25  20 654398917
25  4 1226510115
2  32 1487618129
4  13 1895015300
15  17 626858153
30  3 1233497392
25  19 1300506956
23  26 252956042
4  7 1797413959
27  12 1539251673
26  9 610076288
30  15 531925984
34  35 1837303944
37  22 2107083685
36  19 568319800
24  23 1493269595
19  26 1627359066
13  38 356973294
23  20 308482429
31  10 165395430
3  13 441339545
6  22 1234836215
35  23 1963954012
8  25 1109884773
35  15 543138585
15  26 371246217
39  11 924722495
6  2 1333649735
11  10 912203099
31  18 849148240
12  26 789248471
31  14 125423832
24  39 2056027475
24  1 884975288
26  7 1706224665
5  39 1712114149
3  7 1128802950
37  7 1742166934
1  27 853855875
2  9 1720611583
37  8 1846100669
26  36 205059511
28  23 1424534278
13  19 931795939
3  29 820687826
29  35 1406346812
27  8 650275200
34  6 2121217882
4  8 1521238703
16  23 1132255083
19  38 1684485562
9  10 764118387
33  22 289430098
0  38 1520783883
1  39 2085458454
35  9 845264254
19  18 2069654093
28  25 1301559286
36  28 52955244
8  1 41843194
1  39 395400417
28  2 322662008
16  24 1432840543
25  9 1564856823
24  31 2037328171
30  12 574248359
22  9 33507652
16  22 1490002399
14  16 94282681
36  10 1149349275
11  25 242658389
32  2 373286360
37  26 1664296864
9  25 1942639633
3  28 183857297
8  5 118825371
16  2 999453829
32  1 1366959407
20  26 1099043706
6  2 2046289403
8  21 1483566507
18  20 1012915091
19  17 1067001996
19  18 694645815
