800 40 18 8
13  10 393040142
7  1 800811528
21  13 1831375683
31  38 1836772497
15  12 1963968456
17  21 981106872
17  1 1905395521
22  24 899611891
37  10 1249211575
39  25 10948442
2  31 444159497
29  19 1539695170
8  36 619624616
34  24 156176841
38  19 847331645
24  18 2135773747
3  34 406227042
15  34 1778473129
24  0 526351918
25  33 274764222
29  24 1471461883
19  31 749355792
34  26 748802151
37  38 1201192377
33  34 547142076
0  12 1268921854
23  15 1943248276
33  0 1190143958
10  1 706623368
27  21 622154408
6  31 2060847800
11  23 1066070148
16  20 1573887633
32  11 1671205487
20  12 342998863
15  26 18898594
29  16 414682328
39  17 2106221088
5  16 2146885208
20  39 1968303904
27  1 1543486688
22  3 1711088017
20  30 1958435812
18  5 176336734
18  10 33454749
36  26 1973368717
39  21 1394927172
38  33 385890461
12  5 1035886498
35  33 166075176
34  18 2006372141
34  39 315556876
17  36 997366673
19  0 1448784696
35  3 1681632220
9  14 867965229
9  38 1521530714
25  36 1341931044
17  1 61416222
34  10 1464661979
14  16 469145300
20  2 936981540
12  20 1074512063
7  5 1544718156
13  8 1353444107
37  24 1380833966
30  28 1237870046
30  8 1846605912
2  16 903562035
33  29 1123031379
19  27 316138252
8  0 119312155
34  8 1738469297
29  25 1400140481
15  5 26414938
31  5 2124796408
3  14 1204265628
20  2 623192885
18  16 1665795963
38  13 463964760
28  35 894820218
7  3 578127944
2  26 1167877360
17  33 1463761060
11  25 1782801687
22  38 996601419
26  34 1766164254
2  19 439343765
36  38 71920998
30  28 1073850670
1  16 1030240987
9  18 2076825326
29  27 793152505
10  28 1702600635
7  5 485300451
5  35 1600069307
4  25 2000076430
31  4 1647816064
28  23 752860498
3  12 368342482
35  11 100610898
4  33 217832413
31  37 350321046
33  27 1114621744
17  30 1691628632
37  13 1306469418
34  31 1426892309
24  19 2133242212
2  0 724899027
30  0 1077888505
25  18 463196234
39  6 861033033
8  20 1184215595
22  35 1636667609
25  37 92386563
34  19 211576325
27  17 1216579023
37  11 1866294105
15  34 1986573851
34  6 1717893379
15  22 216415121
4  17 643910499
4  8 1329361667
35  25 17622486
27  10 1577160813
12  19 1108861011
20  37 1678879368
28  4 345261162
34  14 1451861274
3  23 1336878379
10  32 1700726173
18  19 364553292
13  1 1114985431
35  22 932641988
19  1 1806607215
33  31 1147215260
25  33 427973825
28  13 1928231597
25  37 1808604739
24  21 937494112
26  10 806043292
32  19 791543073
31  34 2086894911
8  14 194077748
18  36 88546972
26  25 1698344475
36  24 1197205022
36  5 1011749563
32  28 1024004061
8  33 1348053351
7  35 204292351
36  14 211763879
24  38 1393870559
22  7 904854941
22  4 1770686371
1  30 1422585956
23  14 1170930420
9  16 1542411123
34  39 124418205
17  7 535202782
20  16 1720942869
30  29 441601251
4  39 1635347535
13  27 832000492
13  35 1844415798
4  17 1002780738
34  6 1986475859
11  24 851605765
29  33 842295850
4  33 836847877
21  22 501221349
15  7 1763303951
9  1 566501162
26  20 352470900
25  23 1482536412
29  1 1167186455
39  0 1716677651
24  18 311009910
29  30 466005675
32  25 992175953
6  7 611184397
2  8 559350154
30  32 184347779
2  10 1327318364
3  2 1856630784
17  23 1188369020
31  15 387240056
37  19 112955230
20  36 1095519601
24  25 1185897569
5  33 2125420586
2  13 771188683
0  27 2059723855
29  15 1297680257
12  38 2100042004
37  26 110112830
22  3 856985125
33  17 660843373
4  27 528596810
32  21 656530888
18  32 1473739074
31  0 1439380341
7  31 1774587277
23  21 1615765191
25  22 836318133
16  20 1611278134
17  3 1343843650
19  7 2040392420
12  10 966716509
17  15 1454358811
10  29 2117223732
36  24 539047388
1  5 2140474259
0  27 257663009
11  10 1783548812
39  38 1364947598
13  26 1945470448
27  21 1084475580
37  23 1812004681
27  19 272307244
31  27 1622767262
11  16 1581323401
38  26 1078296081
22  26 1413177034
16  29 450827828
6  8 1277010740
28  14 860287606
22  34 1732675727
25  30 1153095695
33  9 1722944084
11  26 1413913085
16  11 1178111164
28  3 547480167
30  28 52028272
23  25 1166412239
27  17 2043294493
19  33 1748980482
22  20 941442919
9  29 1072741772
24  36 42194621
8  19 1221314961
2  13 64740274
29  37 453525029
35  36 962861857
13  7 283827115
21  29 1188537841
18  15 744075496
22  10 1445815480
11  30 1149453635
25  34 818250541
33  15 1148647283
9  6 860903410
10  11 1573901008
3  29 1927716067
32  3 664328140
13  23 571248408
33  20 1672742113
3  25 98769561
28  19 1283527261
9  21 999298720
19  13 660006984
26  19 2030780777
12  15 868102752
16  10 1222038383
2  19 1601785204
17  27 271323642
32  4 1908053325
31  28 309301963
8  34 2142246292
38  30 618927282
5  18 1748256519
10  24 1709729269
12  2 715431204
22  2 304405267
17  23 836589763
28  18 1891361171
1  29 922388635
5  24 1184804716
23  11 147002036
13  39 1760178443
38  11 486479886
24  12 301310383
9  34 154160945
38  0 588276599
15  21 1222391145
19  39 569620924
16  31 2104944863
37  35 439532980
11  21 730880000
1  34 1380127768
9  16 131172991
1  31 252092815
17  18 1100423115
17  29 889312884
34  32 1511069514
12  9 1349172996
21  6 849383282
28  0 2072946348
0  17 1092523657
32  29 1344771750
29  37 1337551100
7  24 1958406283
5  20 1405723063
22  36 924804597
1  28 834342489
12  20 326260206
35  33 514636226
7  19 504425604
13  3 1217544266
28  35 1145506881
34  17 1038767736
14  25 1856379379
39  13 1950783213
12  1 1032110652
25  12 827068491
22  3 2083028058
1  26 992168892
15  36 1197052666
3  5 46340932
7  18 1292386062
32  33 2062548519
12  20 692814445
8  25 1689760937
22  11 1690411997
30  11 1962222931
39  5 578076048
32  12 64856084
7  11 347856023
12  29 28440536
34  10 31856967
23  12 1250300392
17  20 592967163
32  14 893849567
12  22 85726656
33  12 1179237815
17  15 659122127
5  21 767312900
34  38 517992431
21  20 1904138948
33  27 856694081
5  23 1454865471
2  21 921984384
39  9 1925190062
0  10 797272166
1  0 1453668622
8  36 27327470
31  23 1951858552
5  20 1326441504
10  34 999196306
33  31 1678029181
23  6 1447008209
31  28 1385070665
20  15 1517031341
11  23 578528258
17  19 542009103
37  15 648798508
6  11 259942960
21  32 91454056
2  6 1187957751
11  17 1266923823
31  32 740970581
26  33 111179985
28  0 1569605339
36  23 761659738
29  39 1045277063
20  29 1182076681
16  30 699995699
21  16 1788729663
38  36 1250599940
26  20 75365547
21  0 270606717
34  28 1715034986
7  8 37887522
2  8 1165597045
38  27 1360478873
1  39 15044128
9  25 1187668759
35  5 506512481
11  6 133224290
9  3 56653522
5  9 2066903380
12  39 2102433011
16  25 1390020639
3  20 91710890
9  1 172168008
24  13 329126407
5  2 140801860
22  24 68790932
28  29 888393849
0  25 809936508
9  38 1390140393
28  8 1776859514
28  32 1549251497
20  7 2013159775
17  23 1229974614
4  10 21354851
8  34 84289284
5  36 1749708640
1  17 998648929
5  25 1398151223
10  2 1555359791
18  4 1342781662
16  32 387482267
28  10 1735553564
25  29 92709288
28  22 2123822919
38  12 1410104275
1  30 1835830403
34  32 81871509
28  2 364328255
12  16 1879255996
36  34 1012136153
7  23 1037009568
8  14 393926331
15  11 1440565920
27  2 285577536
5  4 77508252
19  9 2136081605
25  5 1721732907
34  37 1404053282
20  27 109400476
32  33 1545394629
34  25 1149097182
37  15 1612856972
5  7 1187311480
15  18 1190258806
30  17 1204787212
9  23 692618798
5  24 1390766705
16  7 1809846671
9  1 756770243
12  35 193155542
11  25 1145638710
17  27 555337609
22  5 1439509812
20  18 1485568328
22  27 829757348
35  22 1715799991
38  13 1630078073
23  22 1748443779
30  3 141819153
0  25 237475046
14  12 570991929
38  26 1456889085
4  0 1977243089
5  10 1110901262
28  22 1989034128
3  39 50988876
9  5 1591893655
26  5 2134029661
11  33 384965215
33  15 17605306
9  31 405406538
10  33 1578824746
6  27 948459535
32  26 170710582
10  4 24303680
19  15 126162554
31  24 1324616081
20  17 185537296
4  2 1925425421
22  28 2133527098
30  32 1797481110
12  30 699862195
17  2 524445220
19  2 892324285
34  29 383040187
14  25 1090314183
27  4 1710015884
4  2 126973829
4  12 288158746
25  1 13909277
32  20 1074380965
33  17 485897845
36  13 1329628617
32  17 974708443
36  25 1091651743
12  35 731903485
37  36 17489364
11  7 2008010204
28  7 2068588860
34  11 830193946
21  34 752805038
38  39 1105512168
19  23 312613874
19  9 692959121
6  39 1489640322
24  31 121745907
9  39 2052563981
5  9 1094115997
18  14 250852962
21  27 1593706457
38  20 513192895
2  12 1532234178
5  4 524040847
37  21 1729871404
20  11 1878288932
8  24 2012459783
19  8 652193802
26  7 16259638
0  36 1215283227
23  19 587950126
29  35 356975879
29  18 77978409
27  25 2141833017
0  15 1293960397
37  23 247727284
35  29 524836967
26  39 161508010
24  12 1982652648
28  33 1377026603
36  29 389123755
11  20 1689949604
39  30 1226763717
31  2 1241769901
34  23 1486032633
27  29 1170521034
23  36 821864395
20  27 1190569059
27  15 47506345
7  6 2118262022
30  3 1959701038
14  13 1529355431
6  25 44246656
14  25 2006672773
32  19 2065728646
13  25 1568869859
11  36 282122288
31  9 896292601
5  3 338006907
28  10 521993423
15  22 1426117247
18  21 1397051364
24  34 2130129596
37  5 19316832
19  36 601187428
7  24 2007288908
30  28 120486925
11  9 2012335908
6  7 1674415747
3  18 2027932962
19  26 991928080
3  6 1465989921
26  33 1103431515
20  3 1919289026
27  2 1268426183
24  20 1600223951
1  15 1480439938
25  23 2125504676
27  0 1117496088
16  28 870501893
28  1 838771336
13  36 1609376496
9  5 1615079224
1  9 1329345868
12  23 1508385091
7  17 1508248381
21  17 728336548
26  36 393712346
17  39 228537581
8  32 1663993937
23  1 476713367
35  3 198796985
15  32 1777626212
31  28 791563352
23  24 907486527
16  30 1279026594
38  11 1155962342
31  14 503289686
1  18 1063915867
22  34 817774047
22  29 1981835812
7  26 2094474159
27  1 1348073293
35  4 409804503
10  8 1253730387
14  35 1808422481
20  31 2012385278
7  0 1985735439
30  35 1014634043
7  10 1725874314
38  34 48749342
18  36 758545381
6  35 303609507
20  34 1177354939
29  0 22622964
10  6 1706936343
14  0 1375611935
12  20 791842793
31  22 1085200276
5  4 1970539430
33  18 162436741
27  4 1959878110
9  12 1361521496
25  3 1159253703
5  31 745623746
14  0 1580972302
37  19 1202026403
2  9 1149770090
12  37 252737765
0  28 1646871773
32  22 1488828685
10  23 1250522309
28  19 1817936567
8  19 1124089311
22  0 298250838
7  19 491147954
10  26 1290137000
27  14 1181767170
0  5 1876984775
3  32 866775700
10  17 1527430498
38  5 1230160740
11  26 166608215
24  28 635451358
35  14 1075400113
14  20 2114050858
6  24 475395234
11  18 1587490847
18  37 2752891
26  15 1567192835
36  26 1256899356
35  17 2134087333
31  35 1547864101
39  17 376167686
28  10 226741315
21  5 1841221943
35  13 2142687518
19  27 673850046
28  10 455431041
23  11 1334982982
5  18 12934333
22  33 1224942488
7  25 1865225209
22  6 139438554
39  9 175431421
6  35 438396763
28  11 2021034076
6  36 1012397495
11  4 1312996660
22  34 1368470165
28  4 727721282
1  5 331326253
24  10 301373154
14  19 1259229849
4  25 189976014
11  6 71472250
32  0 1339236506
17  36 1527331249
18  22 85403434
29  21 1453419146
33  9 2049488280
27  22 451446775
9  25 187299118
25  34 718650062
11  23 224415125
28  10 414667500
37  30 1515198585
1  22 792513000
15  17 89138043
4  20 1421102791
39  12 1314539595
14  16 120208615
35  5 1073052421
19  30 340725317
24  21 2027947606
24  13 1940905902
39  0 1794267638
24  5 1680071828
14  5 1445041202
1  24 529563810
30  15 1566720319
35  30 1040305054
26  34 1158036332
33  11 1300468666
16  39 1543192242
8  5 452661818
38  1 1469979558
18  12 118118998
5  34 1160215071
5  24 137578909
24  9 1209478075
12  37 1856654906
32  26 1522218122
3  10 733504527
17  1 514456473
19  23 1555293974
27  11 2101592923
5  24 1917000892
3  34 1957573625
13  39 1666103544
35  9 754482098
22  33 1105559064
23  36 221279688
37  6 1910424593
2  19 2040699313
18  8 1131785000
38  32 1276848109
35  8 2094757890
16  20 1028222661
10  2 293877774
4  15 2086835999
7  11 92582308
12  4 533959049
4  13 1025708207
3  14 291763833
25  28 51798683
11  21 354492199
6  39 1211069618
18  21 494376502
1  2 1824389773
12  29 89784361
10  30 1263983392
0  16 1743529115
24  2 1280770
31  38 722116639
37  21 1067702989
11  8 976345712
29  20 499117395
10  22 976159531
37  14 1244974194
22  4 950792913
0  28 1643458874
9  31 1771324900
6  3 1076443480
8  37 1144481976
3  21 115714921
5  23 1292594031
16  7 425693967
37  17 595577364
12  28 721184816
34  5 1158186452
24  39 1256367286
22  14 869657920
26  36 677561497
6  36 1548396838
24  33 146162012
8  11 228406061
12  33 1091926792
33  3 496849278
8  5 1947422360
8  34 92128145
26  0 2000153979
35  30 555302112
18  23 599419980
12  23 1726036788
13  1 559512458
5  8 1724029830
0  33 1627337357
35  4 2143938246
32  36 100335857
1  32 764026280
33  35 1416416391
28  31 1538880192
33  21 1392610878
32  4 344102814
12  32 962540981
30  21 1699499884
11  16 2090325227
2  34 1087207513
37  14 398476786
36  17 890063604
18  7 325800278
33  19 1353554674
17  2 1380458594
14  30 1839398115
27  22 1860055931
30  36 1400728630
6  27 1694278512
34  21 1905083327
29  38 1226198886
30  12 147242448
9  31 1119638755
15  35 277262735
36  26 1992511686
13  8 1748659735
6  24 439152309
32  28 698741345
33  37 1199464729
27  3 1669345449
26  34 661949384
18  21 832061242
11  19 1189565141
0  32 1950959962
28  20 1514542000
10  26 532487628
35  32 1963334477
9  27 1799355606
23  17 1738404414
17  16 869232186
1  16 1751502195
26  25 629569507
4  25 1469120641
21  19 949522316
21  38 1680801887
37  8 2112752053
10  32 559883314
24  15 51244512
15  29 894534535
31  1 1056495351
