800 40 36 15
30  37 935721138
27  20 1665196177
31  38 1347367925
24  9 2075268022
12  26 1284315279
12  26 2098749519
8  5 2058727528
30  16 123763484
38  8 657966573
14  36 197424378
29  24 307379407
25  15 1071198435
1  8 916605046
18  28 644379309
1  26 130621092
21  1 996901939
9  13 1591208647
14  27 1483421720
34  31 44034265
16  8 1437056275
34  23 568163400
7  39 741256738
3  18 431722476
38  13 1791255744
15  26 1427094634
18  13 1843786133
38  17 834959448
33  18 853021574
4  8 518594633
27  10 1347755243
11  14 2045139219
29  25 1396979721
7  19 1782352477
4  0 568156222
27  20 361737510
29  7 1754243488
0  31 1896485579
6  8 1880792620
30  27 1615553099
31  35 1716888029
5  3 1587033862
14  21 1306908926
10  9 645006815
23  26 1880056461
13  12 1115671240
15  20 1140673588
24  35 1813128604
33  1 805528499
32  3 314044803
16  31 1618385358
11  19 492309580
14  6 2043287014
22  24 2036435438
18  3 124438479
21  26 352447629
17  11 1327594013
7  28 1452172031
3  2 1848392038
6  30 880010911
25  37 1766860634
23  19 466888773
23  26 1021313112
3  38 1534771403
23  2 1864247060
8  32 2071825032
8  16 536884368
39  0 1484312332
30  31 1887872753
15  12 883225935
22  39 1079985249
28  33 534977606
3  38 1152311162
2  26 2088405086
10  3 480393127
38  26 1398301174
14  18 316467800
1  34 1144988002
26  2 1314452981
9  29 1383868927
15  1 1483500325
1  33 526396036
0  26 997055898
1  20 927349589
20  23 439459219
24  20 865017263
10  15 824696480
2  35 594657106
17  5 1206999465
38  33 735466288
13  18 1388247929
33  1 190907425
26  38 1357970759
32  17 625284629
5  13 1713405207
10  25 1089201721
35  20 453728119
15  1 1390803485
15  16 66801282
37  15 1035053640
20  11 241245247
22  7 1766971176
2  31 1154306672
7  29 768024439
39  3 1645531527
39  38 1462181765
36  20 603610531
2  30 618751686
22  8 1954790681
27  20 350835215
4  29 1300919150
19  7 1077542708
27  10 1037509604
10  27 897387925
37  36 1159072241
10  38 1123300190
11  2 1670659475
31  11 1914720229
38  20 1152212183
2  15 850255097
34  21 55100580
28  39 946574543
13  26 578733798
2  17 1251892728
5  13 1887951495
29  35 1828131902
1  12 1330326499
30  8 2078400428
27  22 1004506581
29  30 952402172
9  32 805719286
22  2 2072043753
38  5 939335318
14  11 1567840507
14  31 386504134
33  31 1226952193
18  37 941392820
29  1 1084097905
25  22 1541808380
36  13 1504171080
30  38 1030561951
25  19 768613799
32  39 1372645520
27  31 1458366570
37  31 1150466324
29  6 1973663085
36  1 1011843905
33  10 588676639
13  32 956216089
21  39 12530610
9  6 533960816
13  33 1784902590
22  8 1139028200
21  33 1593025739
38  9 326291109
22  15 289642357
34  39 1280928127
6  30 1258740522
7  25 1259931099
4  5 510037388
35  33 344320429
9  30 379674936
3  10 116724127
28  3 890153593
12  20 1351655099
21  3 2108546893
35  1 1669388194
3  4 2045699783
8  17 744015613
33  7 1302041951
22  27 554622965
15  17 958141096
0  5 1856872982
15  32 634383998
35  23 1144962364
2  13 1320611627
38  13 1310261802
34  26 783732575
8  32 1305869980
19  1 1511885021
24  36 1505783534
35  6 1656750330
30  13 1612039657
23  8 956906385
9  24 169895134
21  6 1972741572
3  21 1891601022
31  39 1783518718
15  37 543488399
2  9 171070904
31  37 38447945
11  7 2136435167
10  3 1857750776
27  11 1007323484
19  20 1241605828
25  4 88237239
34  2 2084972487
15  2 881323444
1  24 515679634
37  10 585989472
29  33 69033552
6  7 866870767
6  2 1342797257
28  27 281031183
38  30 701890586
37  2 246054304
29  18 1599399448
13  0 1876497816
23  0 469541162
14  30 383798114
22  3 29390757
8  16 1653769733
33  32 1558256352
16  34 1584268223
18  9 1063978866
38  29 1300268505
14  19 871744694
16  21 193655976
5  13 159374281
17  23 375759766
14  11 1199041061
20  8 865098007
13  28 1404617605
6  10 1671407434
30  15 2098544867
35  2 1947792166
24  9 1869471841
12  6 1554847326
2  28 966140566
13  1 718714784
22  13 704122713
6  38 213856830
37  16 8555795
24  10 1770748946
25  37 368219010
34  16 913965188
16  0 2050237397
2  36 934791293
17  14 566098895
28  6 690796585
3  5 1431473247
8  11 1592425426
26  3 421752681
33  19 1241466820
18  5 2130263084
26  3 1369080628
6  25 2018062882
27  12 2051718145
13  28 1996899241
36  12 1573639799
24  4 2124293349
30  36 1433199988
26  1 1264497158
19  30 1050921584
27  5 1219012134
31  5 1010098929
31  19 664717008
0  8 1922615812
28  15 820045133
13  12 1967413040
39  14 1911284544
13  11 388284533
23  17 310945770
24  35 144198451
9  25 1303613142
23  21 977449759
21  4 470624870
12  38 1139767957
10  36 384222139
0  11 255678649
23  35 1081172908
21  13 807570082
7  25 1908572660
23  34 788895291
3  12 2014864350
16  23 1900469068
31  39 1341292433
38  12 1751931708
2  34 375042024
36  39 2102370966
31  18 1146050823
39  4 1554359568
3  20 604296984
2  32 203896527
32  4 838699936
3  26 1882314176
33  39 1323900046
21  7 1902726178
38  21 276391678
10  31 1118479337
18  36 587265219
10  31 403527255
24  38 2011400530
18  35 1238408814
0  38 302817585
35  26 2097496987
32  26 2056639493
35  29 1332313552
6  20 563814984
16  34 784645442
27  14 96186726
31  27 2016143771
2  4 790904816
12  18 1396540085
2  25 1648230906
27  26 34528144
12  7 1166097234
38  25 1899359724
11  14 1736591631
4  7 382613262
16  27 619703843
12  13 484683594
12  26 1563759905
31  18 1183679569
27  6 636054092
3  12 1963124471
9  14 1045308946
13  28 1600251484
12  39 746804486
3  19 140130692
6  22 607826184
22  17 683919463
21  32 1380904249
27  4 674251165
29  39 376311523
0  9 2107286054
14  29 993739748
28  39 1443865301
11  18 2121434248
29  17 1886057268
17  21 2054558232
39  5 1272103711
36  4 328695733
35  20 1531843195
34  27 1503831636
12  1 485885343
9  0 733338285
27  22 1460164436
34  11 302614669
35  38 471716626
12  15 1614032296
32  27 149567167
28  6 1524716596
38  31 1278275584
8  14 1894236831
36  38 9504685
20  31 1989292146
32  38 197161644
33  38 32683606
10  7 770501274
28  20 1022349490
30  7 317469718
8  31 180439807
3  18 2041979973
30  15 649792725
39  27 1330750103
12  10 827125635
20  21 181231050
20  6 1437333127
7  17 1500238940
13  18 885260344
38  19 2048905632
26  31 1989388135
7  10 725667281
35  4 902779364
26  36 992244342
2  12 1899181597
6  23 1440400489
3  38 509614665
35  13 295905515
25  31 388421105
8  36 1580190954
26  13 1425951724
22  21 429284042
34  26 1331855339
4  28 2127882384
31  35 988733786
23  14 148919570
6  34 89473799
32  13 1941531331
0  12 1321508356
23  20 2013576364
25  31 937534976
24  37 673278046
19  33 305332881
15  8 1827023163
10  30 513138140
0  22 770391311
25  9 1458782736
37  14 1406456229
13  33 1317158469
28  8 1590355454
4  17 800298986
28  20 2067120482
13  32 1967710091
34  24 819002962
6  5 277692822
15  37 1078176432
1  36 673097106
14  27 574185406
16  20 759705485
36  35 1720145798
36  37 1716463575
9  22 419227307
36  12 604750801
8  29 566149905
2  17 30465924
39  33 1134398438
34  19 266081510
24  36 2033361879
34  27 1267187682
4  36 2012307731
31  27 1251718222
12  33 1815158792
38  6 1401442943
22  31 21851804
13  38 2095495748
8  36 291390662
6  18 209264034
11  6 575493890
12  34 1351750085
4  38 232145132
14  1 793263812
33  2 1105053447
12  38 2037799332
37  13 967044080
35  13 1193181971
22  28 300178981
33  30 1131137590
15  2 527316158
10  9 181946266
26  17 1437873754
26  28 973647899
17  39 1032583
32  34 1357757321
2  25 1540777127
7  37 545129123
39  18 1943618073
34  3 961001051
8  6 1682633231
5  4 873068331
26  4 1172012065
17  31 2143818411
11  27 1995589095
35  8 1153417512
15  39 1018695979
16  5 2056537623
11  9 1398663594
2  5 937977125
15  7 1338549849
13  34 1655030058
36  17 393009772
31  6 52038111
27  30 1703764809
24  34 2111080374
17  39 2014750417
3  15 1365626999
11  17 595532729
35  26 569918626
1  37 147355516
4  36 616461571
38  5 1436434491
27  18 1374579037
9  8 150692339
10  23 789399048
27  33 997122806
29  5 1952631134
23  5 2146711992
26  14 1936993890
30  28 654688260
10  5 1917313889
30  0 1353768403
18  14 34265039
36  12 25418881
19  3 982265722
25  8 646851801
4  14 1392257153
36  19 901174668
38  22 1935790845
32  33 509921890
1  39 1462104900
19  27 1735887405
14  22 1912013751
23  28 1333313627
17  12 510370942
14  21 1619510485
32  18 344513200
15  4 1738386964
2  5 1992409665
28  16 636669147
17  25 816610419
7  30 739880329
33  38 1449478640
9  13 168515839
31  14 1535235782
2  16 252768151
22  27 606757874
35  32 2029792334
4  6 1069042717
29  30 1834392313
15  0 666655371
0  2 1501411465
30  36 2078376954
38  9 1907534193
36  28 1687139325
6  11 66529087
28  10 1705797336
14  9 1204838914
15  17 275243218
9  32 643798723
22  38 277657929
36  13 614269116
7  28 1250729210
5  14 1533202909
8  27 530205149
38  32 2011629629
34  35 1060605970
25  27 85795018
10  27 312533495
33  36 530628770
18  24 1601979779
12  15 2048186089
31  25 977152227
4  36 179937008
12  36 1405874551
35  0 1550550250
14  37 655952603
11  5 42396864
38  3 524961557
0  13 1545012627
12  8 156177051
7  30 118321730
26  19 1588605911
23  14 43629240
27  2 1547358215
22  19 1234892863
2  23 647792757
27  14 951477507
11  26 1154255041
25  37 1625333898
31  20 131123200
10  21 983747842
31  34 1795671979
5  1 1272908820
13  5 1314495345
7  12 959939733
35  28 354820410
35  22 1101921091
33  18 232102717
8  9 2034020585
34  12 839582245
33  21 1810853383
22  26 1684426892
34  36 684610065
33  17 1352329412
33  12 1366580668
0  10 938171720
12  30 1746177972
30  8 1889698592
35  2 1199651999
24  14 197964746
30  5 21012607
31  5 175286357
34  19 1007945816
19  26 351722865
16  27 753268180
13  21 458124878
33  4 667545764
29  0 1386651820
15  24 1523154088
27  19 1292084458
11  22 1509846119
19  36 692644703
21  19 1031106443
25  24 1451834904
28  32 1857335869
10  13 505591452
7  30 1911000583
20  11 2074523155
27  21 2018470894
14  23 1281234117
11  31 1944605730
38  17 1059317400
21  7 289293371
15  10 2089402787
3  26 1847001636
16  14 1409676099
39  38 141407434
6  39 1561666323
13  32 10623896
16  33 914310996
30  9 1989194957
1  6 2121701280
38  2 290936565
29  10 19095296
16  10 772335250
3  0 1262020734
14  0 2143443385
26  9 137222385
8  19 367152214
16  15 660910150
14  2 687829157
16  11 110813828
26  36 1914354519
35  32 1701346060
21  13 1963843100
32  21 54184457
38  19 1912424327
19  39 275813650
39  15 1544730519
7  13 439194173
14  2 2000139623
19  26 956584513
34  22 873022861
20  7 1834411332
16  22 1556419306
19  32 504455534
18  11 571362158
22  39 1095618272
2  1 2027730158
16  32 1041669175
7  26 75350156
34  26 828424719
9  31 905498975
29  21 1961560491
35  20 105463615
31  22 1967472759
17  9 1184934427
10  21 1797866951
26  18 921496287
25  37 822841704
31  27 1698195269
1  12 323371639
23  32 564585794
17  15 362122249
34  17 1426411731
11  36 784633217
9  39 43150927
27  33 1946795793
20  3 1654017742
37  0 505142197
30  7 1852768773
1  25 922137083
1  5 1661898113
5  2 520327319
16  7 1549351139
20  2 2110847760
18  7 1051261516
14  27 1310910558
33  1 746193426
32  14 674212315
37  28 302476955
27  2 2073623798
13  38 482258335
1  25 1469583290
36  1 146012928
3  34 827465900
14  1 1583790032
6  25 1063344748
8  5 1310304979
38  23 197637882
18  5 1691059444
25  26 1713618386
14  10 1817805394
21  2 2121373887
20  35 1829014065
15  11 1234558020
12  13 960979658
9  31 328862728
31  25 1990616535
4  1 255330153
8  19 2039948383
26  3 128578884
20  8 306705018
34  3 299069303
1  21 348706631
23  3 1747865920
26  11 212440431
26  24 1506679513
19  24 937452914
23  25 1920091864
0  18 134265999
27  25 1319690899
28  27 1910108653
33  9 1250953285
20  17 324946143
32  37 1998484169
22  26 35752485
34  39 994858493
1  4 808692462
24  15 1581324799
23  10 1869086839
28  38 914211366
36  7 445119798
12  21 1673217406
2  18 1609929879
19  5 1829642424
32  22 7518855
13  28 13125326
14  12 1792746160
36  17 1299294569
10  34 1907135236
2  21 1768795206
20  11 517002866
39  35 1981860816
39  8 1787194081
39  1 158414988
26  29 1583096395
0  2 1679271402
26  7 1480019874
1  20 1133974970
38  39 876384895
27  36 986188906
6  16 54091016
9  16 1997350738
1  2 1060599399
16  1 1017411649
14  16 180081194
26  39 2105535032
13  16 2129781123
36  24 1824393726
6  25 1040514071
7  37 2014904574
0  3 2044064297
17  38 1573604549
26  3 1707861347
12  18 2105506976
24  0 1041867452
35  13 304977461
36  35 1656902801
1  28 1195482473
11  3 1911378950
27  31 755377488
10  20 1817207798
3  25 383270036
5  1 1660127271
7  18 1581329382
17  10 588256176
2  35 1263533439
1  6 407964087
16  13 13639662
12  25 1413170397
16  17 1123092589
35  23 1498005693
28  12 830374145
9  23 2032848371
17  2 896605992
36  9 1060950316
2  39 1999872873
5  33 1912219898
7  8 252710589
22  34 806606347
32  38 2077334321
28  10 2023682393
5  0 1066482167
18  8 1442907647
20  5 1738711170
28  12 164906118
3  18 890944213
24  19 963282645
21  3 583682001
10  37 1356850908
28  5 1578284632
32  24 30403766
31  6 266566049
9  6 850688333
10  36 2078994034
8  11 2071246338
13  3 1856329247
39  29 59232605
35  25 603531593
24  11 835079967
13  26 515470264
20  28 1436422290
4  36 8955689
7  16 1225812796
12  11 1292343106
12  24 1447673132
19  16 1151941091
33  23 1386674863
0  34 1873411974
29  7 1844013993
1  18 1863089264
10  21 1668132439
1  19 1143878215
10  22 832323977
21  6 1090036897
2  7 2099824737
19  2 1630158032
21  29 1620744105
33  28 36696657
27  29 1253484726
14  21 429886107
27  18 908024438
7  37 1677501839
17  10 942478854
8  31 1588955789
32  3 1084549643
29  19 503536602
26  19 1872250899
25  10 1800586
