800 40 3 24
18  9 1779369802
1  9 1462446156
18  2 1703345444
9  1 77953977
36  5 748156379
23  27 1600785830
22  13 1625580402
31  30 328482964
21  6 327377334
24  20 511299043
21  30 565039803
20  32 1788239150
26  2 734768749
20  26 704827718
30  1 1825949547
7  30 543305119
39  33 256183987
15  5 2002249189
7  3 2076844427
2  28 490925126
10  38 2096738395
12  32 457962339
14  10 1220505828
37  4 1805850357
4  18 763299942
17  16 1783977630
0  14 380855740
6  7 18333549
24  19 1022457189
8  16 119091885
0  6 1384867473
25  39 846327365
8  20 194581608
23  15 1300110243
13  15 1356347998
23  37 1864212082
19  36 263951283
2  27 399030184
33  13 1977729066
19  27 1862119580
35  33 135270731
30  33 1968119958
31  30 105830880
15  34 240036476
35  25 1582246187
30  27 1625317601
11  7 595329154
14  19 1482337584
34  6 1523815033
10  21 1697419857
26  21 210104184
29  16 1000344201
33  21 968309187
32  30 1942780894
18  28 98065952
8  9 688313207
12  14 1576833632
11  36 1866035387
35  16 839429831
4  16 308229221
22  11 1360397607
23  0 90919172
21  32 2115579851
6  8 1025965646
27  3 1220262137
4  24 1669205333
9  32 1061320621
18  29 1030527148
0  16 453394403
7  25 459220516
5  33 982238172
23  25 829151958
31  13 681978850
29  37 183795798
36  25 759750700
9  3 1712812203
24  20 1207083059
9  26 1657631827
34  0 617166204
29  18 1492022611
29  36 452661974
27  15 1369389823
37  12 274294860
23  3 1343582338
36  24 515868808
30  25 1476377597
6  17 1674933027
27  22 1136260866
16  20 264990997
3  25 72556108
11  22 1364328613
29  28 1139046742
24  38 1062528297
14  20 1007338144
26  21 1316890040
28  4 830815739
28  37 504569066
27  5 1733226829
1  21 542072186
30  15 409941629
35  17 1367129427
22  3 384129213
36  37 1995484949
9  31 1153924950
16  22 1167801857
19  22 2133395260
33  15 1806189277
18  5 913471364
11  0 642433666
26  38 1883883109
36  28 2089271498
6  31 2102802787
38  34 1539730531
28  35 411198310
17  1 1413404729
32  13 1631262736
12  3 1351476113
29  5 1998249659
24  20 1010316636
28  34 620509290
36  8 1919392007
36  27 1321485571
20  3 1838823316
37  13 1125048691
3  39 610623177
39  10 1679954463
30  37 169875064
16  29 152772476
5  12 850056437
9  34 333002268
23  1 308496435
16  18 1277961487
31  37 442668412
21  27 276499635
22  34 629710120
22  24 988374650
35  28 883313770
18  33 202471643
15  38 1939053741
38  32 1308667716
35  3 809963010
32  11 1400561294
30  18 525265188
29  4 472449321
11  3 454708964
3  29 1311363320
23  25 888535968
3  29 1429672532
1  20 915723741
8  32 1864763887
19  4 682553676
23  22 1623565174
2  0 279356709
28  26 2013866791
0  19 176307339
35  22 2077241630
26  3 1398992603
26  4 1231576762
4  37 82377654
31  25 1987986149
22  11 763773978
26  16 196472787
0  36 335233708
4  19 359246612
0  38 1120863465
23  38 201504122
3  8 653872961
36  21 1823840006
5  14 2068709316
23  25 162951912
36  13 758387461
28  37 822635868
13  25 976685400
4  19 376978111
39  13 1605967175
23  22 935954404
36  31 1682729643
24  7 41290105
0  12 1795382038
15  24 191575644
19  15 776301260
37  12 360839816
35  7 2015255361
18  0 1242614429
28  16 1424007839
16  12 832805705
21  12 629525343
29  18 1348323043
2  33 1855465176
5  21 1092362536
30  22 2040363389
38  13 1730015906
30  14 1946716784
2  6 1500017086
34  26 961205976
20  2 1000127419
14  20 1119761620
39  37 1089479748
25  9 1622945726
1  16 2079573533
6  20 2113463213
38  4 1425630769
27  37 1990391333
8  23 1021114614
21  18 1972894000
25  36 1529740093
26  27 1780105463
20  23 1400332868
6  2 1829492886
36  7 1461987094
37  14 1518818252
22  3 1496394078
38  16 1350972087
6  37 526463464
22  11 344347802
29  8 1445781985
12  25 1882628839
37  31 459272704
0  20 1011494478
0  24 1155609829
27  13 238706772
9  11 474717194
6  4 1962730665
29  20 439374840
10  26 2021739476
8  35 1013203366
28  20 857090366
37  36 1199794858
14  12 64590216
4  2 1007198210
22  20 322290697
17  13 2052307696
22  3 2120469847
16  26 1271945134
21  6 833359247
13  9 805388051
12  19 1789845870
16  2 1116167110
10  8 1138157051
4  28 1525105377
22  23 700700025
13  2 340877327
31  5 149495676
37  35 76387488
26  0 1059175771
10  36 503512512
12  0 842921352
31  13 1259235022
5  29 1408776531
3  10 117798762
13  30 1769700915
33  19 1526354263
15  2 485227658
19  30 1393880895
11  8 165118461
32  11 1992909644
16  22 257782541
21  0 1610256578
7  17 624862877
14  15 900610219
24  22 2080453822
21  13 2145216411
10  38 1087930824
24  39 501315731
23  12 473107495
26  7 1684400282
19  39 1944474474
0  34 190400010
29  12 1838313742
30  10 1209709204
7  11 183022132
16  25 991682446
14  16 1837689077
32  1 412611409
39  4 1261118551
15  39 1869420180
21  30 1751056689
1  34 762620677
37  25 429929973
18  35 1522180703
32  11 1917649343
28  36 282371965
32  5 1428219319
26  11 1279938003
31  5 1077973968
27  5 77545853
17  22 1150486150
28  0 244111660
34  25 2118130263
6  5 1520049378
21  39 705229211
4  13 2099914317
30  9 265616571
10  39 1289058589
4  5 2003558568
14  38 800643331
33  24 868953942
29  30 648570761
15  10 2069935506
33  38 1723795904
27  12 652418125
22  6 536702789
14  34 1033363453
28  16 1721203229
2  9 1431367580
10  18 1683936277
18  21 1487758400
7  24 802306903
15  25 1976220529
39  11 1619064589
17  23 3368331
7  25 100798018
34  26 1234058222
17  4 1448630578
32  27 474923719
37  14 849175571
37  11 1977211123
19  7 1359174281
20  21 1230439421
7  14 791937362
20  29 672031839
3  11 1050079065
15  3 505114990
2  5 2041176950
38  22 1431190718
14  10 484311823
21  15 271404818
19  12 1057820185
9  21 1152011182
31  1 549141211
3  9 626240155
29  13 1572007371
17  23 803759114
0  30 1542050623
34  31 1040078631
35  32 1828063281
19  22 598629055
27  22 1546871907
14  2 1501295744
15  14 148720042
2  1 748942529
37  21 714297280
27  19 167191477
17  36 1998990653
13  17 1492537146
37  1 312692545
13  12 1661425763
27  0 192008856
24  13 1083831024
0  34 838968541
10  1 178900529
29  10 203723118
14  22 1787523535
9  26 850410142
15  23 1572973037
34  11 1979530542
7  37 1702675929
9  22 306935109
2  9 1716971484
20  3 2404343
4  12 1102893017
36  38 548037201
25  28 1975655724
19  28 884818328
33  32 1950640713
37  25 1516775683
27  3 350141863
16  31 2037828386
21  39 350884913
2  25 389837163
4  29 1198718791
26  7 929144422
24  13 81009321
4  24 1308526794
25  15 1114577965
31  33 211808828
29  9 1105689126
22  34 290489660
18  26 579568903
29  28 968038006
19  22 1440988531
3  26 1262737187
37  10 697010643
30  11 381157591
10  27 2038340373
11  17 441461804
26  22 287901072
37  24 1307899516
20  35 952720700
15  22 2016294156
14  10 1456224155
10  35 613631165
14  9 1632682932
25  24 255404486
36  34 1843660803
12  2 1616332704
21  7 196598974
14  24 1139972520
18  17 1018294463
2  12 457187414
17  32 870761337
14  15 356079771
28  2 149365638
36  3 467711058
34  8 1270218914
23  17 1121309478
11  7 1899758624
4  18 792011957
28  31 1020998600
39  20 2096963829
29  2 1278310427
12  30 1720935011
28  2 1455592008
25  7 14259142
3  28 138148327
27  11 355921907
7  13 1320250416
21  25 1224678260
20  21 289796639
27  18 49231738
12  38 631895097
34  16 2071864570
3  18 884540902
39  18 1742446358
10  32 1900803867
17  14 568761380
4  33 1534236884
24  10 239552928
7  18 69053319
29  34 507139217
5  1 2121460126
6  34 765267208
37  31 2127039883
37  28 1397585457
1  22 1910150841
0  22 1412692644
39  32 1437465924
14  13 289361531
6  13 815621050
11  38 656452646
8  19 1555163178
6  1 1995669362
25  27 1062475778
2  14 1795080144
34  13 846457135
35  33 293038333
5  15 1818676514
18  29 2071134228
2  31 1495747851
12  32 1322025019
12  20 1366642008
1  16 799585599
3  18 272148794
31  35 984683859
24  11 1804970419
15  14 271541846
23  33 1973626582
15  38 93177835
16  23 6309227
23  14 752782832
11  32 538207386
14  5 1262631763
6  25 1829555796
7  38 2119653034
2  39 733545141
12  3 1456682028
11  23 207265391
18  26 2100727929
11  16 218602360
29  30 1570072157
4  31 1476174139
10  28 835431029
24  12 1192530823
18  38 1927683650
16  6 1874628955
35  19 696765969
22  33 791223070
6  11 521577014
13  17 2122896441
21  27 1300522873
27  3 1423648342
29  34 1983560218
19  14 1484502564
18  36 1349889245
14  20 933880320
29  39 1726745216
21  16 1619636096
4  28 778596209
30  20 147389723
24  7 1602060617
34  23 1186273955
22  3 1679810554
31  8 16573986
6  37 615146448
26  2 110813650
5  33 320669542
35  2 1010866147
31  10 2075198025
31  23 466641285
2  35 1165885777
11  4 960065567
30  28 598361906
12  36 1113693992
12  37 1951359641
32  36 494841096
8  39 1399399016
14  1 1968099682
26  31 1821876183
4  32 411190671
3  8 621209505
24  33 1009126938
26  36 1365739740
25  22 1930792174
15  24 2121881813
11  34 1254434845
20  24 142695416
0  7 1834972813
26  14 384905082
39  27 1634067702
13  17 1644513911
35  8 783488776
36  24 1273562383
28  21 1394193796
35  33 861609549
5  36 1483098979
39  34 1548127808
38  30 906757835
14  33 278705673
10  34 1647719613
12  5 1733961755
27  22 951326892
24  21 528137068
4  38 911355013
11  33 1819297196
25  3 1557697817
23  25 1123025390
5  31 311140972
16  9 231444505
33  10 794562245
27  16 1876265492
1  33 1512633861
16  10 1591619519
18  15 89051374
10  24 176548343
35  21 17992750
10  39 444533088
27  34 2146338422
10  37 1517165578
3  32 108291935
28  3 914273867
33  19 1739734140
14  38 844877133
34  27 394178533
17  3 987727282
3  36 1573034601
15  18 502506039
23  14 41348987
38  11 1913372500
3  23 278088571
16  10 1295968991
5  11 2023529339
12  15 354626401
21  12 692961707
23  30 1842677769
31  3 402349428
21  12 1575050550
8  16 1808762718
5  26 2032874191
28  31 1434450008
25  13 1139288620
20  0 910498629
15  6 1257375066
33  13 2020470125
30  2 259376406
0  33 617020255
15  26 1419397781
23  1 1731744401
27  30 1238799102
34  30 1332369104
26  32 1494721825
39  37 90531546
25  4 183253210
0  34 255590542
20  16 1548767573
20  33 1080538674
21  4 1232814822
28  0 1909527161
15  31 864916038
14  11 960889226
18  2 864995370
5  23 1713099603
1  19 984898326
11  0 1205761285
10  36 1959491429
26  22 2025930754
14  34 235903511
29  18 1682360510
13  3 1395619119
0  33 216351149
32  2 525792217
24  17 1002142577
4  31 1088220734
37  26 1368621103
5  33 1126860781
19  1 874916444
22  24 1505590015
16  9 1229448850
14  30 857205555
22  19 847421321
32  34 1026340334
13  22 1303797439
7  29 1784489864
30  22 195784477
30  36 687822159
24  21 1488629342
8  18 1204291700
24  39 384888171
20  39 1686553867
12  22 1991067455
20  3 65707026
32  6 735442375
6  5 1344626160
3  36 13360591
28  19 275922502
14  10 993538758
28  21 1277207453
35  15 85816764
2  20 145231005
16  4 336908586
28  4 1362971404
19  23 1003731217
8  27 2107608385
22  17 1292103318
13  30 1644270845
5  25 1790276420
7  15 367075264
17  27 1755934861
21  15 1299544013
36  13 489944303
27  13 679865092
36  26 395287200
29  8 1599555061
20  29 183058137
12  36 1798108639
3  35 541842606
9  37 1018723668
28  0 782512542
19  11 2133761679
29  32 23012155
34  11 862486166
9  2 1166859867
26  7 637724628
38  32 1685449197
22  32 1329162095
4  27 1172602121
19  33 1078458578
2  17 681539908
9  24 151006951
2  34 2093584393
2  36 2045589303
29  26 1153897866
27  35 1477513909
18  29 318501794
9  30 1931645211
25  20 858744914
32  27 1007538536
2  22 819359195
23  30 1359373893
20  14 1701248997
2  36 1360256263
4  24 1175052046
19  34 779407625
32  8 2093408142
3  8 1229468887
32  0 810515952
18  9 1913200092
12  34 749778642
20  10 1495046240
21  31 946234164
6  32 2025195297
31  10 1860048900
30  14 21667201
5  31 1365023842
22  9 116817894
5  25 686448272
1  18 411916136
32  37 71443981
30  38 207405132
19  14 909934206
3  34 1543153395
3  23 1206689365
4  22 1237803960
38  25 1964602287
3  28 934011658
36  0 1092269812
36  18 273195126
23  24 531456439
27  18 67894425
15  1 1031180792
14  24 1269384646
22  6 1675512308
27  17 676293930
27  28 1352768404
29  26 866375899
7  25 833594786
13  27 1320447292
5  8 10242584
21  20 2126142030
10  39 2144372287
0  6 442316750
26  38 1306747564
37  11 442396587
26  37 569451951
6  8 570462124
4  1 72112313
15  11 591674746
3  15 253825933
37  18 1501301165
36  7 79801600
12  3 442536199
7  22 1241314452
34  22 710540281
26  24 1419264852
33  11 350537082
30  35 1752310594
7  1 6617165
33  39 1327608302
11  21 737103991
10  11 883205704
18  0 1316669723
5  11 689598304
22  13 552901102
22  24 1446872418
13  39 856154194
38  25 631124194
12  19 1240108555
38  12 620240294
28  6 1359363274
31  10 1710884179
13  6 2020546430
29  4 941403136
25  19 1524077019
27  5 1927221614
22  9 300549821
27  7 519219399
29  12 155896078
5  32 1750480969
38  6 1947004183
35  2 771359346
26  24 1998469469
19  27 138986008
6  13 2146628167
36  18 2019745550
14  39 1112664524
17  22 1615149150
31  27 1627927613
32  7 1608637834
15  22 1251261060
37  4 780053652
13  26 1113854200
30  37 272597027
39  24 1936534330
19  5 275757127
21  8 408401306
4  17 946129684
31  24 1187912449
32  14 1629102519
27  37 1809778506
6  15 1080182929
26  28 1907630401
2  19 953094328
11  7 1553297634
30  18 1671627568
14  36 224379141
5  29 2126383378
39  26 349711202
7  3 750827567
30  38 1863653031
31  18 1752994754
18  15 1742239300
16  38 653250135
29  2 1437735126
14  16 1788415610
1  9 362090204
12  18 45472392
39  15 800366197
15  38 1506454055
30  0 1255762888
3  4 992920627
4  37 604123041
12  25 804904822
0  37 582015291
9  36 2066800135
33  26 875321279
17  7 1162512783
7  37 395059384
20  12 1965060694
36  30 684989572
31  39 2050694805
17  7 395112545
