800 40 15 27
18  7 408553218
10  26 1885871143
30  34 899586510
19  17 2112878370
10  5 392810596
9  12 755975840
30  21 1642529888
39  28 1173903216
4  9 57194039
2  39 994229635
24  35 2112355945
38  22 1792677484
7  4 1764758068
31  32 852231601
10  19 1432274096
15  19 1908825519
23  22 242598980
19  2 508142057
7  25 1881525170
25  34 2097327735
9  38 714088776
15  20 56525190
11  20 199681317
31  16 1956742298
19  21 304014122
37  21 1716902771
2  13 1594348690
32  8 1434194673
2  34 935959971
8  13 1089752886
23  18 872958254
30  0 1179168914
36  5 362556579
9  25 202869101
22  14 1372061189
17  27 724915039
12  16 225107655
34  23 431420323
10  37 114089459
17  34 1679038358
9  16 1762839516
14  4 1976225485
4  22 662609966
16  39 1140603004
39  28 2033370984
15  6 153555295
36  8 83203443
16  7 1588019164
4  6 1049737159
34  8 220398514
17  39 659365169
33  28 1020686934
38  37 1190072935
8  3 661496317
24  6 1550486178
12  19 726878194
15  22 1116086917
23  38 791847140
19  39 566847693
22  1 2107481089
3  1 503494573
12  37 1473809829
35  8 1866168914
12  8 1597503593
25  8 2011285102
17  27 141005792
20  14 339717743
0  18 1155066809
21  24 2027947363
11  26 1283810168
16  34 537216619
2  15 217758772
5  6 1611709896
6  26 1099145938
17  27 1978489972
17  39 1159734739
6  32 633107058
14  26 1636343085
29  38 668433297
35  11 1505124617
17  24 1976503991
16  8 2127938732
27  34 2124038671
34  1 708278670
38  5 741333458
21  13 1668866334
5  22 1725313158
10  15 2105164048
35  1 527258153
2  26 1152648110
29  15 310326380
38  24 2108484478
12  28 682317451
11  23 237712317
7  35 1732949473
14  29 359230080
30  12 54845839
16  18 2024190241
29  12 2068814231
37  38 788151003
20  32 1313824791
25  30 828498922
25  38 1624523686
25  6 633275466
37  34 1196467145
12  7 1366415353
7  4 895206633
13  30 895540290
3  25 777774729
12  31 1186116630
36  0 2109935660
20  39 1487598518
20  28 762006261
33  36 611636181
22  39 1584142206
25  30 576282729
19  29 441558135
1  8 1527200713
35  26 36286735
2  19 1306475372
38  21 1978540142
7  11 1641548787
8  12 490990379
23  32 767055344
19  33 126928115
14  21 1217515754
39  6 97911023
28  25 1605647592
28  24 1874310908
17  26 845667980
34  38 2041798942
25  29 145119978
15  13 263311927
20  35 883342358
28  14 1310828198
20  31 888515789
2  8 1447134288
6  12 1345260536
9  27 1761322038
27  34 2141667747
6  5 978150585
28  22 126564433
23  3 919117374
3  2 1996891818
2  32 1615649504
0  7 1005200592
14  5 379636721
22  29 1955646208
15  3 2083838617
34  5 366540513
9  11 894516954
13  9 1724311311
36  33 1051643731
13  35 1269974140
3  30 590894241
19  8 852038515
15  9 1278902270
33  16 630252591
34  13 1686125173
11  32 1623443569
0  4 482465508
4  22 1454758116
3  4 885618022
32  38 696062090
25  38 594529496
24  34 1541122896
28  1 1947628734
36  1 1329272402
33  2 1559594724
19  20 1712041048
27  12 436090912
31  17 631984907
6  38 553561668
10  1 1611839769
19  12 804897533
38  34 795584435
27  8 1621001071
35  16 473720710
35  1 1968242145
10  23 2127293334
31  12 1554086780
5  29 784762464
10  38 875246057
25  1 955780911
16  24 958055427
31  29 922846886
4  6 418961675
22  11 1593513565
30  24 1262613606
10  6 1961599370
10  21 645478528
26  1 1155404252
39  32 1030297704
26  3 1568902259
37  32 1984617615
20  3 1460591334
21  8 1011381260
28  5 1238060103
3  13 1879456288
19  8 922920608
7  1 1361771842
5  7 2099714700
20  9 568013976
1  13 1464856914
14  6 1986153575
6  11 669472927
8  36 1087866888
5  0 1781080134
27  13 1068837094
6  26 285190537
10  3 514520364
10  6 1133088518
26  6 1268322862
20  14 1756338481
2  11 147883865
37  33 173003275
4  2 71676732
18  39 1637212186
18  0 602940785
19  15 1168450547
32  17 1193989628
24  2 1719353801
1  4 1301053800
21  7 1425156079
23  19 1438724128
12  34 112330472
33  22 54360457
26  11 1823104868
3  19 495421810
20  10 2098975313
23  31 575553839
4  37 1861767664
21  27 1120769086
39  21 830705305
31  20 1551454871
22  23 1907416270
38  25 680031139
36  30 1944613530
11  18 2055375534
39  28 15704537
8  17 2045827184
37  33 1345439039
14  25 2024712421
28  5 1757529564
37  4 1048132831
26  17 1166325266
15  3 234917845
26  27 1790790683
14  35 717310843
4  8 1770312023
12  37 540347039
3  2 295414768
29  26 1800216040
0  16 158489214
19  11 239368287
3  27 615141788
13  27 487088613
0  30 1595943274
27  30 709267688
10  34 936627203
17  20 1654887969
36  17 1968707616
22  14 1012838486
26  22 158875202
22  21 1772027081
10  22 1633905180
5  38 1532812690
10  21 581748129
2  33 820941582
35  36 1568910988
25  39 4915908
19  38 1021976068
15  4 1884515155
18  30 411405241
10  34 1812198233
38  13 1227440450
22  38 1688309946
7  9 21745168
37  29 509099197
6  29 1860999712
13  16 1071942233
30  24 985281275
15  34 1340176030
34  13 1203756163
2  17 1728151235
23  22 231538107
12  15 1488001205
31  34 270133530
26  28 1322859623
3  26 132595431
4  24 373172677
39  35 231193973
30  4 866321120
4  20 84221423
22  14 875643099
0  7 477095993
10  11 943978843
37  14 511540245
6  4 728685309
28  34 914475886
19  33 1072795301
27  0 703439399
29  31 2026010101
9  39 229431809
8  7 986068774
28  11 1314314910
31  8 2065175113
36  25 1416221919
3  39 1836553794
21  35 1677837576
30  25 1979964553
19  3 948297627
11  38 1768833220
24  8 2022467048
22  30 1328140204
8  27 1311240323
5  24 353532678
6  11 1366811439
23  2 1001140428
14  28 2136649482
9  5 1151643783
39  22 643271178
9  21 919227756
33  14 1096074956
12  0 1268464886
0  31 1619371391
17  13 1050428524
32  36 1920145296
29  20 1006652838
29  0 2012186315
35  22 1069396345
26  23 338975014
15  9 499806276
29  20 2068625369
15  7 486504415
28  9 188866032
39  32 1014548192
28  4 956717900
16  39 953111535
13  26 1679023632
19  12 1472563117
28  14 454879359
6  8 695611964
8  13 1436432670
24  31 1228741901
16  4 1667150613
2  7 235377317
28  12 534706597
27  35 46590324
0  22 866865471
8  19 839942845
24  37 2049533102
4  23 715163341
24  17 3127268
28  27 1552807090
2  35 1848710942
21  5 2010324825
35  16 1593083730
35  3 877820814
27  22 334543482
9  29 626015776
32  24 1051832115
6  10 2108117959
34  37 394299213
0  8 770602021
31  27 826082780
20  8 1608837150
4  22 829909191
31  34 1389318820
3  17 488395785
39  7 538918405
12  31 41350060
10  3 1144692497
1  35 2041641248
2  25 1688876345
29  23 1042960660
5  20 1764058311
10  36 1645223899
16  13 908951322
4  39 422196896
28  20 1584773972
2  25 307351610
25  24 951975590
11  3 516907504
19  31 285350991
39  16 203136375
3  21 1288447767
16  10 1672331838
2  4 1332020860
19  7 1917280160
22  26 949954007
7  23 717821540
37  2 1345311118
5  30 2009561757
35  14 2053746706
12  8 1753404407
1  8 1133790562
24  12 1891427378
11  13 1371678976
6  17 969892959
29  6 462841873
34  17 1521522700
8  24 1508068523
38  30 832835255
16  22 963551289
23  39 1009439624
9  4 2048306024
15  38 46772852
4  14 908883095
14  2 1217823876
11  18 1344720529
13  36 1193177850
39  19 577329567
23  34 1696464964
39  19 264993572
15  23 2135564326
33  37 403971328
18  2 1712789122
16  30 583244126
14  1 2024678401
19  35 316468656
29  22 833539140
9  12 1267008522
30  13 1983128283
19  35 270917552
5  9 774895771
26  32 947021129
3  16 122404570
10  39 1348781231
19  21 1660478508
30  3 490814573
3  14 1147363162
30  29 2043077549
2  14 1231648255
17  8 818765902
27  32 795232465
31  27 2067791342
25  14 1601574552
27  34 549716115
5  29 2082689844
8  11 1970881845
7  39 372518475
9  24 655974285
7  34 2102842153
32  30 1908975961
7  3 1030929438
1  25 326637162
37  18 429055790
19  3 1589870256
27  1 1501560267
22  9 1333515196
35  22 1034096391
3  2 1585789733
26  35 1944932581
15  21 1083989096
13  9 1351256021
23  12 2100043559
18  3 669005071
8  9 1264191984
18  25 1504512396
26  28 2102500020
19  8 354453396
19  24 1414700034
10  3 184139919
38  16 1827854427
20  36 1800286703
38  37 1821174921
29  31 1419862233
11  26 1415947002
27  34 1201620906
3  38 1346725969
15  20 573919097
9  13 1201773708
21  25 1944521569
13  20 395661228
14  32 1261515388
7  15 1095808138
15  6 292373308
31  23 970009186
37  5 811333631
37  25 1571682768
1  19 708147729
24  7 1660304319
32  17 1651152546
39  1 1085934342
10  20 787759786
25  19 809011845
12  38 1175748229
7  11 196802929
13  32 676898687
3  38 120266938
28  16 287851941
35  23 1875441120
9  14 112121991
37  30 476260307
24  10 692576913
17  6 1571721704
23  27 1946693122
39  14 592513392
22  28 1095949530
34  29 370264430
39  2 1766439673
38  24 583580781
11  12 7086413
7  38 787933527
1  18 291474947
19  22 1828830726
38  14 1765454471
39  14 688575956
11  32 330125065
35  28 1027774783
32  9 278454347
32  28 300419292
4  17 1457648233
22  31 1064318587
12  18 1009988979
9  11 1508199379
19  5 1344687434
3  1 1733818468
13  1 770156846
2  39 1303182323
28  12 2018204863
28  18 1192639468
39  19 749845337
31  11 1545280032
10  34 101151525
19  35 765323960
9  22 1539916706
37  8 726093504
3  11 218646802
39  6 1326679840
32  7 682056745
32  19 604208532
14  37 1245871469
15  34 1105838586
0  28 77662297
18  11 2004439073
27  2 1718498569
5  7 671578683
16  24 12516434
12  34 1239734797
27  19 1353737027
29  16 361202855
13  11 446657941
39  22 885650551
37  9 522553274
4  19 1083440338
9  35 1597216766
3  38 1907852542
11  39 1269459745
18  39 856762012
14  5 1542611714
22  26 793637240
34  39 308445425
19  15 164816226
35  33 292672258
36  3 457346891
28  7 642046991
39  7 607047052
39  34 409890838
32  16 713347525
12  34 1060018094
24  2 1524665337
38  24 1085262341
15  33 133728507
6  12 1282143882
39  5 533267882
8  16 235063063
32  7 813134476
33  9 179640320
36  22 88968907
19  34 222831384
27  26 856931571
35  16 143952389
25  9 958409515
26  9 1612125667
16  35 263910187
16  19 1471963419
32  22 786418934
32  11 881982009
20  4 1152133786
17  38 366207687
24  20 699189096
25  20 246633130
1  34 1495554521
7  28 1203792929
14  28 106620038
3  37 361411342
16  9 127795941
27  18 357488922
29  20 548930171
23  21 1416642361
39  20 1215600477
13  4 1665284606
0  5 2092537448
18  13 780101772
2  20 836569805
16  24 972741706
15  19 2025202825
12  2 841216143
7  9 1079926947
4  25 175451721
5  1 188953879
38  39 1052632906
35  26 1383575307
6  27 2137831134
12  15 1687815321
4  39 1679872547
38  13 876191375
1  24 725149397
26  12 1559002651
34  19 121002028
15  10 694056520
11  28 1763851933
34  12 120757285
13  4 198804995
25  36 574604788
27  29 1350382446
25  33 1380181213
11  17 488817882
3  26 493050778
16  26 1621533210
21  1 1356326548
20  28 1349152428
22  1 1431914794
18  29 918423721
38  17 1310172439
3  20 1773484546
10  20 1951427340
6  5 126694923
26  16 1567709036
9  11 1443320882
38  17 1308369960
36  6 178952953
16  22 905736850
35  26 1463869644
22  0 1850166151
12  4 1365535827
0  16 1942988815
25  1 105825369
24  19 162451999
14  4 282832102
15  16 1373471897
8  18 738425149
7  34 1472752311
38  25 1831082182
7  31 2001951803
2  19 359398926
15  5 1753822472
30  7 767203006
39  36 1725012987
2  24 1215340942
0  19 328922639
38  34 1842359356
31  4 1043035259
5  25 318027776
6  17 34927812
1  22 1498708025
29  33 1809235000
35  38 1401811494
0  25 782923042
24  16 25491021
1  29 1199708359
36  15 139137171
23  32 1632996340
18  10 1715844693
2  28 1528096182
29  3 1527359565
30  18 830528366
27  18 334002682
3  38 900645859
34  2 1441111694
5  6 980511182
11  19 593315496
24  13 8303233
22  6 60431908
26  5 89920124
4  11 204662455
23  26 1537644418
34  16 857107380
36  0 1818465241
35  34 2117606759
23  4 446685885
4  29 926720339
9  37 820347613
38  6 287134361
15  10 1837217810
0  15 411487721
17  13 598657146
11  4 446078718
29  4 399228194
15  2 9394813
12  17 1114086442
10  31 920732421
14  27 67174273
4  34 1179957427
0  13 1529986525
26  6 544706303
7  1 1602650294
21  32 517269892
11  4 1039627477
6  15 579667024
18  4 215705276
18  17 764315531
28  7 366268760
3  5 2129029152
38  20 2030429833
28  18 984524037
6  18 851349281
37  28 1619857287
0  2 1423275670
10  9 109216579
14  37 20048474
30  8 1662797285
35  34 43250729
31  9 1922613310
38  15 1684910954
16  25 1714433878
23  20 805502571
0  31 2058610522
13  29 1185257546
38  6 1655093971
31  35 678338820
3  32 1933003598
17  7 208491707
19  8 1466616668
10  19 540930169
11  1 45311787
20  34 1485891021
20  10 220486539
18  33 935067754
37  18 403788209
3  8 2024714678
19  32 1407054864
38  29 832318183
7  38 966180088
32  31 420282543
38  25 1186292169
36  8 800245632
33  14 1588494219
0  1 928652341
39  3 64160157
24  25 563025609
19  32 920185521
38  11 656285982
32  17 21188568
16  5 1488500420
12  26 1431940754
8  25 913977461
17  1 656784750
3  12 1776897501
16  2 352049694
26  8 120907479
4  23 1076266025
22  26 1107298058
23  19 1711212749
6  33 906182476
16  11 867120286
26  36 785526845
37  10 342066176
12  28 2135054354
15  14 1387790430
23  34 1023773464
17  8 1200178302
14  1 1967332016
19  3 687988184
35  27 470692010
6  3 1051132110
9  21 348323092
29  34 670673645
24  39 1016081712
9  15 1876108028
8  21 1799105014
39  33 1702670722
36  28 171961681
19  2 1804330036
2  37 1571757908
2  31 590229104
20  2 403729184
28  34 1998831710
13  26 173895356
24  28 137785430
18  25 286119223
15  23 1232601063
24  28 606916562
12  20 1918260184
0  17 2051281028
22  25 1262999988
7  10 40384256
9  25 472299221
20  26 1121895747
4  2 569224777
19  16 1705402944
38  8 1938002900
16  36 273026121
8  36 1926894060
16  7 2044776505
31  10 1076477353
18  5 2107516783
6  3 443156929
