800 40 23 18
8  37 252502730
13  15 20109819
25  37 1707609201
39  34 1716839915
6  37 187540692
29  25 683535736
31  24 19794787
10  14 1562785692
0  26 1700910283
36  24 1753236718
13  24 651924828
23  12 7793332
38  26 564751361
4  19 2013635784
22  32 1749933642
34  31 1675634856
27  1 688206464
17  19 1182154374
24  11 24998870
33  20 1830379461
32  2 1132161217
22  0 1283986378
35  19 1497539367
22  0 235324738
32  28 1027929570
30  1 707492477
8  2 534413027
32  19 1948991362
34  21 491794917
35  7 1468978595
15  0 354753884
1  28 677177181
12  20 282623442
9  31 1292100274
4  22 565848477
34  17 474046221
34  18 1154903314
5  35 1527820185
18  37 723532559
34  32 794402838
28  0 621679315
39  10 2019557501
32  30 1920680343
24  10 2003189845
19  5 1005844875
13  23 1398914070
22  29 1129760432
12  22 14307824
27  1 1639301187
3  31 1251169151
2  39 1195168542
23  29 1674530365
28  39 691961313
12  38 2107132566
37  10 898937547
4  21 1553576254
16  13 1697473439
24  20 2035122567
13  26 423949478
34  10 1334581215
20  16 1139492720
18  0 975748818
31  27 465299565
37  36 652697372
11  20 844916842
0  17 2054067226
1  5 1782677165
18  28 1686746986
30  16 182685869
18  17 189086472
26  12 130794177
21  39 951599141
1  24 260606314
19  8 596228051
29  19 1432319585
23  11 1233213270
14  10 976673190
17  11 1000404291
11  7 1874752050
32  37 1808722036
7  19 423069045
6  17 877225745
29  24 323107134
18  19 204848680
28  35 646579767
20  3 1210631705
33  38 352827254
17  29 1085182754
18  32 1720769035
20  37 279458153
7  35 1991680983
29  39 1054675898
9  18 655899548
6  1 1474281199
9  24 1536363829
11  39 1687783555
33  7 136900147
5  18 825449079
31  20 1640785405
11  6 181661179
35  34 659257739
29  11 955262208
8  25 807129665
11  3 355302075
0  29 316848859
27  25 793918625
29  37 207936784
6  19 836349050
24  10 919806223
2  5 515584653
7  16 549810740
20  33 226842789
19  2 1770501929
33  24 2079515500
29  23 425058443
27  30 1613976332
34  18 3814066
22  15 411532700
28  25 27445270
19  35 1218554753
16  20 218440417
37  12 1099683028
5  2 354541893
8  18 548884547
6  16 334837329
7  22 1044834609
0  1 1836454480
25  37 1099353400
15  19 1062524852
2  33 386960937
9  19 1567112543
29  20 192842057
38  35 910374207
6  17 61148371
10  16 786173195
1  27 1920146740
7  3 1957657954
35  37 831470396
0  18 258912546
36  26 1899459981
7  2 1166392979
25  18 312372401
1  30 522533753
11  37 1178562735
39  1 1687155448
11  17 1916004169
2  37 2145594588
26  14 1502713517
39  26 1105616507
6  23 1232906495
30  14 1884892112
37  36 40254268
27  17 1013476655
12  6 759110975
20  16 1499134651
27  10 497539060
30  17 842089349
13  12 997189184
9  33 1601892848
15  33 1742567807
35  25 1572534423
34  10 84768616
35  18 1411559005
27  30 1870907025
10  14 976899550
39  11 935482002
10  24 728805415
29  13 2145692628
1  4 1802097715
13  30 886547326
21  24 1566167285
23  10 520436979
13  28 167105147
37  13 1535418572
39  8 24537366
14  3 1770956229
13  25 744613240
39  20 1069618085
7  35 166403657
22  37 1059520910
22  30 1505640641
11  22 1629833995
33  13 1784566081
24  31 1930158997
28  12 109069051
7  26 1151131698
8  36 1527304879
14  11 1577780926
13  35 1115957927
5  23 1865432615
17  19 378074401
36  15 2078225882
19  26 2053052649
30  27 1476038389
16  22 553173105
0  13 190009006
12  2 1291323726
14  2 1931282345
22  38 498765108
18  25 2019841279
30  27 829443491
0  9 1119949841
38  28 678244030
11  38 87055837
17  6 1343634622
10  22 1753512889
32  7 943341224
0  27 296237489
35  7 1200949235
16  15 1820885692
6  5 1900154129
4  17 1134881397
15  38 1688476190
3  17 1323570932
20  24 189460099
21  30 1422942845
35  2 1777123500
11  29 1973258928
33  28 1401423370
36  7 1041361450
16  32 340764850
32  6 1716960944
3  10 217083688
38  2 1188055205
36  2 2069007348
30  34 1412320604
38  35 1401672901
35  19 1737641856
26  12 397515058
23  8 2049940081
32  6 1356975148
33  11 1944575989
7  15 1819567358
20  7 1283523574
30  27 1441175785
16  0 1314232158
16  10 1594143631
28  2 1558520733
23  28 622535590
29  15 462350762
11  16 49479000
27  23 175433741
8  16 1991253065
18  3 873331900
36  14 1894796957
35  0 1580041028
29  23 2024366746
8  25 1304150721
39  38 1219971138
7  22 1282884386
7  3 1263185770
21  16 926099418
29  4 192609233
15  35 276811747
31  23 899768509
25  35 107973944
36  0 652693220
28  16 547985907
10  28 1143127543
12  11 1450909788
24  11 938563664
36  12 379444905
38  23 299123981
9  17 1687272555
6  30 1277886921
4  2 1598541536
25  27 2014789604
10  7 1783360332
18  30 421661629
32  3 1723337044
2  37 410358763
10  35 51722691
37  10 1531726880
28  2 946830695
39  27 219998690
15  33 36247224
37  0 1340542938
12  15 878710907
31  23 24487743
10  38 624532177
25  38 829322199
34  16 1707656131
15  6 917105967
15  25 700309930
4  37 473614626
2  17 594845145
22  28 856208617
2  24 762404796
21  3 1787143765
32  9 396471936
27  9 995221711
13  7 32786483
26  0 102244804
18  21 426916755
21  1 1532412022
25  19 1197220102
25  5 1584768454
35  32 86569739
8  7 869948263
2  20 943861091
37  32 1751450285
38  19 1096904490
1  26 5357084
18  8 864213901
25  26 291166657
12  15 49261685
38  5 1420179887
35  18 1213291163
18  30 1701498596
9  35 1196702969
26  24 1948715073
22  32 214307549
8  6 341107047
2  15 1157039633
21  18 1311165980
5  3 1023534524
39  26 119313894
14  34 26327818
20  7 1494523568
8  27 400109228
6  37 1931770813
2  24 1799483231
29  9 422195204
0  30 1058839117
21  17 202026959
15  7 1692954561
31  19 1414299604
37  12 1336239791
29  24 1317340609
13  8 1336796539
25  17 76216802
16  2 440534720
18  23 1718811568
1  11 1848914493
33  17 2006867559
4  23 843803314
9  30 1826245136
37  14 468770691
8  39 801952456
20  26 405577729
26  20 1148416619
32  30 322812511
18  31 116808744
10  35 564493534
38  0 649828446
9  35 621178595
25  18 374916105
4  20 904031910
14  23 1673106587
16  38 1154391286
13  9 392230843
5  19 136273258
14  37 516982390
32  34 612593316
17  19 811292216
33  9 525642663
29  31 156669106
20  36 1834449116
34  26 454142593
19  13 100230330
38  15 1607454521
16  5 1491471049
5  29 169039827
24  6 2035194668
6  12 537575051
29  28 1438871012
10  35 1893777553
39  33 1198599671
9  18 1755308453
9  32 1521560722
17  37 577878278
29  20 570638717
8  19 180436854
17  35 1157211988
11  15 1839639187
10  16 1697544547
14  34 678546159
32  15 2147188561
16  5 1553018833
23  14 2010369896
13  27 2129432675
14  12 1943388705
36  22 1517964919
13  22 1483474205
17  34 1152211898
15  36 771059670
8  24 1588464387
38  23 406559720
30  11 513205674
29  8 1024174228
4  1 1572862331
19  27 1488427669
17  5 1177322835
30  32 1337124402
10  3 268292319
19  33 1294356979
38  7 1839067767
30  10 851878902
31  14 484436061
13  9 1730609832
35  7 185808093
33  34 1433463000
2  25 2074618006
7  3 1487091541
7  21 748097171
15  17 1731794003
13  27 294881651
24  26 242400422
7  8 281460706
13  37 227186362
33  16 205730179
20  38 2103287071
21  37 378112789
11  17 409330410
21  9 559855864
3  29 89322098
25  20 385231009
25  39 2109172143
7  18 1834192333
34  32 607480717
5  35 1271344958
3  33 577474662
31  13 1051589743
27  36 373955520
37  27 287859794
29  25 1464312470
3  2 1875762374
27  39 890953093
4  16 826631792
18  29 282829036
28  23 989682024
20  24 1659396549
37  6 628626751
14  31 662377920
8  39 2011513367
3  37 731682092
38  21 932670293
20  21 535916170
25  36 397477457
16  39 587619530
36  16 1959901950
34  26 900591278
1  17 2029122909
3  27 1727580416
10  18 1427640527
30  36 796389207
9  8 1579165591
28  26 1346419796
2  30 785042716
29  13 1375533720
7  29 471857122
9  35 924974211
25  6 643247428
7  23 1503776602
17  4 864940446
5  34 404332623
30  39 1943500116
32  4 1788049457
38  8 1315951565
11  6 1125975687
37  34 1819753405
34  26 1721548404
12  38 1593844913
5  22 256767494
29  27 1120954032
7  33 397905990
25  27 1736620004
2  28 938968929
31  27 1258346363
7  28 1839409976
36  17 1984794546
4  25 621502570
9  29 1381264074
2  19 394895388
34  15 1440950427
3  4 1016983047
0  9 488626238
35  34 267038265
10  22 773770504
27  0 2057183789
8  39 253891288
23  17 1642914819
34  7 1916357548
28  17 1409510123
24  14 1188394035
28  17 1651153511
19  13 767363322
35  19 1085092641
18  34 1741749737
26  37 706015774
1  5 1196329674
35  34 15684071
27  12 142114732
11  29 898138564
22  30 131536896
3  12 1260724817
31  33 282938989
14  27 1289436319
4  3 2114480778
3  26 412124444
12  33 1532057141
17  1 2065588005
26  36 1733720930
29  33 347103341
13  2 112125051
29  0 161122274
32  4 861092122
19  20 1176697229
37  4 1896395064
34  30 868262559
32  5 1989335329
20  25 579584619
23  18 1383613875
20  9 1280639141
31  28 823324297
15  23 785226702
37  21 813908444
19  7 426756792
11  12 1088513422
28  33 1417739687
34  38 1769536876
1  3 1322178050
25  7 1546509880
35  5 339280918
5  3 1315411509
21  37 666431130
4  33 662905420
27  25 271866195
28  22 883149855
18  23 610061439
30  24 1508530125
34  4 1767579728
7  20 83595492
10  9 1696243915
32  16 1196808113
5  11 1679960120
17  32 1666835943
10  11 767371182
1  22 2022147200
5  9 1591842981
14  11 1127092978
30  15 1166720648
3  30 2052978720
13  25 1048159635
10  14 1263355084
17  31 43014568
21  26 1837003134
20  39 227180585
1  17 1156194648
18  27 2044846329
37  13 902943189
11  9 2025167973
5  23 1926300524
37  1 1047204900
27  17 1277654470
9  16 1003566261
19  25 277121032
18  2 1563059009
6  36 1741705719
9  39 655815551
14  36 1519318083
33  7 2111555689
13  21 1398648930
19  36 1695947153
23  5 583936025
26  25 1836656296
25  20 1084633075
12  25 1113458371
17  30 1726063835
16  12 2071901728
39  11 1372403561
39  31 1553765396
7  28 1794887316
37  21 361434622
37  32 1457349048
37  5 1561754038
7  35 524214938
22  30 726772299
27  8 1331004928
8  34 940399427
39  14 479400062
6  2 664261520
29  19 1701719122
4  32 358632416
11  30 2115511015
27  31 288389461
26  36 404008567
28  18 575988787
28  11 1409530925
12  21 2086624138
21  2 1146797062
24  1 834771183
38  8 1138743703
34  19 1877498680
14  25 1133839443
34  16 915049422
21  32 855278584
2  16 1724134531
39  26 12183202
1  22 952706263
20  33 253580542
25  29 799474309
25  39 1900300684
31  0 875797033
12  34 904775113
15  13 1038556704
27  39 1200856662
19  32 1177207289
9  22 692843137
23  7 848859306
9  5 418611852
19  24 181795624
24  3 2020987737
31  15 658297012
26  17 246131343
8  17 420076782
15  0 1514806288
20  26 2096999876
4  1 1162492252
16  37 504325663
27  0 826966841
5  3 1415267743
14  0 151220234
4  33 1904241301
37  7 1197947623
32  20 1138515334
6  36 1221006349
15  35 395414925
12  28 1075338036
20  27 864708817
22  39 1771314004
29  6 1805119458
39  20 857707918
10  12 1102091261
32  26 1304752071
15  29 656370725
5  31 531625368
22  35 346484742
11  38 1036409555
37  3 351547438
10  34 1041681072
14  9 1245002525
4  17 1464029616
25  33 575124074
14  18 593212597
6  35 871098438
30  8 1646140018
34  6 1155680171
32  28 64752482
8  29 1633950314
11  26 817292883
18  21 639584624
26  25 537375610
20  24 894122994
0  38 7316794
39  13 885401369
17  3 653970732
27  15 1693726453
26  34 76937800
35  31 151434076
23  36 1292165602
10  12 2146063103
37  35 2101607393
18  9 940991423
5  23 299474951
19  20 772311512
33  28 950442079
5  25 1035224739
28  25 262333670
3  24 522903219
21  16 1889558582
36  28 885807784
22  7 1282688663
29  13 896129022
2  7 945811467
33  32 2109673086
27  13 1027386097
1  36 833084148
2  18 1491047674
0  23 367030648
19  3 860517566
11  28 438400657
29  26 977824798
35  13 976108310
38  12 860468519
12  11 1128119912
37  20 226223627
32  39 2064286119
0  38 1649438330
8  28 2069245019
13  11 764905003
1  22 2105973899
27  32 2146973087
37  0 1665647511
3  11 2014419946
26  29 52281565
12  29 1974138979
14  24 1979331821
30  39 1552135971
7  37 1310392327
24  5 741105806
36  14 1921024170
1  21 665734917
20  16 1517633951
1  2 1173075797
35  26 1023711486
2  8 307860093
5  1 1401358045
14  10 26349478
1  27 772511994
19  25 99708657
29  16 1406549786
22  35 1518968927
29  28 1937484105
23  30 742358395
36  11 424194939
30  22 1498609566
22  1 1429886898
30  37 757608620
1  16 853135753
24  38 1709260865
28  21 784676125
0  15 1582859985
0  26 399472412
22  21 1052985934
37  19 1188738486
37  38 1950912776
24  30 143616887
17  18 649701282
4  11 257025382
11  5 660176344
3  8 433224572
10  6 810915406
27  29 213948605
23  0 821294363
16  36 1741874199
9  28 1705911722
37  3 1796008394
30  3 557764608
36  7 1693761309
38  37 1614840748
22  2 1923927260
4  38 1010145831
3  24 230642227
2  3 1790201834
3  33 2085496915
15  10 1073847651
26  8 2086349614
5  14 427788655
33  20 1526405987
38  0 420429081
18  21 2070877655
7  3 601400891
37  36 582193754
9  1 1586737643
37  6 1667430187
32  35 568558966
9  12 1341071363
11  0 955868255
23  25 2034353214
18  5 428681411
6  19 1966453059
36  13 1869871090
28  30 250014819
39  10 1678739149
9  19 174792439
33  22 1949862009
31  23 32567935
13  2 1396908987
7  23 1847749697
20  23 1318108321
7  21 1467898707
21  17 560356998
26  31 1512048776
15  16 2133754156
30  2 946843257
13  29 782829284
3  1 1924761301
34  0 2059490365
20  13 1626942281
8  39 951303477
11  0 877006130
5  15 1123206445
27  17 1404171280
32  10 663146565
9  21 1207863827
0  13 1404819309
23  7 1183234874
8  19 1897534376
7  29 417124278
38  25 224983351
22  33 899698641
22  8 1743977945
6  19 609762289
38  14 511535843
36  19 1304066807
19  27 1752464918
26  4 1318636374
30  2 761790692
31  39 1064716879
