800 40 21 3
39  36 1170212121
27  19 1426465202
1  5 1754267932
26  16 974737559
28  18 1827314562
7  19 583853821
26  21 1691348526
10  33 1397287578
38  6 1890708566
20  24 1361843762
27  21 1309031178
0  33 2060892622
27  11 432643766
25  24 152716263
34  37 335983496
18  11 858470257
9  19 1063694932
38  23 1156909224
33  26 2095558926
12  16 1440150669
1  33 759008890
13  22 813201382
34  13 931762162
11  33 95471105
14  23 1700094525
23  9 807853151
33  9 1142705257
14  10 515483598
16  39 911900048
0  10 343465697
32  18 1419718189
21  9 1520201269
2  16 34220163
35  25 1837983348
24  26 861989518
18  24 68358575
22  19 1290185533
19  34 1812203279
28  25 1588590735
36  14 48349086
15  33 957630427
10  21 1824048212
25  10 2018050385
25  18 2140865502
0  38 998844581
0  17 1187776656
20  6 1844134358
8  6 371052554
5  39 494054439
8  25 833853191
37  4 1688732488
2  22 1778345873
22  7 1851964151
29  34 1263003474
22  17 96620486
20  37 1778708383
7  13 583714755
6  14 512573368
8  36 1430674014
38  22 841869057
18  5 460187090
30  22 1343743608
0  9 1797925686
0  30 1239816546
17  3 803527438
19  1 82649144
14  36 791966049
20  24 786697911
23  6 752695188
28  27 1681717654
1  21 2081532453
31  6 733771923
39  4 554096867
7  6 1112077409
31  10 721034797
3  23 845346734
3  5 917743731
13  37 444802120
22  15 690107574
39  7 2086982591
8  15 282761096
20  13 2050199221
6  27 316113849
23  12 458608269
39  20 2082565165
35  16 608275790
7  35 1261056057
31  20 591624789
18  10 1245149924
9  26 1647964808
9  3 224920354
38  7 1894957318
34  8 1725256551
31  35 849172351
21  15 1356493206
7  20 1051830259
13  33 685104854
17  38 1807396409
18  35 1542305866
7  13 2085044952
13  36 907088081
7  27 1498419281
35  2 982629538
13  34 1939629037
30  15 1284939496
2  33 1917609307
20  28 1972830646
1  34 1504293951
11  35 1177570183
39  29 783034314
15  20 2008099465
12  29 1849074146
19  16 650106365
21  25 1328101426
19  39 743920241
8  18 160808511
20  37 225326251
32  4 2019637955
20  30 698180704
21  32 208366764
21  23 1106798482
31  34 628697060
23  19 437672514
27  3 2106466909
15  5 2142767112
7  19 1748674680
19  9 2032694606
20  31 1309309536
3  17 941421911
3  11 355301383
22  4 923305964
9  7 1293022921
39  31 1539414072
4  9 587425884
10  32 798185829
25  38 2034175564
30  29 1727104936
30  31 1644423365
7  23 217921902
24  12 1757146661
22  20 420336979
11  26 217378980
0  21 1064564180
31  29 308112621
30  20 1004078494
21  38 944969479
35  4 211714913
8  27 1861843698
12  30 1038953973
18  38 1038437400
35  33 930594161
12  22 1859855116
31  2 2146314674
30  13 454291299
20  8 1502193480
22  26 1931445048
15  39 4200730
17  34 1663102793
26  21 1756252988
26  28 463780875
36  2 476689703
15  32 1035055409
37  0 34677356
1  5 1789446866
2  16 1009618373
0  25 1993452242
28  34 1379258075
30  27 989812118
5  23 328885420
6  19 398920339
31  13 1110230613
18  11 99405208
9  29 252763530
9  2 2084545714
20  3 777084317
16  27 1110326882
30  26 432637145
21  0 1506345170
4  10 212765506
1  37 2067496452
20  27 1313114154
1  21 834071647
21  27 153301516
29  7 932874557
25  4 549705091
27  25 105156978
18  33 91710532
2  36 515858041
21  26 192784081
35  23 1168716199
10  33 1592827092
12  37 944460058
25  27 1932356270
4  33 1814663091
5  38 1446582872
0  8 370591301
36  20 1459511506
17  18 404006920
13  26 118369810
36  3 1246421700
20  7 1433405253
8  21 1282757959
20  3 1492927818
12  21 2053076108
5  3 1770975557
17  32 448189345
23  24 2078467656
20  33 459782361
39  21 1671117394
15  32 840808502
14  4 488973004
33  17 561326066
26  14 1167945294
35  20 428725981
30  38 1789172875
1  35 1996590888
14  27 1636478529
18  17 819903830
23  0 946218998
11  29 1414933490
18  8 1803435990
34  31 446084159
24  16 552480110
16  27 1082909794
13  36 1983461631
16  6 1767031630
27  7 1997416461
10  32 1640795580
6  2 599035676
31  17 1482622550
29  37 720024513
5  37 705732738
26  38 225913174
23  8 1057534038
28  21 881559669
1  24 1656326706
38  12 849341727
9  6 1635351533
25  20 881883983
24  10 195973251
18  20 774262675
27  19 481418655
26  20 171386206
34  20 1463965299
19  29 82062389
21  37 2046500366
31  21 448142389
12  35 2122811937
19  0 126047995
31  9 344409093
29  26 463847090
30  10 440336953
17  1 1800914383
32  6 2141604311
11  9 174629261
19  2 685747142
27  38 2094525966
25  37 836352857
7  14 36813036
24  0 886620440
1  12 328711090
30  23 108055788
0  20 1265936633
10  12 1518055511
18  25 1170159553
16  24 8163684
38  13 1801816973
14  17 1815666873
14  22 448454663
6  10 986028318
19  32 1934203604
30  12 1475264869
30  31 1219403676
24  29 825222386
28  0 2011386425
21  18 1278060556
6  32 613123701
26  19 249865052
14  1 1593849882
14  1 2090237094
11  38 1863708189
36  6 49559341
1  3 330092485
37  38 484119498
22  31 528833701
39  16 943715378
7  16 1281495574
36  4 1112143712
39  36 1996257767
39  9 1614025246
8  11 1464607226
7  4 15093524
7  1 1786847222
0  13 1150583680
19  9 458435586
29  39 1936351223
19  16 1115353582
10  30 1572601121
22  5 2101420663
21  1 31197345
2  20 213780388
28  35 716190134
30  35 2146266239
27  37 167815450
22  25 1373488008
36  30 1627568618
34  2 1104713852
15  30 213065040
0  6 1844692543
39  19 895535593
19  9 791801027
9  30 1024374143
24  9 1071292705
14  1 989095244
0  37 1908376340
7  14 1053768696
39  14 1745483452
7  2 1343082283
16  12 439175719
16  0 1738608741
15  12 1693673419
19  24 1771511279
19  31 115492931
3  23 624420692
21  4 1506867873
14  6 327010328
11  27 2114387191
27  7 905731152
13  32 1082749298
30  8 1698260891
37  16 1585407452
19  0 734186153
31  16 936104721
28  15 1765022474
9  15 439312773
33  35 791027160
8  0 72720283
36  21 1928142143
35  13 1953978490
22  7 1032170136
10  2 1347539488
21  34 1599283127
3  15 1366198557
38  8 1841134201
4  27 1582016017
35  25 71648672
15  3 2147206639
5  27 1241039691
35  38 1678246978
35  0 1482350469
20  22 1477541102
27  11 993629225
37  9 984002511
34  23 1745310926
38  11 1163263253
15  0 568220514
30  27 134412108
9  28 766881278
31  26 1834873300
13  10 1701602819
18  21 81926820
19  8 540128003
29  38 1854046825
22  6 918270358
17  21 872024728
1  25 102434170
17  11 797377852
3  27 559866224
13  27 2062152483
7  29 1966525216
21  10 160675873
34  32 1323043436
14  35 676481938
37  39 173163569
35  18 1437202003
2  18 913572395
23  1 1534252298
18  35 626997567
25  35 191831330
13  31 2142332767
15  23 1139867487
12  10 1524373881
38  10 1091428071
25  29 327783109
28  20 1399480543
13  6 1481585342
20  25 1064629448
28  16 981072618
7  12 1660881549
17  22 362248226
22  1 849726159
1  7 948828720
4  0 381817948
21  32 1532082090
34  31 986367166
23  12 1376357167
1  2 222582263
2  3 962387192
19  28 1473792397
10  32 1427427391
4  37 2139198638
31  6 1560727612
15  19 704231120
5  37 1088693487
35  12 719915633
34  7 1968074780
15  8 2045948770
10  13 1540877270
35  22 1570465203
6  8 1073649667
9  14 226400559
29  7 635270116
7  37 1220361098
3  35 671506292
39  8 231997453
7  31 1791489013
6  16 1044039921
26  11 1855656044
12  35 1105913258
29  1 1222658219
29  19 478138286
30  24 2130780372
31  29 2142664671
4  17 504625060
19  20 1335849169
19  17 1482139951
32  9 494534746
17  1 366703716
22  0 1402199331
22  5 1495057894
7  28 482269236
31  24 1951702128
27  18 274972024
26  21 914021501
17  20 105819103
28  11 592073649
1  0 164134567
26  0 919343721
31  21 959194234
5  36 812179238
14  3 1212847684
10  1 1989395204
37  10 1450061069
0  16 850849540
29  20 1652593293
19  23 971876494
25  27 1392444518
10  26 1320278572
33  7 626624440
21  30 2131682295
15  18 1063253658
26  19 1414248008
27  20 823822174
16  36 1927219399
6  38 1803423698
25  39 1736158458
0  23 1555113654
19  5 363865228
8  22 708955076
12  32 952206371
29  12 1551991798
7  12 723547252
28  17 1556240930
35  3 669163899
0  32 409526773
23  9 736058793
26  35 1252319894
17  26 1089694926
20  16 17593109
2  36 908855588
17  35 962675865
11  13 697686087
39  15 1999110777
7  32 1259874641
33  15 168482772
19  31 1147398158
18  6 77120763
25  19 560720888
7  4 216847407
32  6 1301446127
0  39 1114502133
39  22 659541665
7  36 1740024361
5  20 1963681619
25  38 473422195
30  18 915811567
22  26 320522196
13  31 384519438
27  23 530837151
7  20 555394433
35  19 1647941298
8  16 816382098
13  38 1566989461
34  22 1499909516
18  6 305886973
28  8 2119864247
26  10 353087817
1  25 1644455422
7  33 2003703854
29  2 946941052
22  28 1451892597
34  4 342244109
11  3 759413187
25  31 1281034455
5  34 232992809
4  28 1266019338
25  11 815169177
0  3 945444543
11  27 96077496
5  33 588868536
30  15 1763667321
13  5 234489602
22  23 719532518
26  15 124138960
7  13 147360495
38  0 1338480415
10  21 1926841854
1  11 1168284649
7  16 1245908868
22  19 1429985029
17  6 72189310
33  27 412134446
19  9 604406197
16  23 244803061
9  11 1901368291
0  3 1047015885
29  14 486809753
24  31 198363905
26  36 172098055
30  29 414362214
11  17 156812504
24  27 169505286
29  23 56855489
38  19 922552071
17  24 1766320991
39  26 746644324
22  17 700307351
31  3 133075191
25  8 947319382
3  6 337407317
17  28 1895684493
9  11 1163775905
7  30 1306060893
36  19 1094266536
3  0 227119380
17  25 795324392
4  37 402508999
1  0 2036049893
12  10 463142667
39  15 106699343
22  3 1230803056
4  11 1086528078
11  13 208161927
13  19 862149242
2  17 805465717
37  36 158024751
17  15 1046155836
36  31 281913196
0  6 267567908
15  12 412432539
10  25 1817689433
37  16 483706187
28  23 1844804466
27  16 198612781
13  2 1380763013
10  11 1705412926
20  24 1612863753
22  2 593129529
4  33 274366749
27  18 528358291
35  22 585212842
15  21 1725101986
14  5 1549989879
1  21 558395111
22  9 1757831503
11  2 1579022827
14  30 1600781851
6  5 553604079
38  12 489294887
7  27 2008174908
8  31 1094590272
20  34 558690400
7  31 1438626045
11  38 1119942711
36  20 530645521
5  12 925623578
6  13 20862250
3  11 1258067949
26  2 1132482600
4  37 492649181
18  37 1182409913
24  5 1837756301
39  15 552279019
37  31 1070695714
3  8 1633127872
26  13 1137888672
36  38 1299677350
27  10 1885392292
31  37 1968606057
11  35 1458434129
25  6 204877915
23  3 886601429
8  35 333021047
10  16 1600068185
37  23 562001785
28  33 325930200
25  36 705249988
17  3 1181533940
1  19 44737651
31  12 1253515286
3  19 1218791832
19  31 1642798896
19  18 207574838
26  10 1742602809
19  21 765308544
13  35 363892834
0  33 1619509548
0  6 206639709
11  19 145038285
35  4 1522732462
14  7 499632322
25  2 1721389144
17  28 411705040
1  9 1690733112
2  27 1557541330
38  7 42483228
30  11 1010751473
7  28 1659952677
5  25 1689664611
19  31 51106848
34  30 1763687666
34  38 1193412604
36  26 1663989466
38  37 1700880815
20  8 1953655572
8  33 437312902
27  36 916777703
16  19 814871171
32  28 194527962
3  7 1594962361
25  24 1737267192
9  31 2052184186
22  10 572722534
31  9 539400608
39  21 898378672
21  25 579031754
6  4 844928994
24  14 432527311
3  2 181350529
11  38 45903527
12  4 705592281
29  27 2129561152
35  29 471409575
26  23 664656422
35  22 1589943528
23  29 2057384939
3  11 59148899
7  27 1550881426
8  15 497649828
39  10 747244575
37  8 562872144
27  3 1424590275
0  3 464412128
13  31 1254399251
16  27 1272088190
18  31 1559864677
27  17 566702208
6  36 1503171903
28  3 1745267857
34  33 1646403449
0  26 1020533914
37  0 1753381015
12  9 1638675777
25  22 1526773915
10  20 556568836
19  35 1758319416
3  22 1996306653
13  7 721965835
5  22 1188824453
2  39 327523743
27  30 200606918
10  30 1589921729
36  9 908457841
4  20 883465334
22  11 1355007827
0  36 571647939
1  0 1154413691
0  30 377176608
23  29 696332563
19  34 460120417
32  4 2083106206
22  19 1592633038
19  16 1853941244
39  0 1731594856
26  24 1795514611
17  31 410532188
2  20 1917913684
38  30 1044204037
27  18 843121553
3  29 660393591
23  17 1226323354
24  15 1143322052
12  37 1660580518
0  28 297867730
22  26 1580171175
35  21 2130672326
3  34 1384738025
6  10 1694786319
14  8 1873007784
16  20 874431468
13  36 1322666627
38  22 355995340
9  13 1674839061
16  19 441742824
16  10 1091877589
5  29 608612579
33  32 857267361
38  23 97220492
10  23 880355018
38  8 428548357
3  19 2087923792
16  0 1112264608
3  33 1528661863
4  26 70565266
38  36 881375787
15  12 1133145972
11  13 1460262064
16  22 353835127
7  36 1923868982
31  39 1798399991
34  32 1391622078
15  24 1102412172
38  23 578741740
15  16 955150044
37  22 1169598625
29  10 971580433
37  21 99514650
12  35 1391696947
16  31 2029257378
6  32 19560431
24  6 578064576
7  3 169050666
20  39 836089500
21  3 1910875422
36  9 960562133
38  20 2109295529
28  9 1559610341
11  10 955558401
15  19 670335293
33  6 1418794741
34  10 381026961
39  15 422270898
16  34 1513936425
5  13 388925014
33  35 1942714184
18  26 1584734464
21  5 642423484
39  12 2142580440
11  0 1759026173
34  4 541939996
39  6 500982439
35  26 1911636151
6  15 679339468
36  37 1487492430
8  13 202875571
14  18 1439370112
37  28 866600069
36  23 1425905294
35  20 1617788245
39  27 2137360431
17  14 7252241
17  36 687192454
38  8 2011036840
38  31 1287465789
22  9 291772353
32  9 271435823
30  18 1480658982
28  37 1087859294
17  16 1224311555
39  17 1729216663
37  35 1154025586
37  30 1776758307
1  18 1052481499
35  32 1934746164
3  20 359291502
27  35 1723109423
24  34 1776170547
8  22 414621077
2  31 1987925901
18  38 1695949386
32  8 1877248588
36  32 2044101637
6  8 612592570
14  22 1757903216
26  30 989517540
29  15 2105223590
12  3 262744962
8  7 437021658
19  29 394094077
14  6 108844515
