800 40 4 38
25  35 4357546
11  37 1251443692
5  11 1662047678
36  26 426978960
36  3 631324045
10  12 1168152513
20  2 1217440598
11  35 367884791
25  0 1724135172
16  19 1816583169
33  18 51636089
10  13 118596101
27  7 512513287
2  9 127357941
26  32 395169685
13  10 1016943206
36  21 1359433873
1  27 1040347908
26  31 970358748
30  13 1327211625
38  9 1802126802
39  15 1514717710
1  25 1362212199
30  18 521176854
24  27 44745881
2  7 1291738913
33  8 920312012
8  15 1106104536
35  37 49844250
9  36 794931992
19  29 1410031790
5  14 328845233
13  34 1112555320
6  17 1498310508
27  39 1527606943
39  38 586497947
17  5 1267161401
15  23 254816185
15  20 879848108
33  17 305284990
14  38 1747292336
4  1 1514160281
29  5 84350995
37  34 1789864678
11  2 655008468
11  21 1038421240
20  14 485100790
0  13 1227768069
39  11 1806002601
5  6 35414882
12  31 290301154
26  30 144762347
10  19 710223231
7  0 1342960801
31  4 1319975992
2  16 507049156
3  14 745619560
35  5 136913211
16  1 1339565081
33  27 735697411
3  19 1119304689
13  3 841896639
35  25 1219949595
7  33 664802286
4  20 624849078
0  10 2003895990
30  28 1568632163
38  25 1108998452
19  21 955392288
9  20 312340710
13  29 274195390
2  16 599884431
23  1 1040251851
25  39 113225094
11  36 1548611830
4  21 809793688
38  22 1381995186
7  38 1458944542
37  14 1899660312
11  37 2070378433
23  38 1089461844
35  3 638120467
5  38 1415397926
37  24 1720627629
4  37 128633795
13  36 1024844698
38  24 572634338
15  12 1931616909
11  21 1157969615
18  20 1106610870
16  7 1624664978
14  23 1023853582
25  20 594666892
15  24 1394734149
35  23 1699401058
37  11 831660148
11  3 874676640
2  39 774189079
29  37 799823122
7  8 1986051123
10  6 1577732717
36  31 1771522373
1  35 834783987
17  18 1574355215
12  19 699458361
28  19 1673028145
19  23 697791432
39  34 854997046
5  31 2108145276
1  3 436208132
18  33 365830321
19  24 423332496
5  21 1135632596
39  18 2042521362
15  1 465616982
24  26 2129485919
26  12 2132746645
26  34 181792649
32  6 1756380487
38  8 131136280
6  28 901333948
1  26 1725676920
31  11 2117261702
30  23 1627419113
17  2 1188696004
17  18 1273999414
11  33 337520883
27  13 783015931
12  16 940494049
8  7 1555490004
0  7 1340972092
10  16 2045562914
5  10 272786721
29  5 1217247892
5  37 588905304
38  5 468629392
5  20 1643227349
31  32 1599762948
10  9 84177057
33  3 1898442386
19  30 410089009
7  17 1196655413
29  21 1060287906
18  4 1339577249
32  17 232039222
27  0 1185883004
29  36 305654354
31  23 416393080
21  23 13438899
0  29 120266170
33  2 1892309990
20  26 275239686
12  1 378521158
20  17 1169231188
37  1 482864259
2  19 991621584
26  18 2137317309
12  2 1110451756
0  16 1671738340
19  33 415228256
2  23 1949116032
22  33 140152004
13  38 197556338
39  4 1052992111
8  27 236596407
16  28 1965994109
39  13 190244964
39  22 1745150201
16  32 680644548
2  30 2063863410
15  11 2051694536
19  21 1473343253
19  5 587404727
25  18 1245423996
6  10 1599880071
22  17 3955028
13  25 1088267846
23  37 2065583841
30  0 1880337203
39  4 617248669
23  15 960321392
14  37 1259669105
28  3 1472259040
3  31 1374290587
25  39 60139106
39  34 686317823
16  3 1851930548
8  7 1036107348
32  38 350329908
27  32 512462439
22  9 1844875153
5  37 1192792417
27  14 933812948
7  11 1968484259
0  22 971985675
23  5 1797292901
31  11 1534055953
24  34 227769203
1  7 1231824233
39  10 1526372778
35  6 1362529978
11  36 716860779
39  10 2124800757
21  14 1294052166
20  18 1580880426
35  2 1480551472
34  25 1360605547
38  39 666256702
35  31 666411492
21  38 325767505
5  38 1865609061
23  37 1473023060
8  23 1407806354
34  28 2032573774
2  26 1738150010
30  7 1140037557
10  29 418184232
34  38 1288709796
27  11 1254532972
20  22 530570328
39  7 804923989
20  17 659207406
28  2 415231350
33  13 1146242322
28  12 1218099371
31  21 1918427380
17  35 1368844188
31  38 2031297693
27  12 1418312678
21  16 1601655003
12  39 359681980
20  39 643066648
2  11 1212869336
3  37 736156476
15  35 15167001
31  8 1556101244
15  14 1247442069
32  8 1325090077
11  10 40442401
21  19 1200460467
36  17 400907315
31  10 362201474
28  31 499104267
3  22 2115206242
0  23 1897382581
5  23 598473740
29  14 1242751065
38  17 638625513
38  7 1539786177
34  37 191114083
20  1 367550576
14  28 187990664
2  33 1214356746
16  2 209740525
3  15 1081010319
5  17 644361543
28  8 2075125126
15  27 735196207
23  25 118861506
26  12 1900881577
25  3 833749104
31  3 1490593146
37  26 790804798
19  23 1171633847
13  36 598562943
38  10 504530640
20  32 1400008689
23  24 481823168
0  16 684864625
12  9 426996892
25  27 1653621714
13  37 305650869
27  31 1146422729
30  34 379714974
8  9 1727289544
12  32 1853867460
33  27 1890507959
1  7 838606509
5  34 555202107
17  34 1667806788
15  5 1246982907
24  26 180244551
18  27 258614827
2  1 247879598
29  5 2110205223
33  19 547183922
5  8 496788349
23  16 532054855
13  15 1411808470
1  0 1238556318
10  13 1683305380
10  33 1412321584
20  13 1376138547
9  1 1008202311
9  23 1406196782
31  9 1542331816
20  8 1370825368
38  22 1021905063
10  38 83355267
20  5 1320504213
25  0 2056674457
6  2 768554109
33  4 1388908635
38  17 601592401
39  28 49495971
15  16 412419570
27  2 457745040
4  20 1227892853
35  4 2029641331
35  10 1215006682
11  23 1386454193
0  10 177996935
29  39 1039448009
20  25 1947698696
6  18 1578141028
39  28 594544402
16  2 1029455838
29  37 840190659
38  32 2044650419
21  35 1043732580
23  22 1418864579
10  28 274144471
32  12 1075551404
35  13 290714009
26  5 1487613570
27  5 2012611487
17  1 1817334445
25  33 1223536745
13  29 1934837055
17  10 1137799892
31  37 1915300801
18  15 188206234
36  24 1724577412
11  6 9509307
17  21 1558922780
36  15 213066075
11  35 1439016350
9  6 1300217146
4  28 718943294
14  31 1619222843
35  13 1010911675
11  3 484343350
9  25 1840424602
7  9 1215588027
36  20 430505422
22  11 1217420008
33  2 1909483055
31  13 325681869
27  7 970176058
25  21 537850489
2  9 697337116
17  7 866012383
4  34 166005840
30  39 1664668307
9  35 1407670028
37  7 777357017
12  20 276031806
14  11 1645281856
24  37 313212067
26  38 1830835140
19  3 782259617
26  23 807241595
29  19 1395897591
29  19 1048572724
37  9 1262484780
20  23 256312800
13  21 782581267
39  35 1349747195
36  39 1553566019
6  37 355032258
15  8 1843446400
1  9 1981507060
32  30 1884387988
22  20 576807878
23  31 1076862594
20  13 2117879734
28  31 1509081592
9  39 884115224
35  21 864131433
6  21 36639085
25  20 671540215
1  13 1135699396
19  7 971224163
24  18 860077124
30  34 1769699514
7  8 746955676
18  4 1812145580
16  29 1894735433
6  34 334188736
17  28 1397855189
4  10 2021434289
16  33 56398165
17  15 324457176
22  36 1421363389
36  37 1257044854
4  3 550380054
13  23 1165169608
27  39 551121062
14  36 1951124960
37  12 2080341073
16  26 1917545863
8  18 1377441387
14  25 911658776
8  23 442654866
10  14 1794341971
9  12 1557274860
20  29 1448345728
2  32 2049751168
34  25 1544561167
8  27 469640926
32  14 1084047427
12  22 1650195005
37  15 1897496873
36  24 302503079
19  39 318564670
26  22 1653387322
20  36 1869550977
39  14 1836010520
32  0 2134174678
10  39 1346164179
6  29 826778421
25  17 1454476049
16  9 1205870765
34  3 2098594409
16  14 418234295
6  19 464809609
10  9 876100707
35  11 831073680
8  28 1915421628
35  22 518609588
26  1 145036182
24  33 1867034725
34  18 1520252121
36  26 985963557
32  1 1724221472
37  29 2145607420
34  35 259822229
35  33 613408739
33  39 1931567228
26  32 795086835
1  7 1852273773
23  5 421251444
13  23 6130747
16  28 1169464406
27  7 1661077683
25  30 2068678421
11  6 1753418614
14  10 564647541
15  32 1831761412
22  38 2137077024
31  20 1569772283
19  20 1801907714
39  10 2028463503
28  32 1894536528
7  23 1515385668
22  2 954991022
36  13 126762297
0  31 1383348760
34  36 768151659
1  4 1578723754
35  21 1735557582
7  9 639936834
0  8 2144556010
4  1 1087274523
23  2 710569361
7  12 754768726
5  24 2111133926
24  28 872430415
15  14 1647532604
2  38 486660805
4  27 1129827869
38  8 153837268
2  33 548504503
33  6 295757080
32  13 1915543283
16  19 983523265
22  12 536339746
38  14 2044140901
22  6 311521245
0  35 358651975
25  3 1386952444
11  5 2121884853
20  36 1784209646
10  11 709761993
30  37 2066131832
2  17 880938663
19  29 775638305
31  19 1412216936
5  0 53107248
33  21 2094399811
21  24 1364823913
36  16 1310941149
4  15 1392017084
8  9 575446485
26  15 2141400984
29  4 1717471795
11  24 1563690017
13  20 443352457
11  29 456056946
0  38 102516272
23  31 685744467
29  6 1575764107
33  13 1057642066
6  12 1098888699
38  33 383298899
6  23 933751118
4  13 1656013393
30  6 293100148
24  25 934110076
2  30 14397987
24  8 722541888
11  3 439319769
1  22 1429978681
36  3 2031808750
9  6 45123682
14  13 1248148528
33  25 1227150654
6  15 687041105
30  29 985004381
5  20 26659912
28  10 1033842148
29  31 266433003
21  17 1518203249
21  6 1478914826
5  22 697648527
17  30 477353075
20  6 197575462
13  3 622368866
23  37 1858589087
4  18 1204034777
37  12 655613983
35  25 2090001540
15  25 1902818034
35  2 1121731036
23  34 1120216448
6  24 895817362
4  1 1383892624
18  37 174090770
38  0 445823957
15  13 317454228
16  28 797593702
24  30 98151598
29  20 1052691188
39  26 24064740
21  19 6178580
28  26 703514866
6  15 1817534878
37  13 1353382805
15  13 1644004053
16  6 1562407775
14  28 644414710
37  25 425030728
36  12 1711844228
4  3 1028698989
12  26 1947430399
31  15 1786239163
27  19 84542182
25  23 1542197186
9  32 1782920353
36  18 1609519260
32  4 2078149075
24  13 1303965839
39  33 246638413
18  5 1205946929
27  21 4643605
19  7 1403795456
29  34 1580717834
36  33 1304726801
7  34 906378189
10  34 980106012
13  28 1170673470
2  29 1996209898
12  14 1372212333
29  26 856202490
5  2 1736435393
20  15 2122057820
38  11 1704482545
5  21 1343708195
19  35 377777339
13  12 1728587857
20  7 622294859
27  15 1478186072
8  33 2046985437
27  19 690936958
1  39 1023346028
31  33 891749988
37  2 1050736770
30  36 114431397
1  0 2048464231
17  7 1406217694
19  12 1730338429
26  8 733911729
1  21 1858463072
32  7 2006489164
33  35 1333107971
9  33 1615771050
12  2 512953411
36  29 1435507161
19  29 1512243028
27  10 1763010929
26  22 1503938753
1  26 945277328
19  12 536756222
14  11 359821973
5  32 1735030462
0  35 1657723804
25  16 2100393872
17  14 1713139808
3  7 990703082
7  2 541563307
27  37 1681647418
14  33 360543837
0  35 391541109
30  19 1746447936
1  36 1410121098
23  1 544308765
0  25 1491839292
12  13 799804286
39  9 1318342241
13  18 1063533545
32  16 877631990
1  32 1134345572
8  16 196535478
15  29 307176555
26  22 55088722
12  7 1456463600
38  28 215479540
18  10 20397206
11  29 1614093162
25  36 1889836853
33  8 1274368080
24  38 1767805791
28  23 215099745
23  16 824180099
14  5 1959040697
27  10 616147660
5  18 1441529963
20  15 1912046663
27  28 1087341477
4  30 552004532
32  34 205771373
36  32 1359715516
18  31 1837459569
21  17 247979041
26  25 1267410609
23  31 1752620506
17  39 1427378298
14  4 635673114
22  16 1124713278
31  12 490020707
31  13 1549786579
38  35 152866741
16  24 139330854
27  13 1696508193
26  38 332601684
27  12 1010741086
2  36 777093164
15  36 348821905
21  8 107403139
24  35 831496356
5  7 1514392874
25  34 1482245532
26  23 1367992653
12  21 256489075
34  2 832535653
26  2 1711420641
0  35 914258512
18  27 1746510536
8  35 682588123
22  16 1006569766
25  3 111823333
13  30 2114827836
31  21 1768809705
34  26 586880176
39  32 1055205706
28  22 857283727
37  12 2144959581
12  34 1158650694
12  22 847525899
30  17 1990006970
36  19 1363969254
3  21 1826188539
23  14 334324090
11  31 1276802648
7  35 1478389968
34  5 930626458
15  13 122973361
6  23 86039097
34  17 979950878
4  19 407920950
38  0 612716090
15  24 1555959565
18  37 83839346
30  9 1277946973
12  21 2097017494
28  25 1494267024
2  33 1707511227
8  19 1840238955
24  4 534306818
28  16 1100337475
4  37 2111769086
31  8 1304878869
22  11 1527650758
12  1 265241185
33  7 509166895
23  39 1773687930
8  28 886631018
14  21 501155899
2  14 1951328427
28  25 845047152
18  25 538107766
7  23 946474689
24  23 1242363383
14  25 211173991
3  5 1354651564
3  36 1314676886
16  20 1192133929
34  7 668960287
34  1 606656283
38  15 277029233
12  21 569240560
39  17 1957310771
22  8 1268164317
7  24 1180908762
29  30 767040920
13  31 542236982
33  3 818249001
35  20 891307752
25  31 1025551185
35  14 518406835
33  8 1196912631
39  5 449746395
38  20 791933995
25  29 1286195658
6  4 103723732
24  1 891237064
6  10 2013601365
9  11 82907709
25  26 1119299584
6  20 466815077
20  32 2028869469
25  36 517440871
28  17 2040816610
39  13 1137601890
12  22 1117037483
27  34 595873414
14  28 1402381342
25  19 1738351386
32  13 736850520
35  11 737806561
21  35 1343726473
29  28 1400133521
17  32 1795457469
7  6 1494725608
18  0 1889665646
16  31 48890709
12  0 479274263
16  10 1855331035
19  16 592003677
25  7 1515966120
29  6 935251825
30  17 516421440
18  25 492508867
5  37 1706107808
28  2 1192613302
9  22 785439828
0  3 268337375
19  23 644210423
2  30 1903334263
17  21 165771166
3  39 1513531774
28  31 17938310
1  27 371431463
33  24 74225688
7  10 480531287
20  3 991429699
13  35 1945101856
26  0 22630660
18  19 1240935035
28  31 1679611452
30  39 2023872079
10  4 1331439263
25  29 1088815681
31  38 886176619
13  20 1722710308
6  36 1523297251
9  15 573259336
34  6 966093291
35  12 873432769
39  2 837762229
3  11 1063603654
31  30 1950533186
26  25 256061804
26  1 1480338203
22  2 1477823711
12  32 53993701
8  27 1042690597
5  13 529250906
31  18 348352516
29  37 1642878551
