800 40 13 23
0  20 1265991572
31  26 1234774095
19  34 1262434323
27  36 639170807
36  16 278913161
26  24 2080928380
27  37 490057921
25  24 1583049475
29  37 1170472173
18  31 1974000753
38  7 636525179
0  31 2067796981
20  17 508705637
6  14 1704384558
34  5 1532561660
11  19 2031852091
39  31 1355234816
3  20 1870789740
39  38 519730797
28  12 1344435105
8  17 991276696
12  13 472048087
32  38 827223740
27  15 1563500148
17  13 37327770
10  12 244216049
18  11 183452866
9  20 215092689
29  11 510428732
36  32 30951728
15  1 1789975282
25  35 585134070
37  12 1325165776
1  3 1699063815
8  2 588087254
12  3 1457828724
28  19 1619246727
30  6 929916589
18  4 1050582536
1  28 1768840202
38  7 1443871527
21  9 1914955307
11  31 761179080
39  14 639259667
1  10 1014976095
33  15 109190635
26  11 917466796
27  36 305141844
39  20 1588839201
38  10 1220637581
29  3 1301753054
12  13 2062138827
39  6 1312249361
29  36 1080699985
1  13 461728035
18  35 858820666
23  27 957238509
10  1 1317716863
39  20 169324056
18  30 277957322
15  7 1194048203
17  11 688613778
25  4 1031785017
29  36 728367964
16  39 1030698975
25  2 1456493318
33  4 1390573305
11  1 1135659963
8  19 897604140
39  3 1057581403
22  27 430388066
3  13 383727483
38  35 1643972049
22  35 1791082907
4  30 1784946680
17  32 781843882
35  17 1357799578
11  10 471626266
11  10 1464663095
24  22 876611823
4  38 35835980
25  3 946219677
10  17 1683923740
25  26 377867222
20  38 1242638904
30  22 1408905133
17  19 1365355075
7  21 2132658555
7  17 2106836147
38  17 457704947
20  31 607221378
16  12 702660185
36  1 456404213
24  4 984896861
38  30 1600290254
11  13 1673219134
3  2 1624839932
22  34 806400113
12  18 99675492
25  3 335323273
23  4 801433034
12  36 1579101994
18  16 103480974
7  39 1406580509
20  28 1985920048
7  8 1944445145
12  21 146756503
23  11 280911526
12  2 709801569
33  35 928016143
27  19 155336333
1  16 912644812
36  18 1771262326
1  10 1491474278
35  33 426325193
37  6 805603751
18  13 828405482
23  17 916270706
15  29 338006193
4  29 685627114
6  19 887909825
26  15 2065972104
2  31 439472734
5  31 2030428691
26  34 1124052228
22  16 188648326
14  9 1627304392
29  26 1478855069
25  10 2088703453
14  31 1409943392
18  33 522539032
25  29 547735135
9  11 608482968
27  22 624873742
38  20 2048923008
2  39 2136079939
17  24 2021229265
22  39 1402074184
11  29 1816189681
32  27 239256046
4  20 289107734
19  2 986942240
30  4 172995973
9  8 1877730986
28  11 1119411218
27  29 983040191
23  31 948531878
36  13 607972780
7  18 713345276
34  21 399737060
17  13 499477352
3  11 1875822600
20  13 1342516183
14  2 779434199
13  3 564270156
13  6 499784296
4  21 1544026161
20  23 856423880
4  6 1124884212
29  6 845600497
35  27 619853846
34  32 386851235
28  22 976700473
37  39 1654069919
20  0 92283461
10  21 1274222002
26  29 1000379650
37  12 1461985626
31  21 545841404
23  11 517435262
30  32 1277649494
12  37 327569995
29  26 1953136574
11  16 1144745566
23  17 762199529
9  23 1670379355
34  39 115606574
7  32 1938493017
22  26 2139277185
3  2 392577064
3  31 1838332097
39  19 347161177
9  0 438830350
27  20 1761433920
8  0 1014513125
11  32 1047384365
38  17 1238136325
28  5 939617050
36  28 124825219
36  1 282041890
24  29 1829299863
2  22 2043797136
16  0 197240510
10  27 1944189663
6  37 687229387
26  10 992638613
38  23 1353498620
6  2 1788019208
4  38 1244419531
26  8 657307898
27  7 385724293
13  21 329260493
24  18 1821088030
31  5 1136460614
30  13 1876697988
35  34 1406332791
13  10 207432036
8  39 1322143141
28  21 1723672979
10  30 1933145005
26  18 962873672
22  39 138689073
32  15 1160865761
4  28 1809134918
5  1 2039944826
30  1 487272821
14  22 455759642
38  32 886871134
19  17 448447767
36  34 1812919378
1  2 922689654
29  2 1026388601
19  15 2009931601
13  23 457515184
5  3 1708577359
36  2 868513628
5  12 265465017
16  26 1014049527
29  15 1298819713
36  32 1746743931
32  2 1856932497
18  12 186910225
18  30 292634993
18  26 789952977
26  2 1844779570
28  18 460966783
18  17 2139339539
17  5 1115841397
28  34 1700792398
30  14 1007713115
39  6 868768488
19  33 1496942726
21  4 151374837
36  2 1149687926
21  11 1235176479
37  3 859892748
33  37 1749970682
30  4 423449641
7  23 1636922393
1  25 2097742343
20  38 1423675954
6  30 289146445
26  4 1399409564
3  23 936472187
8  13 1108759990
15  8 904821967
37  31 1671233722
19  7 209331923
5  13 1726529623
27  12 687523383
30  39 10455498
9  29 1969748654
18  29 719423477
0  30 267716873
3  23 1453795240
5  24 16913710
29  19 642529378
22  13 407444286
15  37 1124735446
12  20 1097004854
19  24 172679401
19  9 959302504
37  30 423207832
20  13 875675904
33  30 481412860
0  10 899845621
16  0 455413105
38  9 2073484772
36  28 83854240
20  26 441794184
25  32 1459581191
33  27 1401918061
27  16 1294327957
29  32 472732174
13  27 172282071
7  39 1044551522
33  3 970534632
6  23 584767672
7  23 262909044
1  30 1514266274
0  29 1431946123
35  3 1790847310
26  32 214726647
23  25 1817975515
25  33 1655596322
36  5 1671457291
35  4 736936483
28  2 1175886005
3  14 262052923
1  8 1386326998
8  32 476459554
32  29 2102473613
19  32 1664611707
1  29 1556797179
26  19 415744764
24  11 2048338332
8  27 1236301669
13  12 1057772576
16  7 1863842694
19  14 342413444
19  10 842876277
17  39 1050409195
35  36 275029715
32  20 1512618416
35  33 1254766762
27  29 928938763
1  12 2098638315
21  8 1787657499
16  35 225844178
12  28 1598361669
18  30 1956442380
13  30 382095118
8  27 1560174836
13  0 257550989
36  2 686321485
1  19 1850335037
18  31 258726828
18  28 181143174
17  9 1927497489
25  16 1351034244
16  30 1816544406
22  1 1500358985
29  3 485742460
8  22 2115473131
10  22 1137513955
24  1 534928825
37  28 1411051977
18  2 389072269
2  19 1014831827
4  27 901118571
3  30 1981028302
20  33 885144246
36  24 909201892
16  17 122859444
1  14 392071842
22  28 1984839390
34  30 1312004212
20  13 1595451338
24  10 1525501885
5  9 1559426978
18  28 809537788
11  25 849372425
37  26 876344353
7  32 2118457676
15  30 2105485554
25  12 1744846731
31  22 1246932665
22  0 1833663556
34  21 732418674
26  24 1861711542
27  35 1392093082
25  16 536819167
36  5 1119606119
14  5 1636795
4  36 1155366459
17  38 2085344237
22  8 1857740496
4  7 1051916355
13  31 1132663354
22  8 1168456115
4  29 545936651
5  21 578012961
38  2 27519828
10  4 873075605
5  38 2139981696
37  39 1302174960
0  12 640985671
8  35 551584638
11  0 160185699
38  6 14335589
20  28 2063514984
10  21 1249579600
8  2 2116732316
1  14 1734217374
3  32 366932787
21  18 1722496505
7  1 1109584950
3  24 58883548
32  22 1943528664
10  20 761534763
3  30 2054418775
2  5 69779147
25  6 1363981352
1  6 1448756472
19  16 151592365
29  39 1235591186
34  35 996276043
17  1 264309828
32  17 273498500
7  1 601718716
28  23 19620481
25  2 419511214
16  20 719871078
9  26 1038611920
4  5 2025084700
39  19 1888827371
32  14 1148699899
21  6 1153630419
31  6 1112223281
29  22 584948931
39  16 1578551019
39  23 1004860521
33  1 217151048
39  26 2109401029
18  30 795075055
8  21 631462470
11  6 555701817
31  28 809116898
0  39 2118624177
37  28 1596935679
30  28 1219078168
28  3 1544642495
33  4 494210103
4  24 975362531
15  10 1745725435
20  16 1754056929
5  15 1884338521
12  11 1628666243
26  1 2136645543
21  31 693329098
24  33 977726131
13  29 557568978
22  13 61011934
29  3 226236864
0  29 2088393390
6  22 564083566
17  35 1362197500
18  32 1963484993
33  15 374880588
35  9 1945820955
20  26 617365891
11  14 1580812969
30  9 416719951
33  16 1697111337
18  25 1215119353
30  37 290247810
16  17 512500207
20  31 1764590491
39  34 1264298630
38  39 90667477
14  2 250791687
39  4 180552161
11  10 463647174
24  25 1310144071
4  7 1645808081
22  19 1092500586
7  24 83105932
10  30 777577201
15  39 127081014
34  22 237683583
38  32 2097855940
12  10 1336105559
34  38 1156661112
19  17 1285508720
18  28 221502501
27  5 1769564862
19  28 282411251
38  37 2002456817
11  15 1544850681
15  30 474109156
10  38 1157594898
24  4 292709935
37  21 924727692
32  10 131965827
20  0 1325533015
17  34 1477270703
6  28 1765232035
37  16 1272838889
25  12 1730127150
28  2 637670600
8  20 1915880157
10  16 931328551
33  31 1130582557
14  0 1932361989
34  16 533403195
12  18 468147337
20  32 145985489
26  18 2050381539
37  7 179551062
32  21 1227167128
21  24 2120568991
5  32 729228989
11  18 1960700127
17  32 920918208
38  36 1164021262
29  23 1774486794
28  0 1967829524
8  5 43978373
18  27 1767140316
18  22 1251289751
22  20 509283013
8  9 568959358
15  26 325388129
35  34 1564354286
1  26 550752774
4  39 1957726695
14  17 1731603297
11  21 510365950
3  6 1481765870
3  22 1614091622
22  5 1682663554
13  31 1986676635
37  21 1623582649
25  7 930003257
6  3 407898180
17  13 836570244
5  29 1979801578
15  39 69454223
39  27 869940233
0  12 965073722
2  7 974565811
29  38 129015530
28  22 558880699
10  20 1625518008
30  4 1262508558
11  14 144931311
3  18 1154820088
24  11 1238048644
10  39 412479698
24  39 1812448824
32  9 948408858
20  8 1587132574
21  11 1098064809
32  0 187292350
33  37 891622559
30  16 1931138307
35  3 516475808
22  28 924575201
25  11 580715472
26  18 230877016
29  28 1286595306
7  15 57702121
26  5 1502610674
12  23 850583583
37  35 1755241992
28  12 54504739
23  38 1445185089
26  36 1726711771
1  4 1766806106
37  21 1560068634
3  17 2141879775
14  12 663587309
25  26 1175784629
27  12 1702520639
19  12 2046411889
4  12 1429921143
10  34 719289129
25  37 278097199
5  28 1499798278
25  38 1038429394
36  3 1183228461
33  9 1283260622
20  19 1107055809
7  35 656732587
1  14 1610908800
32  31 566853217
38  20 1095155689
17  7 225010149
29  18 1604948289
15  22 42286106
22  11 1768294187
23  5 1512746568
13  30 1987646867
7  33 110892384
0  1 1459702667
7  11 1199032194
36  39 1590503894
2  16 136586473
37  23 1023006573
16  38 786685920
34  39 1130088100
39  9 778386549
37  36 1981475970
9  29 131759173
14  36 506098744
39  33 1547267898
10  27 1313071571
5  37 1331499005
37  26 679625346
8  32 1204452733
34  29 1567337910
34  32 1146163831
11  3 605569591
20  28 658913343
8  27 161374653
21  12 147752247
20  25 2020130642
8  17 1670221134
35  31 1745339059
16  18 1684713649
37  4 1219745263
23  11 438818944
36  1 2135498928
24  38 1908263507
18  35 1286730488
34  5 2135116483
3  13 1253092302
15  3 835350606
7  3 108119445
29  39 969385252
29  4 640839626
27  37 1195591067
35  28 1290025887
39  4 1174153848
31  5 855657774
1  31 320796092
9  13 1741095608
21  14 1673640042
3  9 1255184504
25  31 2029238023
30  0 1230452029
24  17 1206041349
28  18 1209338043
36  39 1625116439
20  13 1748104486
16  26 1334222426
28  17 699581415
38  0 83078910
39  20 942889155
15  16 901116056
29  33 1208982211
26  17 2142854311
21  28 1687494053
18  32 1055115622
19  38 1372714284
4  1 1554691075
5  25 898850089
17  9 219850583
1  10 723250549
23  12 960958593
14  32 1724423297
2  17 1505012556
21  12 1323500281
32  3 108262256
36  9 215706257
23  36 23365089
16  8 273535180
25  10 656819736
9  15 2012090061
28  10 1000208003
21  26 1747045207
18  6 9086103
16  2 2094123064
7  1 2072806448
0  27 1762189893
14  13 117361932
7  0 1531460384
11  2 1768774456
8  6 161912579
4  12 631295616
26  24 1463230868
19  0 2113083961
16  27 549196656
13  16 416842162
17  5 404656743
26  14 1660136436
0  7 68694581
15  13 523794091
24  39 1312762004
8  12 1926683858
30  16 872033346
14  22 2078022778
20  11 574445118
22  26 1826713370
30  18 1885941407
29  21 2099657108
9  35 847900184
20  3 1854645649
27  22 254356516
12  34 1691926361
19  12 108083664
16  26 462807192
39  27 1508850912
15  21 1169574293
15  29 1845804565
37  12 1759087198
33  29 1183123586
10  12 1321732062
28  7 489187404
22  16 1692158277
12  24 1702312482
36  18 1699117679
11  35 19325826
24  22 2052172393
38  0 2143356715
36  24 90474694
21  34 1784549064
16  38 609035905
37  7 178757894
37  36 149345121
27  7 763297106
21  34 1243365097
23  25 201748648
19  5 1101255707
5  3 1824127848
1  17 1909996488
0  22 2055985989
0  38 2041403036
3  31 1701807095
7  29 2048629949
22  0 577425547
15  1 187292554
2  34 1304982409
13  20 232694115
3  38 984835584
12  30 921125445
27  21 1619825920
29  28 1538539875
7  14 1826038975
34  4 734979700
11  27 1087855563
34  9 112285767
13  14 131035818
35  26 1105222216
36  8 1531887567
30  33 1597423309
18  23 2016342032
32  11 1367368429
15  19 1058638457
26  6 588189298
17  32 436663466
38  0 1102090191
39  4 1228901917
13  17 436418109
5  0 1418179925
18  27 356049958
10  7 1772580520
18  15 1692639526
24  3 720073464
5  30 341883260
20  21 1262852061
7  30 552355188
12  30 936482688
12  0 880542528
19  6 45021360
0  28 1054436904
39  33 1030057533
39  2 314804624
7  9 107079747
29  18 1404833093
8  38 384650314
8  16 1010596257
35  14 750780748
38  16 1873827236
21  17 1129983120
15  39 1718242509
24  9 1579635058
0  12 1259062860
8  2 2137024163
36  17 560938547
4  39 299112592
36  13 1894728715
33  21 1338280481
39  35 230989818
39  2 335282453
13  30 712762096
6  18 372934696
38  16 1105991055
24  35 1390247528
15  29 163086671
18  36 48600705
5  0 267702954
27  11 1535438371
27  19 1454593437
10  11 192377121
27  17 517741377
16  9 1989800494
37  9 886758409
24  33 1078846389
16  29 1088134932
16  14 888222315
36  27 1238543155
2  27 1812266992
0  21 1380955910
31  1 2109038631
32  4 1676328340
24  7 370402924
33  2 1910987691
39  18 2015580560
6  32 993536634
30  21 465425227
32  16 129242240
22  27 11035184
39  20 1608680009
16  15 1630441592
26  16 517011192
35  0 1621987939
0  11 1718285559
4  13 995688220
14  16 981543126
