800 40 26 2
35  6 271313709
19  23 1495345261
36  22 628601722
1  9 2053532121
31  21 720228090
25  3 643638404
19  38 2114320039
32  26 237000589
21  7 1845756653
35  39 1486944294
37  36 1021602612
5  9 285955468
1  12 993770313
37  17 1637119253
1  25 1864585198
15  13 772685217
15  19 1087664913
22  38 91192635
11  3 929250892
6  21 1077146947
29  16 532210616
6  36 320074315
30  1 1072726221
9  5 2040045461
26  8 523777318
13  38 1881804626
30  6 790756839
14  26 430518366
27  7 1559217918
12  35 1009414712
38  3 1121068999
9  31 429103262
2  22 936646874
4  24 228778655
8  22 1947328443
9  11 630850255
26  25 1909306000
32  16 1821894431
20  31 2076046543
30  24 941728931
17  18 445558826
4  20 1856280445
22  16 992164262
21  33 1612406367
38  27 1754435430
30  12 53125441
4  27 1279580500
1  3 1630794454
19  10 1932419456
27  29 2092370313
12  24 1922443462
37  31 943645026
7  34 618165146
30  19 737372480
1  3 738999592
5  15 860227377
19  31 2120483929
27  20 1040949141
31  23 1595388660
21  22 402001562
14  15 1406364168
36  20 732625083
21  10 75560444
5  13 1327750837
19  13 2032669284
5  32 1307176168
0  21 192925400
18  2 73364150
26  17 1364778360
21  35 1656074676
5  36 775264988
21  33 112483937
33  15 1368568954
28  32 1449543344
32  24 487537130
20  29 779586481
25  36 2001534975
34  37 1306476198
2  20 1261445107
4  31 1625817359
32  36 997491692
35  20 1221557605
15  37 1831520277
12  26 233435851
35  3 1271925347
4  19 1194910079
19  29 2108090255
23  18 1202596281
10  29 1712046503
19  25 1898317383
1  13 1635106273
21  27 638303400
11  7 1225533700
39  12 1949419364
34  13 1299739215
10  34 2061902768
34  30 114483762
39  12 743115362
7  6 1706628732
23  33 1620620306
31  34 1608647533
21  11 748785932
36  10 667172199
32  16 610896555
17  33 1733532866
16  31 1660822378
37  35 378071930
7  11 1466006062
9  29 1117166666
25  23 680588293
25  15 2118110619
36  28 2014521592
33  35 815698292
34  33 1650868852
28  5 1848849137
5  26 632226051
2  20 1759594560
1  10 1674089809
39  25 1419220419
15  2 500022581
20  13 981048488
20  28 750349525
18  24 1561669646
12  22 1050467628
33  26 1396632589
31  2 534036855
1  29 1027116984
11  26 1820175573
1  24 1075062615
7  13 1379544044
18  26 1715689794
30  38 299045140
11  15 824752911
10  6 114950766
13  18 920595799
9  24 644889576
31  23 812620479
25  3 736313042
36  2 2134572750
5  8 559948064
23  10 1434047049
3  34 1164357535
33  26 1428223759
4  7 759674096
33  31 228245521
0  33 1737735099
21  14 1626942319
26  31 1415659063
37  24 84594180
18  19 1665118974
2  17 896904107
3  39 774090780
13  15 2036696058
30  20 255377960
5  23 742584516
3  37 829754361
23  37 1979581701
19  18 1686730118
34  29 1551646262
33  28 196036826
1  12 852162621
21  18 1130547330
12  21 1173160422
1  33 2095825388
3  34 949843838
10  11 126876733
15  4 1423750140
12  38 582269430
12  3 1354371531
35  21 233141854
32  3 1958992453
22  31 1785668695
31  18 2113997244
20  13 1006779219
22  6 905718491
7  27 622180122
38  21 101070984
26  1 1750909001
26  34 372860368
13  30 484891820
19  27 1326115215
11  8 308481824
35  34 505519868
31  13 1900748013
6  3 961215865
2  18 1773792135
27  28 1116391776
34  6 69062872
30  25 612482367
17  1 769828611
7  6 1343887342
39  19 2145197092
33  34 1261159489
8  23 1084838231
4  29 1581506564
23  31 1205352748
21  29 1697327313
27  8 2121344577
9  7 2060499297
5  9 1514295815
21  33 1734611512
16  22 1954701077
9  23 1499055204
32  10 99079612
19  14 221598534
18  4 430751267
11  15 259285880
12  13 1406273517
29  21 943448526
37  25 1476880281
21  29 1031837819
19  14 1731825955
20  6 1285731003
24  3 121456276
23  7 1567783992
8  9 431138293
37  9 522451007
22  37 1394698799
12  34 642151358
18  8 62517332
14  1 1731708312
25  13 1926890613
0  32 315760872
39  27 327739967
37  1 684541006
12  2 1890233389
15  21 109309629
15  38 717905868
23  24 2074186843
4  29 157543701
25  19 1126611616
30  35 1907103411
16  23 513741166
35  3 411409675
3  5 498550166
36  19 680059314
4  2 2037891257
20  10 1781537816
15  14 1664223646
30  13 1661625648
37  22 2045542690
37  23 1195059340
16  10 1000305671
17  14 1271504247
36  4 254394017
0  39 1924716685
28  10 1091384867
37  32 1232383318
38  10 1751714544
34  24 152512371
0  5 1159182295
23  8 1243502507
32  17 1536276775
6  22 332661304
20  23 1815555538
31  8 102714081
36  30 109587000
19  8 1372549100
14  1 1280273257
22  26 1737811445
20  16 52436847
9  1 1330845977
31  8 893206700
10  2 2082582952
25  3 2046332541
0  35 1286055098
28  2 1460162948
14  4 285240768
17  28 629606357
7  3 743456385
3  28 669483313
0  13 2108947578
23  0 700923129
22  39 383597410
2  14 1484876494
3  2 1009226411
9  12 194748160
16  31 84226468
22  16 1532384612
37  4 1409093897
9  16 929218347
36  12 693513651
32  18 1531781244
23  10 1519468979
1  4 709290189
39  31 1790641512
26  19 1472379288
24  18 1178761012
19  25 1246210711
1  28 1096348679
19  4 275779632
22  27 980863758
36  15 1495112156
25  4 1282897766
32  39 1592205590
13  5 1766341443
30  15 535603002
25  18 406387092
36  29 1686059398
21  11 377701760
30  5 1962111363
5  9 474014261
38  14 1795156070
9  35 427311440
23  1 249470183
34  26 807333119
22  39 1134705732
26  37 1252023266
10  29 2124204988
6  33 1680095186
33  9 1263089852
31  4 1341733321
3  18 696225800
16  31 138141329
31  27 2045082208
35  16 1348032718
34  27 1219031130
35  9 1647326739
2  9 429092732
34  23 1563126532
34  24 486499307
0  39 1130644151
21  0 1651223385
21  19 1604770260
17  5 127145248
38  13 1747447019
34  21 989777958
26  22 1695042745
21  15 1876140102
20  13 1688524709
4  34 1038477950
37  18 2034586698
20  19 884039371
20  12 681606632
10  39 556678700
30  21 541154919
5  15 578110093
0  2 679593989
25  7 874503610
32  6 81791348
28  1 1449404038
37  4 1314402216
24  1 747202517
12  6 387550439
23  8 509000620
20  24 938242236
30  29 1134545714
21  14 2026542673
14  34 1279640094
8  23 663174031
1  9 461372810
17  11 1739185785
31  9 553896122
20  16 1531424079
12  16 1174103580
16  31 77612508
37  10 1248361080
13  10 1144774428
33  34 1669976691
32  21 510198422
21  38 1553403862
18  23 437488812
22  34 12711467
37  24 94240089
14  17 1222625933
0  38 1897171511
34  11 1339746444
19  12 826248092
26  37 1213568881
37  29 2052417439
21  35 935264628
15  33 997596602
27  38 805898584
19  26 57543727
13  30 79428433
22  39 880756645
21  31 1822932019
5  18 1239652475
6  10 92293421
16  3 1162083065
6  36 1321361488
19  20 521359729
34  35 1773811070
31  5 298594714
24  30 771481867
28  34 87715736
7  10 956425747
35  23 181036968
20  29 1033292388
34  31 974151923
11  29 2023673997
10  25 1449118771
4  22 468766511
32  11 304394879
5  2 437069661
1  0 72350237
31  30 1959144990
18  6 241460117
29  39 693639444
12  39 243879832
33  6 1225007241
32  35 1625485898
14  21 592844405
39  19 606553700
36  21 290247863
14  29 1081317267
2  6 1794478307
31  4 2008980734
14  20 1008980576
31  21 1374519659
18  6 932759469
22  30 1242474096
29  8 1142302670
28  8 46218208
31  21 703416486
35  34 868338476
38  10 1759197159
4  18 1615483030
11  39 1604178729
22  29 210322922
12  10 1887405901
7  13 900018677
7  4 963978526
38  0 360460272
38  34 1077959553
22  34 1908304146
7  19 1038962283
3  31 535741504
28  39 1236759799
5  23 859792815
37  33 308798289
30  27 762142495
32  36 72273855
2  28 1051185022
27  30 1224115671
19  23 1375575031
2  37 1029452627
9  1 848557448
5  37 989035502
25  2 435921438
36  13 1580878559
12  7 356550455
0  35 368235893
26  32 1771859610
35  3 997374793
36  32 183366818
11  26 1607985500
4  35 1573779669
33  36 1007035779
39  24 2059561910
15  31 44951484
36  27 1097251616
6  8 297362535
20  34 1123754325
30  24 844720212
1  34 1450943259
18  21 79888123
34  19 1403331674
32  17 764611322
34  26 1086118318
32  34 1487786152
28  3 1838921618
36  1 603955773
28  14 908158494
13  30 1264489823
38  29 716085544
25  5 1477744569
21  1 1790704635
33  0 920176578
39  37 1884215284
8  27 822971739
4  22 1229974039
19  22 732597960
26  33 972052300
27  22 1301584711
33  23 1884905687
28  34 1342737341
38  24 705475075
13  24 1648399337
36  25 1956256695
31  4 1022639096
33  2 1872485288
1  32 298857242
8  27 1148172323
19  7 1633886113
2  20 988952184
25  19 1022921303
26  14 431144575
31  10 1308620440
17  39 831274529
27  28 396852253
9  37 41378649
28  6 526235844
35  9 930937708
13  28 991298081
12  10 1659388115
16  33 376997328
25  37 712646563
8  24 875166380
11  38 1827277740
38  37 1861730152
2  32 1463431835
36  0 1406308009
16  20 1644546874
13  4 559707665
6  22 1447618328
33  7 2128794863
35  38 1976914284
29  0 724446877
11  4 1708428740
16  26 265247851
39  2 658043623
6  35 1527562022
23  35 1608308816
21  17 1328807459
8  35 983450743
15  14 262748209
21  18 639862701
27  36 54113050
33  11 1336246580
24  35 1974254801
34  12 1360170705
31  12 121136510
24  10 1970368362
33  4 2030046698
19  24 210006442
21  8 1832825494
28  31 442553201
6  33 780335890
0  5 314335377
18  13 2018411947
2  1 659706430
28  14 412873464
28  4 709337495
11  21 625687424
20  12 205072164
18  35 213793567
34  17 1673725739
19  29 5137498
21  28 2044254947
4  9 1143141559
29  1 1716380463
35  10 180674078
4  17 699195619
9  15 1955230436
13  7 128231612
10  0 46841196
38  11 1950332769
5  9 408976319
13  20 1941409364
18  3 731955906
26  22 1143698616
28  33 1715760246
16  26 908197954
27  38 804476674
35  30 941888658
2  35 1065250550
9  22 492449957
35  17 96470210
23  27 1795059813
0  37 2041152634
39  2 1017216617
5  12 30765230
34  37 1689840741
30  22 1801554747
33  29 1188559353
30  5 1272455613
35  5 1169565610
35  5 1483287599
26  24 1663709536
10  29 1034175349
35  11 1384956541
19  12 1069395731
33  1 1270684215
15  28 371419308
20  38 2035060913
26  23 442557204
27  24 552821399
8  25 315250428
2  39 1189047262
32  38 784034917
7  2 42097888
34  19 1692945046
2  30 485648359
6  3 591686840
28  23 1161806448
30  29 1991865672
4  18 1342442088
38  5 782569957
12  8 401758833
21  27 1487254854
28  30 962055112
28  36 1459586985
37  25 1899346197
31  30 994386563
27  14 1312183234
31  15 1251226450
3  21 1019049233
9  19 2010264360
13  27 1018999863
19  24 919429039
0  2 1109954252
28  1 492174691
1  34 1069484509
34  7 503040669
5  12 277816432
20  9 1458834567
5  21 1442548469
10  9 634667873
8  6 557454314
26  1 695304709
26  30 872619970
8  12 234527640
20  18 866412947
23  38 271327280
36  38 1116814852
35  23 1854057337
23  30 570085878
25  33 1759250138
31  30 149574269
25  0 724025890
27  20 1264311289
36  10 1188252069
24  32 217125358
19  2 732105480
11  27 572358346
33  31 1705176955
17  5 1507309979
18  24 1699603137
4  3 911519610
22  37 1757796098
10  7 1378199629
33  2 1925266577
5  19 136974359
36  20 1949642197
12  15 1485264977
38  34 1473121851
2  13 361592979
23  20 833332098
25  6 1621162345
27  1 112081569
7  18 745711618
20  28 116372247
37  35 1473834894
6  29 1888252464
27  15 101224614
7  9 1513312527
15  36 2050848745
23  2 368742262
25  30 1021300876
0  19 1698248611
7  32 606388730
28  36 572356805
13  16 518412925
37  9 104288788
32  39 1704767508
17  30 1037441658
20  9 346692314
21  12 1100245667
7  4 858773891
14  15 1637483107
33  26 2140320349
6  5 1080497733
35  14 1717600882
19  31 840415563
21  31 179806991
35  17 1269875206
15  22 1215434231
28  17 1497039247
31  2 897341850
27  26 627914686
29  37 1835012469
18  1 1433013646
11  21 30528303
3  9 5408321
18  1 2091499309
26  38 489591133
32  20 540629797
22  9 1081130886
2  12 1365807992
7  27 330932285
31  19 780632744
15  33 231308373
37  19 2052407066
20  16 1616909140
8  0 877299627
5  1 801398724
2  21 1871650938
30  19 107163258
39  0 994467906
20  30 1711770995
21  0 350060243
18  24 1247824618
34  28 287250680
1  15 130289588
12  27 491670998
3  30 1747308429
39  11 729523604
29  6 1987946349
18  5 1542606976
8  28 1453062316
2  28 560434251
3  9 1120448053
18  12 1935800173
18  0 801551023
4  1 1302404929
0  12 1145520123
0  1 1218507276
19  11 635421389
29  5 835669630
17  29 2016426789
2  35 2010359941
17  10 1562773618
26  24 570847913
16  22 1313823853
0  39 307363014
20  21 1733374770
39  31 566722983
20  4 1174459372
9  23 1493394006
19  8 304358475
22  27 2081813703
11  21 1788771173
24  29 482653180
3  16 1762114410
35  12 235597516
4  7 255189004
26  29 401860656
22  9 136680098
5  20 423315224
8  28 1046468006
31  21 993486012
34  8 1598289954
10  14 1179480558
10  17 1894529661
31  13 653542030
39  38 1820802748
6  22 1944164418
10  28 69085787
6  8 1250756539
5  32 1908039751
17  22 2126204984
10  18 1478194410
11  16 825806182
16  35 123681902
38  27 209072953
3  36 817171383
31  16 997621376
0  39 2016665047
33  22 395602333
31  20 393819873
25  14 113516256
5  25 255663656
11  9 1122125210
29  6 827136925
9  14 638225814
17  35 1380926268
1  17 1584950228
22  30 1132870378
32  31 1367172565
9  28 309143865
18  4 1210629717
33  32 618722866
3  38 1724756690
11  19 1153560883
27  12 1713765264
26  11 1893451092
21  2 1649419564
25  31 808885341
33  21 1435462836
26  3 1006164910
38  32 1300673977
0  24 614877506
13  0 1270942086
25  30 426963044
1  29 1558578202
18  4 548543042
9  4 1472800738
19  30 415600624
8  1 2062050682
17  22 698739016
16  6 2138421932
12  1 1019032469
39  32 592232996
24  23 346518155
11  5 2020427796
2  37 180092288
26  39 16908844
23  27 1117922238
20  26 1947642103
36  7 612020513
4  36 38454370
14  3 1693393860
1  37 1911274483
24  6 7736858
21  13 1040936753
16  15 338186132
39  31 1197481092
33  37 1853327983
36  0 1016344023
