800 40 6 17
36  12 1933943771
33  29 1441138153
39  23 1172040676
32  23 1055238526
1  7 1743628586
8  29 435770850
39  27 1718691509
14  2 1533485767
3  23 2040128929
8  12 2028522163
13  4 834342870
23  3 335699019
21  16 1448343886
35  3 1948113323
26  23 2000367006
20  5 1600944174
4  21 1899224365
0  38 767889302
29  17 18575720
24  11 1968864425
24  30 771397312
13  24 221728433
36  8 380834012
22  27 2082817229
27  32 1323591804
24  6 2030275623
22  13 1090783819
35  38 1248809184
16  24 579729508
37  25 717358849
8  37 863709589
16  28 617249685
32  23 1498346797
28  11 1807557491
2  17 2057101318
19  8 1430618059
16  23 2117680595
26  21 1029836250
3  13 1418613963
33  38 1530514668
10  8 1815027408
10  34 2076204463
2  34 2019904524
1  12 467069821
20  37 475988261
7  5 923898968
14  26 769624476
26  35 239756840
27  29 641227868
1  35 864373899
25  37 1257723319
8  13 93796817
15  28 1062836164
36  32 508913586
9  39 351817053
38  10 1489975091
26  33 70718343
28  26 767031475
5  27 638280044
14  23 369669906
25  16 354888780
29  21 1938672674
37  12 323975146
32  2 247044883
17  19 1868445915
4  38 1370122227
24  2 1611249294
0  4 1409216634
6  38 2094561516
38  33 1439078489
21  23 753961244
38  9 1422577367
23  11 1724266959
30  0 1054441899
35  4 521845612
22  3 1417039520
8  25 213199600
36  27 498200871
28  16 1588320248
23  39 1174690324
5  11 1120399843
14  33 178247238
2  15 501459316
10  14 1032358731
2  32 678327007
18  30 274256158
15  12 1155338372
39  30 1430197946
24  22 1436526728
3  19 202841276
27  34 718552809
0  11 1459419450
17  18 1843426176
35  6 1833769616
36  6 740498958
21  15 868434892
19  0 1864041355
28  23 2041853395
9  13 1497424810
23  9 1568255526
11  32 962829133
5  22 1008119574
29  33 685274808
36  17 1947761466
7  38 886115409
8  21 867364713
14  10 369406122
13  20 913436492
25  37 189091171
8  5 1335051886
0  32 1232594696
28  23 1260151
37  34 1858852021
26  18 27715564
37  21 1117513318
16  15 1880126016
12  27 971311651
32  20 936804783
11  34 1548466757
8  15 1648600927
23  24 829729942
15  6 259184506
20  16 1257307755
7  14 406861503
31  25 817765930
19  18 1867101819
22  12 2043671607
15  37 2073717036
32  11 1147755069
23  33 529528740
31  25 1159250820
9  20 1648629578
22  16 437432993
29  13 1549792072
17  9 1611712558
22  12 2076794316
24  7 1347527869
0  29 720008339
31  39 1498069732
38  29 1212615442
18  26 2022880252
36  14 551793669
33  12 1637546634
24  19 300673762
39  24 1181972687
14  32 1415370725
38  17 24301216
31  34 1126065837
0  24 330881588
14  22 121725964
19  31 1588275411
8  13 859560392
36  19 317484234
0  22 1003946499
24  5 240174829
30  38 508066199
28  18 119319980
5  32 892659070
25  26 97712659
32  33 267565602
10  2 869751045
8  22 758277173
14  17 2019482926
18  1 757516460
13  16 1395523907
25  7 1177953025
9  27 284214172
30  12 829707173
34  3 167618638
24  37 1142624006
15  36 1872310690
9  10 255628332
21  10 2010832640
7  39 447185454
36  7 1762976312
5  24 954108730
3  12 532946282
29  27 1285725855
21  1 1224858085
37  0 2073124617
39  26 2075348976
33  14 1212333366
11  35 2078739669
10  7 99046800
8  37 1108579517
24  31 1349431175
39  15 80827452
10  23 1734960315
28  4 892410020
26  0 106336407
11  21 1406696061
33  35 1977240354
28  13 843073201
36  31 1708240693
18  21 670339393
26  21 958102732
8  0 1958511682
22  27 1534790062
15  13 325480274
26  19 440205287
15  33 1951733485
27  22 1813523870
19  17 1290210674
39  1 2029260413
32  23 1579659187
9  0 37461834
0  34 2143812199
29  3 1522716409
5  25 1989398451
33  30 591034950
23  27 319956460
35  16 771652685
15  24 1225474128
7  29 1032797902
3  28 33967305
38  3 582008235
29  0 1071185658
20  5 1530104731
20  19 409030764
26  30 746844653
3  22 1810253926
36  13 39165259
30  8 51326246
26  27 693518191
29  11 888525023
34  35 380939749
34  19 233790732
9  13 2055790547
7  36 316111268
20  36 1420886234
21  13 1594966078
4  18 408944082
22  18 1540712569
9  10 146888433
5  11 733347812
25  10 1375151926
24  12 274990799
14  19 1697966335
24  30 1210600605
4  8 909459461
1  6 401869741
38  4 383572787
35  9 515278279
24  26 266851651
23  16 1114239495
16  15 1327381058
38  28 750468692
25  5 1878961660
9  23 114052444
0  4 1258320792
18  38 665659560
29  3 1805852622
34  22 1047103670
15  38 1247749831
23  17 307343916
4  36 1632007812
29  38 1745487978
14  34 1651742272
22  12 1850269987
18  37 641304347
23  38 2047060152
12  11 383229232
4  9 403074108
7  32 1719574241
19  10 1797813735
26  28 1682933789
38  34 611791137
0  29 1781621542
18  17 700969917
16  12 2135147862
14  15 1572839114
28  11 1232793481
12  35 1602711499
29  21 2086616638
36  4 261501786
29  31 1313464265
3  20 85290770
10  27 89644107
19  11 1996634217
39  37 1781829103
23  11 1801753325
5  0 77861938
15  8 1537037986
28  16 1967652013
13  28 1701453268
10  26 97768364
31  33 1598624106
8  39 411842002
29  31 669938992
24  18 1271735961
29  4 328774270
21  33 1163642186
18  35 944427318
18  0 1832571825
7  16 806991634
4  21 1517915289
27  23 211715618
36  24 283972797
1  11 1532640808
33  9 195137278
10  33 487443688
30  15 551035531
37  20 170712926
29  25 876933495
7  25 1564421058
35  11 1519171505
6  13 1164286502
22  36 1679382922
1  20 1694121591
39  15 153781376
39  13 438296293
28  17 943918052
22  2 1262137382
3  36 1544342434
28  38 1459768326
15  21 1233657650
19  29 1461603836
6  8 1614702212
28  6 508895706
6  22 1866883761
37  9 1339834385
35  24 363230122
14  34 1995475672
38  17 1794974066
20  36 1701458965
36  4 1612799444
29  25 1666741665
30  36 787362422
27  14 155349476
26  13 1783893534
33  27 1250498395
23  24 1042036423
16  28 41344773
8  24 572973776
30  16 100902934
12  37 1028748374
36  19 1970428415
19  10 214991256
10  27 1882834162
11  39 910259648
38  26 1569910321
9  19 723019768
25  34 830073819
29  8 1884740817
11  13 124314323
35  2 1001137059
31  1 1382969205
28  30 1632623978
22  10 638488817
33  30 1253953481
22  28 95711029
10  19 39237638
38  39 385778897
33  36 1192817686
27  7 1895283299
17  9 1747911595
38  13 114928943
6  39 1095680699
21  3 647463233
10  38 77388887
4  20 1877428746
20  18 1984933737
2  30 1896184224
28  10 1350106588
37  15 1020003423
37  39 1184081749
6  26 1720477764
25  3 2126692240
8  25 1388042027
1  21 2130760787
29  2 1053327328
11  10 1004049272
36  15 596014490
36  30 402425273
32  31 1494439730
33  7 1929520102
2  37 387156558
1  22 17681688
29  30 455438823
2  11 26468112
31  9 1967827274
7  30 475734332
33  35 1330866474
24  2 1290008971
10  32 1445916474
38  3 248659762
20  30 568966789
20  21 739228654
28  8 372865620
7  16 1799203603
10  4 780757373
7  26 1332832830
39  11 980120113
28  32 1779586721
17  33 2038657517
39  11 1164372424
32  4 1231767376
26  17 434206329
2  29 11747753
21  24 580907456
27  25 1555238407
7  13 707884942
5  16 1765378779
25  2 1121449272
23  12 488680638
8  27 388156534
32  26 1227595535
38  22 544543598
33  19 108760989
29  27 50431831
37  35 776243755
30  35 1587550613
7  32 1113338497
21  0 1068639718
17  39 1526320822
38  8 1812381084
38  19 1896764181
35  24 1725024873
26  37 1910162871
20  14 658504382
10  9 628653489
37  7 662786413
27  12 164732474
23  17 1781171508
25  8 974302103
24  23 607526783
38  0 2117460215
16  21 1150284605
27  1 1151687092
39  21 832939798
23  25 50135356
8  17 1358112201
3  14 1239604147
32  1 442839881
18  33 1149966546
29  6 1511682633
11  28 47640065
12  28 237202054
14  2 2125579493
10  14 385744288
16  28 1665057052
25  31 615293574
34  1 355428861
5  31 1035845012
36  27 1245401829
28  34 1247658110
23  9 348747052
14  21 21765661
27  36 1573131260
22  26 12745005
22  20 1240136009
33  19 276484105
29  32 1231189245
10  39 1914757967
19  37 499685084
6  13 1842604027
1  32 379113729
37  0 2126393624
36  39 286557732
35  14 2146289645
14  23 1475404890
36  4 593372702
2  7 647015123
34  5 1075612468
5  6 636682193
7  6 358290180
33  39 1738253499
13  23 696705494
34  22 1437659851
16  11 42525686
12  9 1981472416
8  22 1441195128
37  22 707238577
1  2 758498227
8  26 2101601470
3  17 704996445
18  38 164109825
32  31 166863903
20  2 748578637
17  37 698227718
12  0 1147757943
15  10 980849966
4  28 2066619392
5  30 1498755520
30  15 400765658
4  37 32459433
14  34 2111068218
7  3 349887085
17  32 339888529
14  20 1688089530
18  21 743969139
11  34 1805701392
28  30 557243571
16  17 740327123
20  35 86275486
36  34 2103185379
33  7 236322218
6  11 2097216427
17  15 1347515330
11  38 886654661
9  7 1541116693
3  9 1089296474
4  17 461879454
22  16 1128733077
10  35 687273276
25  13 1439864582
21  18 1315814937
5  34 552433013
37  31 426451775
0  15 1628808522
5  1 474584684
3  39 1516397254
15  24 528292699
31  15 584574649
20  34 892950179
19  28 2144549693
6  19 2141808196
34  26 1818544211
8  9 643572124
39  23 1486090583
26  36 1007392523
31  5 1447150110
29  5 1635552525
14  4 293799752
6  12 920459742
13  8 837374231
1  29 1697028862
16  1 628992149
16  8 355164792
2  18 970604476
13  23 1556307816
10  3 642621615
8  38 1964338675
12  13 412787524
12  2 445636393
1  27 676827695
5  31 573285730
6  19 1169466780
38  16 116152168
36  34 1954207583
19  30 1487173659
26  22 743590001
36  35 529130805
18  17 1123160267
37  3 423337451
19  13 1688286918
38  22 824928175
31  0 2119726780
24  39 2133537564
39  15 1393823840
24  21 1975186689
31  36 1629150663
14  39 916560042
35  30 658694717
11  34 1023707217
23  11 1746764778
20  22 911194333
5  32 486287815
25  33 1390759531
25  15 2066094975
12  36 870731757
2  28 261758063
30  28 142515249
26  32 1929854256
36  19 1971379571
32  7 838652091
1  0 1362676621
19  2 1644576470
35  34 1991321901
33  24 553502094
27  16 1331541668
10  15 224074372
36  14 958721679
28  31 822099001
21  15 1789230926
37  11 1576924086
35  15 1878164950
25  21 15662892
23  24 1760748987
16  26 1528747780
18  39 1926666532
15  19 693336184
36  6 1939939293
16  27 1247581806
23  10 842729398
22  33 1374598357
12  17 1024608259
24  7 1193381292
34  10 2136756960
12  39 2044535818
12  8 1731118139
8  2 456598151
20  10 1071984253
13  16 1816088695
19  7 252026543
29  27 431675444
7  27 1275995264
21  0 1442541315
6  0 343587673
15  39 933614622
1  34 919932454
13  26 1326390092
23  2 63393031
10  1 1947707110
15  20 1395543296
33  20 1517119014
27  25 1210825774
31  13 830872096
32  28 1713862182
31  17 1225729478
13  9 1835538882
19  13 427981311
38  1 452877297
33  23 1870621067
12  13 466193436
30  37 2016597930
12  17 390467124
6  0 518703372
29  6 1900192011
6  21 1429885045
23  39 161292926
8  28 963252114
26  23 1532401078
19  36 2001233550
13  29 198903053
22  0 1990397181
15  34 1161979638
22  1 1103481732
30  20 996716422
24  22 1615819879
30  38 1446724541
24  13 171698405
7  11 1714468059
3  7 1848963637
22  13 308250775
22  13 1486598401
23  6 2075099758
5  17 25668135
31  28 1935214480
39  18 1252592111
21  12 574366054
29  35 365968665
39  21 1337663475
16  20 1063670106
33  38 1551414365
13  8 799848561
25  5 800262933
3  13 64983816
33  20 1107038910
11  9 2070081507
35  2 2133056620
13  3 644523132
33  37 773854958
39  19 1410693351
37  38 673274026
15  30 560121169
23  26 1349827585
5  9 633129710
11  2 1531618270
4  34 396259816
1  36 1621357438
37  18 1973675912
8  13 1691375746
9  11 403925756
33  36 1207396726
18  6 1637870486
25  9 316434566
13  37 261617559
17  0 998458915
25  2 1429178962
6  4 1734534273
28  13 611132725
32  21 1641796089
27  14 1303668721
16  20 1782460282
34  29 366143241
1  9 306372000
22  30 543356758
36  16 1172482769
5  28 1642446381
32  1 1264589498
5  2 1195313399
24  26 1213319386
4  21 754607268
15  4 1638050416
28  25 193732884
31  30 6100830
2  27 315571419
15  32 1800745906
6  27 1012405062
3  37 734155975
37  22 1182699106
32  29 1906135908
21  3 162712883
35  16 1581991347
9  6 1468656787
16  0 504902957
25  36 1840762210
21  2 582448631
25  29 975537974
23  27 1743827198
25  35 13640327
2  8 1474784082
9  16 1261585650
17  36 1087526358
24  39 1449293113
13  39 1003215675
29  22 1577613521
9  7 1594821900
1  9 656918361
7  19 1084458613
13  8 1678891
27  11 1509371811
25  27 538626245
16  30 541348501
28  36 566508843
20  2 64401179
33  20 526836150
35  26 868264189
15  4 1437636070
27  31 1758609606
24  27 804619045
31  27 1526010596
18  17 548872542
4  0 762873752
18  9 1050636271
4  25 1467350507
16  37 1190561955
21  37 290227932
25  38 1109674318
28  36 1306369640
34  27 786317020
31  19 2145435080
22  6 2011285078
25  30 978100177
15  33 1556726252
4  24 466256201
8  27 31027317
20  21 123223292
7  17 219072281
37  5 868207591
33  11 172576504
38  21 1628658323
35  29 285649912
39  9 1965727333
29  35 1906511389
11  27 447586953
25  1 1447889776
37  18 2132033677
1  16 1434901317
14  3 198947041
36  10 1251266647
24  27 1898210405
4  2 1277835425
34  14 1027385297
11  33 1471849934
20  19 1465788558
1  5 1237297383
20  3 2142857620
34  24 61251360
10  9 1824177116
32  9 1415117440
25  36 1406673257
11  27 2103311963
0  1 1632906378
13  20 1859356122
14  29 1354729990
2  25 883273893
9  24 675833910
23  24 1428723848
9  24 1313237446
34  36 273603826
31  6 34950758
13  24 715522743
7  32 796949056
15  22 1302709799
39  1 16661638
23  5 257617209
37  33 1788359359
26  23 879212654
39  29 1762245528
37  1 1483440550
37  26 202782333
20  6 43347561
34  3 387061919
18  17 1877142602
23  5 640187396
37  24 1221155232
14  31 453193216
28  14 314304878
1  22 100024814
1  26 934199035
16  25 232442586
19  5 1668916787
8  19 209887379
36  24 1110515560
37  0 1584786960
15  32 150652079
34  29 1074608341
2  6 904109120
