800 40 7 14
38  37 1762757021
0  33 710534102
0  12 588129013
16  15 1708875473
11  9 1853141717
3  2 421468641
0  16 87726240
0  9 1306174032
20  37 2038966531
25  2 1049960470
9  21 1945080923
4  13 1520063770
37  31 425817905
10  1 177971167
16  21 1013228998
8  21 534826931
15  32 746584145
0  18 1969476338
39  19 1130789643
10  3 1279972325
1  3 172921197
8  25 1901330442
30  5 502953904
16  33 496143367
15  38 865967959
38  10 1412298358
33  16 533165710
24  34 1687525981
26  17 1465463660
35  7 281288342
1  6 12514201
36  0 1901430310
8  23 234014932
35  20 1905150122
3  33 849646146
18  0 1335354211
36  7 1428582521
19  29 1073988406
3  29 274425499
28  26 435880658
38  13 871781405
28  29 1934543439
2  4 1098175965
11  19 1844180299
30  22 2029789796
9  18 1704027003
28  16 155210240
14  22 209003187
34  3 1521301508
34  16 459205008
24  18 679454068
27  36 794171525
5  21 1212006454
0  1 60147731
6  32 1559388005
15  35 442993758
38  16 1542362347
14  29 661569594
30  5 969512440
19  31 1110034096
37  35 69079675
5  16 333388341
5  19 466115049
6  2 367738592
5  23 1897600785
27  0 1154443136
18  2 1007833296
26  39 187852034
16  3 402840912
26  38 1510144254
9  15 863616541
29  12 553384452
3  39 111391433
27  34 821837209
1  9 224153765
11  27 1589692629
22  37 578185527
34  17 2082146302
0  38 1396116455
1  12 342536677
18  6 675528744
12  22 747146012
23  26 1675449027
2  6 1136862569
8  18 1793720041
19  37 1802496628
8  14 1031655507
27  30 1600533688
39  1 2069547987
38  36 1679148780
18  34 1618063181
0  37 2095105470
31  34 891559727
38  3 2075969501
10  37 934646335
8  9 614736602
38  31 1365154339
27  29 876036527
9  30 1862800645
10  23 1614768878
4  11 1359488177
39  21 384537831
14  17 777673314
24  11 1877814134
24  1 1763892677
30  1 808076487
20  38 1714806361
5  11 697309457
8  15 460257845
35  7 1707986369
10  22 502258353
22  20 1649029570
20  17 806559870
35  8 459904050
9  1 2117471298
27  36 746181210
22  2 114419590
25  22 1489045548
9  37 1095017850
27  26 858394864
4  6 1447659066
1  33 1586097060
38  22 316493979
17  27 1202111851
29  8 1126595531
20  19 2123867059
24  37 1318504280
18  13 1056147962
19  18 1597168568
11  14 1831035538
3  19 1686335443
0  24 454064371
27  10 925020313
9  4 1172749084
29  19 1182679974
32  12 433204115
25  17 1513955876
36  19 872125259
22  0 183622218
15  21 1864014848
19  23 994079448
31  23 1708282794
6  37 1138606647
14  22 1544867690
17  37 1880112842
1  22 457155752
26  2 652900365
16  29 947535267
16  39 2034753606
16  37 1757030592
26  5 774486130
16  1 1177180469
20  6 1611402358
13  18 445773495
25  36 1503607218
7  32 340537544
19  3 932062009
5  8 1166559148
19  9 710348409
38  34 2017248356
29  10 1000266740
37  2 779597944
5  20 827927858
18  11 662604795
36  19 1280732562
16  9 302641089
0  13 463189664
28  7 527007254
26  27 462732747
25  34 2122381239
36  33 72333525
15  22 2142470422
19  23 1923498065
20  22 275460624
32  0 1799407828
9  8 164386558
37  10 1349103995
2  25 929241048
25  23 1630245521
32  27 455537302
26  16 1835938296
34  14 2071650188
14  36 80715819
31  32 792397971
34  17 189990302
38  4 3811742
22  23 1669815990
35  21 1013871680
3  32 1452719180
21  17 1177090941
17  2 195886214
28  24 63730988
7  3 2124236574
3  33 1691378717
28  21 390845721
22  0 480179235
13  21 672873211
31  8 1686443070
11  19 14094734
9  38 1894339031
5  29 1062059640
27  7 1532292935
29  1 461112144
3  10 34029103
22  25 1655136848
11  16 1379556699
23  19 796088122
19  13 96474296
2  8 489444147
20  10 1123951253
27  13 17823784
33  29 1242090228
12  5 2089269656
10  35 944080875
17  13 784937511
35  29 1379273482
30  21 215965929
3  11 615680536
4  0 606551057
29  38 228210565
17  7 1721153623
14  28 1841769499
10  20 485114174
4  20 1713613753
18  7 1439520426
0  24 1422269872
21  16 522295879
11  19 176721824
37  11 1010209371
19  33 781543317
23  2 1105684690
4  10 752442141
38  3 285145010
30  18 1249766649
1  27 574898687
11  31 1764502415
18  6 749164122
30  0 1959768530
12  27 1309120437
4  37 1916647454
20  38 1984168470
31  25 1612453059
34  1 888980655
4  6 298761628
15  8 1620729014
13  22 189187067
7  29 552180637
6  2 1560489114
2  37 1747914586
30  37 2081262613
30  24 935436724
18  8 754360715
22  2 617639474
30  11 1687781546
19  34 354516877
5  7 732533265
23  6 1244779058
38  24 263248026
1  30 1427871581
8  14 1948149938
14  16 555207314
36  8 72570822
20  13 791157299
8  31 1036464627
12  13 1261451725
23  26 868329765
10  26 404916589
8  28 1132279079
37  8 1745678952
5  16 2069213518
29  20 1271091490
8  15 1028985797
22  2 1766670199
15  5 1344139707
29  20 2041113339
25  8 1622730210
24  8 1762284092
4  2 1845591207
9  22 706179481
26  9 1565964336
26  37 1110882907
1  35 1939205705
23  38 273631102
37  19 2004102406
9  2 1037362529
13  24 168897095
4  7 931957801
12  32 3624942
13  24 362990758
33  24 247177712
9  28 822666037
27  28 1732727245
32  33 136113493
30  12 837215229
4  33 1480001270
1  22 853695569
26  13 932651048
32  17 1445405533
38  5 304001401
37  3 68632838
6  37 691633415
25  6 351423691
2  21 1594187400
6  21 107307328
15  26 1691289042
15  19 1878794070
37  25 1592682610
35  11 2021798159
11  33 1493841861
24  30 2024690529
34  3 1282793692
7  13 1537834368
35  17 1892881040
37  36 198023116
5  31 80820493
22  38 188708544
27  14 469863644
19  29 1668074130
31  13 200955118
26  24 920478398
38  20 223668646
32  33 1002165223
12  3 654837967
6  22 1525964729
28  37 1423530337
14  36 421293844
39  18 1618720756
8  0 1828850491
21  17 1760530769
36  37 1927434563
20  7 218978822
33  7 1325832940
29  27 659373516
3  25 1949757664
13  35 1394555289
3  6 1993329089
26  12 783477798
31  33 1460630631
27  17 607233832
16  13 589630240
31  17 610750439
11  28 368665397
28  13 951509524
14  39 2073559500
2  27 472009862
20  4 1886797289
28  19 2034524310
31  19 883841473
8  27 2069147013
25  4 1623515257
19  14 1018060798
8  25 803890734
21  18 535320045
19  22 2085377654
10  9 169086780
12  21 24916224
15  34 1318282312
24  3 933897128
7  13 1935045630
36  34 1122873697
6  7 1144069759
14  30 1262455426
26  9 17035930
30  19 1759489588
3  11 796997762
0  19 1583031981
9  30 1289842049
4  18 757873817
29  32 863163464
39  16 2067933183
10  13 1395960072
21  3 517322962
23  28 1144035427
14  33 1779592564
37  7 1348737052
6  3 878516216
15  12 1561794322
21  30 370448003
3  27 1307530792
28  18 1577420758
33  11 1750731019
36  13 1021288677
31  14 2071186583
33  21 1748790397
23  27 394042366
14  9 1735443195
15  17 1961339750
1  28 1948791726
22  5 667638716
30  24 1495572959
37  22 1875142110
19  37 1995089139
6  17 2053906240
21  2 67070545
6  7 632684740
28  27 1193179360
36  22 540552684
8  7 869192332
12  26 709358047
8  38 982073651
11  34 513054336
28  2 1372912154
7  37 1038044275
31  11 1107283677
9  23 1093428492
0  18 1884642648
21  0 569906022
23  34 2003536599
6  37 166987811
29  31 61344292
3  0 804185054
19  30 1714584426
8  15 1738111770
17  34 1321179095
13  36 639797719
18  27 94175885
22  17 511507817
14  26 50631047
18  7 1397873160
0  22 1704411207
32  36 1016376911
2  16 1331615188
39  8 2038121792
13  32 1494239837
11  21 172768435
20  30 569988517
16  7 16838763
8  31 1214229487
15  2 905223856
28  32 1171339482
32  7 860207010
4  8 1927501264
0  3 193705122
15  34 1769995917
18  24 543663212
25  9 1719668626
26  23 1359041435
0  13 439985950
7  18 1306395537
10  21 111084404
30  16 1807919200
18  12 1988325703
28  26 329757308
2  9 397524643
17  22 1493412619
27  18 682126871
7  18 683267467
34  17 1210140485
33  34 1535365243
14  38 1342476992
3  22 248942904
21  23 45399083
14  3 1436946178
1  14 1575124734
39  36 2146949742
31  15 962664926
6  5 640000023
25  21 453686375
36  12 445256181
20  0 1096109782
15  38 609181792
4  26 358681337
35  8 944587101
22  14 2089012039
19  30 877211848
20  8 2108279523
30  6 1168775737
37  27 1963340686
1  14 1874425053
6  12 865159701
25  13 57845220
22  1 1104879168
32  23 1599287077
16  32 2085695172
18  36 1004562136
25  23 1895913328
37  24 1116813619
33  28 622357508
21  16 1180673991
0  5 275305150
14  1 420873380
32  4 633559951
11  6 1688114090
7  1 346248362
29  0 67729714
11  5 1498827387
34  21 896368218
34  32 510793472
18  13 180793820
29  31 1874362721
13  38 47387149
19  30 754099852
16  29 1785565063
11  0 38841440
12  9 333379995
34  1 706571893
21  27 1396156908
16  8 1410221354
16  19 69715397
10  28 1834908537
34  4 594984273
38  28 1233648164
25  14 1261642209
8  14 1066402895
8  4 2030568794
0  31 1816417300
24  8 1395249664
25  24 1797103917
21  5 1629710027
7  20 622216710
15  22 312901733
6  26 276596042
22  9 942104923
17  36 79194929
26  20 936319540
35  25 1139571955
22  10 787494450
22  7 598773876
33  2 2083305564
30  20 316682436
29  9 1236974087
15  31 1853068374
14  16 1461940797
10  29 757370193
19  5 1326346856
21  10 2003567154
37  0 1779877171
5  9 1955806988
15  28 1811292858
5  37 148469282
13  22 1169784098
37  11 1750263826
18  29 1510286579
32  10 1427219627
27  14 127404011
10  24 642465862
11  1 258260404
18  38 1031564734
24  23 2137240075
34  0 469152808
4  30 913855284
11  7 405670616
17  38 635649967
2  35 1896922601
36  0 679146726
12  19 1651576267
38  23 320635088
5  32 1117822356
29  27 1760577031
5  20 835775210
28  27 280341201
8  20 110797403
27  22 320627121
13  37 1235006877
36  27 216806464
38  5 422090582
14  12 1445195855
25  14 1946519244
34  9 1018361034
32  2 1906014959
19  8 63948828
27  31 1364011345
38  13 552403286
13  7 1682270708
35  2 1121479356
4  26 872179004
19  23 1423196248
17  24 1258896104
25  11 978091080
10  11 89656381
37  12 587003583
24  19 199803932
3  19 1237998274
2  4 85697416
27  37 2114206249
18  20 513544590
6  0 1719786502
39  37 393175425
27  17 1022821005
5  2 1529514836
1  28 1535430613
2  1 1509926417
22  14 2101836412
3  15 1791980370
17  18 630286629
28  36 1532800807
21  11 2129088661
30  11 1561750190
35  25 1065380817
7  23 1398056083
7  25 1312038670
9  19 401541014
32  39 622055432
25  36 26268630
14  0 696648445
11  39 1125706312
27  21 618856916
25  3 1900350472
4  6 551848914
6  26 1192827701
32  11 601153047
22  3 689713332
12  26 1936481985
37  39 442851238
25  23 837664994
30  4 1705346163
18  38 760124037
2  23 1806356006
31  38 733269774
22  31 1034223679
36  29 2011657639
6  12 479651963
11  32 1557317449
6  27 380083834
6  32 2142620332
12  1 1785175440
31  34 719606776
0  29 1720887712
7  25 921096026
5  6 1296105939
17  6 795604437
23  30 199997891
31  12 728588303
26  10 1138811669
24  17 1411723278
19  39 1373743253
12  15 856752012
31  12 1533429348
31  20 565665788
29  3 1305433569
4  7 2026153437
28  12 1380065929
23  16 362373167
30  19 1886898018
26  8 1387404448
19  3 1204865931
12  6 1195872369
5  16 2049831105
17  32 647852201
24  27 905565766
13  35 1565172152
25  1 15192642
20  32 882094194
11  17 782311081
19  27 1493060204
16  24 549836197
20  5 452483034
39  32 1709154749
19  37 1868889079
13  0 909059565
34  2 1217435155
9  31 2032598713
24  30 2106751642
15  26 125546624
31  39 1870783514
18  7 58413066
22  12 481192946
6  7 2018158441
35  8 1381031561
36  10 1801291086
39  33 1205727893
8  38 619085342
33  15 384515367
38  19 1730784496
6  15 716578499
12  16 676594689
38  31 256125361
4  34 264101674
17  15 1323568257
7  29 1898365499
12  28 145591041
28  36 2079674251
9  0 1820668289
33  18 1400396798
19  11 271347531
9  15 1790916148
10  25 621207970
12  36 1527759084
21  31 1302574899
20  38 1029346369
23  33 557060881
23  1 1348922002
38  30 812344548
31  25 104090586
11  20 266232676
5  26 270984724
32  15 1208552188
12  28 203970327
26  22 106506329
3  32 131114718
31  37 868015992
9  31 1560026410
6  19 515122991
5  21 1138398302
36  19 1564532933
25  8 686579514
17  15 1686590632
21  18 430823616
28  5 1570238858
29  24 1596060365
6  28 1748736352
14  23 166876895
13  17 1179646074
23  31 218959289
37  33 1286342073
25  30 2009561263
35  14 1094270565
13  21 514134548
38  7 1589522795
4  28 1789593060
21  20 1543617238
31  6 812703498
5  10 408160466
32  16 237700457
2  30 2031804167
19  36 1430510490
33  29 385675239
21  38 1034633534
28  8 1901524866
33  21 1129478882
37  2 1649740364
14  13 88850249
17  22 2099346490
31  30 1437113099
32  7 1196362147
13  33 1274422477
13  26 329437208
14  36 669477322
36  0 1074217970
27  20 1850276562
33  1 795464944
29  9 37160891
23  32 1101745481
38  24 75779010
2  4 454772739
19  3 146717915
22  8 40710371
23  5 106766363
6  27 1488405415
33  1 1297778947
0  24 1032669233
11  19 1463909583
34  18 665113339
18  10 1277838761
24  2 1757839168
6  34 1189208160
33  10 1344107537
18  5 1500176281
36  12 1510532104
1  30 2100290686
29  28 1213996862
14  30 960880408
15  18 1682094599
14  36 1375445405
16  20 213341255
23  30 104891332
27  0 27900540
5  37 2143038873
37  10 1036713662
4  30 1811303133
16  18 320308613
16  39 547270725
8  27 382458479
25  2 2115522079
30  1 946369457
23  37 1510245700
7  38 823553022
21  34 523914923
34  31 1239845011
37  15 1716155845
22  36 294779150
6  15 1254460252
30  5 1351393064
15  36 1892047350
8  18 1006220882
38  15 2002305200
1  11 1413421626
25  1 597877063
9  21 667599156
25  26 273511124
19  16 552050880
2  15 482061305
35  38 949372661
10  2 56634126
26  30 589379284
34  28 1203219371
5  7 1208163663
23  18 41281185
28  22 640096689
28  17 1989802926
38  31 868550168
13  1 385605456
2  39 1367576610
5  37 580902304
13  35 1093048981
38  26 2063083110
29  22 360135547
36  22 1175026173
31  10 970795160
33  35 797640182
