800 40 31 21
19  9 1958561214
5  16 129233816
17  16 1308452466
19  12 738201269
30  5 234465546
6  18 1213113552
29  16 1762350290
10  9 2020801860
34  27 205911499
14  19 1431014196
21  28 1266724333
13  2 771583590
27  34 1633213544
3  17 1621868645
2  11 1809471333
0  5 1636943767
31  1 954455697
37  1 79741936
34  21 1830102490
14  23 1094149537
17  15 104238962
28  19 661623222
27  23 1461060843
25  8 411689702
19  8 575755497
9  13 1558701822
2  5 1611239506
31  9 134606985
20  15 1120610532
5  22 1942020867
15  3 1672153895
9  11 1026606319
9  14 340104812
20  29 1045631966
28  24 1029794032
21  24 579510574
36  35 1096936033
29  7 1007876583
19  29 768101344
10  28 1435050953
29  10 1905312627
31  4 704839477
35  32 1409995720
10  30 897360219
38  24 239702713
16  10 33090931
15  0 1262022455
30  19 1496027331
9  0 480340933
5  24 897140
38  37 2029848699
22  37 140180961
29  33 2123622690
33  14 427908547
11  10 1422731210
30  31 93830298
9  1 210942619
34  3 2057030564
14  12 1216201100
12  18 1745739238
1  9 1411530425
27  33 210964623
28  26 1304298452
6  0 1107499932
8  4 724799881
27  8 1604310870
13  35 1415287517
27  19 1240158807
7  9 1199578829
2  26 933024592
21  26 698413705
16  1 1299480348
35  9 2106327179
22  32 1699446899
31  26 1169002975
14  23 1292246776
3  34 291878407
7  29 1638908078
22  23 1058292569
13  19 252732691
11  0 1044666107
38  35 556315550
1  13 171204927
8  9 1013758022
5  25 1685048935
6  14 1821710940
2  33 1063965866
23  33 1864094680
34  28 1006564245
17  6 1868998655
3  12 967348285
4  33 1989649642
6  30 1231869512
32  24 186987355
3  10 755296368
36  34 888675141
31  0 1722982898
19  8 1851730894
33  18 1179636680
30  20 1717230760
1  3 1963529024
7  8 156767172
24  19 552958493
32  15 93520193
23  38 157818838
23  15 315275062
31  10 2000365112
16  19 1349994782
6  21 1337830194
28  31 5350644
32  2 532876914
3  26 1031518303
18  3 1261730206
39  16 1992817862
38  27 1380539014
28  24 600070523
3  13 1630210887
18  34 1633196411
18  7 1054169356
6  17 557934455
10  33 33835159
21  31 1230714262
25  15 1052434513
6  30 1554053269
23  13 1219028938
10  36 1471646409
9  19 839438193
6  12 323510510
29  30 472609821
32  4 217240664
13  37 288052239
14  27 1188210040
17  7 2117467480
18  11 262049416
7  32 1121122847
11  0 853682585
17  12 1490195870
22  36 758883685
28  6 504407464
21  14 1467075537
8  3 1980541992
36  14 825400528
32  37 94507945
12  9 152407769
39  29 527318469
4  13 78775321
5  25 1791685256
30  1 2106914671
7  2 1925400503
10  5 2117941828
31  32 2059669222
8  1 786125998
14  31 947390998
24  21 995658086
25  36 605248158
23  11 1194700501
17  25 1203210154
21  34 203489797
38  39 776438514
16  5 2117499406
13  25 1594180392
3  29 602502791
23  8 2103950443
1  27 1014087785
15  10 387091166
17  31 1233149226
8  16 2133144855
16  29 961118063
12  39 536381940
28  35 261299467
33  16 1876936047
9  21 93373784
0  15 1086914632
21  26 2023010024
9  39 1300985471
24  16 755618504
19  21 705192870
20  18 897199827
31  8 1241284415
27  8 1145926154
17  35 25455731
39  17 1745979963
27  20 992379220
1  30 1307154602
10  33 2129405122
30  7 1038392678
8  26 60330272
24  16 1842800418
16  31 1892377634
32  23 450776805
3  22 137019257
11  9 182433195
2  1 1639744727
38  26 1162770252
8  27 2014311722
7  28 741159600
31  28 1022241691
20  37 2055477307
37  9 219886548
16  27 164918583
6  5 1385603845
35  39 368612116
8  20 2106748404
21  18 879321256
9  37 559687699
36  1 22448231
17  38 307024605
13  39 740074436
15  14 434095261
37  10 1933155116
12  4 40369438
22  14 516645148
28  22 2118145767
22  16 1261997141
16  1 193031602
18  17 133207450
14  38 1300192337
2  32 195094883
18  15 2013958026
39  35 273663485
34  22 1986425318
0  26 1568332163
27  20 1376499271
8  14 744331827
8  25 1582426216
18  1 1194359320
33  24 1290128195
2  6 517925603
22  29 1346846508
21  11 2103450523
24  17 512795249
39  1 1046760916
31  2 1673671581
18  26 1465024213
16  38 1618243626
4  7 959406201
8  30 1344602679
2  23 130626283
36  24 29574357
23  39 1517368048
26  12 218595105
29  9 1238486356
9  10 95952529
25  1 1038868934
4  20 940687481
35  2 831775831
20  27 698532904
31  6 1520047947
38  33 700081179
16  39 634511582
20  28 627256773
22  21 1444153906
22  7 1947892404
0  37 127280445
36  34 500085918
39  14 1962620981
15  32 778012039
4  12 1421629624
37  27 1472918826
2  18 1684902531
25  11 515065870
21  11 1255507249
39  24 399575009
28  9 115835566
34  2 466334513
26  39 600373572
30  21 1643740246
14  33 2126347845
6  13 624959860
4  36 2038726617
31  26 672186519
37  28 19737265
30  12 1377588209
28  12 60493680
27  29 1527893799
4  18 464369326
11  23 1521909206
26  2 252141425
21  32 1476823381
28  10 484370818
13  0 997047724
31  20 642956008
18  6 2078381592
8  2 1003309767
34  30 543973943
1  31 178648960
16  2 303264337
32  39 1657879123
9  14 1408122968
12  7 1829020314
32  29 234003751
29  20 1504377120
18  30 1084925963
1  11 719899694
17  12 82891023
37  3 10585231
38  25 1527938115
30  19 1469240543
17  25 75027337
34  14 1097549629
12  39 1424752844
27  11 630433262
9  7 1982856552
34  29 1919212780
4  9 1505002178
28  35 1391442210
39  0 1218017356
34  11 1657732899
4  1 1606272722
20  5 497706219
36  7 2137282684
30  24 1495261383
4  26 1020115319
0  8 1774934014
8  24 1598665816
24  26 1294117099
30  33 523736802
12  19 466035939
33  15 867104557
10  12 1341901585
3  9 1354979745
24  25 1116171532
20  26 607699251
0  38 378539973
11  16 432527519
18  12 1918572049
33  12 1570577220
8  27 1074290109
18  0 728779625
34  28 1411478787
3  19 1991289494
10  14 1247369139
18  12 899501695
13  28 443298838
16  1 260312932
3  31 720869579
0  36 830430850
17  5 1255221272
20  13 1973739299
10  24 869091811
37  4 482547282
30  29 1927790472
9  32 459961217
9  31 725895088
30  6 1176473474
16  14 1841567676
37  36 1128851936
20  35 1043897079
0  12 768825950
0  31 653532655
14  19 1281208471
36  37 2057320127
13  27 949430058
27  5 851542719
21  32 220312597
9  1 2024226446
6  3 1587027212
31  34 543233313
38  4 763360159
32  29 931874767
0  10 48945309
26  14 512134024
1  39 883512551
35  10 1471061858
28  16 95565582
18  22 1490692541
34  16 1449756534
36  12 1831695666
17  7 1381102741
15  10 1259293613
7  24 1078490830
3  38 2106594766
29  22 1401055275
12  36 848399521
22  7 1073073563
3  28 1706288191
19  25 1328290987
36  4 458445868
12  35 1781073999
21  32 286225350
25  13 1696658783
30  20 967876280
14  37 1500030484
20  6 225468887
12  17 624903541
9  34 1494169819
11  38 938680761
26  10 123003524
27  12 1967407863
10  15 1076773103
36  23 990878115
17  0 1877487216
24  18 1359513029
24  35 1229746398
39  31 710650963
39  8 1898194148
27  22 114791543
14  36 840306277
2  28 1547291415
38  25 901286045
6  0 763832623
27  8 1824870129
33  8 260872819
31  0 903267487
14  32 1951732947
8  11 1724563311
8  35 1036488076
29  4 1248184637
6  28 1784935481
38  15 143210009
35  15 1980956302
3  32 1389357197
3  8 787326153
11  25 394489169
0  10 1611775998
31  14 651828056
34  1 574371955
20  18 1653538277
21  19 544327845
6  16 247476342
1  10 1594841039
27  39 1178909616
18  23 1866901901
0  37 1883308212
38  36 559111765
18  2 161664957
26  36 440279270
13  38 1442039448
2  15 1280652587
20  1 210347986
38  18 467871
12  10 1890514877
38  3 850048503
7  3 1365148400
18  31 2098666134
35  3 436046232
4  6 332883319
38  24 451096948
28  36 617359955
12  1 1987845353
0  23 2103829635
6  29 2093284620
32  35 1739852217
16  27 1410591073
4  14 922100497
26  21 1505815770
6  27 1128288207
33  32 506049343
18  21 1405804791
0  30 1580095865
5  30 773292066
32  22 1923157131
8  38 1036214158
4  29 1139256070
38  35 365483094
38  4 137960985
18  34 830945583
17  25 1783192657
31  36 1137176628
10  21 205478896
10  30 1534813262
29  0 428623778
38  14 1804533354
28  11 478537676
0  34 1418936282
3  22 1848391244
35  3 400122181
24  29 1492905350
1  0 155402452
16  27 1056926076
24  16 667543156
29  16 727730698
39  36 335335942
32  35 1667490940
21  39 2017874624
12  28 164716891
16  14 2018540736
6  9 658626232
31  28 775264149
18  2 556175886
29  4 731860121
35  11 1110688556
8  0 1090301785
2  38 1846204382
35  36 131256516
17  24 760968831
17  13 1186167998
39  27 1758565522
12  17 1169561726
35  20 308717686
2  18 360755170
17  33 347370437
13  27 1441987228
18  23 1626385458
9  17 278165156
29  1 1029883164
24  12 2031088449
1  28 194861358
20  31 56723407
25  16 1945614835
39  35 1878533206
28  8 1020314632
24  0 1932298950
21  33 490534220
33  25 1577523480
27  5 604617784
15  39 1365865845
2  25 369181940
23  12 752569556
17  9 192299894
28  35 2124125635
9  35 336222657
36  22 1443232004
2  6 1665531305
1  36 1929752581
7  23 1267392702
14  37 7688005
29  4 2131010233
3  22 1187455683
29  20 30516086
2  16 487727985
10  20 2009645856
28  27 868804954
17  21 1671877308
16  31 1022499350
32  12 923141285
36  39 1986130173
39  10 2020699965
28  39 330991927
15  5 2086551515
33  37 1199246535
23  11 259002103
11  21 1335339045
6  4 1765285213
21  11 1903799248
18  0 1796063186
30  21 1848754446
31  6 1881581150
19  14 194491526
37  29 2078777734
18  16 542684694
15  28 1167946792
15  8 1433313842
31  37 792557947
6  34 1218337721
21  25 87579134
13  20 66024288
27  2 1471894400
29  6 1458350250
16  31 198773939
31  10 572792212
0  18 1605757010
7  8 356436418
28  34 1659313211
18  7 1736461677
1  0 855331290
19  14 761884218
15  16 1407678112
18  7 1170156104
36  26 889658123
37  6 913842371
34  32 1019322960
16  9 89350648
33  28 188381594
20  2 16621692
0  30 391345681
8  21 1559935790
16  3 569507916
27  26 1253840152
29  20 476487288
7  19 1012303753
33  29 1877774379
25  32 1661003935
24  16 1392697323
38  9 675213750
4  21 2052444884
29  4 1712316166
26  19 634017592
25  34 149003926
2  31 1277729040
26  15 779911446
0  36 2010034941
22  25 1602272309
38  25 87002637
17  9 1747868039
27  34 1076077071
21  32 844047769
2  14 1153710957
37  32 1390120512
17  28 1942163486
26  31 393739371
37  31 1512323840
2  18 1348742991
21  12 717683
23  28 2068519693
11  8 2132073924
17  33 1405547104
33  4 1188338617
0  12 109432631
33  2 589117761
34  2 210683228
30  9 357433790
19  7 1058766926
11  16 977766658
23  28 660164961
28  17 1394808045
28  21 612282962
25  14 1031220030
35  28 206249374
6  21 407867587
6  0 998675906
0  36 471595046
30  35 832072732
3  33 1259466776
5  10 480179167
1  10 1083449603
2  3 661020938
31  13 1789562306
21  29 54136794
28  11 977602685
36  20 732467228
24  16 1941784866
4  28 370550890
4  14 1181131258
23  8 1213701716
14  37 1184427492
39  25 516625377
11  35 351380681
24  39 802115933
39  5 177453032
8  9 1955118846
37  28 1157865438
29  27 370408329
22  1 1697474225
39  14 247158964
5  32 1799577988
22  23 1087671616
5  39 1390323490
11  30 48894050
36  24 1448743457
14  25 1742135299
28  1 536410334
33  24 901228784
20  9 1157049763
12  5 1175384213
1  4 2017954095
5  8 389944320
2  3 362741250
9  33 881710499
6  29 1835021560
6  20 1465457201
10  11 578809010
11  28 852029963
24  29 1388204534
21  39 51957205
26  22 1237073888
10  35 1941458215
39  2 1896003618
5  34 493714611
25  29 822961745
28  2 690487304
39  7 268967889
24  7 1966603503
37  33 180194703
8  19 1075723662
3  25 1417651632
31  23 1318090617
38  18 1412389455
15  32 272914670
27  17 113147462
14  3 289732053
28  36 640163176
16  9 685210326
5  38 1160619453
33  35 299038018
36  7 373923275
27  22 1366535798
27  24 2142555424
21  20 1545910294
28  4 16737379
12  15 539293695
10  31 2127480551
23  15 131839321
18  13 1263051232
5  4 1484655257
21  32 387179925
23  36 285115238
0  5 216482748
3  24 480390598
2  29 1093424757
8  39 1107121994
31  21 197790015
18  1 133451507
2  21 1943168935
33  3 1744863489
31  36 79344387
2  7 1532971302
25  10 443593155
24  39 676530540
30  26 8661665
32  21 1096786430
2  33 146042137
6  23 481411208
12  4 458500011
3  23 1458771219
32  24 1723167537
38  22 1774027318
9  25 206844769
24  3 560078222
39  37 1523773115
8  37 236188837
26  20 1761134894
32  39 1194195851
20  7 854123401
17  1 1634088083
20  3 1058611527
15  14 487718506
17  9 1560984429
18  34 2035037952
39  29 989165524
1  36 157176088
18  19 1458665362
35  8 1258934865
18  39 1492578260
13  8 925224806
26  24 8137746
3  12 1256630557
31  16 1996103723
27  2 661228907
34  25 2040383790
10  28 1166663572
17  27 81811844
23  38 1064056139
34  27 453114553
32  6 452963230
2  0 1205132806
9  5 1697775775
35  30 661793395
31  12 575353881
2  25 1282548468
18  15 455071066
13  22 893332066
38  17 562130056
37  14 885757449
21  27 2146631220
14  8 1583764132
2  30 1452645485
20  1 1489499126
24  19 1211550389
14  32 1524940521
14  13 1040609776
4  39 534601788
13  14 1089252293
6  30 914659409
15  38 1641159684
19  39 89035423
23  24 2039535913
28  2 872896490
34  26 1154163901
31  11 1792700300
4  34 1725928026
34  17 1835492715
25  22 604877098
20  10 566650814
35  26 1683141088
32  3 1063718188
12  3 1007808626
7  38 161580177
23  28 103154623
18  36 1858154976
38  29 516809576
2  28 405793844
27  34 151391329
12  18 1679005341
38  2 745744385
20  29 977828952
11  13 10102476
31  19 1645044795
13  18 1753790467
4  31 1676220115
39  35 1249303041
29  11 2081841384
11  15 592066091
5  31 273541551
36  16 45918210
9  27 1407027212
19  35 905640548
20  5 720113439
29  25 1054039754
22  32 801266159
3  33 400749595
32  5 780223827
17  1 1659002392
16  4 1950727521
17  36 1536997604
13  16 207508533
36  28 1001772532
8  18 1819547774
35  15 977263187
7  39 768332626
