800 40 26 16
20  21 824062544
9  25 224847213
1  0 446254111
38  7 156552757
3  21 1083377573
7  5 630685522
17  18 1961920813
34  3 729512826
1  31 1562889367
1  21 2087354976
25  12 1908986706
11  38 771952445
3  34 810063833
0  32 190655443
12  37 148074871
37  19 895738277
28  19 1967956542
20  13 1338585773
3  0 2000355265
29  39 2080085319
37  27 1416282908
6  4 795071137
13  15 642275773
36  32 1708644183
3  10 20531016
20  14 850920990
0  28 30807533
34  4 478360088
28  32 1057237652
10  8 591044794
0  19 853402356
27  2 1624471774
5  34 867207096
14  20 43331107
4  2 1086016970
12  9 57797918
26  27 768465787
3  17 1872329281
19  22 1455378063
35  23 849428993
37  21 270652927
19  23 1176454407
8  18 577190422
20  13 847493331
21  28 1804801695
39  5 683074787
29  34 893597217
28  24 484511300
11  25 977737600
12  39 1600861069
27  9 353835690
18  14 650913626
24  15 422329930
12  21 912765474
37  15 1207816675
16  28 628160452
28  10 1248698657
25  28 1668375608
21  27 803228153
30  4 482687963
32  10 900863176
10  28 695550560
14  26 2141121474
7  6 565066248
5  6 202616272
31  17 1256789197
5  27 615500471
32  23 1594446181
14  38 1541709072
32  29 1778492494
39  14 43811760
15  7 1108105573
30  2 1213269754
13  17 1382979832
9  21 591934991
18  25 1005305010
8  30 839793085
20  28 1586229668
36  22 38897050
9  11 793213696
10  26 1379728726
21  18 2129995044
32  31 1774195610
24  0 983781882
12  4 214431951
26  31 1380641760
29  22 1837719413
6  3 549593059
20  38 817147487
14  35 1163935504
38  16 37633684
29  15 1085014299
17  8 1538522132
9  5 237620050
1  3 950155897
6  2 1385388597
33  36 2116540141
2  29 970757720
23  37 1518457656
19  25 1921178592
12  10 1475955810
22  11 1106250407
3  16 2094738963
28  20 1884057937
15  1 436467875
39  37 1999088892
1  10 887992440
33  11 249957979
12  3 1964415857
31  7 238444980
10  9 1433887123
38  23 1867842924
33  19 1454214217
36  32 1850265748
16  33 801525122
10  11 903469700
34  5 1487763603
1  9 226577427
15  24 517586920
35  37 1114397157
33  25 1960726553
7  29 163764685
6  24 1287897816
16  37 1925535140
18  9 702434526
4  15 645063628
5  21 75742046
15  17 2101848016
32  21 1848841194
25  29 1477178060
6  7 370246747
1  38 285796820
26  8 1087417254
7  13 268816493
18  33 48022244
21  28 1242866836
13  30 686072147
17  35 542490768
31  21 1694372899
16  30 432154852
17  6 1228625789
27  18 1516625806
5  2 1596281034
16  34 221093521
9  38 1786862781
4  38 1428843779
14  7 1817923777
17  20 435060414
11  5 637185858
33  13 107355542
32  17 1292007235
10  22 2134253998
6  10 843181576
20  6 2058337471
14  28 1025572383
37  8 1202567757
0  9 126872111
2  0 872651274
8  38 1549381221
11  30 972214602
23  12 694707316
39  27 426300895
0  7 1985775748
39  7 1848821366
4  35 1324040639
37  22 309932691
3  36 220128356
16  30 97213955
14  36 1407803724
25  1 350780793
35  18 1708041775
10  32 264582519
11  9 679665640
3  22 1275195658
35  32 1371146534
24  6 570444800
10  15 563573805
6  18 976567174
4  5 600496267
26  34 1054479986
25  3 866653145
38  15 343411286
0  33 1767731192
36  24 1184544891
8  26 1607850347
9  26 470212552
11  2 1112117691
19  31 143689216
16  7 1891318719
5  4 3430934
16  1 1011226961
10  12 344722198
20  35 1882986267
25  33 956633900
21  29 848480084
11  20 464515535
9  3 863580765
18  5 1878422493
10  23 885876803
17  23 823606886
10  27 1196343655
24  18 500144518
38  25 404906381
12  16 1036928547
22  28 847439345
12  1 1392246788
25  13 1737360200
38  9 762873334
3  36 1427811955
16  1 1465052160
20  25 958201242
9  25 1853160495
25  11 1030142508
26  3 1301028973
19  18 1701302582
3  29 1840721959
19  17 1214289354
13  26 994606105
13  17 232267162
30  24 65008853
35  25 1061166986
17  34 1048835924
15  4 1762640533
2  32 1812415978
33  22 677384634
33  36 691205302
36  29 1503721489
11  27 1415440017
0  29 794233546
18  12 2100998975
26  12 444043025
29  10 1381272152
28  5 1146295677
16  28 919218914
36  17 378158422
21  8 299901222
18  29 1684294339
11  24 242006218
22  28 1114096836
37  26 854713040
28  16 192895353
23  37 1189524516
3  27 142885424
17  21 1790320717
32  1 236529208
1  7 1704572142
7  36 797764037
29  35 1062652410
36  13 1388780230
3  26 1126722332
15  11 1275557108
15  24 2029456427
5  30 56972665
16  3 1375228663
28  9 1599537971
19  3 417988566
7  23 405430113
16  31 2054309975
9  31 1033521729
33  12 1308336925
1  37 1897676262
9  38 1538446119
3  21 590981679
39  23 614717228
30  0 1237003893
5  1 790213723
30  23 1409433055
28  11 1044752120
9  36 1611791220
29  9 857948948
18  23 1504591355
33  29 1104340065
8  0 740829515
25  26 826768644
11  32 1919124467
36  1 940241863
8  24 1265200861
5  14 129586582
33  32 1851941811
8  32 522395749
37  18 1505815684
32  25 831477617
19  20 1211200371
14  31 1076801261
2  20 1323839842
14  31 1311372575
13  1 465439951
11  33 287598627
25  24 875272735
19  23 1863943880
2  21 1466424528
15  14 1035268085
14  12 190564783
23  6 1560292220
9  35 88902895
4  29 1075721437
22  6 519484576
14  12 439451031
11  0 431164765
3  38 994104840
37  18 483157368
4  22 800780503
10  28 1179805447
3  38 1292986314
33  22 837287239
20  4 1669614043
25  4 1242082097
14  27 406532654
17  19 1812039700
3  26 1480926754
19  32 1082022488
29  37 448666840
19  31 887272732
6  16 236531993
22  39 135670672
8  31 389864481
18  32 290060249
17  12 1053169630
11  26 2100496108
12  4 836999595
31  7 1642793078
28  38 558387646
16  19 1252936685
3  2 419702198
34  18 1002529149
22  4 1945438479
10  13 1590310691
27  3 1761178873
37  32 467007544
31  18 2076453817
27  5 302762594
20  30 1013441240
11  12 430900113
25  0 908634705
35  17 1485672337
38  9 926615664
8  21 1300533917
24  22 1711937552
14  7 978971641
12  18 805120781
27  4 814509722
20  27 53895360
30  36 981295591
21  26 353198108
12  10 1990419136
20  27 616543820
20  29 882124667
19  11 1535322120
26  6 1972823922
18  36 83273676
15  25 909337575
7  35 607009609
30  39 209602234
20  23 1295125301
2  31 975781659
21  12 164915897
21  32 564659848
29  32 954029236
4  22 256442151
23  3 1893168723
16  34 2006733115
18  20 1064749208
36  31 1941759593
18  20 1250151050
9  14 1982973011
37  18 459568097
24  8 827845124
22  10 1840607209
24  37 181828746
10  17 1801293056
26  3 2106957958
30  36 2111653280
9  18 255983152
15  31 1025434538
2  33 2069561508
6  31 386886196
0  13 1897576213
5  19 849902272
35  9 1592888121
11  12 254640458
17  14 119938678
27  10 1792792984
39  17 449831878
25  12 1089456283
11  36 530844433
34  15 406571038
31  0 1230897230
33  16 235659884
27  20 782560358
39  18 884606118
10  26 58809641
16  34 738713848
33  36 1038924600
0  9 2079048843
32  27 1571327900
22  33 1955236517
39  31 1343708359
5  21 1893296765
1  24 489637347
30  8 492442060
28  39 524214325
4  32 1581814445
12  31 1366153081
23  33 1281635518
15  37 1469283356
12  7 811803172
4  17 906154710
2  38 1340678523
1  5 1819814493
4  26 2086010317
17  36 771028247
10  4 1330352350
1  22 45316141
25  17 216726809
21  36 1114526929
3  29 653850965
15  17 1948058654
14  36 94316349
25  31 1903388311
25  0 820033218
26  27 2029594364
34  6 1478692564
11  18 492639180
23  11 959840896
28  0 1553612337
28  37 2046176315
11  38 1956801258
2  27 1811631299
3  18 943705385
15  11 1533878127
32  34 894318896
27  3 1366229011
17  20 1869270982
28  36 1243786743
18  2 1841543177
23  16 750725519
16  19 177475601
29  16 165828246
14  16 762191490
8  0 696521573
10  3 422327647
31  16 571752497
23  3 985659574
12  15 1010313660
28  34 1513698134
23  20 1373831248
38  20 1708597128
16  7 1770172630
5  15 606176514
10  35 1707916796
11  1 1653513173
21  11 1492394795
25  3 576867484
18  15 1479332533
5  35 563672078
4  31 881825078
34  9 1907909879
14  29 900662134
11  34 929641333
5  32 917629320
33  6 1633704171
27  0 681597476
19  21 586723946
8  4 476598366
34  3 705051376
32  33 327226433
16  24 1220186121
2  18 1035525233
24  18 512565653
15  12 1259437009
2  22 2073675557
38  6 195104536
39  19 947150505
30  17 694723769
19  28 1895557668
33  23 319897201
19  25 1862496209
22  0 957522049
9  27 1123815931
0  29 402474262
7  32 121593249
39  37 1338602933
20  25 70466143
25  29 1479629548
38  21 1111860902
0  8 1781467026
11  13 276403960
28  15 2021178965
26  14 1164169549
23  30 1424554238
15  12 712714287
3  38 958356664
8  15 367112309
11  32 252116868
10  3 674620294
4  38 399327474
11  10 542218978
25  12 136525765
21  6 1123490284
16  35 783759409
0  4 1974886694
23  24 1552898017
3  0 371332472
3  11 1714564076
15  37 1691313290
23  38 2097631090
38  1 1627873312
37  18 1786948535
32  11 447073760
15  27 1976342892
4  27 1294733223
12  33 581996393
20  12 1057352653
25  0 941081706
0  14 702481257
9  1 1241967316
0  7 964987306
34  24 1276578120
0  8 1127246536
38  17 1365990506
24  6 1993267037
31  7 372257156
30  26 331929635
12  30 316181314
36  33 652227062
15  22 204645894
0  13 1528716541
9  14 991984971
12  31 863051879
2  27 1509027406
34  3 368234428
36  22 177954038
39  29 721808370
23  26 1581834150
20  11 1495944416
8  5 136016918
18  10 530709743
29  17 402368306
36  34 1893941995
5  30 2106327526
7  38 1408881465
27  19 104453639
9  30 1108484744
26  27 1887418086
0  39 1209611987
3  21 846871503
9  22 2008680556
15  24 133213828
33  27 80859381
30  34 1029078234
2  15 1424540454
36  24 912891099
24  20 821028927
34  27 1597713410
16  35 698977437
25  18 718582697
23  8 1406699480
17  39 392746830
24  19 590174857
27  11 1061534991
10  9 1989202466
23  20 479356897
20  16 1661940715
16  7 766072945
39  10 67304661
21  23 533846345
22  0 456991683
22  31 710874226
28  33 949699261
21  36 245064869
39  13 210986315
28  26 235249610
36  6 189933373
26  36 1999371060
33  22 1543339539
12  32 1909575857
32  24 498018330
15  36 1998621986
7  14 688350668
32  39 2029184906
18  15 2098528546
26  12 381067578
4  20 1495464155
1  25 1892781308
39  3 1544974564
11  26 1903349442
25  27 968401008
8  18 1342366217
19  4 642581137
6  32 1164463861
19  8 49703141
13  0 1685849352
3  18 1451765040
28  4 1630983506
9  32 855699535
36  1 482520185
21  6 580915670
2  22 698722177
13  22 236561682
20  6 238026043
12  15 1431317636
19  20 482169453
32  9 1841544812
6  19 683050747
16  36 783987800
20  9 1641473250
19  18 1214978975
18  0 1752066571
17  36 15278039
11  2 1952487935
30  17 29717821
2  17 1073298664
12  29 1015391400
33  13 368169593
23  13 622792827
18  0 1105325858
22  9 1811532320
20  26 1396611663
18  3 1284761192
39  10 790945854
1  30 928660606
15  38 1875914793
25  33 708168204
24  3 217942925
3  0 717867965
12  16 293763120
22  24 1051596350
37  10 893034764
4  21 193370990
38  7 1884509049
13  1 243449067
3  10 1551975669
30  18 330910261
22  3 1932294460
5  14 1544358701
4  22 779976737
34  18 1823316619
3  37 550546104
9  24 294378855
26  5 1234021894
39  36 252909221
5  39 1713362758
11  1 1324416647
12  28 79919188
6  27 1414361142
34  36 981601819
10  9 530604773
36  3 1968008767
24  30 1316738604
37  4 1630123001
14  16 824028892
37  23 160934788
11  1 909483259
24  27 1422513798
12  37 1061567313
8  39 134341677
38  34 402764571
24  32 752878548
16  30 738367864
38  11 704281221
12  26 599278841
26  19 1004576552
7  0 1657001095
8  29 835239548
21  1 711407694
12  39 1423914034
9  1 1128066092
7  11 1959683567
37  18 1764923263
18  27 1893727495
24  15 29218930
39  9 1181843748
9  34 443879881
6  34 1812345617
38  3 971365029
25  10 217835713
15  8 819091991
37  29 916606386
26  3 2041039334
24  10 2105557258
0  3 981584644
38  35 396959253
26  19 476485399
9  15 84666960
2  12 2123606886
7  2 117947262
5  18 651519924
9  21 1982649516
6  18 1193536041
34  22 628327870
18  37 1159503719
32  37 1819400145
7  4 2077285192
14  24 707969831
14  26 2091256778
30  29 1337593906
4  5 107807470
16  32 2043130666
15  10 651234542
4  15 1134529690
11  14 1645597024
19  23 1334195297
39  12 1903976838
7  27 553604760
23  2 1408349276
20  27 624552864
14  18 1590627378
10  32 1020297612
16  11 1484335863
5  21 1714218293
5  34 192918193
36  23 1302471826
2  4 305179797
17  36 1402857306
10  13 526464616
32  36 932047725
36  3 466569001
7  33 1906367326
22  12 1407995930
34  18 579028857
38  15 1077675556
16  33 1446188396
3  18 1936697083
20  29 1208770813
21  17 1826913748
26  10 229981160
20  23 2087581982
39  0 1482875677
28  14 746356273
3  19 658854064
31  35 1403348033
36  4 240213228
22  39 878575665
25  12 1154756115
17  19 351578680
37  3 1230346661
18  15 1254618154
2  19 1296269678
30  4 1857288146
30  35 925593317
33  16 1867804260
14  22 1244105721
21  8 1851647374
36  15 1498591186
5  29 1196218295
23  16 709084108
12  19 835892130
17  27 350157686
10  33 111339153
17  26 674367207
3  22 814009294
8  39 478205192
14  6 444839066
18  39 1540746903
37  23 2110837223
30  25 687915999
2  1 953486328
16  13 1805003620
20  29 776953162
20  13 1593563357
32  10 1312747651
35  10 250064623
23  38 335126944
0  24 1025631075
14  28 1023613183
31  16 631219769
9  27 1322179674
22  26 1776856312
5  18 1229906979
22  10 252698649
1  8 475414480
19  16 141042827
3  38 184385105
18  29 1997266944
33  20 1024638509
9  20 454357933
2  4 530065873
35  30 176808413
2  23 1645738421
11  17 1257195282
28  32 1016311672
2  32 1474780456
3  35 1163874285
31  25 1686713289
11  26 1739160297
37  21 1750002429
39  0 1839651991
38  36 1259102820
31  2 1442907910
31  34 536828006
8  9 428758876
31  38 1222146830
19  4 572111585
28  16 180119945
18  28 391530820
38  36 951360774
2  11 1705667295
9  30 1460911518
10  12 1323097274
6  21 1521099802
