800 40 4 5
35  31 353930216
11  13 1124099028
0  3 1568854083
20  14 859127246
8  17 1878673554
14  1 603495530
20  14 763208306
39  8 1945478186
37  20 2092961164
4  35 1932889935
22  19 559046530
8  1 825610653
37  7 1188746838
28  17 1785779536
12  25 1453404714
31  1 1936650150
27  6 1165250311
10  5 1828669974
12  10 484778590
22  18 1782474063
6  16 665963966
17  33 1431236759
28  16 2105745724
8  26 997546718
6  24 1960580948
9  37 1936107833
26  10 1499035347
19  12 2122208793
4  15 486640492
13  6 611597221
25  6 535815980
30  32 1679856168
10  28 1266031959
14  26 1192232871
28  25 12140786
18  28 947721159
18  6 1079420421
26  6 416445610
17  6 1906119492
30  2 665717301
24  17 448186485
33  15 723973390
4  10 1914913135
26  16 770336521
6  25 216207005
24  20 1139092364
8  1 1884617514
19  9 1780140741
12  19 66899186
30  22 2085046314
10  36 1341795159
5  36 1413336742
18  14 335143159
6  8 2096471844
36  2 816688235
25  30 2045813358
24  9 852634367
28  24 1094933468
29  39 785457925
39  26 283848164
26  32 2063737461
12  14 685192068
20  12 1051077046
30  39 854368028
16  23 40265689
6  1 296276578
10  34 1427402599
19  26 931732400
38  9 300074749
7  22 1779877048
26  0 1065040005
33  6 1355043530
34  29 62980220
29  21 1566135612
34  39 1994983163
25  1 1031527048
35  24 1075775944
2  34 319105857
3  38 1396750223
28  14 2051787029
6  0 1705762716
19  4 54297021
30  19 1181084382
38  26 742409512
9  37 1476657930
6  29 1419134665
24  31 1220522539
11  24 211894119
27  20 784511803
16  37 759914689
16  28 2050438927
28  8 317102019
3  35 1185467423
18  17 196003277
26  11 874535012
9  1 1840361343
11  16 985518106
3  19 740102498
20  17 174295754
37  4 1298427224
10  21 1262287606
19  10 1439924364
24  18 898281714
1  33 389263244
32  22 1726773298
17  18 389994233
16  18 937168555
32  5 983193930
32  24 1907044914
29  18 990299446
30  28 1553778246
29  7 63809557
18  30 520459429
32  30 103838213
6  14 1772251595
30  35 17009335
8  2 168565247
6  33 931187040
35  0 1141134628
22  21 1127955253
39  14 518897310
26  13 1884248439
25  38 471383974
35  24 1862294688
25  21 2086656801
3  2 1098176523
22  5 1283978003
6  39 2057536541
14  15 144868665
22  38 1251774408
19  3 2027511412
39  26 783532215
16  11 1997824775
33  21 1943657298
27  12 805181979
35  14 1735674529
38  34 2077686407
39  10 401328441
9  8 971809198
12  38 290665077
13  29 1361214932
15  35 299848469
30  6 65324140
24  28 465763947
33  3 142427855
11  0 1057414161
8  28 2453175
27  16 1472561543
14  13 260026208
10  21 1450780754
16  15 1399053797
15  14 519123957
26  19 1285572468
13  38 725934360
13  26 757210957
2  23 2081818469
29  35 2021852072
25  26 811559522
24  5 245359752
20  35 1945207746
21  14 1514206052
16  12 83501965
3  35 324687545
38  34 1514304746
33  39 1032557375
35  9 500491592
29  25 1222791173
1  22 1562172829
8  38 1167334537
5  7 417312351
34  28 782031771
0  18 1647911043
32  3 1536153831
39  32 1687636289
12  20 1040875961
20  11 532026189
11  18 1282513383
10  38 36403952
34  21 866933548
36  33 1600628749
34  9 732713217
5  0 1584281739
34  37 946654314
24  1 412004795
3  19 149833392
38  6 686349651
1  14 13990794
11  6 1886781419
39  34 311055734
32  8 1672074608
32  26 1241110234
34  15 223839559
18  3 1162588747
1  12 94196526
6  11 168989283
28  17 297707564
9  16 687337731
39  9 2038708684
16  21 67652267
10  26 502719382
20  11 347712789
3  29 1252994796
7  25 2137605185
18  7 500259798
38  39 1184220316
19  21 1993273378
12  24 416069330
22  38 1756277830
38  2 1473642082
19  27 1506664269
39  12 311421156
17  4 2101018056
19  37 669228508
27  39 2051829934
18  3 1286446818
28  24 1799197462
25  28 766537741
19  38 1764806587
33  15 808747677
14  39 107927356
13  38 424640271
1  12 5208559
26  16 2130647365
27  35 1059978036
4  24 2128948755
4  28 1095194932
25  26 1412727592
37  35 100564191
24  38 1327452692
36  30 2018603277
36  31 394561378
33  23 676073819
2  3 1046157961
34  38 494137109
16  10 320393567
15  3 429100071
32  24 1627813372
39  3 1597383450
18  11 1210253113
24  37 1360716908
29  39 2019269405
11  12 1369157668
29  11 1300927944
2  14 2103004249
20  4 112041744
33  5 1139814919
18  38 1247467484
2  12 1514217585
18  0 501041479
19  6 1605519144
4  29 601177352
29  31 372394766
11  0 1834641116
36  28 461309865
32  34 1646727714
7  38 1886925527
5  8 1531610313
1  20 403044028
30  1 976410513
36  20 1875516268
29  21 1696543940
9  33 429272649
31  0 273167009
12  31 1280282956
11  18 613881494
35  7 1751635611
18  20 645257522
29  32 1556716068
5  11 5838643
7  14 1280661034
17  22 1739755146
13  27 500032138
33  34 1357145963
28  15 1469941168
35  18 1689272448
35  27 1617796119
1  27 694839973
33  30 447385348
37  23 724706606
33  25 814738212
38  32 1559622928
26  39 1614190322
16  7 2028629293
24  36 1384710277
22  38 1680374626
35  9 30185476
5  30 1711900536
38  5 166765743
27  21 926557931
19  2 1522987698
12  7 1715312522
15  0 1620102920
4  21 723667344
19  27 1426658537
22  31 1304135778
10  26 516323155
30  5 1758051615
8  27 119325996
26  29 1519358615
20  21 257511987
27  6 71959609
9  17 134877805
37  29 735770069
35  25 1953532182
14  19 637420124
9  18 1831219995
35  19 1235208264
5  39 1705378674
33  37 1652004909
34  22 927459239
11  7 561285511
30  4 465698270
2  25 208667218
25  39 1617049850
4  10 436184115
13  16 1862191682
34  5 165835861
24  35 1990189401
9  11 2126631535
23  7 1704724373
15  30 431926944
23  33 2037887268
37  35 900668522
5  9 1228253659
37  16 1070190136
15  3 652927568
22  5 616825362
39  28 1202719112
11  26 1703906024
20  4 1082875159
30  1 800367563
13  4 922530248
15  18 1650969763
5  23 358478163
39  26 848568403
6  12 1923528780
13  9 1305421061
27  10 313118080
22  16 1502861725
3  4 417217028
35  2 736124802
29  23 355270501
29  16 49879904
18  23 1558914119
18  19 287444711
32  34 742754724
28  29 1157662485
34  16 531021621
39  31 1172380423
3  31 192868604
5  11 642620732
37  12 353968072
32  0 165889286
2  18 663216240
8  27 1304776123
18  16 383457522
6  13 1594303640
4  22 1919777019
12  29 2062728697
35  4 18483997
38  4 1680354142
4  8 1761647739
9  15 181996089
10  11 1142342145
7  18 2018605711
5  17 628403500
30  31 663687162
9  4 1988024734
5  16 1556797851
10  39 1932408298
11  17 1128119302
19  21 568795980
27  11 631651340
0  28 1741574896
34  7 2128603556
11  39 192790346
33  24 118308555
24  10 2115373895
19  15 1817211176
35  7 143415724
25  19 56185021
13  12 1679500090
4  8 958175944
0  35 122378195
25  32 125339428
27  30 1246260351
2  32 765096839
8  9 701162474
23  35 1594645764
21  30 1349753202
30  36 1015994693
23  21 260958177
25  7 460435091
13  20 1367099822
31  14 680961429
36  11 1244260599
18  2 257351697
6  39 55936522
28  14 279200652
4  23 1604437116
28  2 1552483940
5  36 992527996
18  24 1949235101
16  6 1952620773
11  24 1465689498
14  11 2099294873
6  5 1014369579
39  9 1350104192
14  0 19818820
25  6 1353346183
33  10 1922161406
11  17 1512273799
23  30 450081097
26  2 1788893586
35  39 502452875
8  16 735280652
3  32 475108237
38  13 69865745
37  17 1588879026
16  8 754161803
30  23 1590876996
19  30 300826079
4  34 198096621
10  33 424657785
24  20 1107433887
28  22 1534710481
36  5 2060457858
4  21 785341064
12  34 662920314
38  24 1572806524
28  39 702071139
7  9 1299916053
7  12 1073014433
37  35 164284204
25  13 606809547
26  38 312220839
37  10 750622698
37  30 1174246446
0  2 829685111
16  29 961123175
3  18 1212579824
22  19 823459547
26  12 2037058470
37  20 1767919632
37  0 1185899895
19  23 700937579
37  0 1282330865
3  21 1619462544
18  38 652433643
24  39 1791096511
8  10 1682328594
33  17 1575023728
36  34 6964982
14  26 1317034352
15  28 1959368584
10  16 1967005782
33  28 1888079052
22  38 880321771
12  33 1172481622
7  4 1025401726
5  11 1628521443
14  3 404588517
26  17 762731034
24  4 383236751
19  35 114687633
2  5 1699204158
39  25 1214518720
8  37 505914318
3  22 2145680975
5  39 1977543155
35  20 1915348153
35  34 1190265790
12  28 1166926842
7  21 1570513788
33  12 2085120164
35  21 49661822
18  16 66793935
18  15 1829488113
30  27 1657355893
8  2 986921703
28  7 159239521
1  39 1746113502
31  13 1488248681
11  35 1130378278
24  13 74547681
3  33 161937684
38  37 1493744268
17  25 1501371523
9  20 994922326
27  28 1267095870
39  27 590443276
17  20 1401296400
12  7 396883242
3  6 1890566381
17  24 1049377475
35  4 1667958808
24  5 1196167547
7  37 1237762581
21  26 1185350824
21  15 1652112462
19  26 1026848771
13  35 1110278301
19  27 1727993239
0  24 1481576781
36  17 1147785086
1  5 1248984694
14  6 1514450645
17  29 1362779202
6  32 1984883704
12  19 1237174844
30  6 1533815280
39  3 674695806
37  39 407565803
9  6 1272604421
18  14 1331353434
37  16 172363250
17  32 543324473
4  24 761025722
11  9 1090469543
8  35 1469347315
29  6 1153019339
28  3 1423927525
0  9 2121475444
31  8 371749366
30  1 504979839
1  22 865244446
7  11 527103385
35  1 820125710
4  34 402550508
36  25 345907624
38  27 1644341976
22  0 1890041771
34  22 441240602
39  27 588219097
39  33 764219466
24  19 1453653378
18  21 428123850
3  18 1667122753
13  38 2092019023
16  4 1970564890
17  27 1205453939
7  21 407017814
25  9 288541059
16  6 208054430
2  39 1697109405
30  16 1916218790
33  21 1669648576
37  34 682074918
20  11 1602047943
4  14 2117310508
33  30 1086989823
31  34 1124713392
25  9 1108163293
31  22 1825717429
27  22 1900510614
19  26 63331938
1  23 1337124861
26  28 1965715880
38  19 1193116154
24  6 1711683549
16  14 1229336023
35  31 1433348300
20  1 1097677457
17  22 2079047018
5  10 265198878
29  2 1800355692
33  18 1439684372
9  16 1531712518
2  18 216618716
8  20 217691321
28  7 1968056732
8  0 2075515883
39  36 105649767
13  36 1843538784
37  9 1666589008
32  15 1858676009
3  25 1116418285
38  32 1330569392
26  33 1638605475
6  15 2019299258
10  12 1601647847
38  14 66502393
4  3 633038895
32  0 1053172486
32  24 228454239
36  38 510405802
5  30 747061915
19  3 895370722
32  19 1990793519
17  31 512067031
27  10 835846162
24  14 718788576
30  1 1792203910
1  8 1315819577
33  38 634619114
14  21 1492692392
21  25 810901239
24  6 1245302939
11  29 149742834
25  12 2003979117
2  17 1616946803
37  8 1449697902
0  12 312642308
36  1 210068143
13  30 2077740285
14  3 2101609330
10  28 1531943879
18  6 393433502
35  18 1748747973
20  1 494253483
35  5 48368849
22  5 642158698
30  24 71884143
1  24 1754465237
13  2 517230352
33  35 551309628
20  12 926925464
33  21 984064175
38  37 697755672
37  7 1439612211
1  15 901001251
34  30 863180852
28  2 1929402833
3  10 517650728
39  25 1667667240
26  16 2119041812
22  30 2014111181
0  2 1171558593
5  0 1179426316
7  36 1661845569
23  0 1951826850
34  26 1423005365
36  38 1195477872
19  38 74549950
3  37 1131031089
22  39 1221377680
38  6 829364006
19  24 1280789925
34  8 2137188351
9  23 409666333
1  0 595904444
37  35 191238551
1  14 1754538429
15  32 1915495334
18  20 363422069
11  20 1279396307
15  29 671302089
30  22 340783159
27  15 237413955
8  3 948364221
20  25 82618832
27  13 1764381537
4  23 2071532204
14  6 1975364764
19  39 1690809252
1  32 12505744
30  7 416508625
15  10 316161505
28  25 2050523856
17  5 1780717500
11  27 151931175
19  1 141166946
17  22 1415283303
7  19 878621728
9  23 1347800900
25  1 1099425399
7  38 1994127419
4  1 870449815
23  20 1735148737
9  31 662863320
21  32 488504027
1  37 981256060
22  20 922330620
9  6 467123776
8  14 397318564
16  33 27064708
38  3 962090041
31  23 1426713671
34  11 886910602
38  39 615577401
35  27 1741801502
36  6 1012721925
25  20 1709439508
24  4 602722666
18  27 705891667
6  9 934238418
20  34 285428714
5  6 344127462
38  12 258249758
10  38 8328355
19  21 1221296629
5  29 2137276952
5  20 392371281
36  30 220333767
20  23 1414704303
36  9 739404599
31  16 1569571219
17  28 956326344
3  12 437844397
33  25 551213130
35  14 684552245
21  8 1269472257
12  21 1504932068
17  38 37148006
16  31 57915184
20  3 1609024985
37  39 1683775968
32  26 703600074
38  17 1946610045
35  10 494237291
7  5 1491976187
26  34 183067180
12  32 1973556872
39  29 228608323
18  38 1575127026
8  9 917198335
4  27 1368268205
17  27 1247390892
2  34 441754644
8  0 1227140796
12  0 302994472
8  21 1922841891
6  38 1064100744
17  36 1458926642
22  20 1491267766
4  17 1063898977
39  24 272283395
17  11 1593189204
2  38 2085088300
5  9 885566448
23  31 207527410
37  33 1150375025
25  31 133370130
19  3 1947893543
38  35 68509791
33  7 1076141927
14  19 935366220
21  33 836970751
39  12 1557805576
38  12 841094267
39  2 738317439
15  13 1761224518
8  15 1198187697
30  12 1072185953
34  8 795072696
23  15 506155664
4  14 1372168341
9  19 245516659
29  1 1523415278
10  4 21906947
7  34 1788044001
31  24 1334293128
37  32 170380464
25  8 789611135
4  34 1474182809
26  25 1032369026
15  27 1316581119
37  1 2019192020
25  10 2038269845
0  34 1439877285
21  10 238183772
21  5 1844020806
6  20 1146591639
24  33 1399616407
28  9 1044971980
27  22 546794564
14  2 394173870
18  20 1501825952
29  18 781300411
15  23 171950015
5  18 137839779
4  30 797700449
19  32 80295984
16  19 1162209012
16  26 1958828438
8  15 1497965815
32  3 514541641
33  14 664144033
34  5 1920556396
27  0 898532950
9  1 2008464901
39  8 903470759
11  27 839214095
10  14 653200263
22  11 1889371610
20  21 1752263720
25  13 1561722414
19  39 962963972
26  15 993141040
23  21 83948831
23  36 322302259
17  2 1942548077
12  27 1013078967
14  10 467075335
30  38 609548604
10  31 1250800188
3  17 1124639363
0  11 47908915
12  24 961403267
35  22 372146565
