800 40 22 31
2  36 748828442
25  9 954960125
0  22 1906310241
14  3 630963532
29  19 675764706
28  8 1113544390
19  6 443518949
5  33 1288700156
9  24 1246620036
13  25 1121948039
11  38 351610691
24  7 700469687
37  28 1902231104
11  37 281619968
17  30 2018898018
1  39 1798442751
10  25 415958741
24  30 1919152156
37  1 462503
38  24 1639872356
24  10 1794275226
30  36 724373944
17  12 409661914
20  25 2086179150
36  25 758334811
3  4 579171002
14  30 795698628
19  15 1804157110
19  36 596108318
14  16 1925182433
21  18 456348163
36  27 247569459
8  36 893592379
36  29 217465633
17  11 1240156688
22  3 1147604548
24  3 200026252
8  33 1704352720
28  9 341580114
35  16 881834531
24  30 185506561
2  4 1300911619
6  20 1633505838
26  1 636064694
33  20 222306676
35  31 624888380
4  29 295826142
31  5 73455316
15  26 645649864
33  26 1845958736
22  7 764079752
26  3 659794785
24  28 245828272
2  1 283410908
16  14 1325461200
24  4 1086945973
2  24 1536669692
28  2 1439345429
33  16 1054132493
23  5 950222816
34  7 1277965276
26  36 1255602082
22  21 669278851
25  30 1021489574
35  17 1306585911
15  34 98798569
13  34 1443623914
7  14 513588547
16  37 1684859339
35  12 1169321834
32  18 608174502
0  11 1541028639
28  0 1946648543
10  36 1899430343
27  39 1743425728
36  16 93741942
18  19 1652834462
3  22 1286280555
18  28 326954564
18  3 1054928697
30  29 556862511
20  12 1849506968
3  38 1688699719
28  17 1103692821
0  1 971804050
12  38 1587657414
6  26 1880798343
35  32 471361540
27  12 1657310416
8  1 141882633
4  22 244809764
19  3 217215477
4  26 1822424478
14  16 1093956874
14  1 1346915884
13  14 1663365990
13  4 1893629700
9  20 562846121
4  15 1531698175
0  13 1697316131
6  33 2132417383
16  29 1879684349
9  14 813154968
39  10 1632098677
5  3 578501826
2  34 497637197
4  24 1617999400
26  10 494173629
37  19 762600097
7  34 1570291708
31  17 2034241329
19  34 1403351948
18  29 271619415
10  24 317788952
3  16 1914244712
19  13 824828054
38  12 717242860
29  39 1106500001
25  6 71682302
32  10 560377053
23  32 305203410
26  22 331047386
9  21 2145702259
22  39 1791489045
28  2 822386846
37  32 265596288
30  25 1019061924
39  11 2099274553
9  21 1060267491
4  32 913938029
8  24 1540451120
32  37 474487314
29  4 2118065744
29  6 534870603
18  22 1567631516
22  1 1353578640
32  28 1483740348
1  8 763674965
20  39 1958780838
22  14 770306644
28  30 959272193
3  20 913252609
8  32 1020527587
33  3 1317801380
7  30 1203967890
32  7 1971362074
19  37 1910448364
15  2 2123757890
37  39 1877826337
8  22 1496713208
27  10 744415294
19  21 1152221040
39  8 1458423643
27  16 1977033104
3  38 257290436
19  16 301274806
19  25 1808493068
19  10 508201343
1  3 1250554199
7  19 528591094
31  35 1135744820
5  39 1055900030
34  12 1696687997
11  6 298154810
13  20 735802742
24  10 406106704
0  16 1274315152
29  12 1690031336
27  37 1523428821
16  17 801955844
23  25 83718503
17  16 309147768
19  29 2118199377
15  2 1277518346
6  26 609002825
13  6 1244749364
8  25 2091394372
39  30 1719952370
20  19 543502450
5  1 697719082
22  30 839642529
9  21 2041943999
30  3 1657440399
8  16 614448958
24  35 179324368
19  28 1916575160
24  31 153390666
29  0 1826715090
15  18 188793647
34  10 1270274016
23  7 1916308166
0  10 2039613182
1  32 1087784691
13  37 369152262
17  11 282870818
17  33 511876764
17  38 163168669
1  38 1465659266
24  28 732602777
26  4 2076885937
23  35 1478885408
36  28 874489622
16  19 16211409
1  3 1107014341
6  4 277539236
39  34 1464512362
29  2 1415916147
30  24 1875441713
5  18 798221102
15  14 486792729
15  36 83629480
10  39 744861014
34  30 1564854343
21  9 464183210
21  28 4047061
12  24 1828525037
11  3 519565611
18  10 648242059
11  2 179198946
19  20 1728761102
37  36 200042387
33  25 1977399652
39  35 589433593
36  28 541489266
9  4 2022651451
6  20 322768576
8  14 1821619907
12  5 1458933596
11  12 670916128
5  33 211262076
16  2 1157444633
23  8 2090372387
5  7 25222938
8  31 855379837
25  1 1427614284
19  0 1044451178
28  30 1070834810
27  7 301677045
4  2 1213999545
39  34 1839475064
36  38 1841154501
23  7 1981645717
6  11 452925497
29  6 1213879659
32  22 1074547304
5  23 632483841
19  5 459860250
33  21 2023642383
23  11 1507529463
3  1 933819152
31  39 853860127
21  20 1366989173
19  34 214967154
38  3 464217851
32  12 1447686156
1  37 584060969
20  38 1973719216
3  31 13237565
6  13 313424900
8  17 1448579511
20  8 1022969326
26  12 1168210156
14  2 47178715
5  14 1055957142
3  22 1094346406
27  31 504507470
39  12 2049195749
5  11 1427746125
8  14 845699611
27  5 397783312
21  27 1550769381
28  27 483863600
10  32 1628834997
30  4 984328355
28  19 593573039
4  15 1106772701
25  9 970520156
37  16 1619496163
21  19 897614387
11  1 1126637650
3  16 352419911
4  10 641934602
32  16 659690908
18  22 724314282
11  36 363573888
15  3 1429117406
12  18 1934354501
35  21 1324354373
12  21 1525145098
8  7 1762505368
13  35 871395152
9  19 1911122980
21  9 1710993970
21  32 1713805992
27  25 1088587429
18  7 761162284
4  11 425249710
31  30 837184280
32  34 828978520
21  20 1569077516
35  39 458307477
17  2 1848715908
4  13 1342739998
13  30 221737549
9  36 1772808004
19  4 577680852
32  36 1346693032
3  8 44414644
22  8 1748874411
36  27 1559347481
37  20 1938763019
24  28 938062631
33  23 678140081
36  20 1398280042
15  31 451944657
15  6 1964714821
5  25 23972264
10  13 519835592
32  24 1895876425
19  14 388027602
22  26 1363586310
28  20 468874912
21  2 219521231
7  14 801979278
30  34 253201621
19  11 983533974
37  2 1797642450
5  0 1931374163
0  8 2070114887
7  19 1649670404
19  11 1086236906
34  18 2024325129
15  8 1746455518
19  39 2013325336
10  4 1678275981
14  29 1595015065
25  36 900496577
28  2 1415055062
31  15 81789224
14  37 1519583190
16  7 620470743
15  32 970197097
36  15 1817757325
39  30 1456075427
33  19 847833801
13  39 244586733
19  38 2039650783
1  4 439022779
29  27 1794084698
30  7 162525941
29  36 1891388617
5  19 274938774
23  11 356409884
30  16 630690642
16  19 1514000293
17  18 645850675
36  19 898097274
19  10 104927883
15  37 946933242
11  25 652797765
2  33 865805941
24  36 2091330142
20  5 46495407
7  23 878709659
30  7 3283032
37  20 653484694
23  18 1646100805
28  10 2035845591
1  13 125137479
11  8 533467157
0  7 1391701400
23  16 92999404
34  23 1721556229
27  24 1677935804
5  16 1516659098
2  5 251332317
7  3 1706055035
30  18 852789467
5  22 1267994777
35  36 1292217095
36  18 1921850806
9  21 1155810233
21  11 1009187704
38  12 610167961
9  39 1230150243
26  39 208134337
15  16 408797999
8  22 2135052731
0  11 2010445985
2  5 1752514370
18  0 1258350370
19  30 506142638
31  14 1854528641
38  37 2064861114
19  34 324389214
26  36 457412407
34  30 1559798899
19  38 1233619820
3  34 1387753285
2  7 510677255
12  20 2144127448
30  1 830136367
31  9 1336625358
23  16 1527045762
20  9 1547512656
2  39 63944154
34  21 1809568498
31  22 1958748769
12  13 1412229617
27  8 1748935699
8  5 889773746
4  0 384911907
2  35 1571227743
23  22 1853288123
17  9 300857129
17  27 1826372308
10  25 1425475673
18  32 1310862164
39  28 779159023
8  39 1468232551
6  25 1151720008
2  25 1354546661
0  4 1778685583
33  10 1583336089
6  26 1099249141
19  21 1772816696
7  25 1780446444
27  14 344194330
17  21 1606917710
19  4 1541185536
13  29 681613549
7  31 62766701
18  11 990751474
35  2 1569801649
36  22 1546071649
23  33 808629157
21  14 377728310
35  9 794056946
23  24 1760148643
17  35 423588511
3  24 227090147
16  28 418363208
4  2 1473663069
22  10 1330407176
38  18 1216499025
35  1 1689679138
17  1 2139062582
36  17 1539848073
25  27 1184736443
28  1 1663740483
7  2 759683554
14  28 28038455
38  24 1713647905
32  26 1246715410
37  16 1241288331
17  10 1664615912
22  15 214209496
3  6 2114672644
32  25 435869550
10  12 1491749494
32  4 2030669250
32  6 311870303
2  25 2113150932
16  4 1532584407
15  36 1153042755
12  4 677986470
15  31 390434003
11  2 1622581951
36  0 1207423643
23  19 299232077
17  36 573862495
17  10 673221877
16  1 1570330304
28  29 624055908
28  9 1495193628
0  15 1947495277
7  35 1975909062
15  26 1170771496
24  1 323207797
36  13 1807161619
19  13 1891984473
15  14 1953156829
22  33 1968571524
25  12 10604623
25  34 1019468341
16  26 1256725999
6  7 815267795
31  29 1293396083
30  22 249757240
2  17 456432041
9  21 188503985
0  36 1044282640
11  37 2054524512
4  28 339746549
20  19 60008615
14  2 1668742543
14  9 197343372
8  10 1009786412
24  3 1052542932
23  12 1995736879
13  5 1860916007
15  24 394419309
25  36 238675849
38  26 493518131
16  0 362174284
4  13 968315064
6  30 2141793776
9  34 1228733881
36  39 1060533191
22  11 1383965528
31  25 1667963514
14  36 2071561278
2  34 1138287097
27  4 1700472777
7  8 2038105448
22  36 412986320
32  35 1367345186
10  5 1865037472
27  33 1643430622
36  1 1914276129
2  33 812607475
2  31 732361854
8  25 1193327443
6  30 501419177
37  7 2141316085
35  8 842510801
10  33 294748016
16  35 2033518294
28  13 1703035842
25  14 925804539
32  38 1382718484
25  9 935848551
3  1 48723909
5  32 355738263
33  22 1008291374
11  1 63952012
19  34 1471110835
29  3 518091023
33  29 1088221066
13  26 1229352346
3  8 1072956928
35  1 253940858
14  24 1182219838
7  35 577408121
20  22 62199707
6  4 140464199
28  32 1041921436
7  0 1964763721
28  35 2112061166
33  27 648330686
9  31 1168851055
38  21 1368755334
38  32 1654089676
30  4 1823571130
3  7 1226521492
12  28 1792313259
33  18 1920524748
14  2 2129404181
7  22 1231224879
20  5 1354149657
7  21 1434856615
8  16 732002273
11  5 738550796
18  11 1573667099
18  11 1483974041
25  8 419241377
28  20 1990718148
3  12 910571046
2  18 444737270
24  1 2044431418
36  34 1778360390
34  6 948364446
22  35 1530263164
27  3 13948414
21  25 1868233841
23  37 501915871
8  38 1459619409
4  27 287893673
20  26 1251688117
25  8 1376510294
14  19 1317522156
22  4 1517087754
0  3 431909898
1  18 652590625
0  18 1285290634
9  4 1621509431
31  21 1696528351
1  2 2009751888
23  38 1058323236
10  0 1162971733
29  11 282108840
18  0 325464904
7  11 711717153
16  10 729031743
13  10 2048592549
27  8 128890027
14  29 1173554881
39  16 442083520
21  38 148204988
16  19 146109941
18  22 488939326
5  10 1004713540
8  15 285513287
2  16 983262448
30  12 1865270771
1  34 869898910
30  8 584731791
11  38 585191413
28  30 918967547
3  35 795329967
13  27 1832481448
33  15 1221429889
31  35 55139552
24  32 1930518309
22  33 54498136
36  31 1878137101
2  11 68029750
26  3 1755587634
5  28 1406893374
6  2 531248623
31  39 397477606
25  1 1198238778
11  25 1824143589
6  1 1519748702
10  22 1430738607
2  14 2107788047
7  15 1691790638
5  38 828271175
0  22 2003040666
15  23 119050295
13  26 546803322
7  2 181813186
29  32 1667129478
1  0 1187556698
27  22 509492556
14  28 190159039
3  5 712912156
28  17 742547540
23  37 122749859
24  28 1678724278
11  2 1525296263
6  39 1549976642
20  15 1276788193
3  7 1897503033
37  30 2086973756
39  18 1243256332
13  28 416794375
34  5 1699751970
7  14 1690501792
23  3 672835067
31  2 2089051088
17  19 1423009147
32  16 1748521336
29  15 1917531971
8  34 679503944
11  8 736085904
1  23 1761371543
13  23 19658473
5  7 1330724910
32  15 1995216247
20  8 675536831
7  0 1785334862
4  39 1073020326
18  22 832903244
3  25 1361209478
15  7 365384515
25  17 112835439
1  23 176794182
9  36 220553877
18  32 2046565677
6  4 806282976
9  16 650397048
17  14 26829650
18  16 2128355348
16  17 1583354194
16  34 187615045
1  30 1557103098
17  8 369345904
11  21 1314213005
30  8 1309599689
26  17 1217062464
33  32 78256721
1  21 1503626832
0  24 677840158
13  0 1681698757
14  3 445146644
30  35 567149865
1  30 759853785
25  1 1898054953
8  29 47804232
13  39 1633583120
7  34 519594861
7  34 766802409
33  0 1853096054
2  5 983142696
19  20 290226906
25  10 1906352467
34  36 979257626
31  12 1994900694
38  9 1458766541
7  6 266740616
13  29 1105305713
14  16 1279582133
39  9 1592032664
3  5 1064997832
21  20 1661406517
20  12 2001100459
29  21 1129045034
22  17 927117464
9  33 1505226901
13  18 621200218
31  26 543364102
32  30 803604819
1  23 64455898
20  3 120649863
30  20 802098111
25  22 287721762
16  12 1556358842
11  37 1505224700
24  13 379827231
31  22 1774728225
14  32 1907550025
0  12 1867699883
9  28 1104578106
4  35 498080493
10  32 2022170794
0  10 1747766462
29  30 1851142044
16  1 1773870642
27  35 897035945
38  16 1208143315
37  30 171978650
2  4 943987378
16  35 852025109
24  30 1876243912
35  18 492513782
29  25 848001075
22  6 943732367
27  26 2143296843
11  16 1681728722
39  5 901978814
28  39 1628870806
38  36 1084836575
7  27 1680291109
28  19 1897754244
4  21 442518958
36  1 384558886
33  34 1765717391
25  21 1790459501
35  23 216758645
27  36 328718094
39  14 1578997964
32  19 2082631001
24  33 176841045
35  11 443218522
13  21 998366739
13  15 1849721308
39  17 1114598183
37  20 878763435
10  23 885593447
10  15 638533922
36  27 1093636430
34  28 1551830928
25  22 658019902
17  22 1491300508
39  22 1283588443
2  4 943465220
19  4 567146
30  32 1841333314
29  6 1331599906
4  5 651461448
30  15 1763432517
3  30 327348258
18  7 1564206191
29  33 1464253461
36  15 646564509
9  13 1598200994
32  38 215934167
22  18 114038173
19  22 10332953
22  18 1018573246
1  6 1646038968
32  3 30963583
28  29 981360195
30  4 773766342
19  35 1950300607
28  33 1692900346
34  16 103369407
14  10 526153310
9  5 1094897384
10  39 2145541460
39  33 447379134
38  39 1513838473
8  32 1799592777
3  32 1339980565
25  35 92458358
32  17 149486057
21  20 1777767954
39  34 906625368
11  16 1470654601
