800 40 15 13
29  33 1053907765
2  14 1444179057
29  38 1490117840
2  8 1650590277
0  39 1962311322
26  25 1414274917
15  34 2124804354
39  35 1440704874
15  30 1171476308
17  37 949823087
2  20 1056168913
0  25 1433055554
33  37 1273402875
37  38 10025535
30  5 816241503
25  26 1242404575
28  26 586356357
35  28 2131585204
8  19 1807526515
4  8 2055569493
8  11 797286990
20  33 1467049715
7  21 2017785068
20  11 618838697
32  14 1825203368
24  23 1877551025
18  0 61133238
21  25 591056853
2  31 232625234
23  3 197070386
1  7 961347576
27  18 1620230414
18  4 25294099
22  2 844187169
9  0 210716705
24  35 1976163126
33  14 1135916831
12  1 268666563
10  29 1111716780
11  6 2031173361
8  23 1502751257
9  34 352488521
12  16 1545913349
5  22 1661453687
35  22 169764699
35  21 2069673430
7  9 1698121238
6  18 447597226
33  9 1743592697
21  2 1491002907
3  30 1682844312
31  15 163672532
1  32 714571479
34  18 1191886893
12  29 1832346682
19  18 879217696
0  39 109594684
33  10 1014390254
4  8 29361645
36  4 1452867242
21  20 1262225648
33  28 2100314601
33  12 1844911929
20  0 1830014338
22  32 1371015467
19  13 436735305
11  9 1992386933
38  0 1664352521
8  30 856270585
21  15 115828814
27  15 1744608770
27  11 743327018
22  35 355933947
36  9 849159281
13  19 1687240558
37  19 1572516672
30  34 2096928693
22  5 1767228474
13  23 2017128100
11  30 1761471981
17  11 648941534
15  29 1077534575
0  25 1371444613
2  23 421525365
10  12 1229624727
12  10 1623790112
25  21 1542269419
16  26 1450836081
21  24 1081841531
33  15 1401397070
24  32 1708489083
3  32 404340546
21  28 134536001
10  8 1634283567
20  36 1518028431
38  17 204766762
18  31 374159549
30  29 529738022
19  0 1207011672
28  31 717444
32  21 1363061802
29  37 543688133
5  10 1068197842
8  37 375124903
17  27 718492210
33  22 486300269
11  17 1778520663
7  33 161175340
39  26 1862429401
26  37 1274340778
31  4 1162020652
37  34 1650538208
5  11 2004975560
38  20 864535856
15  22 868251933
0  37 481953490
5  2 435085863
6  9 711687532
14  3 537243593
27  11 681703791
12  38 199854686
35  10 1690729100
7  13 1371570668
11  12 835366450
33  2 340799154
10  9 1504708399
14  36 196457924
5  32 32086157
5  26 1508845295
14  21 1703430363
3  6 388770450
38  32 71819553
20  31 361929742
1  32 2091634641
28  23 1756615741
23  8 328884034
35  34 718783524
33  15 1480995451
4  6 920266321
23  21 328982653
1  15 1560247397
7  35 953726392
29  35 1693357990
36  25 1376466981
18  9 1503626107
8  17 1549605635
15  0 1072293923
32  19 805359617
14  36 1479075170
8  1 1050213444
5  2 1737956569
27  24 660998256
29  12 173300071
26  13 889638965
2  10 575843240
19  10 392305345
37  22 1621085977
27  22 516901409
16  36 2030813123
35  2 1495737614
35  15 1726142293
36  10 715369884
18  9 1200313227
31  15 1568246929
22  28 458993595
24  19 1753582647
38  23 1143200573
28  0 1952783349
30  4 1339248678
25  8 1767689179
16  28 178463702
7  10 142485917
26  20 1936170792
18  11 673227728
6  32 958699667
21  31 8560435
37  16 780610008
7  14 1259002494
18  37 1193456290
2  4 1944646460
29  13 1634803318
32  21 500723216
23  3 279891943
26  16 1880629193
3  15 1008782092
31  0 485820462
10  3 707005130
11  13 421115755
17  33 1300165489
17  18 1799867829
18  24 86950146
31  6 1169458273
33  29 1312490070
38  9 1598611828
24  14 2140290224
6  25 1168448985
33  36 1660225409
15  33 41628097
9  11 706177142
9  22 1261128914
29  24 1387754877
8  7 1102096587
24  17 1237978876
7  1 727906503
22  20 1353639740
24  17 16008682
26  13 141271576
23  16 33159811
2  20 1137679736
11  35 407528659
35  5 2104518799
4  29 446993703
16  1 1627445481
25  33 1401120666
36  19 1927728904
23  26 1077095072
3  21 1295106715
28  32 1427440123
24  11 398516009
39  25 995920768
35  7 1390951788
12  8 275923289
32  25 262661095
8  31 756943188
12  22 1264851295
37  6 1553509593
6  20 1911961869
33  35 469668204
37  16 1834170226
39  6 1697144843
10  8 938370643
11  7 902461823
0  19 519807383
35  17 825298923
19  2 750466850
7  28 2026496968
30  10 1769139096
9  37 1133715825
20  36 1634263654
38  14 576415953
25  13 1581176099
15  29 1709816188
19  8 1609020191
29  21 850326802
34  8 75510164
27  6 1348262246
9  31 987900414
4  31 235556798
18  5 1212622443
17  27 1501148423
5  12 1114891626
16  9 1540038471
16  25 31661661
21  32 1358840347
29  33 1014450066
4  13 1738911395
16  34 1079462212
8  28 201872523
18  33 216695705
10  39 118786738
24  8 1726198760
8  19 1365030227
6  27 1511858561
38  9 1629310229
8  4 682813634
1  30 1175284101
39  30 1641474529
30  28 2013974529
27  9 1799391144
24  26 217297961
12  9 1763710659
13  29 1367568061
13  12 2074455569
7  32 1661134121
1  35 1949535807
18  17 986017631
1  38 1188988040
26  37 258434200
28  11 1998938388
25  39 750731946
26  22 1611656774
14  8 549731262
4  9 1895033111
27  28 1021668046
34  8 1586679691
19  13 1969068003
24  37 218644281
33  7 1839718955
16  13 544791950
14  13 1205180862
16  2 1614331603
16  10 1454074649
30  12 1039537295
35  0 596688509
26  39 355882924
7  33 1806668500
24  5 229245335
6  5 1284806952
34  22 989413723
20  26 2075730061
3  36 480051933
4  18 294612285
14  27 639690407
18  14 1943855244
15  27 1385942783
5  10 1018133927
34  3 1300820185
10  6 1118961886
37  16 888490398
23  34 429363191
9  5 1555055760
33  7 122704176
29  10 1289889988
37  10 712550261
3  38 1414706921
38  1 949693151
20  0 1664822860
10  34 506143230
10  33 1729882075
21  34 1497371458
7  38 1132490407
12  33 873636124
9  35 511798728
4  21 201322814
36  3 839419830
7  13 557290658
33  6 291282143
19  37 571976868
25  1 692330375
8  9 291124424
19  31 1655889582
38  15 1090428307
1  35 1296110840
31  3 2087789620
14  33 881298095
11  31 161762672
15  23 731421696
35  9 11558955
37  29 526259820
13  21 312093302
37  5 536373249
4  15 1552104374
14  35 1895944443
10  25 1749370932
10  8 774904303
28  6 2054038944
39  22 48524295
4  19 1839810107
36  19 202798160
0  16 1936825109
37  4 1076010863
29  34 1129225393
8  12 1434288751
28  6 114183425
31  18 9313479
19  36 1437387218
6  32 1399731128
17  22 1380987171
16  30 2085741230
9  11 1167050582
20  36 95416600
4  18 622681717
29  6 2011442630
0  9 1674246976
37  38 1540406966
15  20 323504430
6  12 2098903339
28  34 1338911885
12  11 1221139399
18  13 86225838
14  0 1536955626
28  39 1500299182
28  16 426734469
31  21 1047857903
6  8 1247872540
23  19 239465638
25  4 1577738661
33  26 726692891
20  7 1072591272
16  29 386917232
8  35 1934919501
5  17 434508428
16  28 140503182
19  38 1394271996
20  21 1119693111
39  37 1394682690
24  0 1716072803
29  28 1028775365
10  26 971939007
20  34 88823974
11  24 1543953264
2  7 352390578
4  23 1082934906
39  38 647289795
8  10 1912175556
9  4 465295916
10  28 1963223301
23  26 1892153988
7  17 1618900255
35  26 2070095971
2  19 436079650
16  8 523316612
30  10 1390515126
25  29 1469101506
25  10 816312749
36  22 343242839
8  6 533256258
11  22 1168545294
30  17 1447837665
16  24 1417955333
13  33 1414392525
23  6 1517793510
15  33 701633970
23  34 696676489
37  35 1994352020
6  11 405538052
7  17 1192505284
29  19 2131819383
10  37 2030620487
32  8 678462906
14  24 1211681688
24  28 1971482438
23  37 1772213394
7  33 545839212
11  39 1064959839
27  8 711521729
10  24 1759137369
24  27 2040208881
15  35 393930228
5  37 1438221382
20  22 960616101
13  15 561392915
19  18 212083983
32  36 1470397170
7  33 904776833
2  16 1563424128
22  31 1402782780
14  15 1689791803
26  2 2028533821
35  26 1819642600
18  3 447418668
4  2 1571226842
34  12 334975502
4  25 2092241874
25  39 2034194267
3  0 59565829
20  3 1183447251
25  39 596713456
32  8 281781136
39  0 2009748673
17  16 1156350291
36  2 262168172
15  7 1482033511
38  11 947888538
29  1 286638638
15  28 1923229198
18  12 374905386
28  27 1488550501
3  9 2068376077
13  15 1417035489
1  12 824001783
20  28 743346077
28  13 172147041
38  6 2091266895
20  31 145037478
13  19 815959600
27  39 1973772718
17  30 82891391
35  20 2031980423
35  3 439651363
28  23 2139585410
2  29 118583942
0  32 1361766434
32  30 218610118
37  26 1076670804
33  38 2043093755
30  23 459719854
39  16 721347629
36  35 1407168936
29  9 874518719
4  16 1513738291
10  1 131913920
4  1 122577108
1  4 78597788
3  14 385214619
29  27 1427295992
12  38 72800886
10  8 1306511904
30  17 871706491
8  4 577251962
11  6 325244443
18  0 1448744996
12  0 871305456
30  4 731373204
38  9 617403948
18  30 897127715
37  4 1366488155
1  17 381741596
15  11 306126673
22  33 1671905099
6  10 1098685718
34  12 2140878851
25  24 112576642
30  5 681425902
31  9 1093554231
3  34 1573651168
30  11 1671024382
20  11 1924505185
31  3 2142697932
34  21 1004461198
8  29 1040704301
14  5 1826410713
39  19 72508602
14  18 494006664
14  23 1051119919
27  25 1789955940
32  2 493471773
28  26 950781569
3  1 1924986670
15  36 121595549
29  11 1316273060
35  38 634806272
28  7 2025899466
17  23 1324193663
3  38 76450246
0  20 832475460
15  18 1122747343
30  12 1528651421
0  9 631875438
19  0 206707311
22  26 140294541
2  37 1480733974
10  8 442613641
6  1 937147519
7  34 506782580
34  18 995979765
5  23 2071445564
7  18 1021661525
35  34 1047683063
6  16 1145498839
36  21 1947679340
20  16 519052505
33  34 1318610956
22  17 215831878
8  31 906774513
22  38 865501647
27  0 1141665842
0  6 871471846
31  16 1024593558
29  23 1810786785
28  35 1646081619
12  3 2063040513
30  39 383282336
11  35 451965395
23  6 519690420
33  22 1939209785
2  22 192281433
22  20 60706283
17  28 1761579633
5  35 1976289881
31  30 1240909478
24  6 134312986
9  22 1700203868
11  13 1159021742
22  10 1356969602
9  31 1680371436
39  10 261788259
9  0 764237934
23  24 789331645
18  32 680809167
30  33 102591232
34  23 269776578
13  17 2030463277
34  7 1896982203
24  9 1890133416
24  9 1278988916
7  26 1701837796
13  18 254333470
24  14 2003305022
21  32 277069491
31  23 1393220731
14  38 403799076
29  17 1609027061
6  33 1551074732
39  1 1879184050
22  12 263831982
15  8 100583088
22  8 680200338
17  13 360996538
25  2 1580852257
31  7 261601754
36  25 974891611
1  38 1129528761
4  5 740689513
21  18 1987768819
6  34 1472330233
34  32 1104473761
29  24 328205577
3  34 109720469
13  12 1063137295
35  21 1753875846
23  32 993725428
24  18 697690432
29  12 1028772395
5  3 546168332
34  15 1265310439
38  19 686429989
8  15 1124088969
35  38 1188536451
31  20 734546369
9  10 331373012
38  18 942242980
15  21 1099718219
24  30 1979280260
30  3 627040932
10  18 2018590343
7  4 1179731922
10  8 833687272
30  25 28992281
9  22 316343113
29  18 1184691101
33  16 52471879
19  30 1343865829
18  38 161286986
5  25 1422587433
3  8 2033250346
39  13 815352127
25  32 673495957
20  37 2130120265
11  37 154336324
2  18 992900542
5  29 511274275
13  18 954552543
15  19 1686181494
39  27 1294478698
19  10 1880832723
1  38 1544707226
28  23 982875113
36  34 189071118
29  21 209546553
12  34 439542933
13  2 1126972635
33  25 528679083
30  8 1049328233
32  16 1650909807
9  25 943725486
18  6 731218608
14  36 2011274628
11  38 1547315741
28  10 435377468
27  16 1683969599
4  7 1315914242
11  12 802445313
36  33 1580618625
29  25 1723421331
12  13 1422634647
23  21 220086791
8  24 1539157607
10  29 363573774
1  17 757800428
24  21 325027897
16  2 1362094153
20  12 286505478
8  9 947899382
25  30 456465449
25  8 1833627801
16  6 147205520
17  7 396916224
4  35 1967282128
9  37 767248135
2  1 459552834
13  33 1576183257
23  19 788924031
7  4 257136371
10  20 1580401833
18  30 1000763848
23  25 157111786
24  23 1157873672
3  33 475450804
1  18 995049519
3  28 515631050
13  0 1112072778
11  2 170348068
15  39 226857573
3  16 1477323218
2  30 230394915
2  39 108652100
6  7 357075785
30  8 2056750524
27  30 746530944
13  37 595892499
6  11 2114082484
2  19 1201958730
36  16 666088895
6  39 1786250938
16  18 1403714273
3  18 160603047
23  30 104262480
27  24 1454054647
15  30 688108913
15  30 421382590
30  8 682257933
19  26 1979040507
2  39 1811403985
39  24 1719378390
37  18 623733730
29  32 1959621748
13  33 551270970
22  33 1481239015
15  13 873986861
23  32 265601882
2  14 117706473
4  12 163340279
0  19 849820555
37  13 1127509865
3  25 1781745649
35  18 931132270
1  4 1230365229
38  30 1054333238
7  3 1173839522
6  20 268705694
35  22 123434894
11  1 1985283616
25  27 15120138
26  13 1006693867
14  0 1210684556
32  25 1592684363
23  20 597184164
13  10 1811740401
17  39 1670675685
36  1 2098664643
19  5 443862537
10  9 1218487413
21  9 2015330377
7  10 815150753
28  14 1493835691
20  30 905263497
26  33 1494044782
6  24 1559102641
16  3 2004897434
7  28 1757452973
13  32 900961069
20  35 834410438
24  10 2034427421
12  20 659243333
36  37 1553626569
37  3 1064968335
5  11 750593184
18  1 2143369783
38  8 2139656805
13  38 1886084975
10  17 1002444582
21  34 330579479
25  36 1302558963
13  27 1078702310
39  1 74858396
11  10 1600285090
18  10 1029640077
2  37 2128063724
35  33 871649107
0  24 1056590092
12  13 1816611366
30  5 1994905603
24  9 50458099
28  38 1211419000
17  36 302862548
30  0 1874444688
5  17 1324726890
25  15 1566529496
9  3 1743366693
18  35 986442812
10  21 1102665037
8  34 2111363208
4  31 1767789191
0  4 911600133
20  6 1518170773
11  4 808714603
2  19 267264258
13  37 741279731
4  29 720526737
39  26 1857026054
31  30 1857434387
35  5 759024698
0  4 1320166035
13  29 1916756948
18  24 1002741242
35  19 1580875766
30  0 888106874
18  30 1044955223
27  16 1984718197
2  15 635342863
4  5 1668748712
19  0 459236506
19  20 540959214
37  25 834687885
5  38 2017593016
39  15 94211727
39  13 2080941321
39  7 487236377
4  30 991568382
