800 40 22 7
24  35 1842449576
17  10 121856561
29  7 924534629
6  27 765772387
20  15 1966332983
14  39 1085865603
10  28 246576662
1  4 1384791358
24  30 222388241
4  39 1007732190
16  11 1685209947
10  11 1493927139
23  8 1849595718
20  28 840986801
28  31 586328044
39  20 1657210565
27  10 152107775
16  32 1008794479
0  8 1267072501
14  32 1636258672
28  35 1570425719
34  35 1460728662
15  5 598719664
2  4 286779124
21  24 663235288
16  12 382020014
23  8 1571064080
29  33 2038790016
26  18 683076851
13  19 548226331
7  33 2007173318
11  3 763351516
33  19 827476531
10  23 747378595
32  1 1129547846
33  38 31426183
12  17 1231155829
23  20 1745374351
23  8 2087003981
7  23 1369524314
23  0 1209711185
34  32 590980316
38  34 1389554341
28  14 1179664507
33  3 929582379
3  35 1791621693
23  7 979182383
33  29 1722444330
28  4 396848503
36  15 749470572
1  20 992856745
33  38 1816948070
3  4 1337322275
29  24 24387968
1  7 1407899101
39  22 105966166
7  23 1768682953
7  11 1297701027
1  17 186022629
37  13 1712260431
0  5 1719611745
33  3 1431384516
19  0 411150698
4  37 647748581
8  39 15681284
19  1 1123014489
17  20 1347844696
30  33 1088616923
10  14 726940385
0  13 789143336
2  24 1759540018
30  5 1400343136
20  8 937756352
13  34 1048705928
1  14 1994444351
30  9 734449121
9  35 947962630
32  29 1274160633
8  5 360185321
28  25 1800434599
27  5 202820160
19  2 1717348928
19  7 346159626
13  33 1373088484
19  23 1215983743
5  22 1693889321
35  14 643858892
23  9 1761928324
34  12 1767294048
18  22 1379433274
5  28 1781125796
3  12 850299556
39  33 1052285482
18  27 543277720
3  4 1927429195
30  34 1622428439
37  15 785957264
31  37 2032690452
24  3 2023365225
27  37 2101140395
30  16 123268351
19  13 1758391489
22  38 1543439248
33  20 1006457432
33  36 1974406855
2  13 1813051666
17  10 57035306
7  13 1775077529
33  1 862253243
29  35 241504776
23  6 1490751287
30  17 1448011692
28  17 657900830
10  7 1455136613
38  6 424834501
12  24 168982791
24  4 1323285155
27  17 946757069
10  2 1046335010
3  34 764100823
17  15 1791328916
33  30 1655422333
7  3 422923853
26  23 1351076064
11  13 1053328258
26  24 2140040524
32  27 583227290
31  23 77328222
0  31 1995331249
7  2 1784139821
9  16 1629072193
3  6 1887179864
8  30 835059641
33  0 1652460736
17  2 855733402
19  2 1091300011
34  19 160550515
11  2 23043131
21  35 1156591519
36  0 194018755
35  23 560315431
37  18 393587751
26  13 1684597706
17  27 185782570
29  11 478834590
20  1 104708956
20  1 1337958713
11  28 312160105
2  23 1758310129
33  12 372269321
23  6 873999429
1  18 1227104468
24  29 1289237387
16  14 1862411433
9  28 662941852
3  0 762001663
11  5 828839465
8  25 1757956601
19  26 936357366
10  5 44115065
25  16 507672165
32  29 1140229831
6  2 417877514
10  18 929084433
5  8 440231997
27  18 153460875
37  8 1506842158
37  38 1239573246
6  37 1455364345
2  37 1651350385
29  1 208702617
25  22 478431088
3  33 257207726
11  13 2112154243
14  35 1574253748
14  4 1531152530
15  27 1475858078
34  26 525458663
13  14 1066644351
17  4 2032375621
16  37 613548315
2  34 453264999
36  35 1568700802
5  7 1471699849
23  33 1826108624
18  14 762547554
30  18 1011847823
21  22 718771074
37  0 2145210742
13  28 758870070
37  5 625939148
8  11 1619978474
37  2 1981055606
6  35 151208234
21  18 1837710388
30  28 1657969422
32  2 1788859794
4  2 1570684704
32  26 333943142
2  5 578705775
26  24 1691650074
6  20 1941174408
16  31 1647134183
19  18 418961336
12  14 579444768
0  29 910466354
8  17 2007880611
19  12 847020605
7  26 1601316315
10  14 2128343078
28  17 390094916
29  33 1202665639
11  24 931623927
31  22 1472619292
5  38 1092286635
23  33 385210788
11  9 2012714070
3  35 2134991481
10  33 1046643691
33  29 17183986
24  38 504687199
38  16 576442804
37  24 1663102150
36  34 1226570282
12  31 2028687171
26  25 446064747
15  1 1287853377
0  29 1356551390
9  1 223332726
29  18 1117356864
17  0 932351999
22  30 1564964444
20  6 1768423980
14  12 1430416027
37  34 1199544011
15  28 983147211
26  27 1388835523
36  28 1858298762
6  31 808570609
6  11 1125613531
30  33 90577787
30  11 1769994016
12  28 1386194046
15  39 1372553997
39  2 1824456589
19  20 128036202
34  37 310884261
12  17 1174339314
9  37 1137811904
20  22 1289170108
32  35 1520677529
11  9 371128237
39  37 693986486
25  13 963988502
9  15 206138528
2  0 1623400162
23  26 1417816572
32  29 1020978621
0  5 1279115903
23  34 238307355
14  34 2115414426
0  4 1269109892
38  20 1273746423
35  11 1942584980
10  9 1652798749
28  7 1676022357
27  6 1189188906
19  13 692351119
16  0 1675288199
18  11 1507887048
36  21 714611112
1  21 720230130
23  16 888651665
10  24 1977025892
8  33 542846982
0  22 1134651305
23  7 2106502020
6  27 1742749697
21  2 618784571
3  31 986695737
1  21 2019016807
4  24 971805302
4  16 561490420
17  6 537401969
6  5 128516306
30  4 774982169
33  22 222962167
34  9 1150145207
3  28 1358644181
11  39 1721471103
8  14 2087178988
0  8 22883305
10  30 739909561
6  23 1726659546
22  11 889345063
24  34 585330476
38  17 637168463
12  34 1622436526
23  38 1208826017
32  34 1705022032
27  1 1275381117
15  12 650216893
18  15 1351097596
37  3 276844474
28  19 818121207
18  30 398757700
17  25 1447839997
13  15 253913872
36  14 661774563
10  16 684759095
27  13 2031749826
0  31 1436091415
25  12 250710193
18  39 1479050892
17  7 204553996
30  35 947760795
6  11 850580322
23  21 1869270808
0  35 1864712733
4  26 1685929476
3  7 1867183180
39  11 135692727
10  28 165990649
39  35 1784469101
38  29 2051832139
4  7 755001864
30  33 316587410
1  30 1774068457
12  15 1490522247
1  34 1081150100
22  23 885475999
25  28 302856074
16  27 1086117786
12  30 424602596
29  6 905057369
0  7 879283672
9  3 2053453257
30  14 250974055
11  18 1249054463
26  31 119451446
24  10 378729362
9  28 1639759673
27  23 586146803
8  18 115248603
27  8 2064193877
39  21 660542476
17  30 1294556472
12  5 109128247
8  4 350729418
35  36 1653867510
20  8 215331918
39  37 1825907151
38  23 1334938992
0  34 857385786
36  22 57405998
23  3 1171710759
12  3 808570277
39  3 1442371774
32  18 776831637
11  12 258941985
37  10 1547473786
23  38 2043387636
4  6 615859870
14  33 1487987466
36  20 1763201212
25  33 1619033700
33  29 1916100004
3  19 1961810917
11  33 1253898681
26  12 2005111792
19  12 410543551
31  27 645949839
35  14 1327273641
34  17 1670595097
35  3 945048669
22  4 1098985921
12  26 886797194
28  5 1794282718
15  31 1730254769
23  7 254543594
39  34 291035001
20  10 271499643
9  6 1983066032
9  24 583466554
29  15 1714851879
14  28 376320432
26  3 61378608
24  32 270954694
19  35 1436583905
11  27 110319874
25  12 1945976106
14  35 1892348601
22  11 408136944
39  23 964393185
11  20 1629868843
31  18 321361481
9  14 1027616218
4  15 551366453
26  30 1168712956
16  18 117994746
21  14 156840804
16  20 1645842933
0  33 1554728545
19  4 700771773
2  33 1962983326
30  4 159107366
37  3 1205848946
18  12 1864495873
28  29 1940670243
0  31 832819702
16  17 2135912569
20  17 308757785
1  32 890483309
1  37 1582768303
34  10 1827523648
32  33 489076612
30  2 18765473
0  8 2111886239
8  36 144759858
37  14 978445841
26  13 1336680821
11  38 988383596
31  22 711670141
38  15 784767266
37  24 1873437216
31  14 1961497970
28  34 77877627
25  29 1950319417
1  39 359871470
37  6 1150781844
32  5 1075055879
7  27 241200752
3  10 1925337686
14  33 1680778792
32  3 764447659
30  39 1504581962
18  10 932715742
23  34 1898540694
34  14 2065554838
19  30 514138548
0  39 2102466781
32  20 1316787893
0  2 1506122126
38  0 930306052
20  0 92759589
39  10 1435068584
11  4 1971615491
1  11 136254924
29  33 1493285279
19  29 280462774
16  1 1073377913
18  15 408528519
6  11 1029117730
4  35 1735281738
38  32 1897020659
11  38 1339378559
26  31 369244761
34  0 1016386883
19  32 36350114
29  31 810868318
36  22 661956964
30  1 1417760865
16  30 1574449629
1  2 490892889
34  13 1519629632
3  24 1669619575
27  8 538382103
13  12 893076404
4  3 2104700880
33  15 1221183938
12  16 112457815
23  30 489492309
14  12 1699313684
2  34 475747122
30  34 1226559697
29  2 684356590
16  18 2130884498
9  12 1435355195
17  21 1063069114
11  16 135502660
17  18 1011333329
3  31 641473217
8  28 228757898
16  23 813675094
39  13 1431488051
33  22 564785404
15  34 73349150
28  4 1188525386
8  1 2045504087
19  23 216318211
10  28 1409179875
39  32 2105877266
20  37 1275101936
16  39 1769268361
31  37 1977105707
5  8 1704599076
35  6 1781505786
27  25 361317470
2  35 2017954426
22  23 1914412809
32  18 945987257
19  1 1122917646
13  9 1169787916
11  7 2072399262
13  28 177445200
36  8 634431555
18  35 263314835
15  29 910158268
29  34 1089215867
4  37 1173304120
33  13 176640338
3  21 1901316194
21  39 1899125030
15  34 842793925
33  9 1226385817
34  17 1078302885
26  11 1457561346
39  0 1560508388
24  39 1703293011
35  10 1759213553
32  1 740661157
25  8 1605296350
20  12 202299161
9  0 43741210
9  20 2068435873
28  24 1448245000
0  21 1008235084
31  11 1853395423
18  23 490889605
12  18 1380840278
9  23 1911124916
13  38 1497984636
4  2 1259197442
8  15 2143907135
16  12 1391538
16  17 1205490741
33  3 510817290
17  12 872456665
24  2 1447304736
10  20 643661989
9  18 1790099192
16  24 1003094102
31  14 1664827804
23  5 769889111
2  8 406611309
23  36 841447133
23  20 1825083410
30  14 1484336222
1  27 1949519594
35  19 886179576
32  14 1722272897
34  33 2023395146
8  10 1916793919
9  39 1247002697
4  6 1714008931
1  21 107029615
9  33 235415322
33  26 2011763946
23  11 150337820
38  26 297337722
3  21 1815102406
0  27 1195729360
36  26 737213377
7  37 1196250640
25  21 1556545845
3  23 1009463771
26  28 1143876733
18  31 759120513
29  14 787493780
28  17 1470596662
23  20 2089605994
27  35 1394360960
17  9 1313330134
1  23 2106175916
5  29 1901450920
27  23 1659193459
13  11 260224745
4  35 1240922220
39  6 2088776336
4  35 515384012
1  30 1537688129
38  28 2121233324
20  2 336906633
20  1 308637480
38  39 604342618
31  8 921783614
7  9 150675328
28  26 1140327129
29  37 1333900581
24  27 664468733
22  31 1273787289
11  32 222752622
26  9 165206773
18  17 1344427796
7  1 2126238116
17  36 194164545
1  3 2012550207
12  21 1012600969
6  8 1424745531
13  25 1166027522
39  32 1961333508
6  1 1903119234
15  39 10426862
32  2 1885347058
8  15 719165501
22  1 1399872261
12  13 166227418
24  35 340058798
6  39 2094052091
20  8 1701487071
21  31 989623455
25  12 93739352
2  3 298750180
26  34 1350956014
34  3 1276307224
6  11 968060036
2  38 730253813
5  4 1543990266
11  14 1083642212
29  12 113206551
22  12 1930212012
2  12 583358744
16  17 1934597478
16  3 455611833
8  32 1752687024
15  2 1998173186
4  30 1893949331
23  10 1538244550
20  18 263580146
39  15 1818093126
4  17 2015333329
13  27 1349064210
18  27 1129609826
39  18 684953180
11  30 1479403146
36  21 2128923556
9  29 860670116
31  22 300140873
16  21 216820387
28  16 1817814961
22  18 828278059
23  33 329755690
0  15 2141919447
27  23 583718108
35  33 1675915012
38  31 451315341
29  26 1855414434
29  19 1801752467
38  17 1208414692
33  30 1562984424
35  7 995099226
15  8 373831369
17  26 1069080092
2  0 1623393599
15  3 202840398
20  5 1290140296
2  34 515562851
24  31 1367652936
13  38 2122748420
2  18 1226733146
7  18 1225860453
30  32 34879033
20  29 807322488
0  32 1866728103
2  13 1443567495
12  21 2113348588
6  35 418848077
15  28 289465646
15  30 2005494636
11  34 566452359
1  5 407654025
19  37 1534483485
2  39 2135271947
31  7 1759290710
15  23 1595431666
17  30 1357530548
20  35 58837047
12  25 1006230368
20  37 1469068370
18  5 1690564387
2  32 1245861133
23  11 339688081
37  3 1246960293
3  27 855720501
36  13 2005230454
4  15 2046130423
38  24 208112
34  26 2046598318
3  14 774048870
23  9 2142386820
16  7 1231264727
10  8 2011867575
35  9 1927011097
9  15 672154795
34  23 177650504
36  34 1147604930
3  1 50970550
0  3 1475830561
25  29 149207647
17  9 284734511
2  6 2062151351
23  35 716983818
10  15 1039634410
26  37 2061233104
16  31 205835045
32  18 1480771621
30  35 522970736
20  25 1940917802
15  6 1360169704
0  25 677028578
34  15 1330922012
20  4 249908773
33  39 1499056038
10  32 90650076
13  1 901631192
17  14 1528238020
11  22 1523373720
17  37 2042341618
33  8 1366902991
18  28 1160597725
16  30 158355828
39  10 1254881176
14  35 1417633217
22  21 1960026243
31  1 1027328245
28  17 1963226813
26  37 1067124758
29  21 459255093
10  9 1358780288
29  8 835813935
31  20 1674004669
39  24 1976233518
3  30 1537661383
9  17 523752013
36  26 1126136953
28  15 1843693769
20  24 753083788
4  11 1193457011
35  6 1749905031
27  36 727143771
1  18 1929161394
13  23 1435492131
38  12 1686893783
1  12 2019329055
5  20 949666634
8  22 1856190102
1  37 1989357099
37  35 17498015
29  28 662603728
9  23 1934591207
6  16 1199469263
9  33 801855928
12  1 1796468760
35  36 1631294230
6  37 327756557
35  7 811778877
23  19 1308963750
3  38 1572909984
17  4 690751330
36  39 1540413626
17  25 2062266875
4  31 4366185
10  7 329116600
30  12 1808739384
4  37 641993056
18  35 1624899193
34  24 1035897329
33  29 1020234062
37  28 1316419581
13  20 727455068
8  14 809544395
25  0 1596413667
26  9 265099031
38  22 1464945454
3  22 1673535977
15  33 1378832133
26  20 1216629674
25  23 1480228299
16  17 703979615
39  32 844443686
28  39 1682410996
5  7 1183387167
4  7 1206916539
20  5 1203960804
19  18 1674605816
2  26 60780728
6  8 100495347
23  18 480030945
9  0 333978325
36  2 1106089871
6  38 597091361
11  29 1823802338
33  10 2011997672
18  38 1207967717
8  35 538121483
27  15 447372852
0  22 317984490
21  36 1370289065
39  30 773153557
28  3 3776878
