800 40 11 17
38  18 2131557112
19  27 301666511
26  3 1433737125
35  7 1484244575
25  2 1540870268
38  4 920264476
15  24 1867361056
32  18 408695763
22  4 1648596115
33  19 106938553
10  5 1329256522
37  30 1040118949
17  36 1084875694
0  22 1162435032
1  34 1650406263
33  31 2119166730
39  21 1201751102
39  28 964904748
23  29 2028242993
11  30 393671252
31  7 945465053
25  31 1329268661
33  30 667894008
17  21 67355980
35  11 686187038
18  4 1887368431
33  25 1231011451
13  34 1160700057
30  6 1646548933
30  29 753798472
30  31 1510571832
13  35 256108532
27  19 1508058887
33  3 1505455423
26  10 1027897408
26  6 1218469486
14  35 976812872
30  36 2138238079
16  39 1958896753
13  7 1521806508
28  6 1091856943
14  20 1284098264
4  17 658834129
0  2 244788048
7  39 715486689
30  34 1847612929
20  16 1979973031
31  28 341722141
30  22 492109945
36  16 1992363093
14  31 55140199
30  29 1696335168
21  8 1428534754
28  15 485785296
9  39 1230875548
17  27 2109116414
3  2 1426678147
22  15 1568704694
30  14 1987506334
0  18 782812406
18  31 1647832274
0  21 1603290317
25  20 697503317
17  32 288401977
18  10 313444974
13  8 11969301
32  37 114455473
11  21 899843683
8  19 1005892505
25  26 547729648
5  2 452375027
23  8 1243479787
24  26 210024424
23  25 933695970
14  39 1461922406
4  23 1980173714
7  37 1760617988
2  28 1210694910
22  3 1331494752
28  34 1951729387
33  19 70912602
32  13 101142778
13  12 1149190863
26  19 1054155292
33  23 1037562168
2  24 680496826
14  28 380774978
34  4 438069460
7  2 1803231023
9  12 450119488
25  3 1625664517
22  28 483367607
9  21 1304714693
22  11 341631850
3  35 1111546441
8  13 1857757853
2  7 1082286498
11  13 850331157
9  13 2025276994
10  7 1597283870
38  7 516730153
19  18 2118766150
24  10 1691821872
20  26 1466161922
16  15 1168748717
14  29 1425393785
29  33 859402177
16  19 410188800
26  8 31305915
4  35 267239705
11  10 426615024
19  17 608539296
9  33 2066917961
32  17 860303353
32  24 1157101201
19  21 596231794
13  14 1148505579
33  20 200582738
26  20 1098881923
36  25 159935977
5  23 995463013
17  27 2131571674
25  12 168653638
31  19 269384324
38  21 1055684354
34  6 1095472168
28  19 1048860499
13  38 1214660272
17  31 1998989207
10  13 1375809465
4  32 1769932591
17  35 1732380567
29  31 642027330
22  24 1320794662
24  13 1231794748
16  36 818802113
5  15 359152081
17  35 1824643174
7  36 1343882898
6  22 246209086
6  12 1242806417
22  11 1361557963
29  4 905977313
25  31 1148440245
30  31 108021688
36  7 2070842054
26  12 1435928580
20  32 1955924099
16  24 494452211
17  8 81326444
5  12 955693459
12  38 1540148289
23  29 2056998585
17  31 351479933
38  12 1739397929
20  10 1483560073
2  10 548661639
38  22 1720164271
29  39 439723238
13  29 2102235588
35  13 236223514
2  33 490149960
18  2 1529770190
32  6 850933011
17  7 83295275
28  4 54357312
11  5 824653797
24  22 1685236264
36  4 1183154861
8  0 1277565518
29  30 1852911748
16  30 1174635279
6  13 387300663
28  25 205751059
33  20 607321158
23  34 510863253
39  4 1811423128
12  15 1472000940
33  34 325056742
26  27 223878501
3  4 299791161
39  31 72667135
30  12 11696565
16  10 723531680
26  18 1457372259
9  7 1448140508
33  9 1325598689
3  15 49151299
5  31 2052193463
16  33 2094202989
23  24 2048000322
1  39 1930572799
18  31 1652091742
8  1 224048815
13  27 753915690
6  17 113336044
33  29 956333126
31  5 1565709809
33  31 207190655
11  33 1795097690
38  39 2029343424
34  13 2133002064
14  32 821273248
19  35 478961431
32  38 817108249
4  20 1045570510
6  22 1041234877
20  27 53649304
28  39 1073787540
39  35 1815525789
10  33 631910405
14  3 1546994482
32  7 691978892
17  13 157786304
16  34 904430402
15  12 500856519
16  37 1746363678
21  0 325780960
1  28 2017161663
24  1 164985697
34  22 569295326
16  31 1179275179
6  24 1910040722
30  34 450556409
3  7 457885750
29  34 1710739453
16  23 2062331773
22  35 1304126414
24  30 879827676
26  29 1462075843
22  26 942213651
3  10 1072305643
12  34 2093810099
21  36 15983860
2  12 1583180419
10  19 1868523077
7  33 227988070
36  8 10533513
16  13 740392791
11  23 223219226
5  27 1422196305
14  18 334769389
28  15 976874849
14  3 579145404
37  4 1717114410
38  36 1389790136
3  1 1740009793
29  32 1225672376
1  5 265318257
8  15 1099889489
30  2 977610
28  4 79527016
33  23 1818851709
21  9 2114307065
37  11 941180842
38  3 1539754972
16  13 1307483125
9  0 1161166652
27  11 1814461526
14  4 2069966671
25  35 823383545
17  19 1648600493
37  25 2105455442
4  19 2146916468
0  8 71595874
17  12 1707370622
1  36 1276265646
8  6 995625954
38  31 1997822969
27  32 614115364
29  17 971187312
9  32 1750858767
0  24 19929230
17  38 343915270
38  9 463211519
23  13 838766621
29  1 38971181
32  1 843170873
22  25 279216155
34  14 1088734940
26  28 1377962213
30  9 1246167402
1  13 1525395551
28  26 1344338309
31  8 595580870
0  31 1755189374
10  14 2064579819
39  26 1407027925
7  39 1029719466
27  8 30540597
3  32 1310915999
31  11 1457536245
23  35 290103851
34  32 1866815013
39  17 1659611325
33  19 1506229188
4  21 820094003
3  20 461767836
10  22 1419738399
19  21 1038579564
32  29 2122800217
1  20 154469589
37  33 237004378
19  0 734509355
0  30 813737712
37  15 1499644246
7  4 1088612497
3  1 237905866
29  24 980143609
9  2 2005777759
38  37 1849533693
22  39 1475773444
17  18 1515890243
15  31 185691540
33  23 1114220058
4  1 863463585
7  27 1860785008
39  4 818307100
5  23 631622183
39  33 1380239371
14  23 1688478028
9  6 1112100375
18  16 366447384
24  20 114705765
5  29 262863782
5  30 1539968172
29  10 89510974
37  39 1851399823
39  27 866951616
6  28 1538146140
36  20 1179969741
16  33 2125604
11  28 73123687
20  30 1227894499
15  32 901004199
5  25 1653355722
32  15 257845664
28  9 865981442
19  24 1200242000
38  32 1569248165
2  23 1418969458
33  0 1005806466
18  36 711764468
20  10 349519394
9  31 1666564012
8  25 589257306
6  12 722414653
12  35 1573763730
14  27 538432503
5  19 66792334
30  22 1678701964
33  28 549141856
20  13 1871016464
28  0 1353942569
19  16 143959406
1  11 1675278862
4  14 1648484411
7  16 1439543987
2  11 2002812100
24  7 644016445
11  21 150578185
39  24 1644035184
34  5 1774873323
0  39 1186254419
38  7 851097009
10  12 1553002413
1  21 802521056
31  18 1485949788
32  38 903415809
14  0 583523183
19  11 1184324677
39  24 763199119
6  15 1081285347
7  14 5109679
35  0 1302983029
39  6 1464035522
19  10 58539852
30  19 2018494229
5  6 310345809
9  17 474572288
33  24 1876998962
6  25 1186529349
2  9 1175491209
3  38 951792925
19  4 2118961458
21  22 1237104732
0  13 173381121
11  34 550960835
5  30 1283346318
13  4 783069964
39  3 2146756701
1  13 485075513
22  15 806062870
14  5 1926432534
38  29 388960498
17  22 1413112335
10  28 1893166505
14  1 715346784
9  24 155327443
3  22 1782782742
34  28 1847853941
3  17 2056344197
17  15 2013466031
14  13 182194459
9  24 1738097262
35  19 822977958
12  20 802006808
26  15 1488919259
7  14 1587794239
8  15 1163102352
14  23 1257999455
23  12 469260767
20  26 1087758784
10  21 242189257
5  18 1343966466
27  8 1348253123
4  1 978541998
12  7 1230340152
33  38 755814528
35  24 199299475
7  14 1897981555
17  35 413821421
37  29 652424588
5  27 1250703246
25  7 1908098024
24  11 938484893
27  7 53564232
14  23 1427929274
9  7 117317856
0  4 880400672
8  25 494193652
13  26 1339423856
39  33 86446324
21  7 857910192
12  20 2030771595
15  20 1130379839
12  33 849511867
0  20 1623337143
34  32 2025005917
39  22 1753422243
31  35 1420493882
11  12 1134118202
39  17 1017264431
37  17 1247538145
19  7 747951370
21  15 691985222
10  24 865002245
26  32 861317361
26  14 300979858
38  14 390914765
19  31 466990910
16  32 1245709242
24  30 177466011
18  38 157567766
9  32 1630398120
8  17 408191113
38  28 1225475077
15  19 416098532
10  1 1474777173
26  22 136237951
5  28 1606092249
12  1 989023552
24  28 356966965
30  8 1097486307
17  23 1488336609
39  3 816087875
7  22 1019134477
19  32 773907664
30  21 1655511926
35  14 86893123
33  18 1286731907
12  39 1451163767
9  31 1596312367
27  4 1606047993
34  29 1481834254
16  15 257394643
12  17 1917943481
21  13 239162215
15  26 467206246
27  30 344101588
12  31 154980925
29  1 1247216895
28  22 835683591
23  10 200846735
2  15 1981601654
23  38 1351365118
28  12 1345734258
2  31 62798408
32  18 324753638
8  30 1444332506
4  16 510205215
39  20 4337546
14  27 1223228629
17  9 1032188706
1  32 588209868
14  36 672371231
20  22 924285758
17  34 1651721224
2  13 502629156
29  10 2060442121
26  3 396195584
7  39 1542686614
27  9 1903442002
11  19 1035161459
1  23 2013675856
38  25 1230040444
10  24 1708786869
29  37 322821886
10  15 780507753
18  20 1195187626
30  9 275538811
37  2 737623074
20  17 1853053702
26  1 451283394
2  9 1480640753
34  6 983608982
26  32 1272065763
23  3 1414414448
29  13 1052637358
9  22 390455315
23  37 336265250
8  3 97982073
35  39 111831602
9  5 439216293
39  28 1530149590
12  9 858616749
5  33 1777684224
32  24 1216474969
18  25 109052783
3  18 664719446
38  15 947214699
13  9 1193456923
32  24 604490599
10  27 1130260928
21  36 1207379442
10  12 667181825
0  8 1372312987
19  24 1792338273
25  12 1384802663
33  1 447694868
15  11 941881421
27  17 885959106
17  9 329201359
20  33 748361551
4  22 1701127599
35  20 237133981
39  22 756032175
22  25 2087474633
19  34 1992949092
23  34 917461093
15  31 1432926021
1  23 525417073
38  13 1766637520
9  25 104263328
15  38 1265752451
33  16 1571573733
8  36 1338311035
14  29 985083161
37  26 2085442371
2  30 1694028617
28  3 1537360219
20  17 48427299
23  26 761434700
36  26 354289635
9  13 1050619678
23  28 1233147679
18  27 1718720313
30  17 626504870
2  28 599933166
34  35 422105143
6  7 1699993229
29  23 1622043400
15  39 1401547756
5  22 844593010
6  25 1802071049
7  21 468966797
10  13 1777279330
16  18 328427071
39  30 1599983007
1  0 1478205102
15  38 200420413
5  1 1844628086
7  10 1456383480
22  1 763800371
38  21 73495850
38  34 2003766802
6  15 1062462378
13  16 370341915
9  4 1729137575
34  23 1662598833
13  31 63534325
9  1 80521264
26  32 1976428682
14  24 1566734107
25  7 2144233785
23  16 496843198
35  10 1302150237
6  36 434439411
14  8 2110892244
3  2 1286537626
9  20 2131853330
17  11 678710733
31  13 1994588057
2  36 421291657
27  16 705365335
18  10 1507770821
32  33 1271935262
4  23 1972443042
12  9 2019191682
7  29 849449232
1  21 1874894452
24  19 1763932574
23  18 209178486
21  18 1889884006
4  15 28167655
37  28 1764181508
16  8 204658984
7  30 47691945
2  36 558042631
3  5 1050572736
10  6 1520136482
7  31 1022065136
23  20 1415009666
30  3 91756299
0  38 1392852160
34  37 249226428
6  10 120059081
7  18 2064660749
12  2 1641317773
21  14 549563831
22  18 1963010839
0  30 1382250118
25  15 1399924089
8  23 1689609713
34  27 1847823245
33  32 499352551
10  37 214303201
36  14 1085962876
35  34 283343281
15  34 889893428
39  14 2133765032
14  25 648188583
22  28 1481302565
9  12 1791048033
21  34 1349874025
1  16 386525264
16  23 162264817
23  29 13188034
31  33 1313206603
22  1 1333972547
1  29 1769318059
0  39 1034069979
17  20 1144571065
23  22 1926187256
37  29 445206881
20  32 471949664
10  23 1367752239
24  37 48846881
4  29 20375090
13  30 212836258
36  10 590613718
2  21 1216029549
2  15 1602747782
0  20 1675871092
28  7 97080599
21  4 891087055
34  3 1815551446
34  24 1253050536
31  19 1101571156
7  25 1273547598
8  7 1151459754
21  0 709736021
12  7 1015936703
37  28 698439196
5  18 85838555
14  25 1669164969
33  32 1116991770
17  37 1996156305
20  18 556981486
5  0 611591162
22  14 1460336779
25  0 1737411013
30  0 1757068912
31  16 1104663398
6  27 1105817866
24  2 636305550
6  32 625922796
21  7 1617363903
14  3 945263080
9  1 1144560614
35  13 2012833855
15  37 788227397
35  0 736111292
14  3 650277210
33  36 448691161
31  12 2076390512
37  1 1918915933
20  35 761292771
17  20 754426195
27  19 854205854
26  35 1856439254
37  16 1077825921
31  30 1188142641
17  10 340456108
11  22 394278521
9  38 1524333444
19  37 1037846486
20  32 1535621750
15  12 49459062
5  10 1307691954
5  22 1053552252
26  39 63652219
16  14 1053222111
8  20 2060307729
18  31 530642000
39  20 1484180078
25  21 1228896670
0  16 1484821551
34  9 224036777
30  14 330444057
28  11 173513364
0  34 855038022
20  29 319489239
38  25 1786561796
18  8 670161605
29  2 754284778
10  13 175551400
15  33 1112838892
6  7 509029726
23  28 412113057
24  16 1031207383
27  13 535102735
22  3 200382945
10  12 1406544170
38  10 585876874
0  33 2080963592
34  26 2008605720
14  39 1978235696
32  8 1037636419
35  38 1066025052
23  16 250143739
27  30 478487874
16  25 529603912
22  29 95066946
29  14 1171403283
17  18 1614075781
28  3 444027245
29  35 1002547816
37  17 2091834405
37  35 1263554754
28  19 520919887
0  31 2031637519
31  18 1037804202
32  5 2090261233
4  17 2053796205
18  27 1018897587
0  29 1425675184
38  26 389403015
28  24 1627344212
36  35 1529508255
30  6 734781567
14  7 1957678420
20  1 171716361
14  3 1283611080
2  24 1554048818
23  6 1007421133
21  9 1276250339
0  1 352871618
31  10 310193439
24  26 804063801
31  30 524920726
2  36 969981520
10  11 1077326727
34  19 1400131685
28  1 538619551
29  6 1526834090
35  31 517564728
32  9 1668923490
15  13 1929922503
15  20 284528641
10  37 1015601982
19  7 1581590122
11  5 594190411
36  0 985332293
5  31 38601086
5  12 1248107164
9  38 1689504093
38  27 1018508689
26  30 587716260
6  28 252155202
5  16 655649280
4  28 82690811
39  12 847302061
33  9 1775337469
10  14 1847269783
18  37 632327980
0  35 33004677
38  12 33504082
33  38 1380584746
33  23 1213427203
