800 40 33 14
32  27 608696786
28  9 60420307
12  15 1654968739
11  16 1798524319
39  5 542832169
9  5 664783413
36  16 1839426093
25  4 1143165820
5  20 507437063
39  35 635476154
13  17 1389736986
21  13 755725613
11  19 532018304
9  0 1228236295
20  5 1658393767
37  11 2126531273
36  16 566111242
13  34 1834816439
10  6 2027944025
13  3 1097548319
37  39 1554003777
19  13 97465573
12  28 2087367262
0  19 1456600538
36  0 985850920
13  4 1410489493
12  2 200340599
34  29 1130573982
15  11 198609757
13  31 730051079
26  33 699587504
17  5 1724573119
26  39 458745042
38  6 1921201931
13  8 945762768
14  21 841910529
24  2 1201299841
13  2 834409261
9  21 162080230
33  15 300237793
0  16 1026785995
25  6 1259911273
26  11 1538326628
15  18 1008548490
9  17 1844582400
23  6 1528175554
29  39 12675088
26  24 1751896198
13  39 1152719382
28  26 989209955
28  13 2027505241
27  21 2031023843
19  23 913481411
22  8 963944264
31  10 359347189
3  33 2130682029
26  3 1752153417
20  0 554944315
0  1 1111447568
25  6 220762843
38  18 163023354
9  30 1195541253
18  6 1160557022
0  11 415999662
20  1 1176512215
3  14 56592003
21  30 1167835906
7  39 1539420998
27  19 1631848244
30  14 428767942
4  9 1031630119
36  9 1544010225
19  24 1363714652
5  3 1384681739
5  14 1661830240
31  19 2090380617
12  16 1949898134
1  29 85711923
11  6 1582654420
20  17 1957077075
34  3 1775674390
39  33 1493662758
17  28 18949645
27  6 1603693818
26  27 561549783
17  38 1354765202
13  2 852247573
31  6 1436438416
24  16 403265557
7  9 949568642
29  18 1377910082
31  7 1241981949
20  36 624258772
26  1 1934943814
7  9 658979982
32  15 1605318627
10  34 1797993171
24  27 1596786128
32  13 580071379
18  21 1104590300
35  24 1121945718
22  9 1166393265
22  8 191467381
13  24 208282981
35  19 1334668731
6  15 1780526366
26  25 1731056380
33  1 745822862
4  33 2123482119
18  12 657029149
19  39 603781008
7  6 480198081
26  14 576576819
24  12 1929075807
4  5 679950161
17  36 393621069
22  30 2012668698
16  38 1219582483
3  26 1851640352
16  13 244391029
28  22 153415950
24  32 719644707
35  4 608628384
16  10 1183652291
34  3 1982705298
22  24 1593652490
31  18 874150173
27  19 586391116
28  16 1582988592
16  22 754934063
25  10 2062430704
29  22 1124954704
39  13 927768554
7  33 16043173
30  16 885840513
35  11 1238209500
33  29 1868101934
23  37 1385541757
27  1 1741016989
15  4 116939788
18  10 898800043
7  8 1933873601
13  4 562621449
20  11 605019312
18  35 734347573
19  25 608312087
22  32 59504814
29  37 1006174001
26  29 2048870111
26  3 1355462371
23  38 1361877782
30  18 2134905328
33  38 1921431058
15  17 1539550511
8  35 1502653936
26  3 2030030516
2  16 740795922
39  27 2044617868
18  23 332390943
6  27 1620418802
35  6 1441556155
22  12 2044545697
30  14 186487605
36  10 2090956799
12  11 1177887636
39  32 73385571
19  39 1237204088
37  15 1215137783
38  14 671350598
32  37 1552089174
26  19 2003178004
35  26 661426754
34  1 1662029711
31  25 1441834393
18  17 1344090980
17  20 845479310
37  14 1405138602
31  6 240796339
19  3 503499099
5  8 1831912166
27  26 1837969802
19  24 1868907501
16  14 1495015561
24  1 170385245
32  7 1932151613
2  16 689799285
10  25 1527931945
1  15 1433837674
22  30 783419491
18  28 607474363
14  2 357598185
3  32 1435672541
32  0 1001944392
2  13 1296184598
6  33 1254548553
27  9 1158319136
8  38 653383721
34  2 477356793
34  5 634045341
21  37 1925260074
24  18 986717144
8  11 1326342431
33  10 1717851660
10  21 1120416634
24  12 236763897
22  5 1566527994
27  2 1852003283
24  0 791090117
28  19 816952408
23  28 297866553
22  35 1973463812
3  26 1578825025
12  32 802999703
1  5 1027147390
32  26 759213862
17  12 2145290120
35  23 1110366058
15  30 1526220657
29  34 896151388
11  13 350813035
36  9 512153311
17  1 358234095
33  27 814428487
33  17 1671722030
20  4 1256685000
24  33 174580476
28  19 1203081842
15  28 349805236
34  1 97771910
12  10 181423638
13  37 1476782593
15  8 880554767
14  6 2142361754
5  31 161306470
9  15 906056342
8  10 1407234735
8  19 350632217
19  35 813986643
39  11 1982069506
19  4 37072149
6  0 1332266981
34  15 879131290
13  15 1851168299
6  8 146390815
18  24 1243676931
8  15 21864793
16  31 287774312
22  37 58423242
35  17 1620752296
34  7 209411825
12  14 1556535346
2  26 265978953
23  14 176586203
22  17 1909641292
33  37 1470351042
33  27 1490884510
24  9 1348272706
15  13 1586980110
37  2 213579550
4  22 178334278
3  33 484873082
3  19 135210756
4  13 1032837077
25  22 402922321
15  38 116569421
35  38 1164124801
8  2 732075596
2  38 2019892255
33  28 1150421538
13  39 1287759855
20  4 91184869
32  25 1134396633
36  28 1698273011
4  6 344638669
25  16 61499344
10  39 744395479
32  10 278971858
0  37 610139254
30  20 683779449
9  25 946109838
34  32 1299716470
37  24 994911532
12  20 862537462
25  18 1674534943
21  10 511755575
9  20 1453757584
26  30 732492470
1  14 1808894438
16  24 921828488
35  31 674067973
23  4 2137215992
29  14 205560079
27  14 1260661711
1  15 1770445600
25  0 1098369988
28  10 161287166
19  39 453801783
16  22 499314798
24  3 723690861
34  7 1606156130
15  8 1050159705
22  2 642476198
13  30 896029056
3  26 340729562
5  23 1661874606
11  31 890737701
7  11 1001389497
32  24 585060021
1  9 219700229
20  25 874046698
28  5 527747924
12  30 1875947065
2  35 676298961
14  20 41666687
2  38 2006526410
24  37 263996445
9  33 874555064
39  35 1386376538
2  7 1523167381
29  13 1671635733
34  22 1354939515
34  14 71592409
16  10 1596128340
35  22 724649662
20  16 507201330
39  26 1040391913
6  34 1923984636
34  1 572191039
5  29 1055799900
16  27 1311584470
24  36 632860430
26  7 880141047
24  5 1657053135
0  16 1387707996
20  37 1105596178
27  26 1284365003
26  24 432096461
13  34 1491407426
4  29 1747570895
10  1 283563791
22  13 1174822461
20  9 1556458787
3  32 890820547
35  27 1738099095
14  27 1627806511
10  18 1300960750
39  12 109466179
32  33 486092546
18  28 430200086
19  8 1868798538
18  22 1808569719
4  12 1433020295
2  8 763936271
27  6 1657411344
10  2 587269218
34  8 541338768
11  17 1272722493
6  14 401891159
31  35 572191928
10  6 676832610
3  15 1555611157
10  12 191126772
6  14 1339731126
33  9 2012140141
35  3 1642699648
5  19 2015974653
15  26 1367510676
5  9 869233627
33  4 914331463
15  37 763863203
20  8 1614091446
7  29 369273361
0  23 2108972217
0  36 294959187
38  19 1539471934
30  26 643701741
15  21 505459665
12  3 254911988
9  27 398344367
0  8 1749242710
25  20 1299930868
2  27 902701580
22  27 1816203890
20  3 696328594
11  14 1135023311
33  6 1123815611
28  29 1905903227
5  29 1473974549
32  16 320634663
18  35 1297982857
17  28 2040874254
36  22 728826263
16  37 914234904
1  16 1987424974
35  14 1620828521
19  32 804778104
6  9 1817856033
16  37 466605683
12  19 2075264534
9  26 596214183
35  21 112460623
10  20 168720144
36  2 461819774
35  6 1535979513
26  22 1076528741
3  28 1157523773
3  8 562694482
1  16 1670351661
28  16 526565296
10  2 264000851
7  10 145225218
31  16 1373265853
12  1 270628272
5  17 329822500
11  9 799744335
21  18 1080419786
36  39 329850995
12  33 1695894022
19  4 89344837
14  17 356410520
4  0 2072573783
7  24 980681229
12  22 554830834
25  32 934316735
26  15 890106442
7  30 622829601
13  15 1616806511
31  32 571180842
19  17 355278924
14  29 1440054177
6  25 1090655790
12  3 172136358
36  2 1305510508
10  14 1544142693
8  22 481480261
3  23 467065799
11  21 550564897
8  23 1180725019
38  35 932244851
31  30 759760065
34  39 778827471
27  16 1839332402
27  24 931155520
18  30 1740984401
37  14 402087321
15  1 631466477
32  7 1017850467
27  10 1181550406
39  2 820444466
20  18 829455455
15  24 1835404031
7  25 214273574
19  15 1402524920
14  22 609113579
13  12 618871113
26  14 1394404923
33  13 1902573243
7  1 492925567
8  2 837350736
37  24 1695635165
5  25 1254881720
23  37 414555981
34  15 1321367398
38  28 1175583798
14  0 2140808476
38  23 1349467543
22  12 482789790
1  22 567726317
12  32 1788197244
8  21 245369262
38  23 1305921988
2  3 340118524
33  22 1270195551
14  32 283161119
29  25 1279935356
37  25 1159664370
28  32 2026773036
18  15 1769301814
33  24 636638423
9  31 2047056833
11  35 1013561299
18  3 967740326
26  9 183861051
7  6 642298754
38  29 2037358531
27  31 227912821
1  22 1896651764
8  17 1672681347
15  6 796332962
38  37 15979344
5  13 53704681
21  20 405928110
20  12 529314987
17  7 1339696699
30  25 29702072
23  15 1703116742
6  20 1424057028
35  14 70551618
8  2 1662764006
32  9 1517484155
5  18 1383577292
4  20 1672843535
21  29 1933314235
25  27 30728167
5  6 1599930160
17  20 1483023542
35  24 1476300670
30  34 35413738
24  3 1167929358
22  25 1597869381
10  16 99606416
0  11 35210344
21  17 1026003366
3  12 1031388252
37  10 1952647785
6  0 2028574128
39  31 1186243719
15  39 997576734
12  24 2047621347
3  19 962045342
3  34 1189340401
32  26 402006490
35  33 261781080
16  5 916412732
4  19 110201706
21  30 197003989
28  37 334829216
36  23 1913175594
33  26 848106808
23  21 1225177658
22  29 589101074
3  22 1995018239
11  5 140056755
11  23 1918546895
19  37 1743351293
36  7 911621400
21  2 196321489
15  17 1378185331
15  8 1159044210
13  6 468449063
21  25 866007161
20  37 657644291
2  22 1528461912
32  27 1554595065
23  30 830552246
12  36 1330860744
7  34 31609917
26  8 1377205513
5  35 1573114455
14  21 1439610613
19  32 320987903
24  18 1866827683
32  20 1273183459
25  34 642254278
15  18 1743263193
28  30 1203963017
7  1 1933994832
25  20 1167441895
31  24 1330174571
7  16 293268122
0  5 924035943
30  1 670716778
13  16 1167843190
0  36 813264205
33  7 512033849
14  9 1132344064
31  38 579980413
0  10 307062992
1  19 987574662
12  23 946453042
28  25 73779329
24  31 131559384
7  33 957278615
9  4 157601864
18  33 1095296990
21  22 2013153232
15  5 1334840834
8  26 913349794
26  15 1018839251
34  12 772174958
12  24 1744265618
21  36 1411852793
17  7 870492093
33  26 882390206
7  18 2009309683
35  5 102494700
33  23 847824446
11  29 228323927
8  1 1949984232
26  2 800841563
38  26 1004226407
35  37 1484030423
18  26 725932191
1  20 1274129164
4  12 1973958227
39  24 263524878
19  1 1693747919
33  4 1766781548
38  9 1284653599
19  30 1862695549
22  29 982988326
2  23 47723236
29  0 716275714
17  31 1607773447
7  38 1845683203
2  10 1341410970
37  14 120954459
25  20 336352377
20  4 1169851838
18  15 1019811321
18  6 1970393588
37  1 1797191351
36  29 98478200
38  13 997954352
13  32 1745482255
30  23 488827683
10  11 120031766
14  3 417090910
26  7 2047703342
19  37 1380388653
38  32 761597306
13  35 1070562622
15  34 1251988511
27  8 1297559422
11  0 219715984
6  12 1921704419
4  32 263175302
39  3 1885687770
13  27 1637799256
10  6 1740498672
10  34 1377337270
22  37 1237353151
33  32 1215561124
25  5 158676569
18  8 598156908
20  37 1838039966
12  32 327543339
18  11 159167079
4  0 543105393
5  3 1759903323
0  3 729626445
39  34 1737098968
31  2 506127166
14  10 1122279498
7  21 511415355
26  14 491293843
3  37 197101859
18  21 1860130407
9  3 280002344
26  19 1194379636
30  21 1670003587
7  33 202294464
31  23 530725408
37  24 2056006444
13  8 1471652595
16  13 1087489808
11  9 468936318
25  7 1342759858
10  12 1048338980
37  6 1638229753
11  21 1511519045
20  34 154262017
31  9 298168
24  28 913613813
17  38 1899440806
22  10 502307718
31  37 608595639
14  29 215216529
29  34 1302881047
37  30 1956513223
27  24 2058197520
8  1 288598648
8  16 1646773819
12  19 1118371461
21  6 1108305240
3  2 1113531083
6  0 1128661847
21  35 1738984820
34  36 223784829
33  25 1804982172
7  17 892563060
1  36 658359827
7  3 2055878918
37  38 1004146202
26  13 2118178949
21  31 757442928
16  34 445103750
20  32 1417158113
26  36 2147268719
11  21 8122180
8  20 979865563
9  27 346979775
1  11 1347931586
33  0 1055156231
10  4 56270294
16  17 1764679222
10  17 263941239
20  30 1662872200
34  0 1488201029
14  8 1751606142
11  12 3961808
31  1 2017826698
14  6 1486318331
24  39 1549302152
9  18 1446634819
11  22 741665056
22  39 2099176592
32  17 881827053
3  21 1660263559
33  23 290854366
32  8 1354521034
22  24 175258987
20  16 980397455
31  32 1979410688
5  34 1026168232
19  20 1329358225
10  24 1895885740
33  10 1498230305
35  29 620711565
24  3 1447725042
37  15 1961250833
27  28 283273024
19  3 1354600505
16  27 464266718
8  15 1277410314
4  29 1205501487
33  0 1208666014
34  20 995916633
33  17 319668244
34  23 178034616
27  15 870366908
2  21 1116032652
36  24 976057715
37  12 490297220
0  12 35716813
9  18 817499468
21  2 1962319522
24  35 1257675916
0  14 1520131216
3  24 1872801067
30  28 316948802
10  16 2125174919
33  20 567978927
12  2 542127184
1  34 455803031
21  3 281423243
6  21 1399913085
9  39 987136849
37  21 1847463992
10  29 303233384
23  20 1927478030
7  1 1849150267
25  17 488760762
19  4 696881853
19  8 623588322
21  13 2010077293
27  5 1918528213
24  34 1520861182
24  17 1137266924
21  22 1329777998
25  9 1493052063
0  31 917746143
39  33 1143932815
15  7 296495894
37  19 1255877165
1  38 131831322
28  2 812444789
39  27 154934427
13  26 2106549468
2  6 735767649
17  35 969663122
30  14 142256148
20  10 695971550
6  28 1748753072
35  7 276309658
12  9 1518190901
19  21 1866381124
38  39 1437512965
16  13 848755866
3  16 1763808002
35  39 2029690391
27  18 52302492
1  34 1644446223
10  18 1294528030
34  10 830310643
4  3 864088439
11  36 901811686
2  12 389716944
22  26 398284852
2  0 1081453800
5  0 1068036819
17  20 83625552
13  3 704266835
10  12 499440491
0  38 1458993151
7  14 1968266678
27  18 789026269
34  1 381270581
15  1 1663768414
1  35 330684301
