800 40 21 27
23  7 432343247
33  18 1720074452
37  34 1476051972
33  16 559185137
34  18 561899683
32  25 1093190739
30  26 1182184200
31  25 1904464888
14  22 1273473169
9  35 617310222
19  3 1987396735
24  16 575303346
19  1 739342599
32  18 1733549939
14  36 1937596358
37  24 383015728
6  14 1187153022
39  16 396726077
34  33 1284385403
33  14 1761082277
36  17 732521302
32  24 19055593
32  22 456005763
39  8 951446922
11  13 373878199
36  24 1825321349
28  15 1463372309
16  2 1523179609
9  11 1436276293
35  25 1655759184
12  20 1753475205
39  6 1518555461
6  2 1159027999
23  31 9413106
6  11 1022759700
25  14 1758392206
10  23 1233369338
35  24 563023070
18  30 1123253594
13  15 738053817
13  1 1618605994
35  38 1423760689
26  17 1131113134
6  8 1204538467
37  19 1244072264
0  12 697098939
33  23 563249088
3  35 1957208734
36  7 1201756699
31  5 563323500
12  28 1765559518
18  3 1253847975
11  32 838982640
12  17 142908159
27  36 1822479548
3  32 2029550435
28  29 536618440
0  26 1702101548
22  10 104268826
23  28 618592576
35  23 1436608979
19  21 512837927
29  25 1777295492
9  17 1081769062
14  31 1836292728
1  28 82411631
30  29 831219110
22  10 210298244
28  37 1043279845
21  4 2057541044
30  36 1502317702
38  8 2078668411
30  36 2038618630
19  35 1743939339
10  21 383957874
1  2 1735173903
25  31 969600977
9  28 781699362
1  13 38340228
19  7 1474964637
17  18 1717147606
34  18 628527489
5  13 1973711194
8  34 1753773360
16  1 720185225
33  29 450948822
21  35 1968965724
17  5 1371966372
0  22 2146035055
26  5 2129281167
25  1 336417059
5  1 922039557
15  6 1306712712
36  12 458768854
24  3 1721007552
5  26 426055288
0  20 2038532969
13  21 1882514189
29  38 152269275
20  27 1761541884
15  18 1327147053
18  27 551724184
38  14 1540149105
11  30 314531312
24  17 558613139
10  38 439443795
26  16 1453531456
0  6 248855180
16  0 1370792814
36  4 233181618
28  29 1691072110
10  23 2104769419
2  4 702611613
36  37 920644162
24  7 896256472
10  18 785209270
29  28 949239588
31  28 2089437149
36  35 1406999692
3  27 2078906783
8  17 1669237419
14  12 193611622
39  17 1766377770
16  2 63005160
19  3 1438627168
30  22 598388751
7  13 1374890814
39  17 1714679873
36  25 1562337561
5  22 451045523
30  7 288617473
20  27 1249527516
19  37 549736998
22  38 931217205
38  16 913882894
10  39 519235868
12  1 86262226
37  5 908660200
30  0 469372399
10  21 1586809246
37  33 258152765
8  26 183407433
2  10 1766703616
14  30 1660630235
20  27 770369575
36  2 707902458
13  1 2085863231
16  38 1651136519
34  39 1121219350
25  31 36688728
2  28 1574304586
14  8 1358891166
39  30 1157890383
17  5 1276310310
28  7 1671302537
12  15 798467071
14  15 1053533248
6  13 332130510
19  31 1200602045
39  13 557165150
12  37 1454705422
2  0 993740381
28  1 1476102804
29  10 1151403196
11  5 1002649407
30  0 1329599910
22  23 718778539
3  33 1358028654
20  27 1509971318
20  27 2035772778
9  28 399493592
24  34 905645276
20  26 1948443867
12  24 1814972331
37  11 1407160379
35  10 1339707509
6  30 1070917785
1  21 806576124
34  28 1671989628
0  19 1665246150
23  16 1074113892
9  28 1938578124
33  11 2009874018
35  30 1492026306
2  10 1063366327
16  38 960981574
8  24 869865284
25  7 1758621630
21  18 89753408
15  33 1229791348
19  17 1220701800
31  30 1187850327
8  5 642676432
26  2 1724910215
12  36 1529818695
38  7 1938492207
28  2 299715615
26  15 883794990
1  3 1632366977
36  24 1299677306
22  14 536009914
5  38 442878351
30  11 493074364
3  23 189051753
9  15 505146252
32  12 10362992
13  36 515921064
16  3 1830421270
14  38 1464801820
11  16 1792204192
17  25 1369648459
23  18 1252935037
34  37 793881866
26  15 1673876693
6  8 2035602111
2  16 746681721
12  34 598379366
38  5 464799394
6  19 846984939
32  13 1099138960
22  2 346464416
14  26 1994608753
6  28 2007962631
10  38 1085695863
35  29 1227140700
39  32 230667833
13  33 1838781639
3  37 755664261
21  29 943945612
22  27 1276679930
7  5 966085472
39  33 1862325677
8  34 1646022422
11  13 991261979
16  12 1087069232
39  29 1732615546
18  12 1617966107
6  16 1910642144
29  3 1499405306
16  13 1647531015
25  33 636998613
16  12 300235395
38  17 1594995379
4  23 432779881
39  34 1730274047
31  9 574418710
10  0 1003391617
18  31 613651171
17  28 552409798
7  26 618387007
25  37 1661930100
8  22 2065299874
30  20 775654277
0  18 1754084956
11  36 1901587400
24  25 537496738
27  13 1214868577
33  9 1792833542
27  12 1123766861
2  26 2146917581
5  39 506190729
21  32 16528759
34  29 225827144
3  34 949918337
23  30 1797368244
39  34 995727821
33  18 876315557
33  26 822867520
7  2 1560957163
4  13 1883563454
0  31 1367796801
8  37 1601980996
9  31 1167267255
36  21 569851957
8  28 344338235
13  24 1723884158
6  19 491974393
33  27 1391696622
5  25 538105900
22  14 987395513
1  33 1856971572
16  7 398907396
33  34 742650019
14  27 1600891291
2  9 261794956
14  33 422355375
38  27 1071653377
7  13 2018477459
10  14 1815950181
34  2 1088763761
14  3 186555843
19  14 2058906341
36  25 1635828031
13  15 572690537
17  4 1539396599
2  38 1594897345
26  6 1435527417
14  32 942906323
13  3 534949022
4  16 1830752948
2  32 1464568985
37  38 900701272
33  23 896461716
19  8 2002020588
23  31 1093777355
31  8 608394738
16  18 735811088
19  7 776931582
16  33 1407536609
22  26 1975020881
11  38 266786908
21  5 1155520832
31  29 645658175
3  17 1009850265
13  34 1356840221
13  4 1570306336
10  8 195519669
14  20 136983647
35  33 2011180956
3  9 1348865559
37  12 968356976
2  21 1166101802
15  36 268289461
15  2 303136116
35  6 697753672
6  33 2106659964
33  9 1311659898
0  35 688350258
39  26 379807595
6  17 875134184
9  11 1385502218
35  4 1682367795
35  12 959904005
31  25 1523310627
5  26 1419703364
17  35 1851856267
18  11 1551718239
3  31 2039696704
5  0 1520707720
1  38 926595708
31  8 1784072315
19  25 915984730
25  10 940980949
15  23 1503649334
17  2 1922962921
27  3 6114704
14  31 1915541483
12  36 1903051156
38  0 984472274
2  11 1691330062
8  15 1609657941
36  10 967598968
30  21 148736254
33  22 312876578
14  10 1770748379
31  19 950923015
22  31 1879370801
7  21 697859387
13  16 759196923
10  23 2126419679
9  21 1332487626
5  39 800512217
33  0 1873652056
28  5 155548999
33  3 1054910405
14  7 1965500620
29  23 2100678024
22  23 728702446
29  4 1140419275
21  33 2072805525
37  38 1179705879
0  39 615317501
9  0 419256540
16  20 61126023
19  36 2030750839
1  26 1180060869
10  20 742304285
13  21 383452964
29  32 1430847329
11  28 1116700753
5  39 674769727
2  23 775282525
37  13 450808864
14  26 2043928553
18  39 359431522
27  35 915474920
29  31 978989673
16  26 1260181347
19  3 348341297
34  15 811611360
1  15 2062075326
5  32 1040789308
20  26 263449689
32  11 548979249
35  26 2039516559
6  9 1827813782
36  30 2098227410
7  26 584796024
9  30 2071020606
25  6 985297498
32  21 1838552200
31  6 1047341634
35  21 1160416288
30  24 158421738
26  12 94425296
21  4 948822373
6  25 1742185863
6  17 1673710565
4  31 931728283
21  3 2103221420
31  16 762284457
29  33 1609573387
26  21 964227317
39  27 772180783
13  18 444609032
29  30 2049873875
18  34 1522149671
10  22 1376770660
27  7 1120564715
13  15 545250495
38  35 402335859
27  3 1076467719
1  0 1973792186
26  34 1312514479
36  31 330783729
6  21 245815623
0  23 912532992
16  2 2038619659
36  35 294840878
32  30 287928846
38  1 346544294
28  25 2055894418
27  16 1355667567
0  12 1769306177
22  9 1819509446
19  13 1247584057
1  9 667057861
4  27 1333571716
4  1 1373223479
5  38 1558296867
15  24 793775972
13  2 1494555725
5  16 1439210662
30  34 232297395
12  38 1439591567
6  39 1575532169
17  32 124249988
15  25 1236953310
30  8 469900701
35  31 1791649358
30  13 2071741562
34  39 1356577650
3  14 1538205348
20  0 543858915
28  27 1921630550
11  16 1137440558
12  18 398382608
0  3 1598787865
0  16 1074507340
27  21 456313581
33  12 1674107846
21  36 1702395227
31  23 863860060
34  0 485997837
26  27 183107592
27  5 2021981006
37  38 774394970
20  19 1096892628
16  5 1634179302
0  36 1440657904
3  36 604601354
17  35 58341998
33  9 952706412
2  5 999564135
15  35 945857771
6  23 1822582872
1  8 817693022
13  25 1489454277
1  24 1279338510
30  4 2068259373
19  7 430590346
29  0 182674066
30  18 1932285975
1  24 289453399
36  1 891269342
31  2 172418064
17  25 450994801
9  36 122303108
35  29 1995837631
33  13 2121332348
6  38 536314748
4  39 91838065
3  26 666940169
10  1 1696907301
11  34 1664102751
11  4 1742243169
7  16 250529039
9  36 568279472
19  34 1843084657
14  2 2108295636
12  39 475141377
4  8 1046913440
29  4 1201384775
11  10 1213589465
31  9 1578780209
10  9 700733715
30  1 1309127706
25  36 699569341
12  20 1255609686
6  39 454228670
31  28 211842328
29  0 922917468
1  9 1138551625
36  24 763061650
33  20 1776674610
7  4 1039115603
10  37 2122941705
35  4 1737198599
4  39 1352961984
16  19 793399789
19  31 1469146004
3  22 139095560
24  38 457761596
2  37 417197587
20  12 1067270140
7  23 802946563
19  30 151137837
35  14 457940265
26  39 1208280309
10  15 884206466
25  20 307231919
19  12 1231678507
7  36 2132879404
21  39 109064952
10  17 462097747
29  28 1434637627
29  36 1948155013
0  10 1175819495
6  36 1479349829
39  36 1955934922
19  28 1518075777
13  22 1672027621
16  35 1001436597
37  2 1730959156
0  22 1887651839
37  36 895868777
11  24 1052172434
14  35 1433646992
4  15 1262442362
21  15 1976724263
29  22 623504435
0  36 880715090
20  39 1067452292
38  22 680181762
27  10 184430219
6  39 1270608867
32  19 599679170
26  32 1912870264
23  15 1601863293
8  23 966456609
21  8 1125776936
4  0 1840161614
28  0 2134706584
29  6 383476085
16  24 621179223
1  15 966834855
28  24 588129979
26  5 286510023
19  24 508094603
12  28 1174711559
32  21 1664850704
33  1 1059406243
14  31 184505225
25  20 1907982126
17  27 1226127695
34  1 976437264
20  8 875692967
27  10 1273105783
36  5 2059929271
14  5 8961450
18  39 1553337979
18  23 230443865
13  23 699111000
0  8 1689071647
33  6 872276552
1  20 1083801872
13  4 1372945491
7  36 1507098994
27  0 71165425
19  8 2059854945
9  37 1214993316
25  27 718282906
4  19 905445178
30  29 1959983980
12  18 1493266159
24  30 153783008
30  28 536404116
19  0 248103764
19  7 2067506692
29  1 1167967069
16  4 182667180
11  21 1293727625
1  3 75967477
23  33 1690602791
1  2 1836882561
7  17 1927433675
15  23 1623019210
22  28 297259084
16  36 1846624244
9  39 1031715322
8  6 1128156529
18  13 829103605
16  19 1772038538
25  34 110809020
8  21 1284982095
30  11 395293194
13  16 1946832235
28  10 767501842
39  21 1007909253
5  18 494515205
38  7 375319108
20  3 1734068420
38  37 676931795
9  2 1257608422
32  29 1748379201
31  9 646354902
38  11 1846491298
10  24 948112552
31  34 1032233556
35  23 1636147889
15  11 407341412
30  25 40190300
36  10 928401049
11  26 267548183
36  34 647829103
8  14 1859019128
10  1 1262697784
37  16 1159552480
38  10 689004188
6  2 1165836407
16  38 1705281756
5  13 1342214998
2  36 1088699491
28  38 859495772
0  15 291867144
8  12 1861060260
32  39 626285318
7  25 1146688779
16  36 155988548
13  26 1677370415
19  10 1357173682
15  13 222822099
7  32 1319741149
12  39 1572619010
21  1 39542058
33  27 1909036744
16  0 1823681652
16  17 1044255460
33  18 893336383
38  0 1948079545
35  23 814515947
19  0 473531746
34  30 81555024
17  9 1665568423
34  26 1888501627
10  31 1464508365
11  17 1034548362
31  21 67170291
38  4 1803614212
3  4 184563561
28  10 1883413440
9  18 1149843600
12  26 225228401
23  20 902324854
1  22 410443130
1  35 1801084056
2  27 4739099
4  12 1645017552
31  7 1665767075
26  13 1781744645
39  31 1197417176
0  7 650365408
3  0 848208265
3  14 697796177
16  2 1795866386
20  29 2013558516
2  37 1100934564
23  35 1256952716
11  14 537609925
28  36 1795823308
37  14 1784883302
15  1 534072825
9  6 2137610079
37  32 2010598767
32  39 998689318
12  11 849096670
12  18 2025263173
37  18 441808255
38  18 101121584
4  13 946442932
30  4 1199139115
8  19 1027015682
27  15 31648172
5  14 1954962869
36  10 1021151716
37  30 1991804524
16  29 1124782825
7  27 2108052858
33  23 1559236129
5  19 479844098
30  35 379720507
35  37 853906038
22  10 1497989170
30  16 1356097747
27  19 632181065
37  13 1922134379
35  28 1672874978
31  36 2140635336
1  36 1611928867
36  17 2055669086
3  15 1964815213
34  0 22586315
4  30 169279290
21  17 557601990
2  38 192127610
32  13 1811651821
11  17 678694089
37  39 1288195107
26  28 177125079
17  36 62070125
14  33 1075339972
31  7 764744281
12  9 787015111
27  1 812626071
34  21 1816651777
26  27 1965649905
6  25 1071598400
19  3 1428315530
33  12 775863005
26  7 227010225
29  9 651574340
38  4 198474867
9  22 324984676
17  25 1080986245
20  32 1635876642
33  16 277826906
5  0 1385242262
0  9 1370353189
1  38 1022260513
38  31 1139605098
11  7 757632303
9  8 1431358519
29  3 293832571
37  35 1599760694
2  22 520925176
12  33 1918382086
3  31 1851222176
29  14 1913268755
38  7 192893466
8  5 856527698
28  16 1043327296
29  33 192995986
33  0 1174550407
17  6 1853074592
22  39 1188821477
9  18 515932085
32  37 1159490208
7  20 2019794736
9  17 9191947
33  18 2114847521
23  17 384137548
28  3 686568202
4  35 1093421546
28  5 319242650
32  24 1211771593
25  33 95229366
26  32 715562309
4  35 1814098493
26  7 1476283319
27  33 338391385
24  4 739019633
13  39 1919294912
36  10 2106933006
21  8 440555563
13  1 2039922046
39  35 1864204078
11  17 2083112688
29  12 92793337
32  13 1379462235
27  30 89925916
35  31 532082583
38  10 1823137648
30  18 655313524
10  12 1289574451
7  14 1987806323
3  1 607665432
16  3 1928214495
20  14 936766301
36  27 1830752955
33  20 1416646484
