800 40 20 32
16  37 573551373
21  1 840577625
35  9 2000564870
14  11 855272824
0  17 834870191
8  23 1602043327
39  25 300588870
16  21 1260523622
31  4 632760512
38  27 1182802647
7  19 372064462
21  30 1296719790
22  38 203912995
26  10 1496314664
20  14 2120231647
34  37 1948452245
32  20 634968589
26  23 1252079452
7  20 1314367320
32  1 291259833
4  39 1408240987
11  25 30293016
3  22 2142702868
26  39 2043159603
34  18 1187860605
28  29 2121192506
15  17 1788453262
18  3 859731178
19  20 595539844
6  32 446289665
34  29 170917753
2  31 1965397336
4  8 547099037
5  34 149442718
25  18 1710855348
20  28 1700790249
11  31 620857056
22  3 1210903871
1  23 275517410
39  22 1456255324
1  27 711512188
3  4 330934509
38  26 1845261642
30  29 1209542152
2  32 1701842964
19  12 1681559326
17  5 1123362111
12  18 1496083279
22  11 1551311518
7  2 552804389
36  4 603124230
21  13 1619127481
24  21 1972535911
22  29 1076293842
21  24 588270216
9  28 1737796189
33  26 999531145
30  25 1561134689
28  10 1216247861
19  12 294080437
29  7 1407942954
17  8 298610562
8  30 1250620015
26  15 138254278
0  8 1500074938
4  19 1152479677
36  13 1797836545
21  23 833715535
33  7 1596725607
38  2 370301379
31  32 1107768465
7  28 1061292906
16  32 559125791
16  18 1498448200
27  34 487539157
35  8 2074930755
12  38 172131148
33  35 2090954240
33  4 1375249902
16  31 1695696721
17  26 670184378
34  7 980278586
30  2 1831245169
11  35 1939500941
19  30 491509563
31  25 1837981327
10  33 1605496090
4  33 2102378298
37  1 1520688700
35  18 1398095456
2  24 1464868464
18  36 737282389
9  19 941959380
16  7 477815872
9  28 171120325
38  27 1623444335
19  0 706570146
31  15 1437126934
8  28 644644485
6  22 1896283762
13  9 1576446176
7  34 621532668
14  19 1108613093
1  4 1399999453
34  20 1992794009
33  3 1679661440
20  9 1998779276
25  7 1764250339
12  16 1450401380
10  16 241314611
14  15 69109802
34  17 642676808
12  18 1321374246
2  33 1858180526
28  23 1338995570
12  4 1418579578
37  3 1122916062
36  5 960217096
34  33 1809720423
20  39 1191634853
17  33 544502072
20  15 635330711
12  8 1529286723
36  17 1120394791
1  14 1582316260
0  5 34907247
36  2 1681720804
35  15 1483346082
38  28 677389486
6  7 625182572
27  33 34940712
37  28 986512052
14  33 434256838
12  39 658143265
13  29 2118224272
16  31 1203520930
29  4 2134341306
25  19 943793260
32  17 887155689
38  16 1880795181
27  36 1280149306
12  25 2023809447
11  38 15057652
16  22 1123950334
23  21 107510326
22  7 1795429808
24  1 1295362529
9  19 295634165
15  39 867987650
28  22 2125867829
6  0 1931714301
5  35 1188673037
9  22 1565790991
5  15 1915602253
22  30 644292472
7  33 1194644598
11  9 265016388
29  28 606711662
16  28 726039585
30  25 1287295359
10  5 2035967453
21  23 744714480
8  11 919133986
14  26 226990561
37  10 586443608
30  38 2003838126
26  2 1724286579
31  10 1402636225
18  23 722969876
19  32 470609829
2  10 1430637183
32  4 766770374
39  34 1365062147
36  9 1250092279
24  35 2118373675
32  0 1082223522
23  39 718082818
30  27 1190245613
12  27 72368306
22  27 1981697085
1  38 205864169
19  14 235069383
5  17 815175650
39  12 1440001083
26  22 33369823
18  20 1116946065
25  9 131168568
37  9 185217336
11  27 1589190710
27  16 2007423202
25  3 9172229
32  12 585121291
4  24 442561886
2  6 737733116
7  17 2062172398
28  8 734632015
27  3 424403313
16  28 1804609166
21  8 1004874861
3  23 328052806
31  33 814092029
6  13 1497403450
13  35 477598203
25  13 1918726800
18  23 1244573164
0  32 2144453482
28  38 531789296
39  29 206827923
21  4 324394238
25  22 904308436
26  17 521648271
1  9 1404246224
7  37 1669324241
24  8 1170946531
3  7 975848687
36  16 1235152565
13  9 740505958
12  8 2030271806
26  23 2110393448
9  19 1420825503
28  16 1266617967
7  12 838010367
15  21 2039089095
22  37 1657569375
15  28 1523069151
8  7 555103076
19  25 1247217863
11  31 1637514153
18  38 393180603
10  25 148491480
36  32 1112294804
29  23 1492984253
12  26 776224803
21  7 1128850418
25  16 778422991
7  5 746316470
28  5 1431905869
7  8 2085323030
30  0 1880806706
37  8 1314845109
3  1 1245502439
36  37 438103409
13  9 539932403
29  9 1855734302
5  16 1235974406
34  37 1069761236
13  7 732710353
33  13 344224756
38  28 1857752476
21  25 985116209
27  35 1196179506
13  20 554555818
28  29 218733495
12  8 456390395
13  39 467056204
33  7 265269204
7  19 798590800
25  37 1805556328
12  8 820608998
1  28 2082660180
0  11 1882166896
4  27 406033203
29  12 1948681848
28  14 1285711094
24  17 1154899716
16  31 1642307305
19  22 1161516872
4  2 1755779595
12  25 209665310
17  28 1893668638
18  14 242866877
1  34 1978784171
17  37 164639954
7  6 294908418
11  4 1196408027
33  39 1794696676
38  12 1417635783
4  2 598541791
25  28 822251713
23  14 663048555
10  28 645841205
32  3 1769126580
0  29 1855800261
9  5 1789932385
30  14 1588447643
34  29 2008612566
4  10 1151198744
15  34 103459868
34  17 1390634630
6  16 180195154
20  26 1281977316
26  0 383034709
30  7 1090809682
22  14 1530484413
15  1 446347517
5  7 1480193800
29  5 902909850
34  5 1666171497
2  1 1952066530
37  12 1746528118
28  2 1800903953
28  27 496181054
7  39 1180004721
35  8 2051372313
10  32 1853497324
10  0 1759965566
22  34 1225629512
0  21 1683930789
36  8 41505483
22  38 573226017
11  28 360264590
36  35 543119197
6  25 1416768613
22  26 1343206860
25  35 358867063
4  26 1614957718
5  39 2024563624
27  39 2039830365
15  24 1308803964
22  31 1540972533
20  18 178795248
33  12 83784505
2  15 2109089395
4  35 1853802481
21  16 143753431
8  31 1875271782
10  34 1291726849
29  27 1208971215
24  0 588021913
0  4 1920974836
29  36 1877255712
3  4 173832224
3  17 1930006574
20  38 416005699
0  29 1653049290
19  16 355698444
37  23 1654456296
4  13 1348861771
15  21 110709977
2  27 1444952748
6  5 1029162837
24  33 997639922
21  15 2074809735
9  7 704507200
36  0 1181059591
29  16 239806470
34  14 112348762
39  4 631787240
37  19 941030895
35  8 504946291
11  35 929625787
6  32 486046315
24  31 1328757504
8  39 1816950257
23  33 406329430
11  6 1609349707
14  11 1473986195
8  0 241430718
15  13 1981315834
25  13 1323040548
33  27 1599663487
32  1 1841466672
22  36 391728839
37  1 531075970
20  7 2143031336
8  22 1870710898
13  4 1783488847
5  13 222413514
23  35 1885669834
9  16 562490814
16  20 1468997719
2  6 1662323194
6  13 1606179632
0  16 1351183736
23  9 1042690253
16  37 1807301872
32  4 718834561
23  9 2033396333
26  1 470252790
9  24 458659675
24  29 2129448636
28  39 1540590060
5  35 423110734
20  6 1447978617
7  0 568281583
5  25 202635137
27  19 738534368
10  35 130086009
1  33 2124588094
4  34 642449705
19  0 1901056561
24  7 6317395
13  30 2059509756
8  39 59027588
36  13 1117126463
23  28 628331279
29  11 518162458
13  28 1687650019
39  34 1440163550
14  2 555791531
3  31 916440043
20  23 531863379
22  26 1915855890
0  18 930747823
6  31 612709873
36  6 1957699451
9  20 1752360986
27  15 1285354238
0  22 708650663
8  32 1676138459
29  14 1061375179
26  14 837949267
2  24 860462189
10  18 2016405772
22  2 1407375473
34  18 1152897768
1  14 1318463343
21  36 1777173658
15  24 180229223
32  22 709820341
18  5 311969309
0  30 2055578542
33  10 551441798
2  27 1818433612
35  29 2071857487
27  15 390209837
28  19 891233731
24  12 1254198816
13  29 2070993077
24  8 1937653484
13  37 349284045
38  29 883527379
39  34 1796192162
35  28 87382805
18  4 104662716
31  26 1223033940
4  30 746569253
11  10 1231630167
19  23 313241670
31  24 1442036546
1  2 146362908
26  17 1429365697
31  8 651242508
27  25 1010488251
29  13 1935575844
28  20 201211320
32  21 201407823
3  34 812319738
14  21 1484654167
39  10 1511525718
32  38 2129171934
20  5 970798066
9  28 604270900
22  17 666271855
33  28 696512526
19  38 1141443018
13  15 1297341662
18  5 909808396
6  23 1521154929
23  11 637035244
14  2 1018170276
24  8 1619180449
37  39 74544593
24  8 367130018
26  10 1593320193
14  21 1321482501
7  35 1930407022
1  18 1185947010
23  15 696754290
6  34 1758509865
24  7 1287705971
8  12 1342725972
29  5 1858800528
16  39 879799792
31  1 1626364383
10  6 254688057
4  23 617980414
34  31 1049702530
33  13 275110036
23  0 1900080520
7  14 1471430130
34  37 1915366715
34  3 1380523703
5  14 448573896
15  27 1563883448
8  4 1150860308
37  20 349206890
3  2 1007821808
14  23 1603209146
22  1 49948254
20  17 1540822917
18  16 511288867
21  32 1474038702
26  5 2021861933
3  6 1300799190
1  22 2091994295
35  39 538578195
24  37 1648039109
23  3 1740691587
11  36 1112774119
11  14 2051134985
32  13 1788044740
6  34 2075458002
5  38 2076525804
6  28 546501801
21  36 1739865725
27  0 1835426622
0  27 1848501614
22  23 1252654520
0  17 1053804422
13  20 701335954
39  7 168466260
35  29 1707734936
5  20 2076686907
3  30 508016370
16  39 2118021741
8  24 621977454
5  36 2074719736
0  36 1076518270
1  17 1633733024
34  31 942492570
5  9 694805907
17  11 1162547347
21  7 53197670
11  36 1981772287
31  35 1657325382
5  25 1557132939
27  2 583930631
0  36 1877167301
13  39 600480737
34  33 1994866883
23  20 2128572248
36  18 525513431
0  7 1584038035
1  24 785284271
12  18 1439058279
0  20 1470424492
33  5 2030369693
20  17 255493223
12  27 901257176
3  30 1266686908
0  33 1731672308
29  3 1924334106
18  14 1334795866
13  30 765179099
5  35 1060627545
26  17 956170520
24  11 259695854
24  38 1719034664
7  11 1450485449
8  23 992133441
22  3 1203790952
32  11 27414960
7  10 1907199455
12  37 943302990
15  25 471375362
11  24 178330352
0  16 122621945
17  6 569139888
38  10 1801135399
3  7 1159220717
2  21 2016719376
25  10 1835048636
33  25 1209883201
9  2 1786848189
37  15 158755481
24  39 1358093801
38  36 1881490632
31  19 1835895173
15  8 865381740
32  23 539757647
19  5 1490562856
4  22 607280945
12  33 897964404
6  5 1219806068
9  4 1460985505
38  30 579080876
15  1 296519446
28  11 2030098650
27  25 550498496
5  35 559385728
7  13 1965769786
25  34 438243266
31  19 741460022
14  33 296802793
30  38 1294933266
22  4 919407055
9  34 1684549567
3  25 1239343699
12  31 490176082
25  0 1638748649
28  8 828521194
37  31 802343076
21  26 1604346110
10  13 468083243
0  29 847187183
6  19 1372751385
24  32 112381059
6  17 2058259296
25  28 895038022
5  33 979809059
11  19 1903265990
29  25 1564020100
16  21 713616168
26  20 1964703869
7  25 1436528229
20  8 471092328
22  9 2128224208
25  39 858503867
32  16 1665080301
23  6 316534722
12  24 1395406985
19  1 348807803
25  32 636371482
13  9 37784327
13  27 809040596
30  31 1137001403
6  32 1617959845
37  18 394157630
30  38 1700904394
16  28 267153004
8  23 1752495061
36  1 1528029484
33  4 1761640484
19  33 1985732039
11  4 1712826887
26  25 621794787
23  17 1762214891
38  37 1941137723
23  24 264347626
26  23 661875864
2  29 520708835
12  32 374790913
31  32 4439046
28  22 1466523200
13  2 1451742923
25  17 593611584
15  3 706226507
35  4 267760139
17  36 1191904853
19  16 1738376454
24  14 1308284075
11  35 2109023799
14  5 2001992781
28  22 561079307
13  19 1517372680
1  23 277652226
18  12 1555202353
18  9 1282200245
14  17 1830296789
10  28 1785684548
10  33 937765715
0  32 1334996509
5  27 669414599
16  20 588762813
5  1 2113460123
25  17 1312069940
3  31 1681675852
23  37 423907462
8  26 1281343895
26  24 1922262247
32  3 904518829
34  16 1238959907
8  17 1817542638
27  23 1201108508
33  35 926525628
12  36 1633317521
16  8 1080576046
18  27 1102214469
30  28 2006117848
23  17 871610717
34  26 1157381742
28  34 1037150414
8  18 1212037552
0  6 278980880
35  28 639669631
17  21 193192282
4  32 1331959783
19  39 846279331
3  26 1789506574
27  29 1987883736
39  37 537608215
26  32 693139324
32  33 1093464740
3  24 8390849
8  15 1082720578
14  35 425528574
35  10 114109620
30  11 1000099505
16  8 1506773135
30  20 944018350
36  9 1517439152
18  22 1376375517
3  12 697492245
6  1 1222419389
28  37 1777337057
21  2 1638088446
20  18 1589985889
13  3 1742294532
4  23 326159440
21  34 1133191615
14  20 661633558
2  3 1680450816
30  6 136387504
24  31 1070820973
30  39 1481131992
27  38 336440481
8  25 1202212378
18  31 298760139
3  2 410541247
26  28 913045660
0  22 2037987390
6  22 422035252
34  28 1288488205
14  8 2074442784
5  16 749072149
20  24 1020694168
19  28 610189055
31  21 246974763
19  36 1286052961
27  34 1943687890
10  2 987962313
4  24 153630457
23  11 1015625822
1  38 1505185424
38  36 690939078
5  16 2030611479
8  32 1101353374
30  38 197351596
7  15 441609813
29  39 1842358867
34  21 1475507207
2  11 2008470437
28  37 233377816
27  34 478546222
3  0 1471329792
30  2 1887011098
35  6 684017720
18  38 293859653
24  25 333433951
24  0 995200279
28  31 48817073
25  17 864920601
26  20 1406209319
13  21 596577687
36  34 212557236
30  23 1446830490
16  0 1092081017
22  36 1840543524
12  33 595720189
16  14 303695637
32  6 1589950167
35  21 281570469
25  24 285364918
30  20 1398590634
14  31 408137196
20  33 1858374710
31  21 1855319024
28  18 1423990115
6  38 806261644
2  12 2042067024
18  35 285778374
25  39 389806085
26  7 284801694
36  24 1003622874
10  28 1755656658
38  22 1753539102
22  2 639437590
21  18 687572153
4  24 1311356277
39  28 653776697
16  29 1567397364
31  27 1762106373
0  10 1931983110
0  15 721033002
30  17 1089362206
35  0 340516224
20  28 1200862887
27  25 1265678641
33  12 196650216
20  27 1554454259
0  1 964143482
23  8 1954941725
1  13 1079838322
25  8 674704394
26  6 899983390
30  39 2063038712
9  4 731924358
30  15 654044907
4  11 1700723838
16  28 1166334839
39  0 323263282
21  14 652385695
30  25 73429378
21  6 443263651
10  18 1456957055
21  23 460084474
35  26 1422218153
14  18 209028090
38  3 1103098931
