800 40 31 18
4  1 11662554
26  13 357512936
28  27 935536092
20  34 618696921
29  26 1400444788
13  29 1943096647
32  9 1285434709
21  35 153039992
38  16 880240997
5  35 716354682
12  0 369070830
14  25 700989677
30  19 403307709
20  19 1908598759
24  13 1862128882
24  37 1132659074
3  27 2106884223
7  32 1963440268
13  10 284143453
22  14 946866884
13  16 1845127337
2  18 1285952445
30  1 1128153764
25  24 1690976641
16  19 692851553
39  5 77028482
11  6 1444497096
20  1 359157422
1  21 1287917609
31  22 1873714922
25  36 1289935396
11  17 1970370194
36  18 819078889
36  2 1233578754
31  0 42833557
26  27 228185927
15  31 1785802603
26  15 343859468
19  21 776618674
1  20 663109773
19  26 431946128
26  25 673802633
1  30 1596140043
4  36 1868221835
0  4 1603664994
22  5 1485776530
23  19 498291766
20  25 1230926568
14  39 624271176
6  16 118545864
33  7 874313858
18  1 876487184
30  2 13094515
5  15 1722169647
35  7 1375487771
35  2 506100692
31  4 1067288855
7  33 1768675052
38  3 1009816620
37  17 630939095
28  13 542017869
25  38 197140743
19  0 654127561
15  24 338885529
5  24 1235379104
17  30 1505743254
19  1 856237519
4  1 2134491055
29  0 1208353324
28  36 1926018436
9  34 1829139344
18  19 1960037640
0  20 1443617482
25  8 989255334
22  38 605618842
30  38 1717310569
4  37 1782186622
11  35 810378283
2  30 1640804847
4  11 1339292578
14  29 1642224273
34  11 370902147
33  7 885025450
34  36 451028496
17  16 1495889443
34  12 1097021841
10  29 748208853
20  21 1455782170
13  7 1634972051
25  8 370961148
12  1 659927654
16  18 1559706291
2  8 1166888868
3  8 136675655
0  18 1089943682
30  8 311115050
37  20 394028609
37  27 44270498
36  16 1433286740
21  1 1880141684
10  18 204436364
33  38 1412971494
37  14 349711490
16  39 149167296
23  27 1912465820
35  14 1571698711
38  9 1223509852
6  4 1736749439
20  35 794062435
20  29 1204531708
32  7 766159628
23  12 334763676
31  18 868699357
1  10 698857200
28  8 476544455
0  35 1063614108
33  13 1439007825
36  25 76251239
18  12 1989789218
19  34 885893583
27  2 1115341463
34  36 1499674811
37  32 2068969451
10  35 1132063379
35  7 1991474776
31  3 1635844312
20  9 1456024723
32  36 714561598
5  33 1750565937
12  31 1453681269
8  19 1823632328
29  28 901070949
5  19 287000204
17  11 506740576
1  17 1020721496
29  32 632395213
23  32 1568607491
30  16 318757115
17  32 600923426
11  22 2072126227
38  2 1120977041
31  26 890866970
37  32 2024105826
21  33 314558385
39  10 1216248468
34  9 1458280299
27  4 269004156
27  12 901603026
10  34 1038331652
17  19 1765219079
9  29 1385075292
15  27 1664739078
9  28 1973990077
16  12 2068981847
4  36 2021619095
29  0 49233309
10  12 980668538
15  7 1287330979
26  2 757640323
27  23 998898183
32  31 268485570
13  21 707315275
30  26 1194811724
27  16 1763024447
14  34 1769351324
6  29 341086096
1  37 78224193
13  19 430914773
37  12 714194472
14  18 23319080
31  24 76029495
5  8 1831746817
15  16 1384715147
1  28 331593229
24  25 355433272
24  16 1017176784
36  17 397856662
26  36 1410090984
22  7 411620476
9  21 1015044819
4  27 1605323942
39  18 2135126284
1  7 1214415642
26  36 278204046
7  22 1578826105
1  20 1970572900
7  24 593667949
34  8 129805474
8  33 1038582593
8  22 1963470627
13  32 1879203414
25  36 273992782
8  27 436205188
4  23 1873040414
18  25 111934369
36  21 675830542
14  3 454064225
12  14 1178067300
8  16 1821115152
22  18 1978165511
11  18 55905774
37  16 1673537796
20  16 430368058
37  32 1495940843
20  39 72193874
32  8 1680488128
27  4 1312970954
37  32 274061918
7  16 494211254
19  7 847246598
4  5 1284906039
9  10 157695579
39  22 1874822268
35  26 2070205184
28  17 632928899
37  13 379639312
28  37 32860770
26  30 1503183298
33  39 51248311
26  10 2113205740
38  13 894660967
21  26 1137027348
24  25 1307460739
36  38 1152598363
30  15 1452866866
16  20 1081263519
30  13 281383572
3  4 1095402386
17  16 1210805755
21  15 1348241583
9  38 141046668
31  7 1216903581
15  37 925676547
19  22 1793537216
29  14 497188355
23  5 2081141684
35  27 1426226781
27  1 1664546001
38  16 431995465
9  1 1990244465
3  27 105511132
11  39 1967461655
37  18 2134053424
36  5 384068865
24  37 860294229
28  4 262673513
37  24 1266564735
33  39 1800696749
0  13 182738941
33  15 1711015429
12  9 1495054348
19  10 946048426
16  36 1498926911
25  6 654378974
11  19 272715597
21  24 6613077
2  17 730299549
35  19 1898335161
25  13 566558223
31  17 1266538194
30  28 2080581533
12  26 1626805524
0  9 498854038
1  28 611943234
36  23 715073823
32  14 1366758192
18  30 1343206236
39  28 1713694714
27  30 1942245373
14  15 2119275617
27  37 699791495
5  29 1832901892
0  32 1569878483
21  27 1910306922
39  9 386362693
20  32 2011740825
24  15 88710433
15  36 1765717401
11  19 350909234
20  23 2089421133
21  28 1773291719
3  8 43372795
18  1 832278527
25  6 358151979
38  9 1694794249
29  35 1072448782
38  20 797675484
38  16 740547187
31  3 515592071
2  38 1456383020
31  14 790549364
23  39 760221766
37  6 1651597154
28  21 2032160897
1  20 278348066
24  34 237994058
6  7 2055606262
25  21 709545584
22  18 421898177
38  0 755935120
20  19 2072685770
35  3 1809098350
29  4 1865083767
13  6 1176318935
17  34 666663967
7  10 212882853
34  10 963100507
4  10 1624015433
29  30 1066744835
31  1 770435332
6  34 2016717442
19  4 1869260932
0  29 1750358740
17  10 857839348
35  6 372410338
33  10 2105152653
21  5 674849206
35  16 91289300
14  17 1812353191
13  39 1791402326
27  3 1667233232
35  15 1846552743
11  10 720659028
14  0 646409922
34  25 690598157
20  5 1984020169
25  21 1195360913
14  22 313080415
4  13 1158091601
35  39 450103026
10  1 1229076682
36  1 781068803
4  1 15741212
7  30 1219690908
26  11 86916514
11  33 1735283433
37  21 1875407055
5  31 532112680
12  25 1995244258
3  5 859225195
36  30 1751126279
30  23 1122440673
26  35 366816356
33  10 446496025
38  2 193428729
20  17 1800291882
31  12 586566148
3  12 2053922482
25  19 1769334197
17  1 1885299894
24  30 2101986279
23  7 1742563046
39  30 28037926
31  20 496202531
38  14 1766050756
19  4 1425144354
11  39 488642889
30  18 1444405783
19  20 110645531
6  23 1870346521
15  17 1813391446
3  23 499659490
21  3 478202424
12  17 8951130
16  22 771792414
19  38 1802993426
6  12 526815050
2  8 2140526852
3  29 1479487022
18  33 1641935988
38  9 1498377902
22  36 2068962277
27  14 1719033701
18  19 58026141
27  28 710626483
24  9 655984236
29  2 83524872
35  9 1241653445
28  36 818965816
18  14 1790957968
9  31 1967475714
28  25 981484488
20  2 1721052925
34  28 722364121
3  16 277341576
26  10 1128673379
24  9 2144598827
16  0 2015465788
25  33 2054664828
12  38 1784759454
20  24 2006168931
0  2 2009042022
33  9 106451344
8  22 248785863
21  4 1483348775
13  34 1470849565
35  39 65636070
1  16 1011609495
28  26 1372721214
25  29 535332345
34  14 502761702
6  17 1699864320
15  1 242174549
19  38 1416444874
32  36 1306173508
9  38 669744497
29  3 135393303
8  20 2123966574
8  30 1825581343
8  13 1426238125
35  18 1234141979
12  4 1215911726
27  18 887754290
38  10 1807092294
38  36 1284549082
33  19 1554987765
15  13 1299200017
23  0 834265077
12  24 755142136
10  26 1611515494
7  27 2066383043
10  38 1473748758
17  9 178088052
3  7 1885701401
34  8 1634206606
8  37 852657710
15  19 150415520
9  3 430809607
29  5 1513670596
28  13 1478883578
30  26 201283232
5  18 725572779
8  37 1078473084
1  20 559196683
21  15 680012917
5  1 1523943061
30  21 1836135864
26  11 1817017804
6  21 1439964636
17  23 1233010982
22  39 1566173206
25  38 531674397
22  18 1637279011
28  1 1015697711
36  9 1561999187
25  10 99895615
28  18 1350439415
16  26 1698790746
3  14 1059828924
25  27 1829722716
22  9 250634079
39  25 1973568931
39  6 532639858
31  17 132451368
27  11 615490482
2  37 1445571493
4  10 1449752547
10  9 1139753655
28  39 1936760154
24  4 434025550
5  18 408410510
24  36 474047479
13  2 1307025811
4  27 295232604
9  27 1988494882
5  26 827024902
14  8 1406696652
13  6 462768160
35  28 405340898
36  10 1431624748
36  32 419152068
30  21 269454291
38  23 230762220
18  30 1903507820
24  0 225696515
18  35 619072715
5  17 2118689084
21  37 1078893023
6  36 1238091024
2  7 1787412293
34  5 1028208020
30  6 475220607
16  0 1662059099
21  11 127956622
4  34 1967116645
24  0 1736438736
26  8 540468465
27  24 429670736
35  13 581281247
32  38 243508107
2  17 440151262
19  28 252212998
39  23 164694430
12  34 62277852
34  9 1050359300
33  39 416253563
22  26 293060853
39  28 680674264
27  7 1487343812
36  18 258112383
32  36 1374952700
38  16 1876148002
14  0 1607864569
22  28 75735984
11  13 1843234049
20  22 1025799873
27  15 345705894
34  17 1262951595
15  17 1894815020
36  16 963830647
9  23 1488925569
23  22 615198283
36  12 2121173362
10  4 871934891
34  12 609501230
31  11 1993882544
37  30 2058110165
1  36 389902507
11  32 1386825556
30  23 1325525071
10  12 335109329
12  8 1992004762
15  21 2022026119
16  6 1214308213
19  7 222814083
30  4 2081483668
20  21 2002407496
30  28 1158044019
34  10 246322576
26  6 1036937112
3  29 480297456
32  31 283309472
24  9 773051347
1  28 1728923886
18  27 2047760156
24  35 1607104594
15  9 749835025
34  9 1198353704
18  2 1184633835
17  21 1545718528
30  4 761808098
2  17 2140254839
32  14 1928534884
7  0 1112736368
34  27 179317223
18  2 1049426287
29  26 145528941
10  30 297831038
31  6 1747389929
27  34 431467353
16  12 2002013308
0  37 1993420944
17  31 1994643876
13  31 1891082647
9  19 848661166
3  8 427299320
38  29 650587266
39  35 1930698910
11  1 1438560714
25  8 1072627628
22  37 454648525
19  11 1192141438
8  17 1906627455
26  7 120824681
14  18 920377221
32  38 1214892178
3  30 999513996
37  39 1848006521
7  2 1399359314
38  19 345279068
20  0 1617738453
6  35 95157419
37  10 584449272
4  31 1061961525
35  17 819874185
21  2 388598136
35  1 105035824
19  5 304591641
38  13 1917340205
9  35 1737271765
33  20 968361574
12  6 2035163694
8  12 1331026096
28  24 788829551
24  11 1016730844
8  35 188519020
9  12 2077268063
20  29 431996129
5  15 850799187
35  31 364249063
24  23 1884022214
3  31 806604624
1  10 373957627
20  39 1619644458
33  20 1816544924
30  3 1677832645
12  15 941470061
29  7 85742223
28  25 265739043
35  0 1352708473
17  25 1438906024
37  12 898616030
18  19 636151459
14  28 1969693023
15  23 1502920549
25  28 1038565035
30  29 663414217
15  12 1977709424
24  36 487433205
13  37 917362905
4  37 661246249
32  30 610157853
38  30 1014335408
7  20 1740876838
26  13 481115725
33  2 743450152
28  3 2062209806
18  25 1592724480
18  33 1657111813
3  4 2057726132
12  37 1839647519
12  22 1836931627
1  39 1938286541
17  10 1351436817
8  12 1023448427
20  24 1695792669
29  35 2045570935
20  23 820974497
24  38 1425668108
2  5 2117024805
12  24 787681618
1  7 1961596760
26  16 97024545
18  9 526902373
1  30 1492280873
0  26 681031223
28  38 1713646450
25  14 557461524
6  28 644597323
30  37 87463786
17  27 222636254
32  30 1725799417
29  9 698297182
32  10 420505921
38  22 107332948
20  33 910682665
8  12 364212806
36  4 1090603544
5  22 1882384098
36  7 1160607599
30  32 2143436292
1  13 1877130020
2  13 1842624657
32  33 637682238
7  15 491029540
37  30 1652463880
15  5 301874747
0  16 1514535010
12  37 1857200899
8  36 154724718
8  32 986295959
6  28 1010690453
39  25 1247244605
13  5 430675773
30  35 569518900
2  6 1056216130
28  1 1134562184
16  12 581280524
31  10 1404303189
6  28 994870701
39  1 1244933889
19  39 280661697
3  20 1480264128
0  31 1932001790
18  36 1940129370
28  8 1199977670
16  28 1749250390
20  36 299414289
3  6 1170779333
13  16 1674492722
37  32 1262113506
15  32 1550907499
21  34 1208437153
39  5 1596739174
38  0 1613044315
24  22 557944706
25  34 1403952193
14  8 1656421940
16  30 1166134301
31  17 449381878
24  28 1857624968
13  35 838836395
2  23 1757416208
23  18 996331292
21  27 152253322
2  10 1808093947
30  35 1987677736
33  18 436186391
5  24 652860815
28  16 2085299982
0  39 1442396833
1  28 253558943
29  1 2060379050
13  11 2100895367
13  34 1562395585
21  20 1929471137
30  27 1627235774
8  6 1979461633
32  9 1155086737
14  39 988915599
37  34 807819062
26  23 230126238
29  32 1473574799
35  20 831382430
15  25 1716419014
29  7 1291184408
37  20 784130562
20  3 205135692
11  30 342071289
28  16 663799852
9  16 1080422710
3  15 962554211
39  33 240299170
33  32 1824583951
0  24 425562658
20  17 198755347
17  5 1620728569
39  35 40721657
0  13 1148299251
14  17 891641529
30  28 1086880155
1  37 745947859
2  7 1423833666
28  34 742462091
4  1 1960184117
11  13 1965845306
16  28 1652353888
16  26 1866327636
21  34 1870284908
18  13 1526618057
13  6 1433769106
28  3 2042971288
20  8 1546987167
38  16 435607948
18  0 1784245344
38  4 956118372
0  16 1555312630
1  25 879170944
7  2 1096793521
15  9 491371862
17  1 1555116201
12  18 1849594904
6  24 1644348023
27  5 66425143
22  29 811682423
2  12 175161860
13  33 2015244327
2  14 1411028579
11  14 298056631
4  8 838123041
27  9 660774474
15  35 1435039319
0  8 447164005
34  21 2001591852
16  18 22673437
36  28 819478306
37  22 179387350
35  3 819487824
24  28 1473544078
15  7 2614531
18  6 661054916
11  1 1348942631
24  32 1650691671
12  22 766990764
13  10 1442135781
23  21 1801550837
32  19 273762901
26  14 158759231
21  18 231365846
23  10 1823299117
20  18 878615586
39  16 428652023
12  4 265416734
22  27 1557902519
8  24 1279046530
28  18 669625026
9  18 656199571
38  33 1075501148
6  32 178698215
39  37 915709358
11  26 1296695730
11  0 1115419614
21  14 1747714748
14  18 493076987
6  18 1059311767
24  10 1428173622
22  15 1098118275
37  18 1306460793
29  22 1815618705
31  5 312807061
