800 40 4 2
9  13 1515441130
10  20 259632630
16  0 1958238729
16  7 835249361
16  1 1532086326
13  8 1530164430
32  34 1156313967
5  13 552096521
19  5 1951589259
36  9 548498262
6  9 936753805
6  34 1027494667
24  17 1445457444
20  19 1700886625
22  13 428561029
35  37 1628239464
0  36 183173619
36  12 10546432
3  27 1596616624
9  36 1566007248
9  20 112932040
15  0 2071584841
32  31 1666368333
6  21 2113793033
29  39 2071492828
21  28 113566638
38  4 188279433
14  18 459765624
4  21 1886681920
25  19 1902783645
34  14 810093310
34  22 1219726981
8  16 1729408781
0  13 1931408165
13  16 193933935
39  5 1233082186
23  0 1689424489
21  6 1677345102
12  20 909363002
33  34 700255532
7  16 1680806855
14  16 234758524
26  39 172291866
8  35 2091341795
35  15 1244770447
33  30 1810104517
15  23 2099231769
20  11 1517415524
9  3 772068268
37  36 261279628
31  29 1844654249
18  17 127972887
38  11 1462207973
31  32 190724191
21  17 955616144
24  22 854618803
14  10 1502529824
25  4 1168022496
26  8 1085230815
15  1 1600380896
0  31 311872136
9  31 2137043102
9  32 1682019786
24  30 1319741446
27  6 1991072466
33  2 273703457
11  31 1559156981
7  29 315428030
11  18 1582760232
18  5 1698238414
32  24 667998448
22  36 2087667576
34  26 1116269711
26  39 1669375346
16  4 101029104
20  17 561144335
1  20 389014079
24  16 209542871
13  25 1791939393
7  21 635817806
24  8 1396373719
26  39 1771052085
19  9 1327334190
29  8 745384193
36  32 959494413
17  20 1052198182
20  4 812221271
39  26 1394864727
31  18 1827511405
28  17 1306322915
3  7 141336724
25  23 93006173
23  27 202665050
34  39 2044943085
0  12 24264723
27  19 1081225006
4  14 424984751
8  7 957975758
37  30 1252267523
14  8 551377802
28  36 1054308614
29  26 1515899077
6  1 1294185818
9  1 504816001
5  21 615844861
6  10 1490655589
33  30 649093167
34  15 1220178563
20  30 514223251
6  0 1123791199
0  35 1493894116
27  6 581738745
34  16 1219470124
37  10 408959975
11  20 541253823
15  24 1392617392
13  36 1696531427
19  39 1734284615
12  24 778214483
24  15 1318232345
9  29 1273889251
26  10 91076736
38  36 1752088984
36  26 1834306635
12  34 1241294242
9  28 844494093
4  17 1985401231
10  24 1130963180
30  37 1344719186
10  3 557842933
17  24 1024640905
30  27 1638637339
0  33 1724354537
38  20 2130481732
17  25 1701792930
34  27 1468827348
0  11 1195429548
6  5 1538053147
21  31 719544582
37  32 1538773585
15  13 1936666808
28  22 1742687240
28  2 2049071841
39  15 1019138137
35  16 138980870
32  24 404643864
34  35 1301322080
4  5 743110700
22  25 613485942
9  15 1641511599
10  7 2045325182
11  25 1776598041
15  23 1279362572
11  33 238767276
1  22 1124939379
38  26 1548318885
37  10 1264518673
2  16 1747461917
11  5 1381824152
26  9 1810915765
23  21 2102989699
37  34 1325880380
9  22 944926120
20  13 606038473
36  19 1146820581
32  35 609288920
13  33 1627885268
5  27 935887674
24  28 445202612
8  39 1010706536
39  28 178708062
29  33 1629283600
4  33 418113644
37  10 2039759978
28  39 1422281226
3  16 284829634
30  14 936564991
6  24 2078601337
16  21 345501835
4  20 1272844557
32  25 75981879
4  10 1850370972
1  14 762228017
32  9 1076932184
6  3 594284066
20  17 250228795
1  37 799364894
19  20 1415027237
25  2 522392592
35  21 1440957074
14  29 1319280097
1  33 962867316
3  1 365413545
21  2 1903111761
2  18 1855876991
8  24 498705507
20  31 2070089596
19  34 1816914000
25  12 746302354
3  39 945930011
34  5 294661364
29  8 1886736785
21  8 1007808906
1  28 1502228993
19  3 1574227774
32  24 1028186088
23  13 1195106647
16  12 572532504
6  10 47035027
2  30 2043113730
15  22 1203796608
1  26 393061094
39  30 342056353
24  27 1751654531
21  27 675301835
15  2 1866677746
31  4 1861569832
5  13 2034958450
27  10 1678972152
38  23 1890760486
29  4 341512900
16  38 821304189
17  13 1614324666
14  12 832299654
37  6 1718517523
33  21 2044115350
21  5 1156344875
22  36 1858345213
37  29 1582067250
5  24 1011587707
4  13 1619752404
11  21 1741435413
32  12 1638100407
17  0 1551212219
32  25 1496641639
39  29 1476485934
0  39 578752509
34  31 490124573
33  26 601839028
13  32 1349508116
29  27 231203862
22  3 1946961838
11  24 214950929
4  0 1942643442
33  34 1122693808
36  3 1630687363
7  14 1116447833
23  21 348595719
20  19 1155341510
28  31 212567952
11  37 963649579
28  29 1484094883
1  29 966113378
6  16 590955569
2  0 612461514
6  34 1588171966
34  12 947603721
6  21 434548883
15  16 380554991
13  5 1504162694
32  27 1610922613
3  36 1684581700
23  38 2057281088
28  14 1210131120
32  27 1307849277
19  5 1248704609
20  38 1022397099
17  14 370173794
20  3 214046217
3  29 1111573679
2  9 1353680081
6  0 160249137
14  32 962394541
5  17 1195474929
33  18 967013265
15  10 1543863724
26  16 417564177
19  8 788743307
10  12 1229907424
10  3 1696500997
12  33 1771085523
20  7 2056594823
35  3 238121176
18  23 400063192
18  25 1563699531
25  15 880949559
11  5 1825585543
3  12 378288207
36  35 265686148
25  29 790756753
39  37 388091656
12  18 1579790646
4  23 612738878
31  13 831865605
17  23 540172490
37  10 275048706
21  25 946854505
24  23 1652569261
24  18 1287582830
6  9 85382585
16  34 127298312
10  35 1715288710
35  26 1635987362
22  4 57474666
32  33 1260938680
36  2 644694796
10  33 7378353
2  28 1432320122
23  2 1389284307
9  18 1789765150
29  7 1299967501
31  6 1145161238
18  1 1162046304
23  37 1847194459
0  25 215358739
7  0 306772943
23  0 1661999480
29  26 26668755
36  9 2027331902
33  22 2079512185
7  38 1115070441
5  2 759868054
5  26 1026808196
24  11 1857618666
33  25 1351753353
20  35 1470865216
37  13 940992973
5  27 48000266
24  20 1518074346
3  12 1948758767
1  30 1624025248
10  33 1005848353
8  32 2068116965
0  26 1396485624
18  17 889836733
37  5 1761271792
39  27 406993276
22  27 1279535964
21  32 1540161943
36  8 70458123
35  22 2137898976
36  31 1904896377
28  3 1076588345
17  18 349793952
32  35 891424473
22  3 1122635057
11  20 1538744621
39  23 1096896770
7  35 1254904997
4  10 1532328407
6  25 1843149608
20  8 976141175
1  12 522598493
37  19 1417243222
5  11 1761904375
8  16 459037633
29  21 879101644
15  0 1053679206
38  30 410524439
36  17 796688405
16  18 47263508
29  11 1354476671
29  30 392282988
8  6 1835689421
37  5 1864934366
15  27 1747330725
6  20 597323680
26  25 2092083197
24  2 730704724
26  1 522795638
5  13 1604156613
22  32 1472827531
10  5 2010652699
9  39 1343169067
7  3 1947799280
24  22 1724125189
3  35 1579267875
30  24 760484042
27  39 193237716
18  1 1257161213
27  13 1309908450
19  6 1175381458
9  36 1831458229
11  21 684575648
28  38 1878382351
7  25 670821056
0  6 485934410
18  25 1480874057
10  34 1131841309
13  31 80944510
11  29 82804908
21  13 787661209
32  27 602611511
29  11 535489627
6  2 212172649
11  24 426600166
7  21 371857349
17  32 1387002607
21  17 1228146060
6  38 143913423
8  13 1373919584
34  16 134699418
22  31 893738645
34  28 1208819602
31  23 1966563428
7  16 708428446
3  23 556027600
39  9 657469365
15  25 1334469196
33  19 1146276819
13  20 681304938
19  36 442107932
15  10 426321075
23  9 1695866831
8  5 419629727
31  34 1900671937
23  12 2011276736
25  39 104925654
35  27 1872752232
22  15 1221349496
37  38 1452239313
37  0 1496651487
34  13 319438797
29  4 33124702
6  17 1715898409
28  12 1700021238
10  5 1349946713
34  37 90518448
10  30 1706417369
4  20 1858840913
27  38 1605375744
15  23 811420176
11  39 170389608
19  31 675447542
34  9 1615372279
2  28 1291453382
20  18 242940400
34  10 506399459
29  9 1115615115
9  7 1555723589
3  32 1535373043
37  19 789067810
8  16 500579305
19  32 649428940
28  11 1299263490
28  7 942386537
29  31 618778378
30  2 1823674832
8  0 1731065990
12  19 480403754
9  21 1749409335
35  31 1296274759
28  31 1701428746
23  35 2056442064
5  0 1431264884
1  29 296507464
10  35 1459579373
3  18 692865771
35  6 830167673
20  27 649370520
35  13 1580887884
20  27 422482262
34  28 684393802
27  34 622555780
9  10 2101045915
5  20 1514636798
31  10 838788739
6  38 122064533
0  11 391696233
26  4 128962234
6  33 1612101054
10  11 353125412
18  24 1717817270
36  4 1783616770
31  2 607983293
8  21 331145211
1  3 1700377801
21  18 255791773
22  37 2107715894
20  33 186581852
20  26 150986874
5  20 1889852847
16  11 247462777
22  24 258995320
37  9 2103161370
3  19 340437284
2  35 601825502
27  15 1431402546
28  26 408132243
31  26 1248056391
5  20 1179884725
0  1 84683482
36  15 1635614957
23  33 445682772
7  25 1129309755
16  20 109614996
27  10 1822757
18  35 565533999
26  24 1848756536
36  29 2002746493
4  26 519186009
37  30 2118361776
5  11 68684275
5  12 1582508989
32  29 1235373064
26  39 708816942
14  6 1237768440
15  13 635669811
5  15 2092038344
11  24 2087208731
34  36 905670608
9  36 350270276
12  25 600895953
19  10 1853169000
1  8 886543726
26  36 1334707820
39  6 1034197623
1  0 426708041
17  36 48452434
34  32 846826883
16  9 2006724625
16  21 1951605996
20  27 1254379138
5  16 1847838072
27  19 1871642627
37  4 906733772
4  16 194606926
1  30 983372200
13  12 816312243
0  1 594295573
36  3 741701237
30  8 1130888281
5  27 1298943720
7  1 1101389077
5  30 794390242
39  23 568921311
25  24 1013047544
1  15 1471549161
1  19 286501216
11  36 594247332
7  1 108885692
38  2 1656525063
11  31 1278545887
17  2 76916239
19  15 1553599584
10  12 978449181
2  37 283372886
16  1 1649179475
31  30 836429851
32  31 1318452237
7  39 1629340342
18  29 806840239
31  12 769525657
35  37 665932863
27  4 125860590
11  7 226270780
15  31 1154791974
25  21 341748848
22  27 1294566674
29  18 600591722
29  34 966538984
18  5 1856842159
30  10 1923197913
9  28 1928145633
11  32 517372669
28  33 986159569
25  21 2140007111
36  16 836662885
10  2 1741962498
25  35 1432565832
19  16 1102352971
3  21 1223896554
21  2 982702046
29  4 1063626076
8  35 1459074289
30  23 1620829132
10  5 1950915580
34  19 273033297
7  2 835500223
37  10 1487043726
39  6 710924851
10  30 1618252613
38  27 16178476
7  39 231882485
22  26 1107798377
32  11 642120810
3  15 1812925696
12  25 1981512811
38  36 755123280
14  2 1368588441
24  6 212336504
32  9 1576462145
31  27 1837569953
18  9 1431040707
1  38 2020134743
25  19 1961636655
21  33 183366145
17  10 1403946692
4  39 859729886
8  4 959914922
30  1 1046800698
12  18 684930227
15  7 726753082
26  38 1483148000
39  38 873903205
2  36 296112624
23  24 801308997
5  0 682148932
2  30 1131132333
10  11 107862026
28  25 239028083
32  24 1640229023
22  34 28918903
20  18 1847952981
19  29 661928102
14  21 1940394424
16  2 2085306216
13  39 1229905009
7  15 1574780695
11  34 2077761957
23  12 1405494751
13  24 2092537263
7  27 12777731
23  31 27987661
35  25 1269561326
32  28 508616814
33  14 1885976136
35  32 1869590428
29  39 1201093097
10  9 1262078727
20  22 457790160
34  11 933119621
8  2 105382289
16  35 58721717
4  17 1487216595
0  12 495373894
19  28 532516449
14  7 1155220617
20  29 138353232
22  24 1617883942
28  1 835345373
38  17 1086981694
10  19 1974500222
10  2 459974781
2  5 1502334805
39  24 489294605
37  30 82418743
24  17 521732334
10  21 453570322
9  19 188079854
21  35 143903464
28  37 328974347
39  19 1252434468
20  38 1159830609
37  18 1958388322
15  3 727750131
5  25 696431936
12  7 420952656
37  39 1191009
32  4 947447914
23  16 1667519539
9  0 2035922009
35  15 855442411
15  16 638212603
26  17 1468401077
14  16 444269816
22  23 299841350
25  32 1329854748
12  28 2037627517
23  24 1157015500
29  32 619193064
3  15 1901503747
37  30 2024806877
13  6 732660205
17  39 1035432368
20  16 879217762
23  34 1475458353
18  35 218458856
15  39 705706454
29  22 1775546561
21  8 46244249
29  27 1819037041
36  6 672994652
17  38 235561016
11  14 2131239369
29  13 1529897688
23  20 1266102923
23  6 1553036068
7  14 2065434832
4  26 68783602
22  24 699356198
22  11 1081956269
9  39 1420898344
34  31 1213473969
23  9 1997954503
3  23 1042017529
25  27 1169304948
13  9 355804389
15  4 71982877
23  18 351873290
19  39 302007798
27  15 1012740591
39  37 450905875
25  33 1317762848
6  36 2064320846
9  19 51267074
9  34 1231255419
4  21 2098083249
24  15 1833066825
33  8 1933803408
22  25 482941746
13  17 1783935960
19  13 1612569735
0  19 762616594
4  21 1052400611
16  33 1017397200
19  7 1116936028
23  26 333983148
38  25 720727884
30  10 1182721372
7  37 1600654713
23  25 1186097990
34  11 1060506174
19  29 2084638346
28  34 1081683837
5  13 205171802
5  36 478538315
34  20 265157741
17  28 1948674383
26  17 1860764072
16  25 962733777
13  34 1651194865
13  38 1864619113
30  5 717395338
27  24 56909364
37  28 1200282312
25  3 193070950
12  2 552649188
12  1 661602673
6  16 817781848
31  17 456751316
12  11 458968787
32  24 776678409
31  14 1987494288
30  2 73234383
15  19 611481752
27  8 1513518116
17  15 79091807
36  15 720998872
9  26 870415880
29  24 460714787
27  1 1252178321
0  36 915409776
18  8 2011378862
3  22 1509903992
9  33 1152468879
12  38 1744403961
2  13 961556104
16  10 1544472695
22  11 1274506079
9  11 864462220
19  39 221108328
17  3 1901537652
8  19 1735432146
33  34 2111041157
38  16 339954758
8  22 2090358473
38  30 116168803
30  9 487384358
2  31 6609832
21  15 836758668
38  35 214190861
9  4 412715242
31  25 1126414916
8  25 1756381318
17  33 1441941611
9  37 1550124305
11  10 971690304
34  25 16265053
9  32 218814304
15  2 1547625747
20  31 482825681
27  28 1853946785
30  17 19095672
36  10 1330480921
18  38 475193070
36  10 542712645
5  18 1996622937
18  23 1463527437
28  9 1508846721
27  0 911130731
26  19 562769451
5  14 309171204
27  16 2124994063
28  21 1256014927
19  18 1804459756
16  23 350190818
34  37 1375722991
26  38 140083024
31  25 1949699802
