800 40 16 7
22  38 1590745871
25  24 1738744240
8  33 166194168
36  22 1833432265
22  27 201580498
17  9 1634602091
6  17 335798
34  22 471933897
15  20 1986185695
0  13 960189012
34  0 2048862091
10  30 1706159250
21  10 1061030324
14  0 1082728692
8  36 175196475
23  7 1430718182
29  7 835182688
5  18 1588228861
16  27 853873960
16  28 1964801241
25  34 2031735896
3  17 2121947283
26  11 1463410279
29  7 1215104832
7  37 341063178
28  34 1455740467
20  21 593816751
5  33 1371233594
32  38 1207901350
7  4 799483473
37  35 2069658411
32  15 1721347047
4  15 1716800989
18  11 720320261
19  36 931084831
21  37 1603225271
26  22 1491968298
20  22 551039102
15  18 2033214521
13  29 606846313
5  3 567408977
30  39 2110157077
21  6 1982144707
36  32 410383216
0  11 915122724
20  14 944429273
4  37 1061730525
3  7 1734781143
34  17 1957453299
14  20 823020551
20  18 75497288
30  9 1850380218
1  21 1824490644
22  31 1622935806
25  15 828284196
14  35 867785702
26  37 1311928176
0  10 143250011
14  21 1627874887
16  29 1942488709
29  21 1067313883
31  24 1144817757
13  38 1270509143
34  24 1034852566
28  4 1835833869
11  8 151111660
6  15 514605733
30  6 648937402
1  25 412400789
36  18 1762282987
22  1 1934026675
5  23 1666533176
14  28 838437780
37  10 109724820
33  19 1588222101
38  4 782976820
13  36 758409858
27  19 1035258738
23  6 76301147
28  36 2100053993
30  27 700295030
26  21 2099034035
19  27 399047903
10  8 1284025809
2  36 1861116405
30  13 1582356831
11  38 401778470
4  32 1378882738
5  36 1048458268
13  33 1620486098
1  29 544794126
37  4 364510411
24  7 478649294
11  22 1386574190
26  8 724161307
28  19 334547458
22  8 51754083
4  30 965771716
28  27 1258483160
23  11 958219519
32  23 184368904
27  1 1479229111
14  6 523496452
36  39 1711095362
21  2 1423064720
26  3 1396004622
16  6 183073482
33  38 364161696
28  35 186834903
31  25 1321209135
11  2 1150695582
9  10 1980613317
28  6 1877454603
3  31 862584311
36  9 386373998
32  3 444777463
14  28 863788742
2  5 697011456
0  14 501444338
18  0 1572589841
1  26 406903966
26  5 1467083951
27  28 772312125
18  32 349603517
27  30 623408343
0  1 598311240
18  12 806222836
28  25 399479197
18  34 1999652446
25  33 1727623480
22  9 1774109078
35  17 1616543155
20  17 21860038
25  26 651469791
38  8 585155164
28  24 84625920
35  7 1510980770
22  37 1444486048
14  26 606212755
36  0 346971724
6  1 159135508
15  19 1767969446
16  30 1838039874
10  6 2051902312
27  9 177380473
21  12 564615941
21  1 888350762
5  10 244529842
1  34 877727509
31  0 959853612
10  27 29170377
29  0 1424023735
15  32 2061300505
25  6 587829679
16  28 41146061
20  29 941834351
6  38 1529878306
4  3 1436595121
22  12 138292257
29  22 1310433890
11  4 1346224441
20  3 916675846
26  22 942648337
30  22 1581534652
27  10 1304032083
28  33 1739587442
18  21 283080118
15  33 450888349
18  37 602739241
7  11 1044206220
26  19 554248410
30  4 262144961
20  36 2107226829
3  1 1307145249
26  9 244509485
20  2 2054131088
27  17 384403235
30  10 1824613731
37  0 1657552710
6  16 1927429621
22  3 1068655495
9  0 1224326450
1  39 1482717934
38  32 942459119
4  35 1698770850
30  15 1984066669
10  20 49211196
1  28 1102909155
28  24 2020143489
32  12 1678592837
34  39 119724889
24  11 814074497
20  18 771586254
29  26 1064262807
20  35 1002565588
38  34 657651837
24  21 614180001
5  7 85176374
38  36 1268445727
11  15 1941800291
4  17 1559456959
24  1 2124176727
0  32 157851383
36  27 1707781153
9  24 1643016844
13  25 1409050532
11  27 839302266
4  23 106596291
10  37 1412561710
0  27 2103099972
8  23 589591257
38  2 226884695
23  9 885442187
35  26 1674445222
26  17 464302857
36  9 1430637709
14  20 338965543
28  6 1486526841
13  29 2024905364
17  27 1775592332
23  29 1749225145
31  11 1157916521
17  25 2139364843
12  13 200002873
7  20 595847375
31  16 2105808292
36  18 1865414551
35  26 1879179534
6  31 1037806834
35  12 1707933257
26  30 1004511821
36  35 1312140720
8  30 865373063
21  33 1857112263
27  30 1486748171
10  29 1947989893
7  37 478309412
15  31 382866858
0  16 1535585151
25  8 1513189172
24  20 1496061689
23  13 1526458405
19  33 1344865023
19  24 1404508702
39  6 447184931
27  10 1344827950
25  17 503208928
4  5 1818905903
18  16 668998177
34  36 2061571739
5  16 1230942632
28  4 1841285855
24  20 419045347
23  6 1911271852
31  26 486696905
1  3 1720482421
9  0 787091243
8  35 1810622212
25  10 2003961884
19  4 1366200114
33  14 661752515
9  33 1564013776
9  36 752934940
31  37 1750755218
5  8 1788429312
20  27 482245843
16  38 2070567501
3  1 1370999527
12  17 1093059789
21  5 2023708153
30  25 1676765840
31  9 2058736923
31  13 1895604980
34  32 71431142
26  21 899317242
26  31 2060830853
30  21 1091234350
15  28 1882148411
13  30 400310014
23  4 1502491205
33  30 1646296807
19  2 2124476093
1  25 1687757703
22  1 1112945110
12  31 1569255425
37  7 2140060260
10  37 1462150710
14  27 1362992121
28  10 336658441
9  36 1322140733
27  21 1580304993
19  36 1252438273
30  9 1748681263
3  6 1199872237
16  13 1614584836
27  0 19504177
5  9 699817024
32  27 1331440605
36  31 797002886
1  20 1829511967
4  23 1480023253
21  0 524943514
3  29 1419197114
2  18 1892832266
1  5 250116018
0  19 726441784
33  39 746056079
21  26 2122957463
1  37 1242910971
15  25 655713176
17  11 1828312212
30  15 959012171
35  8 989215845
38  15 1891148139
3  33 1302314272
39  38 1778384215
15  20 1581659023
36  7 250191862
34  27 932470951
16  31 1242348700
27  21 40663311
6  38 43374629
11  27 801097786
32  15 1818473541
23  30 2141514598
4  33 1181110821
35  6 1553105486
35  20 673509003
4  17 257202436
5  4 1030525365
34  0 559887524
6  8 2128226834
35  37 835910011
30  4 1968925622
27  2 635691828
5  34 1449912612
32  38 802844405
11  14 1316415601
1  19 1335389083
33  37 2109450972
1  7 701601782
21  28 75308210
7  16 1240596422
32  39 1512669255
36  31 2073992153
12  38 488540031
31  7 613770066
13  4 1001955803
12  16 1000850759
35  15 563386026
16  11 810366663
27  6 1560595933
19  4 566482204
20  24 426386628
24  22 266027389
32  34 2101574159
16  13 1923149547
26  29 1812397645
29  20 930276223
14  12 115610146
3  10 543245907
1  19 154025487
34  11 666185132
26  15 474077990
18  31 806335485
21  32 25598370
22  21 502342072
35  34 2001692773
13  11 185582019
0  8 529082827
0  28 1368391192
2  32 954734807
10  16 1100718401
37  20 1616502120
18  25 175592717
29  25 268061673
31  19 697700277
8  23 1754227750
24  18 866230048
12  22 1866357283
12  8 376375895
2  24 1479407346
27  22 230332602
15  22 2027872159
18  13 796203602
8  36 297833516
31  9 1008863324
16  13 922231107
30  32 1691879131
34  25 1767050451
26  17 710438777
18  0 1079261449
34  2 998977884
13  39 327662406
1  24 338271377
7  4 21707189
17  12 1426709699
1  6 258006000
37  36 775716099
34  23 773233508
15  23 1246666714
7  38 790306307
27  10 1806588058
22  18 575422580
16  11 1226186876
30  22 474498102
16  15 1242140851
28  14 328266050
3  15 845053254
27  15 1095310261
38  25 564919796
8  30 832063963
22  24 1494043538
6  32 1801913036
20  26 617318386
1  0 755790619
37  1 55200107
9  25 849797046
14  5 798976540
8  17 999988249
9  31 200961218
36  3 1420684722
30  18 1736396062
28  32 1648717353
35  3 468362135
11  35 1135892973
28  26 1475509422
6  12 102329666
11  28 1525910155
37  19 1010057183
2  25 1930405082
5  10 1229954018
0  32 1274047773
30  38 859863699
4  24 1227958534
3  20 742598116
20  14 194300631
1  7 1726322095
2  33 134900684
13  7 1939878893
27  10 1228998735
4  0 936957117
5  21 1011920373
15  2 795079922
10  20 1563487015
10  34 1456766483
39  16 1227289450
34  39 287214254
37  39 2001824540
24  38 61977670
15  22 115711838
28  7 1410236729
32  10 729584231
34  11 1709376830
22  23 906773076
3  31 1596591471
28  6 1930962106
38  6 1123116841
0  22 484000371
7  16 1990865280
37  25 599730622
39  7 365363087
10  2 100725639
0  32 1210301909
22  15 1659258388
29  32 362283765
29  25 2101889841
33  32 1095576891
20  28 127722941
3  31 1077834842
17  37 1255073699
17  33 1576360289
30  16 390152400
9  8 1565424983
34  7 1189264315
32  37 1417139234
2  36 931226244
1  12 613664762
0  27 1339992903
33  6 512182603
24  34 1591516315
34  15 1991775093
33  3 1691576154
12  35 1250764365
15  31 2076884166
9  20 515927560
10  12 1195609985
4  7 1299836612
20  32 1355140729
17  4 1248221184
29  30 1734337026
3  21 1978534540
26  25 154400899
26  27 1392957802
37  8 529655387
14  35 1408729461
36  0 827344751
1  12 1611534342
3  38 1270139323
29  21 732268317
18  10 41894113
33  11 815272860
33  39 369367801
32  30 817992913
8  30 2086599185
8  26 1189858987
28  21 290455043
35  11 1420275943
32  3 1046830175
21  20 978408812
5  20 354564276
19  0 1630021987
19  37 1563722173
17  0 912170149
20  2 861989913
37  15 1716035298
39  9 2140582344
37  21 1443633411
9  30 1945343344
24  22 244219318
15  28 428064380
36  11 820372770
19  34 163225178
7  36 2042945774
12  25 1886724594
16  21 956640366
30  27 1026121547
34  25 329644504
6  25 705176173
21  20 157614128
7  33 467342791
9  26 368788434
11  0 2063875021
8  18 475178183
8  36 878732225
20  38 1438864093
31  36 623342723
27  22 1003425391
1  25 1717209805
20  12 1136346639
22  17 1292620002
11  26 871385093
26  3 1025659565
18  16 306326750
1  10 151944144
20  18 316957233
32  0 1167737975
22  17 1151577438
12  2 1456323972
1  4 946456403
34  16 514765478
16  32 170297539
23  15 211832774
0  15 624686609
1  8 377501399
19  15 335855292
22  23 1671620725
29  10 2107782482
30  39 495653033
35  13 2106236695
4  0 128339177
26  31 1908698429
31  7 700019113
22  1 6408229
26  16 1028631846
10  0 68425454
17  7 1865949534
5  12 138717127
23  0 1336106436
12  7 1861930959
37  24 211443250
35  18 1293316446
10  16 1075264027
37  21 744764605
11  38 1331230213
11  36 1734523368
20  10 1999394434
27  15 1310553692
4  0 4649620
33  26 332159436
10  27 1111075016
2  10 881401219
10  18 1145930546
24  13 1263807058
27  10 218523309
22  15 89754200
9  21 1304111507
20  12 444948863
33  29 501280636
29  25 1608291828
12  5 2146559929
10  3 1258362938
8  0 81176647
37  13 683981433
5  38 830944852
21  17 544135044
28  0 459166720
26  7 1807030095
27  20 1532656727
8  26 1418727210
22  14 1749184666
21  28 1724777534
16  29 1946330740
24  1 886330477
36  15 1051408167
12  26 1086896812
12  31 912703188
27  11 683373475
2  9 1079608410
29  37 1714113026
36  28 244751688
23  37 1806673357
26  32 1156535243
6  11 820385951
9  7 1778393009
10  6 888481833
37  27 200750609
26  4 1971598585
5  20 41426266
5  31 1624773510
25  31 1068174763
6  38 79853965
24  10 1467281656
33  21 1343527089
10  29 672721354
13  22 1744634206
20  35 635619128
10  11 489674136
36  13 1128880212
30  36 1577712229
37  36 348556977
11  35 1624760647
11  8 1206697995
24  5 515276448
19  11 770708731
25  22 103774546
10  13 470671829
24  30 2145357765
1  15 322330259
19  2 1218322927
23  11 1838428744
22  18 440227227
0  37 154507753
0  5 308566751
24  2 473798064
36  8 371451156
17  8 13221197
17  4 174650642
18  16 1172168243
11  5 40621065
18  24 569638632
3  8 421713551
35  21 552187266
21  4 1463862857
19  38 1597673532
9  4 717608374
10  22 324370025
22  27 1717757695
15  35 1782293267
3  17 360312101
36  9 718233151
22  1 781623021
6  28 1495655852
13  8 439877650
37  7 212718008
3  27 292232424
15  6 790942221
24  27 1418465858
20  29 1946878991
20  21 153123093
0  38 1048990140
30  25 299110974
27  30 508186306
24  28 415786541
26  13 216574987
4  12 1551954931
4  38 811957802
19  9 2028428484
6  37 193384431
17  39 1793606522
32  24 615994
39  32 772257575
38  3 1133917498
7  8 1678754689
16  30 1990294761
24  9 1094143101
39  23 859628977
31  4 531717003
16  8 1901793680
11  23 2072194321
33  32 1246288745
36  34 1306515390
23  18 128225433
9  31 818696076
4  22 12901050
30  12 1191655934
26  11 1400899485
34  20 893469683
3  9 12583887
29  1 1148238456
27  25 287314430
31  17 1964650894
38  9 128789605
29  9 401301319
27  13 1912942941
26  10 361395203
30  21 177060071
27  14 1425564109
13  33 1657475491
11  24 613855667
39  9 666437894
12  3 1191349919
11  28 2146826081
23  27 1358099078
29  4 1153226307
11  22 1257465539
27  31 575566215
1  4 595648159
3  8 1435196810
31  30 673866593
23  2 1300929284
14  13 596741701
15  34 7989701
20  21 876481919
39  12 611063959
23  6 1802099198
28  1 1298421493
5  23 465061290
8  22 1714473153
22  37 156086659
13  10 806615032
7  12 401860226
20  30 1603299516
23  1 1047703358
37  0 1556629106
2  6 664196193
17  4 1866477044
23  11 722825859
12  26 689950315
22  0 425907761
31  16 545217789
26  6 1529184598
29  13 1839407528
7  1 2124106222
20  5 1901758912
25  13 1578817662
18  0 215864231
5  32 1755490648
18  22 1704434625
22  31 1761470000
33  0 1757673089
14  5 2020903460
2  6 1751047947
5  4 426390167
9  12 1574005144
1  13 1202934021
0  34 1126065777
17  21 1704018070
10  33 355889615
7  29 726194012
4  9 2055031362
3  20 2006636760
36  32 34448042
25  11 44653994
4  12 406614442
39  14 566713398
25  28 1169919055
34  38 138879094
7  5 1349919568
14  9 1456087975
28  21 538203470
22  4 1435506026
34  10 1474591243
7  21 1138024700
5  29 1487829544
16  2 942973272
23  22 962308329
20  13 1477852758
16  39 1290789931
8  33 669526276
0  20 1701899451
13  39 1677980288
31  8 1808997083
37  29 1278909473
26  32 274510013
7  9 2038757544
39  4 1476255758
26  30 970548223
19  11 1327706397
31  14 844891591
19  1 968217927
22  20 1169242748
39  35 129531258
2  14 1456564027
12  17 1044307066
7  9 1162165624
34  2 614000105
19  6 35100826
29  22 252115329
38  2 150943701
