800 40 24 17
1  29 648869798
35  1 917346580
16  25 806449060
15  8 839349103
14  38 911266816
24  5 493601514
7  19 1757645254
32  11 62819784
0  10 1130817103
20  34 343712772
34  31 107864061
31  22 1006413816
7  6 699732589
20  2 639726875
21  16 1899649305
6  21 788448964
5  32 1147979725
38  6 1646468763
16  5 6254536
10  18 565400556
39  25 661390995
15  25 1296913622
31  23 1551149889
36  35 1053589829
1  7 479075601
17  0 2136104335
27  33 2007478355
29  3 1386048650
24  12 1385255131
0  14 374937791
11  13 1567802998
38  9 623279345
18  5 2036734579
14  33 967650297
26  7 764254297
3  30 2054605399
26  10 984986423
20  16 995485818
4  27 867215078
0  25 950381232
22  27 896249478
23  11 1955284936
33  7 417609524
4  13 1627382159
2  32 2133953466
24  25 566702548
13  25 55423583
33  26 613934595
8  25 1626771990
9  20 1854788246
0  30 2087231189
19  37 1977360478
39  5 1980233778
30  29 1612342425
29  0 958037051
16  26 1264314653
12  20 762971805
13  11 775029281
11  38 598934305
39  20 240217886
5  6 1965184859
29  35 1078363330
38  8 8291092
9  1 1442315981
17  8 2128195601
39  9 140532087
2  21 901004002
23  25 1788706605
36  29 1324268389
10  6 712960641
23  12 172920818
36  12 823331235
18  19 2144514786
10  12 197285827
27  6 174970781
32  29 140402258
2  18 1259559540
2  35 380362025
5  23 1920186439
25  22 571743944
39  23 1537072059
12  15 403369190
16  0 362862563
14  4 915769189
27  8 1584916583
23  30 367613320
38  3 1961981704
34  15 127915500
7  0 2097881687
24  27 696789933
31  20 1568392064
17  21 638900887
15  13 833384698
6  18 4179430
4  15 1485307878
36  31 83339294
39  21 1658459993
0  26 722141269
24  6 1593584627
37  15 1814874292
19  20 719369980
9  2 31948481
10  0 1501710867
21  8 1906147436
26  39 2093736381
18  33 33705470
2  8 340081568
2  11 1655705632
27  21 1382563746
25  11 1661118660
20  38 1639762337
13  19 1952464177
20  2 1504348621
26  10 374367966
6  38 517940174
32  21 617622023
27  30 1265002390
25  5 364507770
31  39 1118879830
19  24 1334850510
27  8 1409645605
3  18 210824626
2  7 520076984
28  18 553768725
28  25 1258049347
20  15 1956826155
27  30 920300413
16  21 1250876426
20  15 614046654
1  9 77811777
6  19 990427508
39  30 233137370
32  14 802570488
29  18 401479088
11  30 828181262
36  15 638129826
18  26 753185508
21  33 1909014322
5  15 1986024039
22  3 612986392
27  26 132977764
26  36 21229008
19  38 1441057950
36  4 574258095
10  2 1216928209
16  38 1175881135
28  5 970413392
15  24 2066586078
14  39 625711753
29  19 880721102
15  28 208955583
4  2 1994299142
30  19 1238158409
7  28 1882699910
9  2 1463984015
13  37 748575065
32  15 1789338093
10  28 1127244384
11  36 1327165517
13  30 970743835
23  18 723976211
26  31 118037562
15  4 1513944775
37  14 471526966
13  28 859602802
26  32 575622936
5  15 778181053
21  0 1536725805
11  16 71954423
5  15 452200304
24  19 1947013579
3  28 2013577825
20  19 290353132
30  14 162895981
20  19 460437811
11  14 902461833
28  20 958099019
25  13 229047226
27  7 1127119403
19  7 181398423
15  29 1309002969
1  9 832876938
30  6 228415686
34  30 137455333
18  22 848089101
27  12 1963136987
22  3 330896392
22  12 1688186395
36  10 964816071
38  10 1940420044
8  5 2093866619
22  38 198800615
39  3 1738278137
2  32 1040793088
10  0 1088481943
14  12 968683643
20  21 1983908574
19  17 1852717323
25  2 1452426012
29  4 1186397227
30  21 1635127775
38  14 723035010
24  31 886864030
0  36 1301293742
15  23 1056050682
13  34 1919194717
29  37 1445873835
11  15 137647026
7  6 1566497219
29  3 180908925
7  10 1904889721
12  1 1379012668
18  17 1016784858
12  9 1879502735
1  17 1827956165
1  10 989817877
4  33 800569512
12  21 302646606
13  1 2024449519
11  25 1927013563
30  33 403905533
3  24 1702825819
36  28 1587827459
18  8 1620827157
26  2 1334169383
2  34 255560838
12  34 1352272286
6  10 487607722
25  16 1763467395
7  32 898820033
23  8 239287304
1  18 1444727106
23  28 1240444662
9  30 979426052
32  7 491109977
25  32 1648668367
17  1 1893391920
22  8 776241459
34  17 1537928279
4  9 1387553543
31  7 1561323351
35  34 357892515
19  6 131691275
9  35 2146323421
24  5 2118612670
15  28 1953130675
18  13 611042512
2  3 118176375
6  36 721886553
11  24 273110848
2  1 1813203737
38  26 1257144692
29  37 1194847318
30  13 511394306
17  9 2107208470
12  18 169125631
19  25 38088261
8  5 1831142131
26  1 1845326580
5  1 47970254
18  28 1955692201
21  0 781553557
18  36 407434449
35  24 380624703
3  6 2059584982
8  9 1410515597
3  22 725730217
25  3 152453732
8  0 330662541
38  6 1394726534
23  0 1167166710
38  30 1952364945
0  30 825280589
33  6 519082033
7  9 1928923555
11  10 1437123426
2  27 1997617116
32  6 2023969932
21  5 1614454746
28  29 681834238
29  10 422812744
15  9 124551383
21  8 1448067910
33  35 166281931
12  13 532825836
3  16 45996978
35  31 274417440
11  31 577638102
12  28 225354745
24  10 1023180344
7  34 1258078322
17  7 1470286000
16  1 1726823187
3  13 609902667
14  22 300693375
6  12 178695659
22  0 860978979
21  39 1259856695
4  1 158049910
14  35 1625582742
4  15 1465106930
25  21 1642688300
32  1 1929234048
18  12 1273187112
39  21 1404325603
33  3 1338263141
10  19 1723876603
11  3 2016834827
22  31 1869113124
8  24 1991601369
23  29 1507949231
16  20 299116431
22  33 649188767
31  11 1176170381
0  13 904411605
34  1 46280537
23  18 1510111792
12  27 890276435
23  10 1255610640
5  14 114345645
5  34 614124985
2  29 1938427135
26  16 297427350
17  31 1035216535
8  16 979099669
22  30 855030888
38  30 2142707543
8  3 1531359200
9  11 1646313812
38  39 870970429
37  16 1723043033
39  8 537734678
29  22 141432601
11  13 1383594635
15  5 1771115382
24  5 424412193
10  16 75914865
15  39 1166591507
8  22 1744218680
28  30 250070314
5  21 1987346533
20  31 1309898716
24  37 538696783
21  39 100199185
17  16 709075628
23  31 1240749854
12  13 1116982238
19  20 1546706781
22  10 394748305
22  19 87460347
15  8 386823302
3  39 2000993505
31  16 1921113668
7  36 1198340892
23  36 653124084
36  6 2082591290
18  37 1639913444
22  16 1803712780
20  8 1338848721
6  5 1302672817
30  9 1392826705
11  16 920289218
30  20 552885080
22  4 418391238
22  23 583785157
30  11 702644454
13  38 1117141397
20  12 1600314578
19  10 240013921
6  32 1759815853
29  32 831167677
22  15 1493329109
10  28 142176854
25  33 1727429690
24  39 85831376
39  23 1499712165
34  39 821043568
16  5 816849977
7  6 118219148
35  23 235848724
27  22 578373896
7  26 1465248963
2  1 1594084535
1  34 607523418
23  19 421080953
14  28 1632647931
29  38 630632806
32  15 747016173
4  33 1132586496
21  22 1076176575
24  4 164937700
4  17 696249796
39  16 1339863835
1  4 621710968
33  39 560368703
13  0 79706222
10  3 2029943857
7  39 523544473
36  37 1766579208
34  21 1264671772
35  16 525495554
26  32 1551207487
33  9 320171115
23  15 833474353
0  11 347029995
2  0 1631419262
6  19 1723232351
5  0 1564458933
27  25 22577386
4  18 39207001
15  1 1065160627
31  27 1981353864
17  20 894483342
8  27 745845427
30  35 1527553980
10  20 1706535888
1  19 566318569
8  17 1671263551
26  20 1745852608
13  0 174760405
14  15 1230848612
24  32 1453603627
8  18 1405254343
8  9 117046335
34  9 114638546
3  27 1258779177
24  18 646413074
15  34 1016129745
12  20 113481973
24  4 563068091
20  24 505673602
4  29 1575614056
27  28 720819601
32  38 2038385769
30  37 1220799503
21  25 942002440
4  10 582167200
16  37 1272622928
9  27 292213073
6  35 1417559980
37  5 443064586
21  30 2045580731
33  29 1700315470
20  36 1278631575
23  15 1828478255
27  34 199816372
26  0 1789217943
22  34 478409035
20  31 231053672
34  39 1672327352
8  32 281169589
0  6 834059290
18  16 1337552535
19  12 1562475755
30  37 748755884
27  3 15399511
14  5 868795063
2  32 763359841
33  7 582210459
38  2 1764475073
6  30 1542425842
15  34 326435608
30  24 1666461365
8  31 629261460
9  1 1953789478
5  24 963834566
17  16 902318817
20  9 130434905
15  14 2009770358
23  37 1608391026
20  25 1270640354
6  35 1773044917
11  8 208424468
2  7 2123579608
28  9 1000745552
24  20 621065099
9  38 388282757
19  26 2057382085
31  1 1974075788
7  26 1856219922
12  27 1567490656
25  38 1865123370
32  17 1154749979
37  4 1637313974
16  26 329463485
14  31 108958879
37  24 2087887997
7  10 2141931725
3  23 379039522
20  12 1488205853
0  27 1645357485
26  28 1589207247
13  19 1982852166
20  31 1804207169
31  37 1341802496
6  35 965645781
8  36 147198765
18  3 1990145547
16  26 1842338521
15  4 1596351658
3  13 877687300
33  35 1365008408
34  10 1175193584
14  16 944150673
8  19 1643063956
34  4 2040098460
0  1 40833973
14  0 1530985518
9  31 1924256644
39  9 2056599935
6  10 1821525666
30  14 1783798064
38  12 1342374618
27  22 1097125641
20  16 2094118802
12  11 498195469
21  22 879049988
39  32 1469834938
37  29 107803940
21  6 39832885
20  0 1885719872
2  14 1780577860
38  37 1311022164
9  38 2098253488
26  1 643573238
28  23 1096790626
23  31 1023852875
3  20 2106503185
2  31 1666078200
35  23 2034996716
35  28 871581479
31  33 1325887678
38  7 1354590570
26  15 2100462540
17  6 1832898886
13  37 398776713
29  12 899750515
19  38 1277178297
26  11 36826515
22  7 1681655300
3  4 1244429542
22  6 569106295
10  13 698838478
39  31 52701449
13  21 245747120
8  35 1339616559
17  19 1041305984
18  11 1011731961
23  3 1539509763
2  7 1908899842
18  10 111909431
23  16 1289276437
32  9 1663807579
35  26 837782182
30  1 161010348
3  13 737538932
17  9 462968446
20  23 661210228
9  17 1519326429
14  35 371851486
35  39 1770435987
14  16 118919101
19  13 1840648445
14  6 1339765324
0  1 1531441314
33  22 1200102472
26  17 1431033057
36  34 1901372547
29  2 1271967174
20  8 1090163624
8  14 1608094819
11  14 1669604325
37  7 1362347920
2  17 135303596
4  21 1907975130
28  17 424599248
19  10 1370329240
21  14 250350636
26  30 854001352
24  22 1830543562
31  4 2131840518
2  8 1494153099
29  35 1220993608
1  38 1197349034
13  5 985654961
28  37 1409222256
29  12 746720977
14  16 641579300
6  19 1839987888
27  29 1835529710
15  9 511874285
39  33 720911720
24  15 242912728
0  31 658260821
38  29 701794274
37  19 1455728258
25  0 167024915
37  5 1764978162
30  34 802899604
12  16 332521394
18  20 542122695
38  6 1168722286
24  29 688826525
37  25 831531330
0  8 1174635873
33  29 715048680
2  14 1905399858
1  27 2128154174
24  11 244204848
3  20 444105893
13  27 2118172675
39  11 1395431298
14  27 1122786025
4  32 1702150478
33  28 1960890167
24  3 1832996116
22  27 675082595
33  9 485966542
8  34 1304074651
15  19 766880818
35  16 364547266
28  39 1652558773
24  36 1015695581
15  12 913432845
28  3 649474999
18  6 1867402463
38  9 742322803
22  27 402720593
20  35 1444961745
30  37 2079495468
13  33 1463437677
31  11 683769518
38  1 1486772054
6  22 703392362
2  16 747258634
13  21 1599315948
39  2 1984241570
18  5 209261748
0  19 584518867
35  24 118941056
22  37 1704270485
6  16 932402615
22  21 459751262
29  6 166536885
4  15 852850899
38  3 1254559187
24  14 745812808
19  26 1413070174
27  7 1625505097
38  28 209336135
1  10 1869158805
33  23 48593820
12  0 1507007854
6  37 1782941486
20  36 577482422
6  28 415858943
9  12 817870942
38  18 1797836069
5  11 811546126
1  31 983709257
21  1 520725287
9  12 2080361344
29  8 1531955637
10  3 1974881463
3  21 1825145536
25  32 1976655374
35  18 1539217793
4  27 1462476262
38  15 905239909
21  35 1666520143
21  20 133978172
3  15 2128258293
21  36 2111042163
22  24 1157856412
16  17 2091084282
10  26 2010450880
34  35 379257362
1  38 1183618460
25  36 369047982
9  10 1367663954
11  3 787411809
18  16 670611
18  20 706096935
13  10 636510133
23  13 1169013799
6  25 1596260638
35  8 2074515283
6  2 1316204732
14  18 650365131
8  9 841256021
26  20 1797439411
14  16 82024486
6  12 760545344
27  6 466678841
21  24 1409419510
3  15 2061410270
29  2 1945656541
33  36 197103733
27  0 643708266
23  26 1513293215
13  8 1582053531
22  9 1516290829
11  37 2060917733
29  22 2121647502
14  4 489798844
37  32 278506389
1  34 727941920
6  27 522601843
25  27 1558990425
27  22 985111403
9  35 1824270339
29  7 1211527725
18  15 623590179
22  29 1675021126
21  17 1467905341
31  36 328786917
28  22 618978513
32  22 327915829
23  2 1786147539
21  15 1175008454
29  23 587144003
36  35 259330413
36  23 895329344
19  15 1757350530
32  7 1666189096
22  36 1291039349
17  14 1011938243
5  21 1923336276
11  6 1197719448
27  7 419146502
16  8 1915611853
33  36 2147200774
7  18 556121443
32  7 557241190
28  12 144776226
6  16 1915781945
29  30 1714076987
39  2 1530545051
13  26 1979953393
24  15 1701796151
31  35 112513380
1  31 184707669
30  17 1858930262
33  12 1462548533
29  3 386183744
30  23 2052404815
15  31 757344123
33  28 1325282103
14  8 188207318
14  39 901641207
3  1 1782269909
6  14 824572790
21  37 67138252
12  24 27048711
12  34 678243451
14  31 179385883
15  6 1234120233
19  27 640102012
22  27 1297561892
35  16 359347584
0  38 1969636686
36  26 574351357
33  9 206019414
5  25 138999362
26  10 916743038
35  32 1571605820
38  16 2066291646
8  5 1995997766
18  17 793273985
30  31 1102850734
34  8 1140536956
16  32 164585980
6  13 866016857
27  0 1231377800
28  20 96986600
21  39 1654936565
26  21 1865315125
5  19 577608957
7  33 80749786
8  11 920457821
17  22 1941656680
22  11 62220020
26  13 1678753165
11  13 428033027
39  7 1271576688
28  31 656496470
35  31 436601386
11  26 201422403
8  5 1832371979
11  13 1973231176
21  31 499922428
39  13 1931911469
30  14 1384666550
33  10 1299019452
16  33 1936373528
15  27 1349078404
10  17 941492393
6  27 1839152866
30  19 128517289
28  26 1803289819
