800 40 35 26
31  2 1457252761
35  21 2128244982
14  25 1439642906
8  26 698824725
20  12 1109971000
34  9 2038565723
9  27 1242974446
9  1 1785628719
18  10 1505939435
17  3 918781910
9  3 1489726025
23  20 551693994
31  19 995354043
25  37 1147657056
5  0 1832924437
32  17 1594493729
39  15 297248871
26  32 887453368
22  12 499853274
17  35 2029117226
27  39 1178718111
13  4 1214077944
38  21 891271281
19  7 227127582
25  31 1408351561
39  1 2025352146
5  8 477596495
13  31 1759302903
19  28 1084585161
19  15 132317967
3  23 1124438290
14  31 1045904001
20  21 1624864413
8  34 54017114
20  37 1990470486
28  38 1213587269
31  1 905481235
5  30 1141219691
39  8 1546946539
18  26 1886805012
9  26 1595235407
23  10 1160510714
32  10 27355620
5  6 457542679
22  23 1024185892
33  26 1280113610
16  35 273676396
35  30 510035025
33  10 1233335530
0  24 270754526
22  7 1370219741
27  12 820605759
10  20 1187525599
8  20 1292783183
28  19 1386074924
2  29 824532380
16  5 125395541
7  10 307128959
4  12 1723083160
5  7 394968522
15  18 1866391492
37  39 851702253
10  30 1574734694
13  8 459989186
17  38 1911953412
23  20 991361233
4  36 998879029
4  31 2022887778
0  11 1713574088
18  27 206989251
39  31 233231686
7  0 2004536752
32  33 1837213500
2  27 506762946
3  17 1074078168
11  21 1406602027
26  13 1249748665
22  24 1520361996
21  17 454906211
37  24 748365316
19  16 1387163428
6  12 1968546085
30  35 705678561
12  17 974164672
7  8 834673082
12  24 1878763094
0  8 1202497961
19  28 1114920071
20  30 543314904
35  26 611075283
38  36 1435567296
28  25 1898257551
9  5 1115277475
33  12 272004438
10  14 1357811841
19  29 947825666
18  7 68386037
20  21 1366467771
28  1 932546809
9  5 1995582119
18  7 743101638
37  1 1012107796
4  17 1228634891
30  21 1843897990
36  29 1923234027
17  30 351732535
21  1 1936469035
12  28 2097642085
20  17 1652536706
29  21 1559040826
36  35 1584610785
0  5 392694287
4  37 137236
23  11 1047192186
13  5 490387067
8  29 1105311977
21  39 1136765427
10  19 467736670
4  39 1911099442
21  36 569669881
6  38 677422733
5  39 1639034409
6  16 687525794
25  9 955512453
13  14 1170170735
29  19 2058135641
10  6 238496818
8  1 2005935410
16  18 1938483239
24  18 1767875896
11  37 2109884682
27  28 1643478353
34  30 1322259993
4  38 1899393298
3  14 681937805
37  8 1798362074
17  10 158319930
31  30 1350032632
34  15 598955382
27  37 1111942792
27  14 329299951
27  28 1387401443
31  6 1143755403
28  6 130636066
20  10 358512248
33  16 753390073
4  24 781994227
9  17 100953554
12  5 314136633
6  22 178163560
24  0 1929227081
13  14 468325644
6  32 1741703413
28  31 2103472743
10  28 1256372374
32  37 409560246
16  5 879937716
7  6 2112701396
10  7 2090554706
10  15 1670374949
31  7 1104793868
23  31 1918136259
5  1 270788999
12  22 191172794
5  32 1013434146
5  34 1329725132
8  32 1422426616
31  8 413786003
13  8 831176078
10  20 933911411
5  34 189746921
12  9 1071014830
5  34 1334982124
14  38 641725776
37  27 493166730
36  30 1635918751
7  28 1317381941
31  35 4239671
4  33 1765717083
30  28 1251898088
39  32 1960672810
30  6 1591353201
10  28 1084220408
30  15 466757021
12  11 883647455
21  27 1382752058
31  37 1963726327
19  27 1859170419
2  1 1821518265
39  12 1499361501
12  39 1142403579
27  29 220992454
23  18 242728430
4  33 880299502
17  6 1915366396
28  20 164100161
18  20 665548629
16  37 1202263362
14  36 915905249
5  1 878152835
38  4 1959755879
30  17 606217279
27  26 397136617
35  15 1396249836
1  29 467630137
35  32 834109980
13  38 1297425087
13  19 357040237
28  37 262370939
5  29 72860346
15  13 1137009748
24  26 951859673
15  25 434129043
35  39 5437127
10  2 1969942085
4  18 2046524539
39  5 235387227
33  21 404901885
28  19 2042577208
28  8 689211997
12  22 470708498
35  22 1733498407
19  24 1294364629
24  23 1284445847
25  27 1478410852
37  36 1861692571
4  17 1518032674
3  33 490871449
39  12 1009995035
23  13 1094202207
35  9 1425615763
27  14 368731313
9  37 2130893943
16  34 1565715973
28  26 416919495
36  25 1091593579
1  6 20022219
19  31 1882614915
22  24 690373123
11  15 561808630
4  24 1705157524
17  19 3433048
25  38 687624126
24  16 688827801
28  15 235034316
22  15 948605274
5  7 165386790
11  5 1109798706
34  29 1846810410
35  24 50281256
0  34 928741674
35  39 1766287347
30  7 1667063753
10  23 105781684
26  24 78321933
27  38 248707823
10  19 1387742908
25  3 69269228
5  16 566304872
11  15 1534495797
38  21 2087388261
38  36 1235896178
27  36 1120135334
23  36 1619659909
23  16 1077222613
39  18 641166332
35  29 1561089992
10  17 50961729
5  22 781890455
28  25 1475883406
29  14 1783355706
31  12 134170601
5  38 268002703
4  14 425296675
33  26 598491790
18  24 2140981828
3  36 2058011418
34  10 1092463757
28  22 2010947100
25  16 1329232238
17  10 796777267
16  11 856248628
28  19 2106305448
6  24 38436753
34  26 514748220
20  37 1531718337
37  25 1956360650
35  26 1788354587
6  20 1294274465
22  9 1263724938
9  31 16521988
28  6 764488449
29  30 1813204664
30  16 1787244819
9  27 551883094
37  36 1881990635
19  39 1188313425
32  25 1678924046
6  17 2108283003
32  9 932100317
25  26 120200596
21  2 928958304
35  17 870625283
39  0 601684358
11  9 705082624
33  11 2079719288
8  16 1459403063
13  32 1785772979
33  3 1365474845
26  14 569597624
30  26 982256992
8  19 1259075681
10  36 873747762
31  3 184360692
1  9 1700761876
26  36 1341871882
33  7 2061830367
25  17 1013657905
8  22 1339120420
3  30 959681277
12  39 1681939589
20  2 726599111
12  24 1267162902
18  21 1098190559
14  27 1834166898
11  0 496555670
32  33 1665697287
17  31 1927023361
22  27 1808415294
18  31 943575032
3  35 834727750
20  12 1027527986
19  4 109288836
29  31 1136244421
39  2 636319202
12  39 587806492
17  12 126137078
0  33 125605330
31  24 1350597299
20  33 1491936151
16  11 994261775
33  31 1469208302
24  34 1809255177
0  11 1986114092
14  13 733106848
8  18 858684014
0  2 183308359
34  5 1913625457
32  26 974007830
7  32 2052817156
3  7 1976564087
5  7 729926558
10  30 1627365477
7  18 1762764916
17  16 2143238274
28  20 1745425499
1  6 1997650286
6  3 417320994
20  13 345418605
4  1 675545154
21  29 2040579668
29  7 1591409921
32  38 2119239388
37  30 23542809
32  6 2002893867
24  28 512039762
26  13 1076332222
13  2 412291064
7  12 1290412581
33  29 773988939
29  14 2137789824
17  27 1967828403
26  9 521514990
23  22 461172707
37  19 1059443203
38  29 837899713
9  20 1754137579
14  20 1429199154
27  24 1050416417
31  21 164414602
33  25 547965728
20  4 1896203103
33  2 2138819438
2  17 1833356753
3  37 1950052123
8  13 882076538
8  4 541327305
18  30 510923260
20  6 1677806597
15  37 1667733222
27  26 1726759988
14  12 1770665049
29  22 2067254614
35  7 770776287
13  24 1129538680
12  29 1778594029
22  21 399822857
12  32 1694554822
9  33 1399966006
28  39 1265471642
4  33 141275824
34  39 248390948
38  34 131974888
19  32 861759872
0  28 1683441157
32  11 1753437738
12  11 1654000896
27  32 18823539
10  24 303776554
16  22 2105644651
39  18 2071785124
3  19 1068686156
20  7 217364079
1  11 279715314
34  23 1927226442
28  12 877649723
12  31 535021490
27  10 354265274
22  7 90576707
15  9 892003038
3  18 1249986603
13  34 119543218
29  9 1770197134
29  11 1702683066
37  17 1938277321
2  33 229487932
31  10 1677447393
27  30 121920660
35  29 691473415
11  19 132416181
29  7 763111925
39  8 1464756509
16  22 1453453362
5  10 1005773470
14  19 1049174222
38  6 1142896330
14  27 193585899
33  29 425927376
0  29 1393128285
15  38 1215735344
6  4 728406898
23  38 899476813
39  31 502767736
35  11 1720400656
15  12 401061010
30  12 538607111
3  34 1518144291
16  0 363778242
39  19 1915417732
35  5 1978980197
36  32 673081780
15  38 200509843
8  9 244605831
29  2 1875908316
5  23 861084330
39  1 1049646451
7  1 1201376859
9  27 924247006
24  6 1717062445
3  24 1597278987
12  15 313572557
38  33 946307451
27  22 2007499181
15  14 1590973499
2  27 577108574
34  24 1917005840
33  2 496579624
38  12 489319611
30  7 229948214
35  19 585869836
22  23 141702187
11  0 958950244
9  22 1073422738
33  32 1039576419
34  16 1363089748
12  6 1349656645
21  34 899065957
6  9 166361572
7  3 411114072
24  27 616035982
18  37 1265568037
26  7 192413973
34  0 862071051
19  7 1982784226
2  19 1539404221
25  36 2038141760
25  4 1033285822
29  6 109056839
22  5 81336419
2  11 1786608044
9  22 1007872932
20  19 778927255
36  8 2090606183
11  29 206233951
6  0 1598788135
12  21 642848551
33  0 2086194192
13  33 1819146628
38  2 549781869
8  21 1388755038
18  37 1793313071
1  6 1290533371
34  32 454489812
37  25 522948866
16  25 1808296711
35  33 325130885
35  8 941178483
5  8 836718738
37  19 214849178
21  27 1221767374
38  7 900591066
8  33 620609238
24  20 638150489
1  36 2057698128
5  17 1362672256
13  5 1594518259
32  10 696671097
25  11 2118942720
14  4 682450803
0  23 1770638250
25  6 939309905
22  39 649438836
28  37 383441961
38  6 221676820
30  6 1941104817
5  33 1914410791
16  7 1548581327
26  34 1312431975
23  6 190265443
32  15 248274005
27  31 377255762
15  27 176644165
10  33 2003082945
14  34 1567461883
6  0 1171419518
10  8 1638549217
38  11 1803224353
23  31 488292973
16  22 524403016
17  4 639696697
32  24 606065
37  16 73984078
33  37 978635614
34  4 669692736
36  15 946469033
17  0 683826547
25  19 1280567609
20  28 1025724294
1  16 511094505
16  23 1282509070
24  4 1778948463
38  2 1754262229
24  34 1108773679
20  10 2117698510
6  0 1753287216
16  14 1502893453
36  12 1221531519
28  8 1860255342
1  25 468301313
35  11 2127208959
18  32 2142560073
5  16 880873096
8  5 239873582
25  39 697567561
8  0 1394778272
17  3 1544908945
27  21 1527948017
16  13 1089474062
32  16 1761484461
0  14 552798590
30  39 748660395
21  15 1699090316
24  6 436290591
12  8 1045390265
24  28 746703302
3  38 258614273
35  6 212844379
18  12 1461815428
17  38 663155103
21  31 401036878
3  6 2110487301
25  13 2026432272
27  13 70641160
26  3 1785924575
29  6 2070426610
15  25 1504220086
12  3 1715816098
23  3 1946594550
10  17 979520911
22  19 1845428914
27  8 1014848520
32  3 71224343
29  35 1816852011
25  2 1046057461
18  27 146702639
9  39 1138356604
31  24 90479894
28  3 177635939
3  38 1780167748
13  19 471518719
37  32 1458272220
6  1 341549984
8  24 290532037
21  24 1081693118
7  33 1911386452
10  4 1666770887
18  22 178989260
17  24 2044130577
35  24 808652249
0  4 296315118
15  5 1710639147
32  17 1673026654
36  27 1904718138
20  29 733148297
28  29 1600035807
38  29 2147333396
5  14 147628301
13  39 185574319
3  25 156870693
15  10 1708190818
11  5 21730337
16  0 1455378243
29  4 2106285353
8  10 1689252433
14  28 1784890683
5  1 429398442
19  31 1043313638
35  37 1874090004
14  20 286441174
6  24 1811682119
22  9 1604772172
29  18 1737455568
37  35 1532257763
22  2 1659853419
23  28 836135091
20  5 1114969614
6  15 972733281
12  9 27678373
0  34 542721173
37  8 242477796
4  17 2021813894
8  14 957797083
11  38 1246861454
22  34 1368637728
38  5 221171222
8  31 602849933
8  18 1377317947
15  0 1106615077
9  32 2047229385
7  14 1039246580
32  30 1981551798
21  7 1452025077
27  19 1819133987
21  25 1719310341
12  26 1094724659
21  12 1842756199
28  15 1210162180
25  19 1260399529
0  13 1768511844
10  27 1926682793
39  19 1981546850
31  13 1375568069
23  26 1200991478
8  20 1539449529
11  20 2145026084
19  1 1826882169
4  28 461363192
20  35 965752397
32  24 626784559
10  24 1373623443
9  8 1127776036
23  25 379107354
12  17 212712668
28  9 1093862854
22  19 697793435
3  6 2034673673
14  2 1754595550
7  5 965275199
37  22 1674774528
3  15 9616515
5  22 560823126
12  16 972905441
25  16 1188083552
19  3 1988331079
11  28 2051162161
24  5 1815515089
2  33 255040207
21  30 1382716514
13  14 1719136931
13  32 29267057
15  26 961962656
2  1 1112033399
32  21 908422020
0  33 187807798
19  30 455052149
30  3 1517619659
16  1 2071809156
22  35 580858521
15  12 627191214
6  24 1948091117
10  26 315833592
13  23 1051435469
11  19 1719913104
3  16 336796160
23  11 1915176663
8  4 1155372903
38  20 1141147765
17  6 1646190707
3  25 1635746599
15  17 1718918430
35  2 663959434
32  8 798391565
31  26 617315782
17  38 693323127
30  4 969531839
12  18 694909717
9  10 196192203
3  10 827907356
14  21 1684545632
5  4 264455784
16  11 961658147
4  39 922710929
19  8 603928165
26  11 2146650952
8  34 2032169595
32  20 1386958603
7  13 989816655
1  3 1354015317
18  15 350141897
35  39 506195667
24  13 100365916
12  30 922495539
38  13 187917494
7  36 726425915
34  29 1611565930
10  39 387424849
37  38 1151310910
12  29 1325740953
20  29 2142953735
27  21 1828033833
7  23 2016372047
2  12 1476598200
12  5 1434723070
3  19 1424573164
30  11 1754014175
30  4 490156996
2  9 1768612316
22  36 256328222
10  37 1793741799
19  4 529140957
18  20 1628031446
37  31 1112368717
23  38 1962305486
5  1 1372739079
25  2 2105485611
9  35 1411141899
8  33 415747057
9  17 911547700
14  25 718779463
38  17 386463377
22  33 1255600600
0  15 1188210613
4  3 438924713
15  13 1189633580
4  7 910580046
15  4 910693287
0  18 1561480672
35  20 650641839
32  22 420667669
37  8 202751322
13  12 231161078
14  12 1367757749
22  19 504919515
25  13 1010336085
9  13 1643389246
26  5 1596344412
25  19 1002234266
17  7 825259938
38  4 1147726276
27  18 811525624
3  37 1089322772
35  7 1066867959
13  0 1257743755
8  4 492992176
0  15 581260461
24  6 890544552
22  27 545233390
7  35 824074449
36  4 1824503248
9  25 1079673436
18  2 1869040665
39  32 2059629802
13  3 994069594
33  34 1716149223
19  9 1194859345
6  39 1920455338
2  0 1016117732
37  13 1695119851
10  14 786422134
32  17 40983892
