800 40 24 17
10  28 2080008031
32  23 1560067624
28  1 1176896211
9  27 19854375
32  19 51979450
22  32 651353925
12  27 1999383046
8  22 683458520
18  20 2020859882
22  27 408320859
9  35 1124276656
9  11 365506593
30  34 911189096
4  3 1458362025
13  27 413705497
24  22 1280762235
25  14 1810377479
24  30 413691248
9  37 936366465
1  33 940650080
2  7 52778061
16  9 2106667198
3  8 1890212506
26  11 1539939152
17  0 1766081232
32  0 1929388056
13  39 386279726
15  7 1459982635
4  36 1125169638
37  39 896342636
39  25 456116025
23  31 1170511681
14  20 556447723
18  8 1648599941
35  28 1434538887
35  30 1831571622
39  33 1044128883
31  1 235432607
9  21 161414774
10  18 1971160377
5  14 239488126
18  10 478581945
6  29 2019990615
28  35 2095566544
20  36 1331000625
4  30 771792176
34  32 1005974744
31  28 1169557517
16  30 1412531860
30  0 852570588
30  16 185474692
37  33 826400404
0  13 252903089
12  15 944802506
24  32 672136214
19  7 1633562754
25  2 1014746739
31  26 1648720710
8  3 1293138112
11  0 1858961852
20  12 2113660743
35  39 690340482
37  4 915516714
4  7 250098355
34  32 1901119695
23  2 463152166
29  36 509652676
15  18 118082846
24  3 1991629824
18  12 74012415
16  3 822047482
32  12 232316796
27  22 920641176
34  4 115768859
18  34 938258103
6  16 1825624257
16  13 856957079
16  11 715135324
7  21 141403984
8  9 1290858084
3  33 1591920014
21  25 1783730310
36  8 1210902884
22  4 168259604
11  12 418318664
15  29 1915450726
36  38 1846498731
12  6 703579973
39  11 1106247820
37  23 1895400952
39  38 344805828
26  31 1179876185
21  6 1218719926
1  13 1136452630
33  32 1304384232
12  36 1437695806
13  6 352213125
9  39 1127083477
26  6 1453601279
21  27 2077101568
8  11 680981273
17  39 686615625
18  17 55247810
37  21 1215504835
38  7 1348254515
37  38 1233507318
17  25 634529114
13  9 192637727
12  35 2105689824
1  16 1675694651
22  29 1031227312
18  25 2136174294
17  23 1599832434
32  12 510935176
13  4 1600728139
35  23 1195711830
4  33 1685334534
32  36 63661111
3  22 536353568
15  17 641343271
32  24 952135094
20  19 876739787
37  39 1882080761
25  27 1123021330
16  24 161435935
23  4 809620635
31  29 1334246515
25  38 692930723
26  34 506069360
31  2 61567980
19  17 715057025
12  34 1686237206
38  28 567899615
14  5 2061397895
33  31 515506547
19  1 2013680347
9  38 806865357
29  11 1956822313
4  12 132519444
36  29 956958118
38  11 907724035
7  10 2126189084
26  33 1448919009
26  1 1611162018
19  8 1319441564
5  39 1351302093
20  36 1912378348
22  13 24067682
39  29 1404430535
2  16 165003976
31  3 1449100103
32  10 346136339
6  22 522120988
34  10 1493583819
29  11 1189851276
5  12 1645605935
20  34 1279834759
14  25 1691234291
28  24 792779019
36  39 1116658576
7  27 936289256
31  17 548008221
39  5 365537962
27  11 1019273120
2  27 154512163
32  0 1389567549
12  8 981002755
32  34 2049830105
7  0 805110146
29  38 666941574
7  16 1772336161
9  29 827242827
13  12 880869507
34  16 651411571
39  5 1393156562
8  11 1179602341
15  7 1726549749
27  14 613863270
14  28 107189049
12  4 670339846
7  17 1470759932
8  23 2042483911
15  11 1354415202
33  19 495840512
7  38 1495337659
23  37 1324935956
0  38 883675436
23  26 1940132785
32  16 1732440820
7  27 715289990
16  38 744479369
20  25 242525145
29  18 1002730510
13  2 379728632
17  16 1460503462
24  31 1395424700
15  3 218113803
20  2 571462284
19  36 651773913
24  7 1610495380
27  30 1430413736
37  20 2023111577
9  35 654160701
25  21 1371937888
19  1 1249487643
39  36 1487018609
33  25 1050601124
2  4 460764578
24  8 942953783
9  24 501167993
36  21 1546052308
2  18 2039599963
26  38 900289437
3  32 1826211626
1  2 1971248599
20  17 1287144356
12  10 682320201
10  37 783346988
29  5 1286212526
0  36 1617145870
19  31 701540031
12  4 723419601
0  19 423846663
28  32 1622264415
10  6 1318570508
22  14 1537670563
35  10 465556392
24  29 809881400
16  28 1482598319
27  8 50218301
12  20 2091405770
19  22 2062907253
25  12 1708070138
7  6 970995501
18  12 1650028926
28  24 1315454062
10  17 640136764
35  19 1700042729
31  4 600343329
22  27 55304868
14  24 892803762
2  31 832723239
27  8 319054523
0  31 1678266063
22  29 1809763170
24  15 144881520
22  10 1814672063
23  36 858636330
1  35 787218673
29  12 1592479632
0  26 2028896283
35  22 53209013
9  4 1283444398
28  19 1429195497
12  25 1365510833
21  4 1795626549
35  1 1334014089
6  9 1349143473
38  31 709559997
15  16 867565555
38  22 1685632323
35  21 1369326488
5  36 223788416
36  21 439813641
35  4 311751814
28  24 144611533
33  12 1873632325
21  6 1246886285
39  13 1064946757
16  34 2120537547
38  2 1718429678
23  19 1167123876
37  29 1669745708
12  3 2111362930
33  35 211632005
18  26 612205915
35  21 388266256
7  5 1365911389
14  18 84899682
3  7 1371747274
19  39 591885443
26  25 745448257
39  19 1364273513
39  5 1376342266
20  28 497955154
5  37 670511776
18  12 746180810
39  22 1758033211
11  1 1782269099
28  24 2072075802
7  8 958914092
22  33 492486468
31  34 295389632
37  11 705313210
8  18 941623478
16  21 703584283
30  31 991556008
37  0 2138069546
9  5 574412388
27  19 48196861
39  25 1506585317
16  0 1181395165
37  21 1844831682
25  11 1996663851
1  27 304817458
24  29 1587444646
8  19 1749103626
31  13 2082544365
36  15 626074171
29  4 1000515120
18  17 1530077073
12  30 957264003
14  21 930191763
26  16 642077860
25  2 49856666
35  37 1104195266
38  1 975130666
26  39 1839186318
23  32 1224956393
5  1 511793235
25  32 728235337
2  13 861333853
27  17 886361930
17  34 1353959069
2  35 900095684
20  1 1160598635
26  7 498910963
10  6 1598850864
35  26 1039154687
23  5 886135735
19  0 1506889442
19  26 1786635590
8  2 1036091843
20  15 1585165739
3  37 1210330899
36  12 989269602
37  27 841551311
24  31 1880798152
29  26 606668474
32  16 2100706647
17  22 624652122
33  20 1015511025
13  34 744641876
15  5 456438065
14  16 439314146
12  15 199005784
10  23 1670709059
15  24 371981226
31  7 810546462
36  31 948652356
34  9 990108180
35  15 1872967710
26  30 2060002334
22  39 800109096
21  5 2133175693
13  0 2061174967
19  23 1537817197
5  21 51331542
10  34 1227370352
28  25 1351636595
16  8 971549342
28  19 1368673022
34  27 303269199
4  28 243969999
15  30 1252785716
18  38 1533674625
23  14 236435424
5  13 1465781784
25  8 1388388425
31  10 1720132508
4  19 1700405138
21  32 1775348649
1  15 415187456
2  15 1180140364
38  35 772833189
38  9 634898890
24  28 1551567834
1  34 1480179608
21  4 676194294
33  15 1012616890
12  36 1429938207
18  36 1177546120
34  22 477695937
3  13 987734844
15  27 664713416
31  10 739456130
25  0 1849767378
21  30 562666062
39  20 522619206
32  28 1973760818
28  0 1946557538
33  36 1999088173
6  14 1140082814
4  38 1195197573
26  4 388207148
9  39 750774989
31  37 896490825
5  9 1810435334
23  26 893235206
8  19 1407390631
22  35 590746987
10  39 230224973
38  33 1194328489
11  27 1387865881
27  36 609014440
4  28 1057971354
13  10 1362945963
35  36 1651560076
24  4 1531139195
31  27 74329442
7  0 1577312196
13  23 1856837106
16  35 7266294
2  31 1752844131
30  29 128627453
20  36 1588530192
28  30 200933462
5  28 1709354128
6  26 712691552
13  9 612004115
4  23 1727807590
32  28 2017692893
38  27 700668508
21  1 175764067
39  17 322013850
23  18 845312774
2  36 334681482
38  5 1899816286
6  8 1534934324
14  15 1970587866
9  32 195958417
10  16 1601535100
13  39 972317258
33  0 744314488
15  21 1881783170
6  8 1258089051
28  10 938846238
26  36 1661655356
17  20 1720727319
21  20 599441654
4  0 2135290108
32  13 295695687
24  22 582487870
13  30 1691666836
13  32 1097861955
37  4 76927500
2  32 728073497
15  37 1452200579
0  2 2040867133
27  17 1709044895
12  28 1749155436
3  30 1407764609
3  34 28139360
8  35 2128383601
27  10 1834756681
6  21 2122987561
36  14 1700220534
25  18 1347311939
31  1 353842686
23  33 797362112
15  26 908588348
21  17 624971690
33  29 257008398
8  37 501996063
2  38 760096091
39  5 1658507217
31  2 953534865
11  39 392933334
36  7 1433222318
16  31 1427623449
39  33 2088151032
39  1 789671953
19  15 1427354955
12  16 534352265
38  31 266499705
8  1 849567263
20  12 1676385275
34  5 1947608527
32  20 1829696795
4  10 618738424
3  26 1608240813
23  4 1000036757
15  3 439215015
31  30 92004222
29  32 781156515
26  16 932360427
17  14 1506566515
19  10 1231065782
4  37 1461163345
36  23 1902431476
31  15 93624572
21  11 175565384
37  16 76712606
34  0 1156477987
25  24 1648357854
39  27 1559048257
13  38 960659266
14  17 1322988824
7  17 1310216991
24  36 1649459872
20  19 137209165
25  11 1218822300
2  37 1193454594
29  10 1564875167
21  33 910713
36  33 108485843
2  28 1623272482
7  14 1221361518
24  29 1581552782
6  22 759579174
24  16 327002987
22  19 402767646
35  11 1876863840
26  19 1656244200
23  0 325450506
1  8 1808408129
27  31 1858745589
18  39 64221372
9  25 995395820
21  34 587853258
12  23 1080206032
4  10 2139121332
7  23 520235170
4  7 1783713360
21  22 1474808757
21  19 2066995062
39  23 1546649525
35  0 2064205479
27  16 711972718
24  2 1152367285
21  8 589106182
26  24 1385980877
38  18 260388484
5  24 1009250706
31  37 1021009659
8  20 1223084911
34  27 335073977
37  31 424604836
6  7 1280157967
32  7 2062416778
4  23 2133363562
32  10 2045622529
7  18 1490453470
6  37 1561113239
39  29 607731617
6  30 1788182318
21  19 1491008633
24  38 1995661452
33  16 1755175453
38  29 2103818628
2  1 917491165
2  21 1878594121
7  6 48925707
26  18 961030436
18  22 1410934235
13  27 12163657
34  14 1210067313
38  16 316232850
12  37 1713110682
10  2 1374468036
30  19 1113077412
11  37 864594422
33  20 579038248
18  22 2116484725
14  16 704314682
14  32 753256841
30  22 1990459353
9  6 2127484611
3  9 685727899
0  1 2018297012
29  7 410121580
13  37 958862838
15  9 480817304
39  21 1639096085
27  15 571815144
19  30 197063346
38  25 253506575
39  0 1869504941
0  11 422947906
33  27 790960514
10  31 604439606
31  32 1016892758
3  37 316050497
6  24 1409323980
5  12 1582557641
34  15 691556143
0  1 775695831
31  27 31219934
38  2 1372580492
39  37 1034803110
7  6 58595556
4  15 1815042725
35  34 47950743
16  15 774899635
18  35 64151679
21  13 1710611504
38  4 10912298
15  17 85297168
19  23 1737556900
36  20 628385421
10  14 96416327
34  8 324068790
0  3 489386090
2  15 1879848637
38  7 467226329
17  13 1715703093
10  11 1656818235
2  35 2082884173
31  35 751032357
20  12 1014350522
27  29 646871152
0  16 1423811366
15  34 1250479566
30  39 748877657
6  35 958283467
9  22 1307296402
3  36 731561077
18  3 1822456595
24  13 293796396
22  8 1788269666
19  1 2026552295
17  30 1052547225
36  9 2145332653
24  30 1839174113
23  15 1561258606
29  3 1152265950
6  33 728788853
35  6 192189251
18  31 1672527198
30  18 1987499268
3  14 2118510905
21  0 1469557338
6  25 405291086
16  17 1988933401
37  25 364605762
39  15 1241197401
19  23 2065556762
13  35 1678250914
15  20 2002528942
37  32 1260998129
4  12 1342389836
24  29 143612720
3  8 1804591792
37  20 924011948
38  34 1904402556
7  29 441222718
32  1 1888470464
12  0 1585224854
30  37 1170454028
36  30 433441136
20  28 222612457
10  12 923177400
13  15 1553274014
13  4 1411340504
30  29 39500348
1  17 562009270
2  7 709684000
8  23 1640047728
5  30 1817158334
24  32 1341332772
13  16 691043889
31  5 427751117
2  35 1729525034
15  6 1145041956
4  6 1919701938
31  26 338425648
23  26 309134116
33  25 188168030
1  32 1256385802
37  19 542143573
9  18 104642235
6  14 774734605
25  34 2052473269
0  20 1315168361
30  25 779033206
16  23 154191606
22  14 1062148376
34  2 348417290
34  32 1513399804
7  21 1468351612
12  30 1942935642
24  28 2050974959
28  18 1532902064
13  39 1957006926
37  7 1639773815
30  35 1384879707
24  37 965831846
17  18 978237000
18  0 141634652
27  35 532729261
38  6 1458846210
30  8 1824153655
39  15 618782504
12  16 1347567473
39  10 725281216
4  2 1700063580
35  10 1640536722
3  10 793975826
10  30 1406159607
2  38 686086306
19  20 1218855936
33  3 841625376
1  9 1308496708
15  24 318591861
38  23 1500849371
15  32 983686723
9  11 1507853270
25  1 2006882198
25  26 2144603273
22  25 794870073
10  6 1468642621
0  16 1421052716
39  12 559579557
3  14 1132147248
32  22 1373571932
1  12 1950925828
23  17 487747515
25  11 1137106564
1  9 973023108
26  38 1315924403
28  37 368641969
24  17 1225842068
25  13 486441356
14  27 736029138
5  2 972685836
24  22 1334673886
15  38 491896971
18  33 634853118
3  35 2017299268
31  5 427293451
11  35 968567539
16  22 940596735
23  8 1858268792
21  30 1148560544
11  7 1344181341
24  13 1725721051
38  29 51319179
19  37 1248556247
21  1 1174916655
29  25 380455561
3  31 291093893
22  39 956089428
27  35 371989041
20  12 1409129660
38  0 914724578
11  34 1837045299
23  9 1748141402
14  33 1787748106
27  38 1474269584
9  8 1209060396
10  12 1285766888
3  19 2133044162
27  35 2129275001
17  35 390096525
30  3 1902270120
13  32 255577185
4  33 328325108
21  13 1868550171
36  8 1561802748
15  4 1431260306
1  36 1162497492
16  17 1889997414
7  14 267075230
31  39 996166287
18  34 1785375590
1  16 1222902053
30  31 1882834948
38  0 1638601616
4  25 1032638677
4  7 1900072904
11  18 1301545242
13  28 699236333
37  31 927020446
17  19 1452040543
3  18 1373471969
4  19 1006081513
7  14 747631535
3  7 1311096545
6  18 2021397628
39  12 1508164819
30  15 975285120
0  30 2048917595
21  25 1690662674
28  22 1679751133
3  16 1134510436
29  11 1386446581
39  25 187221986
23  35 1178262327
17  13 357403631
33  36 609894494
2  36 1479643090
2  20 987417798
2  31 1945516375
16  15 1556224513
22  36 1353283318
10  3 1562201178
16  24 831363917
39  32 1443892943
4  23 1743354917
3  36 517758573
