800 40 35 14
4  3 287600577
21  33 11548589
12  11 2026992568
38  35 1382871019
6  18 1586701021
6  15 41764071
24  17 75874319
4  9 1091901526
32  12 1831382533
21  14 2129701779
0  13 358455799
27  28 663044031
39  29 871850448
33  35 958220192
38  36 786420784
33  31 38095749
15  9 368800476
24  1 1309729326
12  19 822617018
15  29 436444421
29  34 619355214
26  10 516776383
19  31 937724803
10  18 573822024
36  11 43681502
39  37 1136939834
10  35 1181257274
30  25 1839120582
28  9 656929446
36  2 1697002542
23  36 1265286800
20  31 1844173886
13  20 1808572593
21  37 1305338254
10  19 1430574151
29  10 248935263
7  19 817798951
7  15 383250279
10  35 195478506
19  29 698292296
11  18 1421186131
13  17 335482334
33  12 1185862685
16  22 2093861499
26  18 176272139
34  6 601266573
2  0 528157493
24  1 770390879
15  21 1831485355
11  30 503699734
31  2 1422149530
12  6 1018448033
39  25 629504770
31  0 80632636
20  37 1310611082
29  32 908630347
31  24 701389080
26  35 1505191108
20  28 1739668778
9  25 1481984396
24  32 970535846
5  31 540187781
12  13 564876952
12  5 23657699
6  34 1952827433
10  8 1695231643
27  25 1118978123
37  22 1677672150
13  31 2060528351
7  15 519089399
21  39 1930483440
31  9 953344614
13  16 1299903070
9  34 712598893
39  0 2083843056
5  14 1455041546
17  13 1200987585
25  38 1367073104
2  6 1100259431
23  17 1218940211
30  22 1489371715
38  20 82991724
23  22 1420584274
33  18 1305222077
16  9 871485702
9  18 594398351
24  31 318441664
24  21 1593684798
29  6 1511128037
30  28 1435839449
7  20 764572808
16  19 947376088
30  18 1199593225
3  2 553514798
27  39 710156435
15  21 528066287
26  34 216267816
37  11 1610823364
31  11 421285489
23  38 1017137665
28  32 1442902776
35  15 1598318608
11  1 716218569
32  1 171547844
34  21 1104918287
33  5 1643225172
31  14 270829509
30  17 2006826453
31  3 1562283900
9  23 1242254083
31  20 602720656
22  30 1059904729
16  22 606270012
31  22 922645864
14  37 1983072989
26  19 632053435
27  13 1321994309
29  12 278502009
8  37 1764922862
21  16 944951093
1  36 416995897
33  9 556492959
6  34 965007832
34  15 318513411
32  33 747015178
31  28 1378899726
22  15 2096364619
37  31 972435189
11  17 1053113346
8  26 198850369
37  17 477452454
5  21 1001666018
32  35 1641812308
12  0 1278030983
25  18 225874141
16  25 1282937233
38  15 2017513367
0  14 1679566090
38  18 27396897
29  16 774960215
34  23 795481483
1  7 1675133409
20  14 2052670309
7  18 2076975706
30  33 1693261536
20  19 438899215
29  23 858479388
5  21 295050131
39  15 1089400655
20  35 1576306144
6  5 426556484
39  12 1375849240
5  18 756299116
2  26 129915688
1  26 1503557613
19  29 721587780
8  33 39318284
3  2 1372936622
17  8 1068360548
11  28 1550745530
38  10 851478189
26  34 484835443
31  22 489414532
38  11 1448617710
9  22 2128397750
24  30 964853352
27  8 265995920
29  38 1968263719
9  14 1914182519
33  17 519289503
21  23 1414970269
38  11 2117898569
10  6 1075033975
6  36 307168187
21  39 929444066
3  9 1063260480
27  12 294616127
36  29 1688371909
36  21 306327900
1  27 1518968061
33  35 965698209
31  1 1707489915
30  31 369556075
4  8 1259941694
32  10 864000135
16  3 300179359
26  35 1833097013
9  38 1642310349
0  33 1235477138
28  1 1107135204
29  37 1957710089
18  39 1153132419
35  9 1196065361
30  31 1271049991
11  2 55099941
6  13 690242293
3  29 1069459168
5  29 999609202
31  11 1650487374
3  5 1881313854
16  21 128739854
21  9 1866380802
23  32 688015863
12  26 1306168348
13  7 1778100216
18  13 421307008
10  27 723784770
11  2 1329637266
30  18 67084494
20  30 46503058
21  11 357537249
3  10 1008744971
25  12 2049896772
9  24 8538046
35  17 1510062403
29  33 1536427618
2  1 1657961702
39  21 1635955975
10  18 920307369
4  1 1362341005
13  2 446773671
0  25 2023352712
21  29 2076850464
31  35 1484284503
0  21 106229020
11  36 2002729083
2  20 429681816
5  36 350965270
35  8 93349351
21  39 1672751706
10  6 862995111
10  34 358841692
3  18 477717722
12  23 1867787820
24  34 1712761574
15  1 1167934277
25  24 1669607638
18  23 1912491719
28  12 335909443
37  35 613385397
14  11 232981799
9  23 598393493
19  28 1193938800
16  32 1890105209
32  24 1347134195
25  24 338877225
12  24 1946515522
5  11 119036432
19  29 385348405
11  14 1415476075
24  32 1714080814
14  12 418700222
37  13 145015552
20  27 568662731
14  35 1501172664
31  17 1952206354
13  23 6134299
13  15 984913158
12  11 2028946427
28  35 364725728
9  35 1692034667
21  3 423727556
20  5 1485311281
6  11 1720726653
10  32 844257665
20  39 707580629
1  5 358577127
6  32 248711504
22  3 1534288858
8  32 682874459
27  25 2002352682
21  22 1638858103
39  20 83500673
13  22 1049414195
5  30 1624272839
2  30 800878666
14  33 969700802
14  17 316108137
18  4 1213241758
33  6 691127042
36  27 845620920
14  17 1696965290
1  8 708202698
2  14 2013484533
4  3 150146910
0  34 1404639456
3  32 1869979361
24  34 801213002
8  12 993470882
22  24 1602260080
8  13 564689261
9  29 1691974721
16  11 2121036845
6  28 537018172
39  38 1416107108
16  18 1372467673
10  9 314200750
24  2 1434177857
27  6 665463919
8  33 1612321541
30  3 947666280
39  37 1770477911
31  18 279224799
18  21 1246150235
3  27 1958109638
31  35 666521662
1  35 661750673
16  29 751688087
9  16 1979314297
20  21 581857236
37  6 541344015
2  22 988898656
1  10 327726075
18  33 726707652
23  0 1026758445
28  31 1984010390
27  24 1687592180
12  18 444523842
22  15 226005676
36  0 136407751
9  34 120580779
24  11 977118947
9  25 1556470184
8  22 1166903755
12  13 1656667179
30  9 336662159
16  5 1442853248
1  0 1400401245
15  29 518505549
26  13 364539029
12  17 1202510855
37  14 1249752281
32  35 2047399472
19  10 1325339825
25  29 1007712608
14  18 1055565547
24  35 456775472
11  35 238870482
20  4 1454394267
12  24 272197729
26  18 573956078
24  15 1124173458
19  3 358111995
37  1 247858565
13  9 709061599
31  24 1217445671
19  29 1224483061
16  10 116324076
2  7 1380086178
37  9 1599117526
4  31 1735224459
31  29 643554864
39  3 1733585130
24  37 901871148
2  10 1616626041
22  37 755728794
20  22 1173225392
29  26 1657524028
34  26 1247053978
11  15 1934466449
15  18 913355119
34  28 800795948
14  23 516916000
12  22 1932562179
4  36 1340675760
38  26 2030544879
28  13 994642378
28  7 653473978
13  35 1020635563
19  37 1231294210
10  30 522099422
37  24 1293047210
10  22 736861945
11  16 768681447
8  12 465735158
28  5 332496714
20  10 58873950
24  4 1535589946
35  17 729146928
24  10 1834552265
30  28 508724375
7  1 1086561391
23  12 1168741912
4  32 1113994652
22  39 36989688
20  27 1832952657
16  20 1353891186
29  16 903300929
32  13 761280607
7  9 377880764
14  21 538525952
27  22 2141206494
5  23 1703844461
29  21 631299363
25  17 2081613678
25  9 1674279094
5  39 1890158341
5  34 1441792721
22  8 251114067
31  1 1148923926
35  38 481021825
20  16 442342960
0  39 1334086001
5  9 1857231415
3  26 1794948263
28  31 909262900
3  2 1670819722
31  9 1861827281
6  20 1388570832
6  34 1872181098
38  2 1498539695
37  26 1195041797
5  12 849825905
10  12 930725537
32  1 587117905
31  17 1994421610
39  30 534635106
20  3 987266953
2  34 1232435937
6  13 2075137775
13  7 1926479866
21  3 1000787138
32  3 1267009429
11  23 1449394184
25  16 189846017
18  22 1729213816
12  29 422579047
1  38 866334064
25  33 174110096
34  0 928160128
27  3 1688276744
39  12 413570700
35  14 2009863851
27  26 1651540506
30  9 260880572
17  37 798709820
24  3 265688503
38  29 1676174508
6  14 2036047388
20  39 1317177505
24  39 1281843542
3  33 1179850195
7  36 1401999323
9  31 1516039401
20  25 857540100
6  2 1050807409
23  19 2031303716
7  1 671486656
11  30 2077963800
20  18 1484409692
11  37 1959653617
7  1 1432724789
15  31 58754730
4  6 1556751681
39  26 516689814
35  3 412457136
6  27 1104950376
29  18 1266155223
19  27 759363561
1  20 1305188084
36  8 789120438
1  35 1088068558
29  3 1239891727
10  38 2009330521
3  24 1711148536
26  15 1010401771
37  20 1633867746
11  20 785000305
37  3 334143435
38  2 1232220324
9  34 2007231714
28  9 1653420798
7  4 506435527
6  3 1305671912
0  17 685063260
0  20 694426952
12  5 84637768
23  1 1069146751
28  0 1211060286
17  16 454719580
6  20 1791780730
10  12 364131503
26  31 1393579277
24  29 1587720444
9  30 1144513297
23  12 835151542
36  32 197348406
27  28 1600961537
13  22 2036009182
17  32 747427026
7  18 396595592
39  17 838278923
21  23 1581396067
29  36 2010108641
29  13 1967251097
32  39 1578840500
14  25 1178452181
3  13 1138583673
13  2 1023598457
26  25 532176562
39  2 643222874
28  12 1227482469
33  2 1909458087
11  36 1429528232
22  20 2031509675
39  20 1712863132
16  9 1733757251
23  9 311675378
14  36 1369146249
23  20 1701845670
15  37 1935448630
39  27 1014567615
30  20 1624538654
7  33 1738200689
20  10 76431074
36  2 1295414936
14  35 998299979
29  23 2046916862
15  6 1028900563
6  27 1228912963
20  9 2121838178
30  10 459078440
30  18 780833598
29  19 386044847
39  27 1253810052
30  27 198947374
34  32 270499330
19  31 297880497
8  17 942209704
14  24 1955527126
12  26 641339695
13  39 31512171
34  35 1962846499
2  26 1823753208
10  39 1460278339
10  35 1424865121
4  17 365638587
13  1 2133823287
24  7 1980239766
37  31 2132503372
23  12 687690084
38  18 976028559
31  32 1550612992
35  30 1468131824
0  21 1630055426
4  23 2088675418
26  7 1444516558
18  9 1506589949
1  6 737349621
24  23 55063296
25  27 1563796907
34  2 1985506709
24  31 2103299390
31  0 1998707579
20  4 1087969240
39  36 1704077841
10  7 641156
13  8 1263024692
12  29 2133198635
35  4 294203389
12  24 943789686
11  32 1967762188
23  16 239414252
31  21 382116438
25  28 333027225
0  19 995710137
15  20 1003383099
35  6 73573558
16  29 1238079795
20  15 1153658385
0  12 658713015
20  6 439253573
17  21 1895450341
7  28 1203714839
17  32 479579463
35  17 1972726390
12  24 1952979989
31  15 1473066646
20  19 552883390
21  23 865841547
9  5 1538764673
35  17 167182717
10  20 825514014
9  14 581979234
26  37 595370462
18  4 1683171538
2  35 2116006727
3  21 1330705230
24  22 456367527
11  33 1624093862
17  15 1584949773
16  39 790361505
21  22 1751031499
38  30 559539562
30  8 444299726
31  12 897429885
38  30 2040977065
37  7 827714908
38  26 1240551165
38  30 1922156643
27  25 852120946
31  39 1053162193
13  15 1132830570
19  18 589174606
17  3 1530678410
5  10 2145975767
38  0 1458245923
16  0 582040524
7  2 22094507
22  20 493793709
30  27 189995483
8  1 950387503
18  30 1474242615
34  29 617677403
9  21 1270587852
11  25 904969745
16  19 634863480
14  30 1198744107
0  36 1160739877
12  22 419846687
28  18 1362106287
18  6 1963339874
13  16 1258350718
4  22 1720414405
0  6 489363707
39  23 1174193769
16  26 112179476
11  10 664388007
29  31 1871606676
33  17 311602609
10  18 1018570829
9  6 1515275673
25  11 1672586843
15  35 1656563370
39  13 1205879137
38  13 1818275962
35  13 1837327277
33  29 1345438875
13  29 337836265
1  10 421255136
32  11 2065384864
31  36 922525310
38  3 631096148
23  8 1742733038
15  11 1392954653
32  2 792250833
39  35 2069110449
26  20 1185710269
17  19 1344753933
39  26 856787694
7  28 1704820162
26  13 1445572489
36  17 1643485584
2  5 1790374506
32  34 1892647920
3  7 1992173999
0  14 2000243893
16  7 651696663
37  2 1458707865
36  37 1310875939
4  2 1083467123
12  2 1895212468
5  35 1983215555
2  30 704224407
24  4 37476149
33  6 501010572
27  17 623275370
23  12 733796483
39  5 259113197
20  13 473237141
33  21 608189699
9  32 181680767
29  27 913784786
20  30 775807489
27  13 1525246919
37  14 1209593720
36  3 1849442101
38  28 2065290298
9  6 1953954352
26  6 275223052
0  38 1006919886
13  19 645872000
15  36 866386311
34  30 873072626
10  24 788229619
22  3 1475617005
12  37 665087141
17  7 352857492
24  8 120655632
0  30 1058976573
28  21 1274582410
17  10 456051251
23  38 1233669381
6  18 614036212
23  21 2049493865
38  6 803600521
5  29 1681701961
38  0 1846031147
38  17 588607373
13  32 941163498
11  7 2100781458
7  11 352635432
39  13 761027679
35  10 1540689090
11  38 171670790
36  26 142630788
17  22 2011114340
17  11 1727518037
2  9 295748485
30  26 147421989
25  2 1085720295
9  35 286085277
12  27 1864042420
9  16 676861551
14  21 434923686
35  17 1707018543
29  34 176136148
7  30 487383004
7  5 997564806
25  34 356955541
4  5 1267750712
25  34 317971181
0  16 544988776
37  0 684931661
11  32 734441455
36  28 1860524734
22  15 1078364497
24  11 1742734908
22  37 1203531113
9  25 1958573751
30  26 587347847
24  10 149238054
11  6 602279752
5  8 650885734
14  17 138575616
30  33 1283983257
10  20 2051503251
5  24 1391895313
12  31 94548472
6  2 1626922964
2  35 39529332
37  18 935616782
5  21 1593700176
13  9 1226673795
37  4 459580073
34  29 1474955832
37  4 1540760254
5  32 1966655003
27  37 2128774981
9  29 1669443863
8  18 445921731
7  8 2105258383
10  4 954077658
30  34 1108209058
14  16 1880207950
32  17 515868553
11  15 306078296
10  3 431108624
16  34 1748483665
22  4 643614556
33  24 1035345438
22  1 1368987590
22  14 2038676352
20  21 1930007523
20  13 593818721
30  33 1996262632
15  1 709726758
20  38 1659026385
9  34 963881071
13  9 1331578568
6  39 3765000
30  10 913393706
16  27 1962168913
39  7 460052773
11  2 394932155
38  15 1860240997
36  35 527005484
35  9 309380663
7  14 248338332
29  24 1910053892
25  18 1479674826
19  39 1923118931
27  33 974946337
12  29 1313254709
26  38 1870871940
1  29 131971050
21  5 2134386985
10  23 1663823633
23  13 258119232
5  6 1659590976
30  12 181678205
22  26 132825448
34  13 1468503505
28  22 776778949
14  30 2045008708
22  17 1361542571
36  37 1550882955
28  31 1656847642
34  12 1871293244
31  14 860336678
