200 20 0 3
17  15 1239643537
6  2 1782472214
9  10 240301666
3  2 1330486916
2  13 1875454501
10  15 2132486609
17  8 1149727292
11  18 969440472
3  9 1569318555
0  15 736644343
8  11 1673480102
15  10 518331833
10  1 975367852
0  19 466584632
15  16 225029048
0  5 1007793571
18  11 337469504
10  11 451873112
13  6 1961949542
13  11 1068172772
6  11 1247844102
7  5 133853991
11  17 1065736387
11  10 1509893543
19  12 1503797193
5  10 1805520267
4  9 1475779570
17  11 1822784041
17  7 517815346
14  18 1475942169
6  17 1426071272
5  4 2045101792
19  17 2063115217
11  6 1443635569
6  1 1456044193
8  18 567246646
5  1 233925976
0  10 1821801176
6  0 1001784507
17  6 818933402
12  9 1175893830
18  1 868583466
4  9 915851151
8  7 855966707
2  10 212001870
7  15 318854584
12  15 481395744
8  5 545256304
1  11 975063993
14  9 1910480989
0  2 1836877697
6  9 1469338598
4  13 1567313400
2  10 510027610
6  1 165336004
5  4 1062675123
0  2 1132568608
12  2 1532346677
4  15 1224893344
11  16 1265211547
10  1 1986934277
8  10 322297367
0  19 3191296
16  15 346511608
7  0 718833862
17  9 1683651588
5  11 91014239
1  14 1919525068
9  14 1975463436
18  16 1280725164
7  4 790654970
3  5 1035813162
17  9 1166704041
14  7 1600646276
2  14 2052375221
11  0 2107811720
18  11 1388388498
2  14 1110614075
19  9 1722866469
3  4 1694622003
14  19 595025385
12  7 1470876821
5  19 10331095
5  2 1151321376
8  14 2140543095
5  4 700163544
9  18 427882673
7  19 2059173921
18  14 1221940288
6  12 143995538
6  10 810628182
0  17 1113249149
14  6 1237993875
12  3 371929909
1  4 489437615
3  1 1630126099
9  4 1025869173
1  7 174747635
5  13 330258517
12  6 357999409
4  9 1025184844
6  10 1349070804
0  16 1060055545
2  17 720017072
0  1 685560009
1  3 1422449295
2  13 253087904
2  10 139305512
18  19 1101407494
18  0 1848582201
8  7 1331156938
13  19 1630072409
16  18 1879758004
7  9 508125615
5  14 1759436739
8  11 1291541209
10  1 486366290
19  7 1728671151
8  13 291120389
1  6 1731670756
12  1 1697510330
3  16 1755690938
6  15 1769672844
19  6 748675979
16  17 1038855855
0  16 463464675
5  1 1674225541
18  12 1907369020
7  8 1312686079
18  10 736971402
6  2 1566314093
17  10 710827360
0  13 347509595
3  10 1005135202
19  18 1339145891
16  6 2098660111
18  9 441914672
6  15 1894227624
1  3 1847177587
19  3 65090883
9  16 1431836250
11  15 1976772241
14  8 883275543
10  8 857622564
5  8 294044834
15  4 1008647852
4  9 1735059302
10  1 624672811
16  9 1557009663
4  10 1817155546
17  16 1515236353
11  13 971592959
18  14 762445198
14  5 1361798678
4  16 1145293858
3  12 2060817340
16  7 523160433
4  12 1836180282
7  17 1349795198
7  6 874306258
3  8 1728478403
1  16 932492528
9  10 1357950792
6  7 433073862
2  10 964611782
15  11 2108761606
8  6 59728442
11  1 22535177
17  1 1266470525
0  10 1948297577
9  14 245018434
18  6 1466612169
13  3 1799146543
14  3 72707009
3  6 89937810
18  8 1342362228
17  6 177480061
3  9 1321448999
6  14 702597981
1  12 554244354
5  18 1126100705
15  6 1326186662
1  16 1474502492
9  7 595216
19  2 965387637
3  5 1591352195
18  1 289691572
18  5 1506197169
12  14 2142739436
10  18 980340428
16  12 963453945
6  19 701796004
14  11 1828244695
9  12 714098041
4  7 1253687561
2  11 1808459659
1  7 690088736
16  1 840014695
19  9 1987716278
14  0 711766476
