200 20 19 3
14  12 675304040
16  7 1109663553
14  6 1603614646
2  7 1363539944
16  6 864243753
8  3 179243992
18  1 1883747787
4  8 1940938694
3  6 1719002524
2  4 1953803559
4  18 208655895
8  13 1338603201
0  2 983257039
14  7 1068325569
17  18 1036516300
17  12 1047866764
11  13 1962163051
17  1 1801393721
1  18 1029135510
16  3 213703514
18  5 240151355
4  11 1916356044
3  17 1822141542
4  13 959149461
15  12 1003275974
18  10 162361412
11  2 1009067233
0  14 1405156978
1  14 969831374
11  18 1941935827
8  0 1897307477
15  4 100425676
3  10 2055828101
10  1 1536580166
3  0 2094498972
6  18 896373339
19  2 1547948789
10  18 725959465
4  8 1516561780
3  8 790329465
5  2 339132685
8  1 249775201
16  12 1989752540
17  15 1277416954
2  7 882418621
1  16 2090121163
9  15 1407202182
2  13 1941335377
5  14 305794065
19  3 831872378
18  5 224125843
8  4 221744797
2  5 742433746
1  0 1442887337
6  14 770833067
5  13 738542833
15  14 1036126945
16  0 1962784977
10  14 607450672
12  8 15842134
4  2 1495365725
3  13 1902878558
0  18 324966054
11  9 810064157
14  7 574201199
7  5 1153734776
6  19 2144761263
5  11 2134012661
8  0 1631732490
9  3 506595461
2  7 555641698
18  12 357424857
11  2 1616273980
2  9 825749419
16  19 1546154272
13  4 636749080
2  0 1723631771
18  8 1584350866
6  10 201059246
8  10 1113984691
17  6 1382276382
8  10 145815608
13  10 1635838366
19  10 826303105
17  14 754934240
17  4 868618355
1  5 1630122664
16  0 491511347
0  6 132260045
14  6 29978096
0  1 1917522483
16  4 1385078192
10  3 1328222488
12  6 2031480220
19  15 279047535
16  9 1148749921
9  3 866821573
1  14 597101393
4  12 1346107661
11  19 762744872
1  0 785399023
17  1 1801463146
17  12 589319025
18  6 2013867479
4  12 1272014950
14  9 557656536
1  14 11606927
19  7 902975057
16  11 1634235438
18  14 1971239772
10  11 1613449049
2  12 1287236057
6  12 222115446
3  11 1447040194
16  2 1187697738
17  8 1713611289
5  14 497807922
9  0 611842624
5  9 222881383
14  1 1872139390
12  15 1745716575
18  11 2131058885
18  11 294477834
18  2 473983821
8  19 1578606460
17  18 668983159
16  7 1025520754
14  11 980200589
2  13 1288727795
0  5 846377496
1  0 1557704960
1  8 554482190
18  16 1600563066
16  9 1464612524
7  1 646298810
11  2 543736983
5  15 398252064
4  2 1756678257
14  13 1097743186
14  8 587903081
8  5 1776320485
17  19 1226974486
4  10 1042508322
2  12 682464850
0  7 209246819
19  18 1899482165
0  18 801314177
5  18 624774554
12  7 961813912
19  3 180226977
4  13 1726423165
5  13 1963233041
16  1 1586540063
18  4 813927017
13  15 1377092395
8  17 1939599135
15  0 900738121
16  7 1998746132
2  8 1629865540
1  11 963640576
2  0 140602461
18  12 1220910534
19  17 96087028
1  18 618923859
0  3 443236231
6  5 384685368
19  14 1173467628
4  8 1351600120
5  9 273127906
13  9 467587992
9  12 1242218966
19  9 905292700
1  18 1474345912
9  16 1171184058
16  15 253923819
1  7 531144455
18  8 1396804128
0  9 881124721
14  1 1532647160
17  9 1377270349
10  0 1238093029
3  8 1349423277
4  19 422473213
17  8 1881233188
14  17 1391736809
15  17 1320218291
7  12 191867582
1  12 574053658
13  9 134242131
12  11 863667401
14  4 827000165
18  11 76136366
8  19 419733060
10  3 357827973
5  14 1782184488
0  5 1565667905
2  14 1634815653
18  16 1030295213
18  0 958318713
6  17 894123499
