200 20 14 5
5  14 2127272707
19  12 1593469467
4  5 251559994
10  17 298977231
1  15 1120938146
11  14 789763837
2  5 1117157706
6  8 1209876429
0  10 1984214600
0  8 1510712967
5  17 1963036013
6  14 91422686
8  12 452485098
2  0 1468435823
13  18 945614960
6  12 439920526
18  8 1876142131
15  9 1797942791
12  11 963805195
16  3 299139332
6  16 1348616013
13  8 633879152
13  16 1410946450
9  3 819631508
7  18 279997865
9  12 1441133023
8  12 253736849
13  17 1189864184
13  0 67604704
9  7 684146278
7  19 102014974
13  2 1460008845
9  5 1562304790
17  16 652808555
0  6 1784322804
7  2 1120320186
0  18 1158726738
13  1 1475272559
10  17 1064286147
12  0 170358579
17  14 1829738709
11  0 63597823
5  3 1248302789
18  19 710289787
2  10 436830534
13  6 2146009411
11  0 41744060
10  2 1568162975
7  8 191649588
2  0 1213392183
11  1 1458718170
9  7 1435623789
5  7 1560685180
0  3 527530563
5  19 284582601
11  13 1034749794
18  13 1458341762
14  12 1852231596
10  2 123957069
3  4 936594868
4  0 49629416
1  4 1304843418
2  6 352742578
14  7 1210956936
6  18 388521298
8  14 831024263
9  14 211469784
6  9 677648925
12  16 238708897
11  0 992901078
15  8 1476920704
16  0 332394093
15  7 737824568
15  18 1206673023
5  10 2130887543
16  9 698116376
18  13 1090738089
3  18 1739761178
3  14 1055719705
11  9 6428019
5  16 1685594998
15  12 1374107389
14  6 984735987
9  13 2019184131
8  13 685535104
13  15 1850059769
12  9 398970588
1  9 527934028
6  8 121506491
6  9 836525137
18  2 343103444
5  0 970666345
2  11 54281306
7  17 1169513677
5  13 867496537
11  3 722899247
3  6 2015197415
6  10 701720064
6  4 1361754975
8  1 1353743888
10  13 1315492802
15  4 1342469968
9  3 925637825
2  13 209038845
14  3 1437049542
19  14 1383693581
2  12 652302707
10  6 1226746527
9  10 395129388
2  0 1158644791
6  11 1511760576
14  19 847063624
13  14 714396605
3  18 518278085
18  8 1991184740
17  8 1281606892
14  19 465778019
6  8 962115460
10  12 1270758361
1  5 415609504
6  8 200575927
9  12 414315283
3  4 1867912162
15  14 2118494351
4  10 506921110
15  16 29921521
18  11 782388045
11  17 1511074346
10  16 646088555
14  7 453360860
2  18 219662267
8  14 363242421
17  15 1740027877
9  19 95098876
15  12 454745374
13  5 600001383
14  5 294331922
2  8 560245168
14  18 1818941443
11  16 1083177601
13  17 331593983
11  16 1836637364
1  18 127843328
0  16 754470915
19  9 783903195
15  1 326531827
3  6 2040376778
16  7 411046870
3  10 187136732
16  12 1408282103
3  11 1461785202
12  16 645611942
12  4 1554657710
16  18 1185309358
10  15 485990551
9  0 313246415
15  8 1109146454
2  16 771803509
2  9 1753502138
9  12 2028180933
6  4 1105494237
7  11 820563541
6  5 1391598590
16  14 274506827
4  9 1807165385
10  12 1991407967
2  1 1001303817
6  13 1564131543
10  2 320919180
4  2 982498815
11  1 804387478
7  1 126392309
0  13 1113115808
10  4 857276677
6  11 214115520
9  12 763762441
15  8 340680152
13  15 893220506
8  17 752733890
0  1 246135708
14  2 218201252
12  6 137710992
16  0 968567015
17  2 1312681212
9  18 1755901682
0  17 2126069603
19  4 404870410
6  7 1083228903
19  12 1613686513
16  15 2087417728
14  6 409115858
10  12 1774566317
8  17 621633601
12  3 1671741751
1  19 773092736
19  12 328854064
19  1 146789953
13  8 71987184
8  9 2071145822
19  10 400535585
