200 20 8 7
16  15 703533748
11  10 2019052241
4  10 1649425086
16  18 1063582051
10  8 709856686
2  15 41872441
10  16 632194003
17  11 729448560
3  9 272516406
15  1 2119584276
10  6 11642290
14  10 1252976167
18  15 1197737707
0  10 1820648757
17  5 791736670
4  8 2043547823
9  12 2069435677
9  3 51551741
13  5 315156141
6  15 1829764030
13  7 1919448766
11  19 651760563
12  9 1437565489
11  2 440526853
17  12 413832272
16  6 1346280404
9  16 410837582
11  16 352835652
9  4 478960801
3  5 289791405
15  3 1839529745
6  9 1295676384
8  0 613174924
4  7 473193586
1  0 509733073
1  7 57388923
8  0 534792921
3  10 64944388
15  6 2120862020
8  5 1755883466
7  0 1183268279
9  3 1279258548
4  17 700868331
6  5 626773728
9  14 1764640199
8  19 882772081
5  17 1045695649
7  16 73191205
19  5 1096943780
17  19 956637317
3  7 2005748220
2  8 551047014
9  13 95995759
9  12 1373429258
8  9 229857701
17  8 1834661828
16  4 754926411
9  6 1049304681
14  13 2064571057
18  7 1046371427
2  8 6238542
16  11 2034146746
1  2 703374462
19  0 1624771971
13  2 943649113
17  19 581124098
10  0 1339644091
7  5 1852163154
6  12 1081409438
9  10 1556148795
7  15 1614745383
16  17 1302962199
13  11 2134561271
15  17 1189032968
8  19 1408915923
10  1 1001490852
17  12 264650186
8  6 1769545556
8  5 183357999
17  9 1687230766
3  4 954583046
11  18 767735589
12  18 1286089207
17  18 1295151986
8  14 2088535163
18  3 469189933
17  14 982266653
3  10 165490029
13  8 1865468288
19  6 1380833217
15  19 308882348
2  3 44727573
16  7 2118250256
2  1 1850854498
11  10 2133039428
0  1 530644625
9  16 796758555
6  18 1783484120
13  8 1753767806
7  19 1918759567
2  8 314674309
13  3 19258419
10  0 14667751
13  10 1449808631
16  17 1886520039
7  13 65811628
11  1 268545960
7  14 218442545
0  19 571578292
16  2 807208405
18  0 871559244
19  18 267826512
10  6 552256242
14  5 648262783
6  8 284296864
1  19 1601213586
16  15 387163352
18  9 176908533
17  15 791576473
10  19 30998517
8  2 1478149289
16  5 229839306
8  5 1507993701
19  17 2009223920
13  1 307772911
0  2 1722543193
17  1 1970040368
8  12 1434844796
5  6 2057476201
19  4 638408619
4  14 207300299
18  3 1655415167
0  4 939333570
13  1 647061569
8  17 2027434624
16  5 1220924899
4  1 2006167741
18  15 306427591
18  3 2139714280
15  19 2127058295
15  9 241150659
10  1 346360615
2  1 371428894
1  5 249587035
8  7 503576228
5  8 774686633
18  2 2079822609
10  14 498987935
0  10 14459685
3  1 1580829863
17  6 1204800721
2  13 260896159
6  1 1105069406
8  9 514699399
17  2 2061151434
6  0 1143631863
11  0 1262592745
3  10 269890907
16  8 1271629052
1  17 627746187
12  3 1360469894
9  2 1871584004
10  19 855405548
3  14 1910019982
6  9 607163570
8  0 1919760663
1  15 151376043
7  9 883441897
5  1 1523913990
6  16 1096115855
9  15 1920291786
15  5 375098799
10  3 1489141053
9  16 576463637
2  9 127534911
0  13 1335625961
1  14 785325722
4  0 2013844268
0  9 1317438441
17  11 1949629087
8  15 514003543
18  9 2118971376
10  1 242531518
17  11 1609822721
18  2 1975905895
10  7 627545677
13  17 2032007292
7  11 2146892044
4  9 2125718878
13  17 165230739
17  13 147376731
0  6 1192018400
13  8 361920452
13  18 335366472
0  15 1032935151
16  5 1301318116
16  13 639600279
16  3 1581707356
7  0 375007355
2  19 15862877
