200 20 14 12
10  1 1262955184
17  6 786048626
10  8 1377611213
12  13 1221625346
15  18 971590794
3  2 2062822383
1  17 1322552975
19  8 1018007545
6  3 399385194
8  3 1763506209
19  16 341486523
14  17 1813402900
6  12 1879499428
19  15 1447399639
2  0 1181394269
4  5 333965039
11  1 214939911
15  17 1358272079
11  5 457684160
19  7 1049182785
5  7 367363424
8  6 1018477132
12  13 1044571727
3  8 81534792
8  9 429631842
15  13 2131509353
14  17 1352353854
8  9 982440482
9  19 2821102
14  1 1591412738
11  5 718796842
5  8 251804107
4  17 49461788
2  7 1369321282
16  8 1681169866
6  4 705783493
5  16 1825001963
3  16 97475946
11  2 989346888
12  9 438475277
14  10 42394408
5  15 1483320657
5  7 1841346409
10  4 512430335
0  13 181818196
2  19 1930667186
9  3 746606249
17  18 417751723
13  4 1810052771
13  8 850304612
17  4 1973381346
17  16 1676512103
0  5 824369399
3  10 201547267
10  9 1045957961
10  4 1944446115
15  17 1667688269
19  11 1567041873
4  18 751668289
18  17 557898165
19  13 1658501750
12  6 24351997
9  19 142085684
11  14 1236697032
7  0 1621740921
7  0 451157800
5  15 920982482
14  18 1991147820
2  0 1772919798
18  10 1650641311
13  19 448733488
3  5 858902319
7  13 1348710411
10  19 845532967
11  5 1421279529
17  19 1408787715
16  8 372108932
9  16 801142663
6  18 2106599568
10  5 976552686
0  4 893830799
0  1 1892648860
18  5 1280711539
13  17 744354499
3  0 2124842271
12  13 491200150
10  11 1622356961
10  17 331740406
6  16 580324125
4  9 1793166420
0  13 1701713937
1  17 1357219751
1  17 1640215940
15  19 1737128297
16  13 1276330135
8  14 78745409
0  12 797775132
18  13 1708665672
15  14 477765978
13  6 126805769
13  6 783794479
3  9 2032325733
6  2 673677162
3  10 1241459145
13  16 900149063
4  13 1959970331
1  11 908872533
0  19 1714180593
15  11 1413630238
5  9 295139101
14  8 470667962
7  2 449641978
15  6 24471711
5  8 1998922479
2  4 1065408844
3  13 1700527178
11  14 764106428
18  0 44343749
13  7 508063810
16  3 826306341
16  5 1177628565
9  17 1799212162
19  1 1356435813
4  7 209204348
18  16 1417167516
10  8 1607759325
0  18 1037587879
13  0 1352332994
0  17 840005688
3  0 1949537594
15  5 34674737
17  4 584088015
1  7 1935348852
1  2 328027757
7  14 744960609
17  13 1007896899
13  14 1638189175
5  17 247725062
5  9 635284466
17  2 356651738
17  18 1787864629
14  12 930339917
1  9 121211037
10  9 2013781647
1  7 1113533555
7  15 1995656257
3  2 1944749186
9  0 857030411
4  15 215637113
16  9 1215407994
7  0 1789554819
4  18 1700328938
1  3 991139667
11  15 1110338981
18  0 1596816737
8  12 1188918347
12  19 1097441343
3  13 1256619191
14  6 749588434
3  8 1398435756
4  10 1779407139
7  18 684516071
2  4 1186727360
12  15 881669266
4  14 49883759
12  6 1937912853
3  0 826375353
8  9 787609199
19  1 826836037
12  10 1706581468
18  9 809491365
4  7 410605469
2  6 500353167
12  14 997935642
4  7 1067327284
9  6 947325995
9  18 880783660
1  19 1294759153
16  11 1801413881
9  8 668396448
4  18 1332313654
5  0 913427841
7  18 989238111
13  7 1505156231
2  14 1983919473
15  9 349681189
3  1 1195526946
4  13 929024235
7  12 1098260426
5  14 529235452
19  12 703568470
12  6 160458643
3  0 544599107
7  19 2061298799
10  14 1869990568
0  8 2091018286
18  2 1902373082
10  15 352216863
2  6 1312051635
14  9 682094060
