200 20 11 6
9  10 1774956034
4  3 550569922
13  4 1283717060
0  4 1018597163
6  19 377511646
15  18 429554063
9  5 1289418655
6  0 428801049
7  13 1419351963
0  7 956817455
18  7 1578340527
6  8 1976278213
11  10 958113617
3  1 1589473045
9  10 465013901
16  19 1077177847
2  14 1329144265
1  9 133624527
3  0 333655058
10  17 1685125263
15  9 1747549910
6  14 63409565
7  4 1280099418
14  15 1375952460
15  12 601364289
11  3 1488081841
18  12 1919713621
16  9 594569039
7  19 1729092303
3  11 1642589336
16  14 678679154
3  7 191327116
14  5 367820650
11  1 1836119475
6  13 1800184690
2  8 868947121
5  13 1461210977
14  6 996714337
19  4 1950810870
19  4 599216658
13  9 1125155120
18  4 2007586092
19  1 759635090
8  16 1056255252
0  11 48121899
13  15 1062241233
5  15 1465642394
14  8 1545439870
12  8 130511433
1  8 48008043
11  9 1991554245
7  0 1510795783
10  1 613838338
15  5 782395857
3  12 431522947
4  10 2142344511
7  17 284429144
1  15 1687416298
17  11 139856635
9  13 876571104
16  10 706459027
12  9 1087205628
4  11 1721485453
5  1 212446986
11  16 1077694577
11  16 950721240
10  15 2120040415
7  11 1687962366
6  13 1179377244
9  3 1308970560
6  3 1258557537
8  4 997053325
6  8 1531618129
15  3 1940294173
8  4 159638420
6  14 2028992201
12  19 1841270556
5  6 1688862739
7  0 1145193642
3  19 2035401071
9  0 1626308135
12  17 794102591
11  13 611940677
8  6 191447278
13  11 1937905216
1  10 1206851701
5  18 272851558
19  12 796455393
5  11 1293082368
11  15 1764484822
16  1 1946784046
4  10 1437047916
17  7 557964858
9  13 720158947
13  8 1783577239
2  10 1384616257
2  14 1324078156
1  4 1319562152
19  0 697492180
18  5 196920189
13  12 2044160382
17  2 700643564
9  7 1341375000
19  11 1948203997
4  8 382667846
16  15 1154723676
7  8 1275385479
6  19 394957396
4  15 1939467357
10  5 1814023716
14  17 1277215924
19  0 455398205
9  13 1502521337
15  8 941571873
3  17 1260403372
11  16 1738216177
5  8 1836467116
6  5 1664689167
17  1 1807787257
15  6 472442863
4  8 1564293857
19  10 1528670139
15  5 472935018
5  2 95645583
13  4 1075849597
10  3 904589517
2  8 1108701491
8  19 1527390851
0  7 61981352
9  0 1749245470
6  15 2147220424
2  9 1607436676
19  2 1111021349
10  0 962208690
17  13 139165459
1  13 218789621
13  5 673716210
14  4 1723417373
15  5 1317222752
3  4 1394589550
5  16 1164199372
19  6 203872944
19  18 2002735106
2  10 1176312143
0  12 1652057239
0  7 1164446987
5  4 2144584610
18  17 1931142616
16  12 2111005326
14  15 563585339
0  16 2062915661
10  11 1331181102
16  10 111574462
2  12 107097987
17  10 1144835749
3  14 709129383
17  10 409903617
12  1 1166588687
17  16 436718796
6  3 1027680307
3  17 272309023
14  17 1519938888
19  8 1461976498
11  4 2146528104
1  11 1412208902
12  7 872028174
14  0 1110924096
8  5 548480838
4  7 781899728
2  4 958071686
11  2 1969466829
1  14 193313933
8  17 1867982558
11  10 1095384965
10  14 1245418894
4  16 1295845130
8  14 946812954
2  14 2055495537
11  17 1040227944
14  18 389274314
8  19 1481381867
5  9 97271086
18  9 1522128602
12  10 1089042705
1  13 502270771
8  0 345712913
16  11 1018413650
13  4 877877215
8  9 1578134559
4  0 1750132286
10  9 1676378670
8  18 1953492777
0  14 929594080
6  9 142925132
5  1 1257323449
6  17 1310994964
3  11 1651448304
3  17 693325571
15  10 1245089035
0  3 143142537
