200 20 18 15
15  2 1431750705
1  6 1752209112
12  9 940004225
19  15 1077806240
6  5 1405377978
15  11 572160045
13  1 1224959550
13  2 638727679
13  2 1420738274
19  16 613354358
8  18 2099645992
3  2 1580884819
15  9 1632642196
16  0 987269831
18  1 420321706
17  2 2144972463
9  13 1738416370
5  11 480684227
10  1 1421714685
10  15 1267297029
1  16 105408282
1  15 1374438822
7  1 152373208
6  8 113840610
9  5 1750003722
6  15 1944279697
12  8 1161300896
2  17 382755087
3  12 873621712
11  0 98190876
18  17 1288135897
15  18 484987780
5  16 2071809360
7  17 332067498
7  14 463718681
19  12 1127826223
14  3 1456878218
2  0 632625940
0  3 1508846233
11  9 1844948834
7  17 596080000
5  11 1905635459
7  6 1069083819
17  12 322251103
18  4 155310657
19  18 1958318730
15  11 803905233
8  15 1711515628
8  10 1759298284
16  17 227267389
18  5 357939727
18  7 1067329001
8  15 955788436
14  16 2074556902
15  14 707898943
14  18 1845775810
18  14 2023336517
13  17 2026137655
7  6 918360723
17  13 232342263
16  4 1753546616
12  5 1563359157
3  5 844633370
18  17 2098348857
8  19 1026147966
10  13 1760497557
7  3 1479279644
18  10 1028438627
12  17 904538478
5  18 1235115994
14  18 409796044
17  19 597365810
5  10 451403899
18  2 1849101562
3  7 1389439560
1  5 1044864713
6  1 1699495503
11  12 163951843
7  8 1588291916
12  6 211427884
0  1 1789151367
19  1 785184929
4  17 9492003
14  17 1725136225
5  10 1128162579
12  4 1507094036
13  6 696360788
0  19 1117451914
12  17 883188210
13  11 1867520802
2  6 1355266124
13  2 260878307
8  0 457630004
19  3 1591896993
1  18 76782942
14  1 1573268421
14  4 206563599
5  8 1200393167
6  0 1407407895
0  7 1099259545
6  19 1341055982
9  7 1949814154
13  19 528225712
19  13 997273647
12  19 1297181356
10  19 791784137
13  12 847339818
12  9 1365430893
4  11 777067715
14  9 1987019600
19  7 1692107222
16  19 1640585278
7  9 934051240
3  13 1586929729
11  1 633339406
18  0 649032121
17  2 1410032294
16  19 1765088596
10  12 1166908783
0  18 1735741116
15  18 716209062
12  16 1720822846
4  13 1428662962
12  7 1757900020
9  10 777220369
12  1 227063744
17  15 2075318020
10  14 1156491549
1  4 850984874
9  11 95063463
12  15 1527954121
5  2 1177419085
9  17 922076145
13  4 357648349
9  16 1504922250
7  5 115266377
18  3 134105143
11  10 225759099
10  13 1590107479
8  3 2082629598
16  14 1757937687
3  13 1538730315
3  1 1308158982
4  19 1321569592
17  11 1019937000
12  3 153346322
15  11 911552439
9  1 414390940
12  17 2053206483
1  11 453319882
10  14 1459780781
3  7 1539253706
7  9 1805989509
3  18 2005461692
6  13 1912111740
9  6 267331717
6  14 1799761440
1  7 1799239073
14  5 404227032
16  11 1802980515
11  19 1596043970
14  17 1848676766
0  12 277429936
12  10 609590473
14  17 13235343
11  14 424387321
16  5 997122355
1  18 2005469922
1  8 169039434
6  14 1765204995
18  6 294328490
16  3 1715371511
19  9 756684356
14  15 732855726
15  11 726978794
15  6 1229044977
15  8 1199247607
1  13 486822988
10  0 1357870737
13  12 1851286896
15  18 924196245
12  10 1648778562
12  18 141930523
10  14 1784520809
2  10 238657664
17  5 1391763931
2  1 855437762
7  5 745775344
10  13 1769186966
8  7 106327242
10  3 1928964837
1  9 987875419
13  0 793877946
4  9 619874385
1  9 526872550
17  2 374650873
3  8 1994685632
17  12 1057923214
16  4 1607894777
11  15 1917938029
