200 20 18 6
10  15 2138656463
8  13 681081708
9  11 657447805
19  6 558706659
16  19 1517238257
6  7 1573180223
4  18 2128052460
1  9 740429461
8  16 657274599
17  10 2114634178
9  6 1194123443
13  16 1103707662
9  12 141012784
14  15 300918060
17  16 106171887
7  0 313963798
3  18 1870382544
7  15 35088082
5  0 1078861681
18  3 1171986737
3  4 464726512
7  10 404850002
0  17 770176368
1  17 1397445655
11  18 1696483987
12  15 1662899611
11  5 1408592405
9  2 1689694362
13  4 778405321
5  7 743381598
18  9 1501241791
18  2 1859959295
7  4 1979638201
16  1 1583099245
14  9 3500561
11  0 969148919
11  13 918894538
9  18 1778203419
6  19 1172506834
0  2 727210326
19  0 596802380
7  14 1603919922
7  2 1535340402
8  5 387230343
4  3 545116496
2  4 1751194950
8  14 538892448
9  12 1578234241
11  5 1079831391
2  10 126105550
8  11 1984263684
6  16 622964817
18  14 1061243737
17  3 1768534498
16  6 495406900
16  11 1999587041
11  0 1394783069
7  14 1309228960
13  18 371042536
10  11 1709993145
7  6 420527410
7  4 971848325
11  0 2044449754
1  8 1465291108
2  8 192874753
17  12 1106425620
19  5 878666243
4  8 764103596
18  15 1089625439
7  4 1071386134
12  15 207785111
5  2 1863052617
7  0 1764470049
16  1 1056831611
6  16 635864169
4  17 725267700
7  13 1751156118
2  14 1870920434
8  14 661241540
17  3 1183487001
6  8 1803974022
7  6 1881498688
8  17 1563034195
19  10 107717170
13  18 1088682375
7  9 861353251
12  17 1662358449
12  10 364683947
8  17 205872705
10  15 1018261680
19  18 2052574025
17  9 768164257
0  14 537146513
1  2 47153056
13  7 2045702371
17  4 798639785
0  17 1407032254
16  14 984681857
5  13 1345069528
8  12 1099517679
2  1 1626031318
1  5 1483020408
10  3 2082380656
1  3 145547702
13  6 327812230
11  14 1008451093
15  14 1809933789
14  15 1632885929
5  14 515748033
18  8 266625032
15  5 135384623
19  11 1567847204
1  8 1589569205
6  5 1265286347
8  4 1382077679
5  6 1606562518
10  18 585676974
13  15 1226066506
19  4 707168471
4  0 185133289
14  12 842783726
6  2 1748377720
3  14 103595231
1  4 181494649
12  0 756019547
11  18 817012624
13  18 1158616909
6  17 956790776
11  13 961555008
12  9 372582532
5  1 2074671819
8  9 356365154
17  16 1311168925
2  13 2004530280
15  7 1176862397
5  16 48161232
19  14 948505921
13  5 474505817
2  6 851137723
7  3 235756154
17  6 1391680055
10  1 875749760
9  6 497337983
10  19 1537349559
12  2 120010411
17  9 629135422
14  19 1626082826
5  8 1674889623
3  6 364608474
8  5 1020053908
1  0 648023462
12  16 254037734
14  6 845485492
11  19 107745155
0  1 1094801682
2  15 73490282
9  7 1064180066
13  5 1096741159
4  14 209993510
3  11 1834749061
7  1 958433123
10  8 1484610165
10  7 1811562230
16  0 1542665087
2  4 428746025
19  9 110966655
8  0 1495120694
8  0 825407147
4  9 1531559802
16  17 846558171
3  10 1586851709
4  1 484057061
4  12 823183100
1  19 1623802491
6  16 295964683
15  6 942575174
11  1 1320196264
12  6 377693083
0  8 2060651468
8  10 1394295622
17  10 200658884
11  19 1642816466
0  17 707088837
3  15 642107941
1  11 2142912373
7  5 1035937665
15  7 187261740
7  2 55840520
3  11 1321315358
15  12 961730560
6  12 1208140441
1  18 2082576552
16  9 1709511894
16  4 1230036243
10  11 1205321242
18  9 838514195
10  19 988483599
17  6 361471653
17  11 1640717843
11  6 1133276757
