200 20 11 19
3  17 1862083892
14  15 1105068212
3  14 648631469
17  3 736850454
1  4 54473671
17  8 1707791650
14  10 1957314420
17  8 889740688
8  15 1437161160
9  2 1048691563
17  18 1005309115
11  4 761534711
8  7 779973307
3  16 996168998
4  12 319069502
7  8 1992767923
17  4 2087125703
2  17 777649219
6  10 373540321
4  8 1020486334
19  8 1637108389
7  14 2090577931
5  15 986858544
16  13 1626578112
18  1 1097286123
9  8 1303603266
9  12 734364335
10  0 160277184
16  2 532486723
3  10 33992148
9  6 387104560
19  4 919483317
4  18 1653191894
7  19 166975002
9  5 188897456
3  8 1293290990
4  7 1056002701
17  19 935996604
1  2 924827285
7  11 764340657
6  3 1426045679
10  15 1485834892
13  19 419488145
18  9 1837883531
19  15 1062097316
9  10 765932833
7  13 1580044299
15  8 2016813360
8  5 1204609894
19  1 404076662
18  11 261769744
10  14 632262328
1  10 436511676
6  19 1281618464
13  2 968046430
4  5 654715988
11  13 350023097
14  11 784476068
4  6 678731620
19  0 493553177
7  11 88376926
6  15 1377193728
9  12 1953093017
3  9 1446924288
3  16 1078580155
5  14 1597948031
5  19 384582867
9  11 906147018
16  8 1302761658
17  3 1999000834
1  5 797505269
15  4 2027558022
6  2 965072555
16  9 254983240
12  9 1969611819
6  19 944297466
7  19 494316579
19  9 784503198
13  18 18502456
6  2 1882834753
12  0 695813861
14  4 1963468739
4  19 1395966870
3  15 1618077928
7  12 388652355
3  14 818976486
17  3 635923669
8  14 1545075255
2  15 1015219486
17  2 1730898500
9  14 299760026
3  11 1288624075
18  0 1711070740
13  7 93065303
16  2 866545474
5  1 1672106786
10  4 825596059
19  13 1223451958
15  9 771550674
19  2 968565298
18  9 1828657220
8  10 2340212
8  15 1039796302
0  4 940744848
15  4 2096641396
18  8 1237625131
1  7 1805225898
4  18 1919310968
7  17 1089510719
19  17 2064916343
9  6 115040821
0  6 1673685154
16  4 873562209
1  0 1517480071
16  3 2061873664
2  18 995342126
10  3 307477530
6  15 884505297
4  3 710589401
16  18 2013592251
1  9 368829817
11  3 1018473712
0  13 596003247
12  9 1380054555
10  3 479756774
16  6 600199085
11  12 399217789
16  3 2137602553
17  9 705386014
3  15 1705412505
19  18 544066699
5  6 1922406145
14  17 1396977821
13  11 158811037
0  16 1293781554
9  8 503603535
15  8 1592818919
0  8 1423123283
8  18 1559965976
18  8 33221395
5  6 1231102500
2  15 805552208
7  0 1085525514
10  11 302791182
1  0 987510116
13  2 1418942396
18  1 132801423
9  6 1061531511
2  0 981019894
12  18 2107337081
18  9 1103096868
19  4 2124547493
13  17 667063282
13  10 1576436066
3  1 715542580
12  0 418128997
4  3 1679780158
5  3 304675823
18  15 703155961
9  17 408427879
19  10 1506727606
12  19 918051987
11  2 1483413873
7  16 1886368813
10  9 1623280124
13  12 60710315
18  10 1542290865
13  14 600705368
7  17 1622528076
14  13 1534865408
17  15 782064452
2  14 462072857
19  14 501232697
0  12 1062325880
19  6 1892679084
19  18 1584135346
15  18 1046565541
8  15 1879812758
1  13 506804551
4  9 889514978
13  0 11013935
10  15 1111504271
9  19 677957003
16  8 1115421406
5  10 1338216184
9  10 720767443
8  1 402326809
9  1 603139890
14  19 1005147068
8  1 411702008
17  14 675654063
5  7 1415934312
4  11 211061048
16  2 462020719
16  0 1121351640
2  5 1399485686
10  1 92652565
16  17 1768805047
11  1 1505517995
15  7 556054172
