200 20 8 12
10  4 1977747402
5  17 2031809630
2  10 833615543
4  15 784066455
5  14 1471776888
16  10 861212665
16  14 464118771
13  11 905999154
0  12 1485571344
8  2 2011933467
2  9 1155577900
4  10 1633577225
18  12 1534632336
15  0 685083853
3  19 1149290589
3  10 126359661
5  7 1788364501
13  0 220150822
16  18 1574122958
18  4 1230194164
5  19 38302890
16  8 662602514
13  5 130607131
4  9 812316186
5  0 2139922754
8  3 1501915385
11  8 859828674
12  1 1696553747
16  4 1835307658
11  0 1080631193
17  16 1395366129
11  7 1462536646
0  9 611009039
9  10 352510717
3  4 448556789
2  6 2816624
0  7 567340991
15  8 927735972
12  5 963243258
10  19 897639235
12  11 549119151
4  12 1816914167
19  16 706317241
1  16 299605027
9  19 422081732
12  0 735830379
7  17 378188783
18  11 943053136
17  19 1533464912
15  19 1158758713
2  12 1211719284
12  3 1006830151
10  19 856134010
8  2 1020390531
11  1 1756988903
5  9 1868988741
8  16 745824990
1  3 1362808417
0  4 1058106105
12  5 1535527154
2  5 2074700638
18  12 1008659384
15  19 350174813
14  17 1187054501
15  10 1106963353
16  17 543402769
10  8 2123545880
13  17 1784752041
3  15 1016091804
16  19 1232843986
0  4 1745407155
1  4 1766121869
2  17 682395508
6  14 1021619761
2  6 935081020
11  7 1348914899
16  11 1863924103
19  0 1686852523
10  19 1987385998
1  4 60724288
4  7 1871090287
0  19 2122771360
19  15 1306630512
8  17 217176778
13  5 1274799367
9  13 140260789
8  7 1022436638
2  14 1742041905
9  4 1613512726
17  18 182781860
14  11 985795269
3  12 1229338525
2  16 1376573330
18  3 1281446602
16  10 914519573
6  10 1605362428
5  12 248203068
5  18 1235091718
11  14 493233053
8  7 1925429209
3  7 1780007328
0  2 701615739
14  15 1002038174
12  2 1328572081
5  12 1899169750
3  7 474997642
4  2 425581158
2  12 64151484
5  0 1807064552
0  11 1700915780
12  19 1250286098
8  5 651265013
15  0 703647630
17  0 400366054
19  5 1777214461
4  7 1884341767
2  6 1816515198
1  12 951504142
5  9 344800937
5  1 244103661
7  13 1339082288
6  15 1909184919
3  9 861312897
16  4 635601830
17  11 12455329
2  14 1554841278
3  13 548605165
19  4 1799091272
1  11 1605138302
1  17 994811475
13  8 456178824
15  5 1148253075
17  7 1816921708
14  19 2125765050
2  4 1530955592
1  5 1890765754
14  17 2082797002
18  19 1386743925
8  11 1215090283
8  14 889512119
4  2 318329332
10  12 347519976
9  2 282813910
2  10 88786544
2  6 2063444223
17  18 409982510
4  6 1297736630
10  2 257685468
13  16 1494882462
17  11 527263547
17  11 1150782990
15  6 1934806946
4  3 1088402387
11  15 425522369
7  18 2085709540
6  15 2106715900
10  16 1956642963
4  0 1323505521
4  13 1529288748
0  15 1705809941
17  8 1929974755
9  3 713787937
19  8 166799151
1  11 1314191092
11  14 142949402
1  16 938411645
1  19 1386938753
8  16 2064824752
10  8 1112647980
15  16 547450615
5  16 1507968793
16  1 1032810395
7  6 53294022
3  8 1422928807
2  3 515909442
1  17 2101102700
2  18 2140215152
13  0 1463145719
4  18 1487934023
15  3 323222628
11  6 617091732
10  11 45130086
18  11 1668507875
12  3 1842274503
13  10 787598654
13  0 387954197
7  3 348416784
0  17 414068075
13  8 1676884912
17  18 1251548469
5  13 138996793
9  1 2028239089
1  18 2022121790
10  16 74071063
15  10 1443018175
14  6 2065272586
18  8 1917178294
8  16 1012533651
9  13 21760083
14  17 542285948
