200 20 4 7
12  8 1337794803
7  4 1947131680
0  5 1081082252
16  11 1404245355
6  17 1525747860
7  15 527957360
9  17 1755999638
13  4 686229346
19  12 1930956177
12  16 59647901
3  17 1669237702
5  9 1431286388
3  13 1676420832
3  6 1305171851
12  6 1099063283
15  9 217781512
0  12 260633605
19  11 1774657130
13  8 1405509884
8  11 546249187
8  7 1046200139
2  19 336523555
9  1 161641607
16  12 1468611839
14  7 1058336370
18  6 233268439
3  7 399785899
17  5 357617461
4  11 948630753
3  2 128224768
16  0 1973350924
14  17 945327598
16  6 1958081394
17  2 183522756
14  10 1344030630
14  2 1635890514
3  15 943593264
16  0 527648419
5  3 146141569
7  15 980602791
6  4 946318549
7  16 28404090
5  19 2122653491
11  5 1698921979
4  10 2138344753
3  2 1851501740
14  10 553839276
4  0 678143048
9  14 1033623687
12  10 10308417
19  10 774041439
15  14 1989111489
19  4 1464679971
19  15 573447093
13  0 984481954
18  13 906522242
14  12 990843104
3  4 147886655
13  19 1132236172
12  7 2133642479
0  5 1693788685
16  7 759837516
2  12 573885974
3  2 1133003805
6  0 705496058
18  10 1233421246
19  16 832001731
16  0 92773947
6  12 1911542793
6  19 1551116318
13  17 1416001476
8  0 1717689450
12  15 300134288
15  5 1677242246
9  14 962517374
9  1 1688279752
14  5 872147663
15  8 304420735
18  8 903191553
0  12 1627111067
19  18 1726323746
12  10 1190712266
6  0 531205583
0  3 734400911
11  2 1179166677
15  8 1751125664
15  11 1099923959
13  0 348810447
2  1 1668104476
11  15 379613298
10  15 547729846
13  4 1637358518
6  16 813704460
2  4 1733314281
4  14 1454201229
9  2 163699372
2  1 1339104924
14  1 632081689
10  16 1474011952
17  15 1098979831
3  13 258476741
15  18 155606231
18  16 1997961372
5  0 33292946
15  12 1108168646
8  13 1029182134
11  3 1158870575
13  7 544531657
18  8 1697906440
17  19 1155602269
10  14 766995471
15  17 1745268143
14  10 2032914376
1  12 1781819038
19  4 1248266329
13  9 1663588450
8  14 1877810392
12  9 887483419
16  7 1948130488
3  2 573507563
19  8 462574162
15  6 1002954751
18  13 1846169117
15  0 1709432994
8  15 1309120250
18  5 918411777
19  16 1501312528
18  6 1141470920
7  5 1135091013
16  7 651208190
7  5 1264372549
6  2 1429306007
5  1 991177457
10  8 732016470
16  4 1168692931
18  2 1885425853
9  1 214913336
8  1 938774040
5  15 49520556
6  12 792338415
3  17 1410737546
1  10 1894439641
10  6 247686303
0  6 342478479
6  16 1480471682
16  19 34784288
3  0 1453427411
10  4 1899705824
18  11 570996669
10  18 1730048687
16  15 1729313438
19  4 1135473462
19  15 452421079
17  9 32513577
12  19 946936843
2  4 1358723101
19  10 2080445683
15  12 235369969
0  3 682119877
17  5 872395765
17  19 397355068
9  18 257319586
15  4 325737823
10  7 393138290
13  17 1686431808
14  11 892652888
8  19 2126260119
3  4 677096546
5  0 863819002
13  0 314604829
10  0 1669230146
3  5 732003025
12  0 1500476683
0  9 1499400271
6  18 823989038
2  10 306941882
19  7 350893122
2  19 2077141779
19  8 1237101519
16  19 1085250832
14  4 1814501967
9  0 1423618666
7  3 1283467833
11  12 1950818543
8  6 1460714789
17  11 1324484956
8  19 1334223279
1  14 427473555
6  19 1482411849
0  6 1973834484
8  4 380901141
4  14 665353666
6  12 572622635
16  14 1015491942
1  5 603114353
11  18 1345089920
18  5 1824923584
4  19 1765748760
19  17 790323182
15  5 1863369620
