200 20 16 19
16  5 1639115748
7  6 1708396629
0  15 776168273
3  10 1488074531
17  13 506703810
0  1 1100109142
0  1 1957836265
19  18 203799325
11  14 1288737440
12  6 81864425
9  11 2142832887
5  18 191131216
14  2 1566852626
4  15 1229549275
0  13 1498132330
18  17 1155127738
6  10 207838133
2  7 1165956927
4  13 1738422686
19  2 627959766
12  5 12563113
16  5 1969734388
13  12 1401713826
0  6 914500277
17  4 1686659501
15  11 943784217
10  9 1884958868
1  19 1200971249
12  5 2076781689
9  18 269552607
6  10 2114247516
4  11 1829618074
3  16 175941099
9  16 328756855
8  0 216378482
12  7 1487060795
7  13 1348729589
12  10 111371561
1  13 885448660
0  13 528340904
0  2 1015259917
1  5 110430065
8  15 156512620
11  2 492890028
9  11 776159736
0  14 810145246
13  9 434851605
17  19 1738238429
16  0 772486811
19  4 1294193350
15  5 1712320741
8  18 1652694471
14  16 1404380278
15  6 394729686
7  8 1335836602
13  7 919575234
6  11 730569679
11  5 2063925095
1  11 786125690
9  13 87980020
12  9 994205071
11  17 1835412171
11  5 1108501715
10  15 1105124423
9  13 417569537
12  0 2099830875
17  9 806926831
6  5 387364705
6  8 187738945
17  13 640362451
14  8 574172293
15  0 279113483
17  14 567756844
0  13 2013765597
0  8 823731955
13  3 2099373380
18  0 77251477
5  6 1211762345
17  8 2082561169
18  14 337475792
2  0 587122752
5  4 139991546
10  19 913689413
17  12 1726326765
1  0 111643708
18  9 570234415
13  16 960665376
13  6 1209488619
13  10 466012628
4  3 1571491505
14  8 1636951163
6  17 1332021782
12  1 1889593965
5  2 729108960
9  12 648986290
10  2 2121156902
0  9 1267618636
4  5 1187520956
17  1 670922612
10  0 1908411811
12  8 677845808
9  13 610605659
18  13 946740822
17  12 1321164190
15  6 143069132
17  13 1989945260
0  17 355905794
7  2 279478603
8  17 362374358
3  19 978572409
11  0 1590267238
0  17 995162754
12  2 2075277128
14  4 1214364564
16  8 1600268133
2  17 781529597
2  7 1479654797
16  18 976121780
6  4 901009941
5  1 68176749
11  5 2038082298
10  9 604871309
4  16 290262797
17  7 1331700773
8  0 1201713981
8  18 405748178
7  0 341158321
13  12 1341281371
4  2 1388116288
19  9 969822029
18  1 1811905334
19  4 90562385
11  1 698875230
17  2 1166769454
10  17 2048798904
17  18 2147032628
3  17 356865816
2  17 1659459517
7  12 287077946
7  18 307790314
18  11 1690715476
2  13 2128995873
2  0 1176829655
6  13 695700513
14  5 1949355081
0  6 1868839137
12  5 658266595
7  19 1656767724
17  12 878879511
6  18 1846740732
3  0 1433126765
4  11 1371111640
15  19 218588781
17  6 2015505428
3  17 1184543846
4  5 1945007563
18  4 798958467
10  5 478338681
13  6 1875348113
14  8 515647978
14  18 1068822810
3  18 878368851
10  1 1095813055
4  2 697374034
17  18 1749992104
4  9 1804184275
10  1 535308060
13  16 475464901
18  8 1668548461
0  12 1639360673
18  9 254020777
8  2 1157262257
15  6 493783135
7  8 1813107364
15  6 1936246806
1  10 2026678469
9  19 590676283
5  14 1355202888
7  0 759249045
13  8 1293181300
10  5 1197765564
12  19 900456324
14  3 361130654
1  2 893427437
9  11 798799873
9  5 1455703832
10  6 1782498919
2  12 1221806695
7  18 158925185
0  9 1084694411
15  4 2134012270
9  7 67866655
17  8 1042788598
14  16 744958344
19  16 2138772071
14  18 1825132417
15  16 548496498
18  12 1871610292
5  14 1438810814
16  7 698647951
