200 20 15 8
17  14 936250477
13  18 1822688719
0  10 860436822
12  4 1938219592
8  19 769313777
12  8 718729224
9  7 1062552761
16  2 63439606
11  3 1853148653
7  19 200791558
0  8 1107302833
4  14 669367815
9  6 565523152
17  0 1490954613
2  0 378740582
13  1 1556095224
8  16 988551986
2  4 698831865
19  3 1421030660
12  18 463067020
15  9 747654238
14  7 1340568623
8  3 2087244009
7  8 1561802080
6  13 894714624
4  12 1096545802
19  1 745579654
19  4 615090150
14  11 1361060620
0  10 1127699726
13  12 724417923
18  11 1253834377
8  15 201572737
9  13 238272580
12  11 1373885361
6  7 448572027
9  4 832797568
10  7 746689821
13  9 467567868
11  3 1437450746
19  5 1451688712
19  16 616966949
2  14 1003029966
14  13 853457015
12  2 875582221
12  9 1095732796
6  7 1454866006
5  1 1582039914
15  1 24584417
7  14 56384435
11  16 613304714
1  12 2070834537
1  17 1342409929
11  16 1062460958
13  6 651301919
5  2 2136440711
7  9 1982502514
13  14 1059282335
1  0 995949967
6  0 1697359456
19  5 809716053
12  5 2106320671
6  11 2018991044
5  7 560958196
17  18 1660975216
3  7 219354713
19  8 1359731305
1  12 258519009
13  15 1119733611
4  7 1994442064
9  7 1783971114
16  7 1265040433
8  12 252145403
0  12 1482120499
16  14 109853406
2  13 757787781
2  17 2105870682
12  2 1812077144
0  9 226036759
11  6 1756034403
8  15 67839172
11  19 534680289
16  14 1152637731
6  8 1908276886
12  18 968723587
9  19 515302130
14  8 1671217502
1  14 517968089
12  6 281711899
8  17 121948124
6  12 338377960
6  3 935213120
16  13 1645091512
19  15 2088323697
5  9 817304467
10  0 100297530
8  19 145385025
1  11 1787988790
10  6 768030928
9  10 1580222203
6  7 979598824
14  9 1998255554
14  17 1653039864
1  7 1165370817
2  7 1861065034
6  2 1515771431
19  18 319645703
7  4 1320596928
8  2 41020526
7  10 976052145
4  1 1021390491
5  7 121071201
12  8 1288582582
13  12 924117067
16  8 323135197
5  9 1166619840
11  15 537271268
14  15 1079435339
16  14 232590543
14  16 10010292
15  1 57402655
12  15 335130813
9  3 191787527
9  15 1044655258
17  1 816918556
9  16 1503562833
0  7 2123854271
15  6 2128537583
2  12 973945294
15  10 1154727359
19  10 2104492836
4  3 1680033484
15  12 612030457
4  14 1556765240
7  15 1966319025
10  5 1898959736
15  12 934542157
17  13 1654308343
15  2 1912146637
8  19 119657076
14  4 570633188
12  3 829643986
3  18 101715983
19  17 1958642639
9  6 280858571
19  0 2019477602
3  0 1245398194
1  16 1373025883
19  3 861777867
4  6 785700159
4  10 1188768585
7  6 283151121
8  1 904501373
4  18 619847640
0  8 80459667
10  18 1083491453
4  7 1821237189
2  13 12690494
10  7 282927917
5  10 804862040
5  8 1058058548
18  15 1203699245
19  4 524464150
18  9 1009027812
12  8 1421501891
17  12 1725569198
13  6 1060639399
5  18 1096301576
12  13 2125264319
4  12 552407522
15  2 105335678
6  4 134311429
17  8 1385661759
7  19 1825584958
0  3 868031249
4  18 60501749
16  6 112610166
7  13 625133942
10  5 2129273429
16  11 887478110
15  11 1039498498
5  6 1504156502
4  19 117054019
8  2 35491454
9  8 2046985299
17  5 1745111873
0  17 799662008
2  0 1825836632
15  4 1186102360
19  18 1055124153
7  8 995389317
13  19 1985603634
0  7 900027171
15  13 1330165281
13  5 2022447830
17  7 966287542
7  3 853467658
12  19 599302569
3  11 1619206714
11  6 987402818
