200 20 14 9
2  5 1550472098
14  16 993865882
1  8 1422484568
13  1 2128046077
6  19 233780975
8  0 735301887
5  17 1840418637
6  11 331142668
16  13 1397073248
10  12 1918726264
9  12 1743148638
0  3 196026848
18  14 1341193394
18  9 1364172438
17  8 1698910156
19  4 1029014152
4  2 305728539
15  2 1822239643
13  3 308783925
11  10 2016210078
9  11 409664093
19  10 478437785
18  1 230467432
7  10 987229509
16  8 208442635
1  9 1470768178
6  0 399948318
7  12 209748048
2  19 724654573
7  10 1975989687
18  8 1795852702
7  16 1479748236
5  10 1627382787
11  14 334849714
14  8 1516615912
15  16 2049143745
16  0 1907142552
6  14 2024928753
17  5 1365965539
14  11 1082200459
1  3 30406392
7  15 1010112247
4  7 262608859
10  16 1098141242
0  8 1127674863
6  14 872779924
8  2 709709847
13  8 187061990
9  16 893433228
2  1 1576485847
14  9 1282518828
6  0 335198952
0  8 2066156825
2  4 584894733
6  8 934904594
6  14 1797252137
11  9 2044776642
11  0 600600155
14  13 607694080
2  14 2079952347
15  13 1204557917
19  13 1810978826
18  1 1174505301
9  1 2068392098
4  5 1040900876
2  8 438780283
11  3 224207438
18  10 508964194
15  11 2055024026
11  9 450611070
17  11 722469556
18  10 1608202785
2  10 1214242369
3  8 991290043
15  14 14296297
19  10 1803268698
8  9 2031863238
0  9 1336254525
16  5 1503217337
16  6 932423997
9  3 342366450
2  18 1556916188
1  4 870495448
9  7 541406921
3  10 621960062
17  4 86468290
2  9 1834591373
1  12 548766741
12  9 493643139
8  1 393857274
7  5 995909996
14  1 1821044267
1  4 1993069302
5  10 1187330212
17  11 1661885261
19  13 290600625
1  9 2069086481
8  5 448639090
5  3 2054320465
1  16 2002320358
1  12 1329942702
14  17 1270507661
17  0 455722923
19  18 1194548713
11  2 1928388608
0  1 698798968
2  17 1753788890
17  13 1874905173
2  16 506337995
9  15 1074274691
15  8 120955657
19  18 1256503029
5  2 375410820
2  8 560953038
9  7 1803461587
18  17 738440274
10  6 1251835295
17  16 1287640860
15  16 207321809
11  7 1337297587
3  4 1011090924
9  15 683987320
1  7 1774685713
4  13 361618117
14  19 671437308
13  8 1322850011
5  18 645916903
19  15 1853313312
0  4 252650434
12  13 1630476795
19  11 635824851
7  5 318628366
15  13 1558508966
13  4 1050929690
4  14 190240985
11  3 166327055
0  16 2073692869
9  6 1709091329
0  2 473236029
5  4 1444042495
12  5 1912222272
6  19 1809753317
19  7 1019749050
4  14 469863192
8  16 682573171
11  10 1077551466
11  4 1450771208
9  11 150858668
10  11 976840600
17  6 656714926
10  15 1887123686
13  1 1192354100
17  18 48553585
17  9 1679136956
11  4 1233439211
11  14 765081600
1  14 1449348493
16  2 784491756
9  15 1208397927
8  10 1554591578
4  15 1609199600
11  12 1968797629
5  19 947301414
15  19 2002809037
17  5 1765347589
14  12 1700773743
5  16 1124689692
8  6 255153265
16  12 698313758
12  8 1962447637
2  11 1891833604
18  15 244212918
15  5 802280871
10  16 2108742153
1  14 263371588
3  18 480028307
0  19 137153974
8  16 161244727
16  19 1897062231
0  6 559285538
5  15 1207048092
14  18 343855402
16  13 153167291
0  4 1157069417
9  7 631551365
18  8 904995124
15  17 114107442
2  16 623847279
14  3 770552884
8  3 1367172203
13  10 2061152537
14  17 861575529
7  16 50115225
3  13 1389845068
13  3 487106860
1  13 1338294985
19  13 1479189132
13  10 311447472
12  2 1587733213
0  3 389731513
