200 20 16 15
3  0 1766367185
4  7 2016875548
5  7 323280708
19  10 229283851
14  10 922001694
1  14 1948266337
3  15 1653361103
2  17 612878524
16  2 1272767942
18  8 558477580
14  19 1043317073
8  2 1020490236
8  4 902727867
2  6 2020564274
2  14 1517132157
3  7 264601947
1  6 1526895894
7  18 215451997
1  12 1528837704
5  3 252515931
17  15 1619857161
5  4 178666288
6  3 2007713538
6  18 503834296
9  0 697608174
5  12 2143815730
2  8 735217070
7  2 232872641
9  7 1704560460
15  9 63670868
13  3 1334697949
2  15 122842765
11  19 2024839316
1  6 449651528
1  8 1483591135
16  10 1751658161
8  12 783228751
12  2 556080589
9  8 307065695
13  14 1284281485
9  18 816750739
12  0 1089912984
7  15 229622982
4  8 1390604325
7  8 1525811005
13  15 499361273
12  14 355463280
10  3 25781331
3  11 21763071
12  11 1129008593
6  2 1938226560
14  13 311457834
5  9 758886175
13  14 1488183845
8  18 86545065
12  11 2027918380
11  7 1293677259
7  16 1735557056
17  5 1906352638
19  3 873219674
3  2 598501763
7  11 1719585134
3  15 795608737
18  19 1419045599
2  17 1738174154
9  18 1040800418
4  8 1986922477
3  6 1917260124
4  9 1361964779
6  17 2002245491
4  1 138084433
5  8 372267716
9  11 2115801363
2  4 1960500364
7  13 144048663
9  3 1353179165
19  17 1412521689
15  16 1839864430
8  19 752381223
17  10 342196570
2  7 1243421113
12  11 108360107
14  17 1593461038
18  16 1421275184
2  3 400802898
2  9 1239778693
12  4 684389492
3  15 1664696357
10  15 1031634538
8  2 458352264
17  10 1734272034
13  14 1670426246
3  14 1193272145
7  13 1357695659
9  6 417785093
7  9 1479916458
19  4 284370355
17  4 1026606918
5  16 456066801
17  5 1499493144
10  7 831049231
9  8 270159232
18  6 1000149680
11  14 1319084871
13  8 851593077
17  12 501791438
10  6 1805890442
11  15 1790313378
18  15 475544864
13  1 74292793
18  1 1120647076
11  12 1747793743
5  14 751740866
8  0 1063828563
17  12 783400878
11  13 1798291947
14  13 1618431033
6  14 201646368
8  3 918319159
4  19 679535551
14  16 1472648492
19  6 2054154007
3  2 1325073175
12  8 23430696
8  18 554669145
16  13 337704147
12  8 80589801
3  16 1796805569
9  1 279400609
8  19 34567628
5  18 118699127
12  9 1772038659
11  8 1438070756
11  17 1825043182
17  5 557328686
18  2 635269523
4  15 506094807
4  10 412531792
14  4 1797066621
2  16 422770207
14  4 1722012646
2  12 293894837
4  18 835772741
1  11 264656509
17  7 563936132
19  7 223632223
8  12 873765671
11  13 2001492377
18  13 105029432
18  15 726407143
5  7 1127365670
11  7 993112973
19  18 698236872
6  15 1836826661
1  7 1249277153
9  19 1169230526
11  19 1428034948
11  12 370649681
16  0 293460904
5  3 319532528
3  14 2030102419
11  14 1355797966
7  19 2105587408
5  2 1678099531
5  6 179456414
18  4 1095376224
18  13 1173931189
7  18 377352734
8  2 284557825
13  17 389927340
12  6 688532623
3  16 1507240059
4  1 1929001330
12  8 1073301689
6  10 579528320
12  6 1624831730
14  4 601573397
18  6 1615994391
0  18 1485470859
1  17 364440271
1  19 1790197354
18  2 1674228581
14  18 22857572
0  14 1044512956
18  15 1179181541
14  17 2075195229
15  7 222342386
14  7 1020032039
3  10 1845349210
18  6 922318553
9  6 1248286367
4  19 1241110445
13  1 924240609
15  8 675773874
19  14 536945730
10  15 248909417
3  15 1235023135
19  13 378299271
11  13 1325664019
5  2 186138500
