200 20 19 18
5  6 1463244390
18  1 1003070765
19  3 1711485956
3  11 786635325
14  7 406843270
0  18 1912239605
13  5 285957846
2  19 64047768
0  11 1865025879
1  9 1120316394
8  10 1270645174
4  6 832394519
0  14 1021250004
3  1 1100944652
14  13 1414993417
5  15 1727107326
15  2 581277063
11  9 1744903463
16  17 2107158718
14  5 191070850
6  14 2107624924
19  12 1108581481
15  8 1045869431
15  12 1443422532
3  18 1756022504
7  12 118912761
0  9 2008009945
2  13 1252724751
10  9 420786456
15  9 989895955
14  10 919490184
2  8 1191924624
11  6 1890218025
3  12 916938561
15  9 185146553
10  8 357808088
6  19 2017886321
12  9 2124049433
12  5 961967114
19  1 1859152843
9  14 281888144
7  19 1286934103
0  16 2098224986
2  8 214874340
11  13 1770632449
11  15 1573993910
13  17 688347097
8  14 896078050
16  7 352964090
4  14 1211128039
0  11 1177237775
0  15 1228272471
17  18 1584994163
19  1 1325655617
10  15 530757791
4  0 2129281330
18  17 195456180
19  11 441118386
6  9 1207601111
18  3 752432925
15  2 2018039376
5  10 1992076196
7  8 25399070
19  17 604215319
14  8 1950389130
12  17 1532166581
15  13 1017882181
6  17 1003203906
14  4 2142880506
6  9 877453440
1  15 386545323
12  14 1608419145
7  8 552446254
2  13 510070645
17  3 1629923517
13  18 1979712247
9  5 17316455
11  12 923685239
19  18 2123278577
10  1 633368242
13  15 408376998
7  8 1954766227
10  9 2032645481
10  13 1647774351
15  12 1710313548
14  8 663945626
1  19 1622267353
18  5 1076202577
7  13 900210510
7  3 1813284760
1  6 1910538963
15  12 1528165900
1  6 1629555430
17  6 1255383173
19  9 1440111093
19  10 1085066178
8  2 1128084737
0  5 226288084
10  14 1399539717
16  5 650581576
1  3 260800091
16  6 1648066014
12  8 826788346
4  9 1457548607
7  16 443428221
12  18 2134660868
7  2 517268431
11  19 2045595656
14  8 2109619276
4  1 756275419
9  0 37875929
12  14 2105756073
16  1 567964868
18  15 560556688
15  6 1843358706
4  6 1901323826
12  11 1899032019
18  14 232564468
13  5 531810202
9  4 688790761
1  11 1443344827
13  0 247053514
9  18 1660633787
17  16 576092511
17  1 1209238331
2  11 1663816464
10  16 1409045361
19  0 30588774
4  1 902898708
6  3 320881951
0  17 1626511114
9  10 182830167
14  13 132618405
2  18 877383014
3  12 920887714
2  7 1301730243
10  12 313194817
3  6 967776544
5  12 278663550
11  8 392959122
17  13 1894257286
11  0 1923778170
1  10 1251286593
4  8 1607642628
1  7 1396535675
1  3 1710258296
17  14 1758420471
0  17 1854379370
16  4 1795571621
4  11 184640921
13  19 824385122
17  6 249064619
11  4 146352906
0  18 923204181
12  17 836211232
3  13 1320712840
1  19 1796740815
4  14 24389703
5  18 2093552161
15  16 962178013
17  15 1079407445
3  13 375740367
2  0 719135726
14  1 259463630
12  8 1098013779
13  1 1241918417
12  3 940148362
18  1 918530131
11  1 819994986
7  14 1607423712
18  3 143638861
12  10 1805209208
12  13 1497790195
5  16 713971477
19  0 934691286
9  6 801541770
4  12 1964412421
8  16 597495290
10  4 1667765108
4  9 1824192371
2  5 1578031187
5  10 268217318
3  18 29775732
3  5 668943788
0  18 914391809
3  1 1249913562
4  3 1758789845
4  16 1505890123
13  8 1840215119
4  15 1125294966
1  5 163110727
14  19 80526492
16  19 1046435586
6  9 1289774511
6  10 54124874
1  13 581329216
17  16 1485699905
3  15 1456126566
18  5 2046752748
5  18 1185147846
