200 20 4 7
14  8 1047595194
10  11 1500027667
16  19 2074335054
1  10 162469098
19  13 387218267
2  10 2024766883
17  2 1132440114
16  18 959384495
12  11 912568857
19  2 1785220994
6  3 1188682550
19  2 1368225412
16  19 1492993511
16  4 1308538930
19  12 1076554854
14  8 1693753223
18  12 1536068840
3  0 1616875810
5  1 279866525
7  10 1705084352
15  14 1648311528
5  0 336557476
1  17 1499683630
0  17 1357751784
19  3 1860393822
7  1 1568998382
13  12 604770858
13  15 1563494325
4  12 659468661
12  15 924491404
8  18 1050692648
10  11 1038926453
19  12 1509017949
14  12 1413875515
7  1 1174298770
12  16 1888667511
14  17 381514998
13  12 755725744
17  6 1870083286
13  19 742400885
19  12 317049586
19  11 1846180483
15  18 1520328848
1  11 1713231932
3  7 1120723349
14  13 1185504579
5  1 1433859946
4  0 2087575192
5  9 853263739
14  19 416026626
5  4 595136446
15  7 1604866931
12  11 1688381837
3  19 1896915183
15  4 1789719039
11  12 318636024
7  19 842486369
0  2 69389329
13  17 535539252
19  2 398972309
15  9 1580595923
4  2 564747032
4  5 1496826515
10  0 1993289013
5  10 1788450110
9  15 215529267
7  17 869801513
16  1 1155170345
1  16 2076625345
3  10 1065068411
10  9 648129352
4  6 1827628142
13  2 1113305270
14  19 616054131
3  12 148863224
13  11 542769993
10  4 1513654368
2  8 1619906305
3  18 1663301780
3  7 158763647
8  9 1472064057
12  14 2104398732
3  6 455139749
13  0 1404105198
6  11 1032929501
3  10 321125016
14  1 1123825641
14  6 2106637157
19  16 879281191
19  4 1990193509
13  8 1514442579
11  5 2012301309
4  10 1312466370
5  2 997239197
11  19 2001996895
14  2 789334278
6  10 1938085290
19  12 6961994
18  17 1513342602
17  13 1521977514
3  17 513379058
2  10 1863889485
3  1 789440613
7  8 1168589155
2  11 1383272412
18  4 575868432
13  17 625515304
17  19 472131594
14  15 596735854
11  1 1125796736
16  18 996699312
16  15 1648805332
6  11 1594334095
10  13 1375375672
19  7 347033693
19  9 919700006
8  13 802947769
16  13 1037182349
4  17 1612006822
2  16 127029417
18  10 2036540
4  2 1014187326
14  3 2087061517
9  7 164296195
18  10 507924936
19  4 69616063
11  17 128302187
2  16 651953149
13  8 860041797
15  2 893927268
12  19 612985830
7  10 216820387
17  16 377918446
3  15 1594990733
19  7 436655575
8  2 2035289196
15  19 1796778429
3  9 787341766
16  3 498011913
18  17 1854394472
19  17 2120157888
2  8 1889613706
1  18 1219923160
5  8 1485788287
2  16 1514402553
16  12 1981958437
17  6 1215787297
19  4 562105927
1  3 1184574316
6  2 928590029
11  12 577083803
15  12 979085213
7  3 1302574103
16  15 606253995
17  12 1619562011
13  6 1662067640
7  14 668673131
4  17 1900579284
17  10 1653086122
18  7 221024817
13  12 1088477540
8  3 1236230027
2  11 406118069
8  16 1723529245
6  15 1801741567
11  18 2093909258
11  13 197270737
11  0 942299499
7  10 1470694618
2  5 1191455351
2  15 1298483096
1  16 45922021
1  16 1347975969
11  5 1267042081
11  8 1197323644
7  2 893760580
4  7 1491926446
0  18 407808182
7  12 355046349
6  10 2049704432
16  6 1943158053
9  17 276875023
18  0 562517923
16  6 1276623481
8  4 1620300060
4  5 1089524982
16  18 195144226
9  11 1236667571
0  18 2077031427
8  14 716530826
8  2 118403093
6  11 1190612173
19  14 2006441092
16  3 353152285
6  5 1516248740
12  5 1792795482
1  2 1692874209
6  1 1807643008
7  11 1818578115
5  6 1450080121
