200 20 18 19
12  19 1654481232
16  18 1629820983
14  17 493151240
10  6 1713092650
2  13 643230764
16  1 283955093
19  9 832545587
3  4 1692669970
11  17 277398856
5  16 1651635714
15  8 21757485
14  1 562961844
13  11 1380856191
6  3 234452244
1  16 1673446485
3  11 943420113
15  3 1685345064
1  18 1002364316
12  19 1787209424
3  11 1057905403
9  5 36637267
19  5 47647834
8  5 193586455
7  1 65468191
3  19 2028159585
6  18 1633981344
1  3 931374139
9  7 2097909433
19  16 910295199
17  14 1684229094
5  4 1412881811
13  5 1263815427
14  0 306255456
9  8 338463940
5  3 1973710605
9  14 597013633
3  9 112652532
1  15 1132776416
18  6 869831864
1  5 1879099232
2  12 998954536
2  6 773935053
0  3 2114680698
8  10 813961227
6  14 335498271
10  11 1592162517
8  16 1721562003
4  12 1102895783
15  5 755004863
8  6 1012535421
14  17 1600132688
18  13 494013348
19  3 1338698053
14  11 1969811320
6  3 1098299002
2  10 804009362
17  3 1450074290
18  6 809957333
3  17 529187298
12  11 333985865
4  14 1236886577
0  3 911987714
10  9 354440860
4  3 1040256047
18  5 1196180817
14  7 224703939
4  13 417604716
3  7 571512650
18  13 1129163861
4  3 377185309
2  19 2031716804
11  18 1039738926
5  12 2124381923
19  8 984143394
15  19 345527717
13  11 1740885850
7  15 1303479298
5  17 11650015
18  4 501601575
12  1 1193122586
16  0 508616632
14  13 1756739002
2  14 275996256
17  15 455202733
13  9 1110475136
6  13 370585578
14  9 818642626
7  8 905566791
3  18 1959826577
15  8 241228622
5  8 2101141742
18  5 1681420832
6  17 1948942456
5  8 1475700324
6  12 418925755
11  0 1856447483
18  8 322701659
6  12 1911940327
13  12 1130450385
16  6 1413605097
4  6 1484336749
5  18 1583778942
4  8 577201590
6  5 1777299382
1  10 1696329798
18  3 2135695415
9  18 4572896
19  17 1177821748
1  9 503137730
17  11 585613012
12  9 1786848277
17  19 867165314
5  13 1063536635
2  10 1760861702
10  18 998378219
8  1 2123855768
15  18 2134356921
16  1 301806318
16  1 2067721514
6  7 376046404
3  14 1546840165
4  16 1726258420
15  4 1196275758
9  2 179949615
11  15 2010388419
8  1 694692096
5  3 240216393
6  14 1355746643
5  1 1632745029
3  10 1442283016
1  2 1633673313
12  6 511023968
3  6 690626713
0  11 1495207252
3  12 802171663
1  14 1584538728
8  1 978215700
8  3 982346032
16  19 1387487614
11  10 1148592158
15  0 608464478
17  11 245124325
7  2 841731243
16  11 861143350
12  19 835668743
1  18 731739075
10  18 1614262593
3  7 1780799190
0  8 1917086351
9  18 643735847
19  16 1740152663
7  6 1843511374
9  10 1882553830
15  13 820627786
8  4 1052801255
19  2 1006770239
4  0 1700303436
4  9 736412197
6  2 1667857075
7  2 1332918759
9  8 62881662
14  2 144497595
19  0 101645803
18  2 592830136
14  17 805104270
0  12 440963761
0  6 31676488
11  10 1997560699
7  17 1524543188
6  17 194990937
7  6 1844686208
16  14 641653070
19  6 986408219
6  11 480216433
4  0 531863654
5  10 878893047
16  3 46307047
1  2 195762037
8  13 555163433
18  0 57896679
12  3 1451022137
9  13 1635325425
6  11 770197297
18  13 1654165015
17  13 1314934004
7  12 251040409
8  7 598142436
9  10 1972402867
18  3 586340327
16  15 1700095288
3  4 1778372857
16  15 1676861196
15  2 768488710
14  6 148520845
16  15 1980146273
12  2 447335084
17  15 676717963
1  15 1412596612
15  16 128225345
9  18 1548381676
