200 20 11 10
1  19 1075812567
14  17 553575630
1  13 1664736849
18  13 706527947
8  12 1814346007
10  1 1098441879
4  3 1320117355
10  8 435685775
0  10 98532821
1  3 1620817307
9  12 377518041
1  11 697499470
18  4 1282291875
12  1 1509181270
11  13 915591236
11  17 644937436
2  7 1294765132
2  0 1877841399
1  10 1456946495
5  15 1786514698
14  13 1906209092
13  11 977206095
6  8 1089515183
5  4 35610857
13  4 805902865
15  8 1020162419
9  6 1558139177
4  10 637413681
19  15 2053543915
8  13 771168659
0  16 1727989727
18  15 1491662392
15  3 350911932
5  8 1741353374
2  14 158381883
13  0 110468344
5  19 1345126476
1  5 658402592
9  12 857264195
16  8 926130204
10  11 1005674347
1  18 1058174788
19  3 883504345
0  5 681068465
18  9 1092677580
13  18 1068462750
4  6 764628014
3  4 1144775799
17  7 1895051972
17  6 2032948199
9  5 707183619
11  16 255168638
10  4 1979298308
14  3 948200123
12  16 2124881211
8  4 1654702398
15  18 1598986993
6  15 61471681
19  13 675490553
15  14 39291259
7  13 1435216174
5  18 1759139927
18  3 908271045
13  0 251329604
11  1 1781087025
11  2 1209945977
19  16 2090902144
13  10 865230094
17  9 1553522271
1  14 463006910
11  5 703218950
2  14 2146521707
8  6 646903528
11  4 1218536623
5  2 694918953
2  7 1740847833
4  18 1314024133
2  4 80239290
3  16 1235191575
3  13 1538288008
4  6 12109267
14  6 2106528218
4  18 233543639
4  8 1848878016
10  2 1891713983
2  7 367715933
17  9 1078519061
8  9 1360443067
1  12 1233824616
10  5 642923137
18  17 189078061
14  10 1758711023
8  3 350981927
11  9 401740237
11  18 2055747341
8  11 313456848
8  13 480868112
15  17 1056585880
2  11 819277467
14  12 1388893486
8  7 1959168386
11  1 986136696
4  2 746799528
2  3 2065392743
19  14 783202922
11  2 1860181723
14  2 637329934
8  10 41179331
5  10 437394197
8  12 2071721796
6  17 1721441119
9  2 167324458
11  10 864128722
1  13 279511191
9  7 323601320
9  4 542314666
3  11 45060329
1  19 735654745
11  13 28686680
6  5 1879707860
15  2 1710706845
12  11 1308886132
10  0 2082606271
15  10 947682119
7  8 569795410
18  12 1943389691
10  17 1223977027
17  14 723493154
11  3 1328943754
9  4 944060474
9  1 1963765698
1  3 1213377611
4  10 1453858889
9  10 1443701937
6  15 711142685
15  16 357901971
13  0 920528826
7  11 116563490
6  19 547307791
4  7 1607892830
9  12 82823772
4  13 462040848
9  4 638266260
17  6 1271970900
15  17 1192179236
6  1 329980992
8  7 181149764
17  1 1828073649
8  5 1507381021
6  16 959905969
6  11 452228773
6  10 867245842
8  15 2121179383
6  7 1109322284
2  6 87831379
17  1 1112151210
7  16 503263012
8  5 1410407277
13  5 1034998115
14  1 285221870
8  10 883063688
8  3 739356479
5  16 206137714
2  3 343054811
8  18 465130970
2  6 1772127325
19  9 637708366
18  7 2014034368
10  5 1936829007
8  5 1651482816
4  1 1164977235
1  16 1878755983
11  4 377827600
15  11 2062580995
15  11 1566854191
11  0 1424093940
8  17 750322006
7  0 856134546
10  5 1538943140
6  8 305600001
6  1 1830527704
16  4 600257573
16  11 1364873618
5  0 1383653106
2  3 397782684
10  3 1238980868
1  2 196844039
18  14 1586500911
3  8 836991831
11  7 99667473
12  7 1824504047
17  18 1054542015
2  6 860870714
5  18 1055204944
8  2 1294135495
18  2 249328632
0  4 1591884184
18  3 1003730890
5  8 1200840343
0  3 644188607
