200 20 16 12
13  16 539239821
11  7 1329259751
10  0 927681795
19  14 352403484
13  19 2131219575
8  4 665842900
15  18 2022895564
12  18 1727476226
5  3 735963398
12  14 32258388
18  19 976415000
10  4 968327412
13  4 1970575131
10  9 1339411378
3  8 1765199714
2  9 1940713611
5  10 51117450
11  6 1653535081
0  16 356276833
5  12 1145600892
7  18 624870579
17  15 940701747
14  1 1776197830
6  9 1785441789
4  12 788450043
4  18 634160299
2  16 868196542
3  4 1551020017
3  0 40749086
8  12 1910930066
1  10 1297067291
0  9 186090624
4  1 1160787271
14  19 1078325295
4  11 591182505
6  4 1558188936
8  5 1288088530
13  8 1396143155
15  18 1784718967
17  10 1114809377
16  12 778625063
17  5 1053619816
19  4 855203116
18  9 1805307646
14  1 781811983
2  4 1721788092
6  11 207081400
9  6 1648491611
9  14 1386050142
18  6 825857577
9  3 1650035069
18  8 1594314170
2  16 1213829350
10  18 1844087917
7  16 1890250230
10  15 2024050863
3  1 916804079
10  2 1609489602
0  6 115339830
19  18 1613114943
6  8 1104156444
6  13 1763104555
3  8 2127327042
3  15 1196887213
15  14 415992991
14  5 1853784729
19  5 743067667
15  16 1313592263
5  0 1122212758
3  8 2029344879
2  7 1885190605
14  18 1980199280
19  14 2143140931
18  1 527363186
16  18 1252023240
18  12 1620061764
1  16 1120405710
10  13 340100466
6  7 443104645
10  6 850017794
6  12 821436710
10  4 2054556017
16  19 626257894
3  10 903065013
2  19 315954257
18  11 193999810
3  16 485758428
17  4 409777426
5  16 1191778218
18  1 1333558351
9  12 972527864
19  7 1140871430
8  2 1996619006
12  4 239284806
8  5 1775410900
5  6 904295129
14  5 444442406
10  19 181458082
16  7 707160127
12  17 672174622
18  19 1996300580
16  13 313515695
16  4 370331059
19  0 2115951182
17  5 200906234
19  15 1963421511
1  3 1703225458
0  8 1023881981
8  11 1801318608
2  14 866463446
5  15 1052125623
8  13 1365880850
19  0 8601802
12  16 1539291506
15  16 915392517
10  14 28929785
13  1 593911950
11  8 880672445
2  11 1859358102
2  13 833557458
16  12 2127288544
18  19 1512885907
13  9 1770670653
0  3 1369325408
14  11 1797933565
8  15 596811748
8  19 705875350
11  7 1767448500
16  1 682216364
17  5 1374330408
18  4 1193612937
11  17 1085156176
11  16 1979031069
19  2 451006232
6  18 1633190888
10  9 1855340794
7  10 316034785
4  16 622934320
15  7 869988908
6  9 59840292
6  3 1692803525
18  15 82880690
3  7 1307205134
13  7 440473716
11  13 947033667
3  6 10728090
2  5 344323089
11  6 21734369
0  10 1230634781
10  15 1721955375
5  18 1236809088
19  15 347430741
2  16 1980868336
14  11 1350535414
6  15 1498651058
15  11 82639451
0  2 50216322
9  14 5615308
10  7 1377809394
1  7 2059558345
7  5 757195140
10  8 672294114
15  14 1010435991
19  14 1016373911
2  4 1481362838
7  9 91914784
15  2 248371248
16  19 2143862085
10  2 1107127529
4  13 313402502
13  9 301728650
18  7 926733803
15  5 1105276538
10  3 1685543687
19  6 770570677
10  13 1799640654
10  8 999957917
9  1 1838834013
4  9 1052062782
9  1 1866613117
8  3 2084517573
6  9 499792870
1  3 691778852
16  9 232295330
7  9 690210884
11  5 514425014
16  5 1246462798
17  13 1843499336
19  2 460095091
14  15 190521849
1  19 1039062384
10  8 1138933453
13  12 544679332
18  5 1665149966
15  19 59841583
11  14 147770358
13  15 916686348
12  5 1814790209
13  2 1280949402
3  7 1314934066
