200 20 18 13
7  13 304103786
16  17 593336046
6  2 1273030942
14  11 1634125217
4  3 673621763
4  5 1815932129
8  2 1826111516
13  17 195712286
1  12 1741625168
1  16 2116459974
18  13 909873002
4  11 588079108
7  1 1817340648
2  6 1630538572
0  14 1787119596
16  18 730327847
11  16 2055118150
4  2 1341500235
13  4 848793202
10  14 2113234141
7  16 1748387203
7  18 912634770
12  7 2103556427
18  14 1724103548
3  4 245911009
5  9 874586719
10  1 2106077773
13  7 320219062
13  11 2066687751
19  0 820570107
17  12 1122653748
5  18 1477497026
13  3 1755111191
13  3 1843536395
2  4 320303847
9  10 367042535
7  14 7995967
15  17 2118011522
12  15 432569617
11  18 284175169
3  0 461049015
9  14 957708163
11  9 295361403
14  2 76059753
7  11 454895868
14  3 2007278411
16  10 283705080
9  15 928724185
19  13 1076177090
2  10 1900345544
15  1 937149838
14  13 1717911614
18  17 818126457
9  0 2017101281
12  16 900939055
19  5 1717622792
6  16 1130142661
8  9 1356548872
2  0 1874055054
9  10 1223362487
5  19 161991810
3  2 1730376380
15  2 1167296850
9  10 1082850498
4  9 1051778493
13  2 64036173
14  6 2118342934
12  0 1341053966
9  18 299389649
9  6 1155140332
7  17 1102226104
0  14 1736323445
0  5 1640725090
10  11 228410201
15  0 1497125863
1  0 380224858
6  8 1826091065
18  17 524386259
1  15 413828873
14  13 1226929826
3  13 43436545
9  4 796249369
1  9 2108765479
3  2 554590812
15  3 1228517381
11  16 1806089993
7  19 1639885086
15  19 161973541
16  4 1089453523
8  11 1532032701
18  13 1889909046
12  1 1059917930
12  5 1709110781
3  17 1730000964
10  17 23988741
1  3 2085671967
19  11 506036254
16  13 178099278
6  13 2106793294
14  15 568011322
4  18 1883497822
13  19 998308833
13  5 1365532569
0  6 764192626
6  16 1046580208
1  16 1650956793
6  2 1387870914
17  7 387676957
6  10 1477102286
5  3 78515312
9  14 1204701963
19  14 962665297
3  17 1189993418
5  3 1393814354
12  10 1069012869
18  10 703226382
12  14 1382970216
14  19 586253814
19  1 275418879
17  6 378029333
2  16 920392380
18  4 1907581882
15  12 311799825
5  18 2062159948
16  2 174908471
1  15 280801825
3  15 1195097704
4  18 918783089
14  2 1830511807
14  3 1044447974
18  19 997955523
8  2 2072785712
0  13 1964898839
12  5 699592573
13  5 796180053
4  15 472124830
6  5 532592251
2  8 1335503412
8  3 1186158814
10  15 991410773
2  8 2086949443
16  15 907082368
18  7 1853555039
5  13 1404286830
16  2 125960459
4  1 687187295
14  8 217946229
6  8 1911672688
0  18 1817010342
13  15 775526592
18  15 1867143437
3  5 588948048
17  4 453031307
17  7 1657685678
0  4 1839048413
10  15 707608443
5  3 1632924734
17  6 191498362
19  10 1356219233
9  17 1465119371
8  9 605528390
9  3 1870818369
1  18 1702157018
8  4 1038836309
0  5 2059456225
13  17 1415919744
18  1 114939387
15  7 458869262
3  16 1373942736
14  4 79695021
17  18 2082712438
8  6 1147696330
7  5 1243820517
14  18 1291565437
16  0 1653897538
3  2 2137258289
1  4 1077103134
9  0 640681507
5  17 1311089984
3  11 1700430700
5  18 1460912882
7  12 984742730
10  5 1584172431
13  3 2086565037
1  10 1235478111
3  11 1671273519
12  16 691726694
10  5 17873376
9  5 1229062396
14  9 1791354722
17  7 1915985582
11  9 1606503025
7  1 396064349
1  18 163072493
19  5 1145309799
19  12 601779883
9  19 680734191
16  7 1914499110
18  19 144399481
2  5 585276463
