200 20 4 9
5  9 286764706
5  2 1715384485
8  17 997380994
11  8 1517356671
0  11 1160186835
1  17 375732723
4  18 1340169614
13  4 781729280
0  19 1671497871
0  10 1348128841
10  0 1088879340
9  0 2060126802
14  6 555197501
7  16 2073912318
13  12 858166219
10  6 562438987
13  8 1940235069
15  6 1181641158
19  12 1742919241
16  8 1707704767
12  19 1272347561
1  11 2137193194
4  9 1820005928
5  16 1082294867
9  13 1068720410
9  8 1831917213
17  11 1908463648
12  17 587035863
6  12 751358088
1  12 506713765
16  18 584777930
0  4 1214226174
5  11 905233324
7  19 591206024
11  7 729787143
16  1 1359985843
8  19 1461738714
14  2 891063028
3  11 104815874
8  18 1515866424
8  3 156075329
18  9 1485195046
14  10 1731725582
6  11 1461461982
6  2 1896501332
14  17 1975757749
10  7 1499149594
3  6 2010341107
5  14 405924669
5  7 1264491439
18  4 1139891651
4  7 741261942
4  18 216043238
6  11 1577247649
6  15 1153794723
8  12 451713698
10  15 1224809192
0  7 365837884
16  13 973371631
7  1 1136078955
5  17 501192624
0  2 1516258103
0  5 908399849
13  5 186543141
11  0 969652072
5  16 339347885
18  17 127139128
6  17 1233664170
13  2 1290679596
14  6 561387516
9  8 835878176
0  9 1713011334
7  19 27181703
12  11 1450476220
1  18 1466799695
9  7 234476774
9  19 1360346706
7  12 1358107840
10  12 1079971399
0  18 196483238
11  14 927840327
3  10 673889783
12  1 1969404459
12  9 964644738
1  18 1424617887
15  7 2051281896
8  14 2006027546
1  14 1359681861
5  1 1651088915
5  10 1792389249
1  17 414515468
8  5 960912758
0  13 571916794
7  12 1038957708
6  2 2096792439
4  7 1140811814
12  19 1324042436
1  6 1406829059
5  9 438854449
16  14 1817497770
18  4 864773725
15  10 1158556298
4  10 354540674
18  14 1129599794
17  13 1808454301
18  3 571601714
17  11 2011087878
4  15 369966511
14  6 208291210
16  4 1177187190
10  4 743442026
9  2 1390249564
1  18 1085181052
10  12 1917709243
11  2 248948973
1  12 710988110
2  11 661126041
14  11 1692831053
6  5 2036571946
3  6 2036144940
12  2 219794635
19  15 1212970291
14  15 241375206
3  19 1164131072
5  7 1382742609
15  17 1464298223
11  17 1272755546
0  13 130635008
2  6 969327593
15  10 560347897
18  16 397073479
10  16 856446709
7  0 403080313
18  11 606924859
9  19 302328491
0  9 1268000297
9  1 1505597288
8  4 1310984202
10  0 212845240
15  17 376472555
18  19 1108760943
12  10 2099860823
13  4 558179090
12  14 607995571
8  16 1408882995
18  3 1132933656
5  17 1557280565
3  14 216483903
8  11 1498725086
1  3 1882743389
14  16 1000881510
0  5 397419986
0  8 1480752615
0  9 1675717341
19  7 977117
2  12 1247591791
4  14 1723943914
12  15 414092990
4  5 827200127
7  0 280938578
10  1 847764654
18  19 397092260
18  3 527315245
11  17 504077286
5  8 1384934836
8  1 161288350
3  7 809705418
6  17 62383610
2  12 699325710
7  9 524505563
10  2 501856022
5  14 1650131106
14  6 1328847686
3  13 594140379
12  9 716105370
16  11 1773034156
14  5 614750921
0  6 1280607525
11  0 1891531677
16  12 542923593
14  7 2019770458
12  10 365990305
18  14 437150896
17  2 1800980339
17  7 1967521023
12  9 1573857928
4  13 27931606
15  13 1824767209
9  15 294774740
14  9 1040306549
4  6 57569095
1  8 947484841
16  11 2093320256
18  8 441404172
2  18 2119409105
12  11 2036224411
2  10 1855981607
15  10 1898265506
4  0 272276987
11  4 639796579
