200 20 2 19
11  16 1719098206
9  11 756006151
0  14 1459105656
14  11 216187879
14  4 1484187674
18  0 777323972
3  7 780338931
1  0 1306308483
15  17 1403264374
4  7 1283420409
17  8 894809466
14  0 601930594
10  3 1189406827
4  1 149458459
11  12 441806033
9  18 170936896
0  1 966863282
1  10 1689112641
4  3 42745281
16  11 1702872376
6  17 1589756242
9  12 122477962
3  14 41708388
9  2 1137874842
6  12 1270823538
16  1 1807903406
8  7 1134476734
10  18 747197355
5  12 1191826015
7  5 245200985
0  10 718578840
8  18 157278652
11  1 677809419
17  9 1767861119
13  9 1584957764
6  13 1395602964
14  7 704347541
14  7 145698462
13  14 1167255544
11  17 437840172
14  4 755559913
13  19 1660256418
16  10 1836013995
18  15 1549726636
19  12 660767575
8  17 397100270
7  6 719054201
6  12 704530399
11  14 1276170096
13  8 1495079063
8  2 2109798655
8  12 1463805506
12  6 1695128103
14  6 1294027953
10  12 143350704
2  8 1460447666
4  15 520204099
6  13 1967774533
12  13 343686039
17  12 1511522750
6  19 1910617027
5  15 757352636
19  2 62848888
17  18 1764786696
12  8 1124442159
8  7 1180261370
7  11 1934070050
8  2 137066869
0  2 612541570
17  14 1336878057
7  17 1874085547
2  6 774894445
3  8 1916373132
7  13 322212304
11  15 1956058780
11  14 1528884436
12  17 776342607
7  0 1850624616
16  10 1174464081
9  6 336713043
17  10 626497681
10  12 613423091
13  12 2068265564
11  7 683023615
11  10 124395366
0  4 1891392092
6  10 280536066
19  16 1888195416
5  1 827703170
2  17 7453531
2  18 1386319511
9  11 1502326639
10  15 1232497685
11  5 382346512
2  17 492826794
16  5 1079311429
15  18 2038794709
8  11 1203503000
17  1 2060861426
2  18 1025287261
19  6 183505364
9  5 937446675
13  0 1892109551
13  1 374407503
3  18 1180691962
8  0 1492503996
1  15 1200434913
14  8 1852598501
18  7 406467723
16  12 285590875
19  0 1893498240
16  4 1511183751
0  3 1226744935
2  8 1226817481
13  17 280466427
14  12 1365857900
2  16 1883139372
6  11 1617334579
8  14 1651881618
1  4 1382172285
1  12 379223996
11  15 1704745316
8  9 1475962564
19  8 948657406
1  9 299217530
12  9 1135074396
8  5 1674025332
9  13 1743536467
1  18 2076093348
11  15 207954360
9  7 2053839922
9  10 539454138
10  2 2053675992
18  7 739932102
8  1 864695265
14  1 1236618163
8  3 659461210
7  17 1795521550
5  7 120503164
13  7 553347290
5  15 1651737849
11  15 1014478511
18  12 1572200780
13  10 848266677
9  0 1126840703
3  16 1561333403
19  8 737351115
15  2 1865613276
10  16 1142303280
5  18 88007691
15  10 1936746947
12  11 1005450102
1  2 1529935147
17  1 420977151
14  9 1621265423
5  17 1618516846
11  5 1056944302
7  9 1113088777
14  15 2050949406
17  19 1069971223
14  17 807536924
16  14 1924753515
5  19 1838484522
16  17 1198182443
7  3 1868347321
11  16 510549071
9  0 203988430
1  11 183349261
4  1 727440544
12  3 1260823933
7  1 73254912
13  18 125026305
7  14 1913471583
6  17 1425088769
15  2 49971420
2  10 1279667122
1  15 359515623
11  4 951594039
3  1 477460569
4  7 779712430
18  9 1776203845
1  13 2045374142
15  12 1172685380
9  12 144774497
19  3 1358158899
10  0 1830593704
1  19 787475263
12  17 1852222908
12  15 1688862434
14  5 1278801350
18  5 601531188
15  3 848504558
12  17 25131867
2  4 1094944256
7  15 1673267300
15  6 370416022
10  7 1039059907
16  4 782582460
4  9 692743755
5  2 1870525114
