200 20 7 1
14  5 1076812217
15  3 1271528241
9  7 590820119
5  2 1903212312
16  9 1134165294
10  19 550936320
10  5 394484765
12  13 2016451674
5  17 1530924439
18  6 1922651754
15  16 367878195
13  1 1684841324
15  0 1852670821
0  15 747696445
9  12 1739865272
14  12 1099629918
15  12 1468531195
5  10 112887555
6  14 1702574122
11  16 1262002963
16  6 1185932260
11  7 2037294422
17  3 1331433219
8  17 675070427
18  16 870220984
19  4 100690663
11  4 782013510
1  7 1015638434
19  13 59964126
13  1 968572053
18  1 835258288
6  5 1294997589
0  4 1313338719
11  2 564348116
15  9 1634937239
12  6 261579086
7  5 1905854035
12  9 403494649
1  16 1375467198
17  0 186570458
9  7 1256831142
12  7 947876059
13  1 1442316270
18  2 2045115992
17  10 1052763915
12  16 1867620821
6  19 1798396984
17  13 1075269056
1  6 1081031540
4  0 589410598
8  10 1507112525
5  15 546310551
2  0 1587418804
18  15 297792022
14  0 1606356963
3  10 601557878
9  17 756831333
19  14 6597387
10  3 2024361717
11  19 805865986
6  19 311672340
12  2 480422814
10  4 2124340630
17  6 750187693
12  7 857835659
3  5 939089479
1  8 1279054740
9  4 991139519
17  9 1486437047
3  8 179042432
19  0 1164922848
12  16 1255741079
17  13 486047059
6  13 2719236
7  19 229857873
3  7 475983329
11  6 1905384746
5  19 2056025665
9  19 1624295162
5  7 1651095453
18  5 853658269
15  2 302066574
1  7 722626997
8  2 2126451599
4  17 779991197
18  5 184113205
8  13 1076695030
3  4 2038472223
16  0 989218476
9  15 377609029
8  18 1558943904
7  13 85079524
7  18 2142050702
0  13 398001247
11  2 423948589
12  8 85213733
10  2 1296317070
12  1 246002946
9  7 766871067
6  8 1457607041
8  2 838537753
16  7 677745013
7  4 2063024042
1  2 1734805564
12  8 1099128508
15  8 1828412175
11  14 1485086714
11  4 410279358
2  18 1962063247
7  14 2011005896
12  18 1797788450
2  8 775650567
13  2 1211780098
3  19 1183401331
0  10 1818400702
17  9 1564698087
8  19 680953953
13  7 1022203311
4  9 1440494050
2  1 257394731
16  15 1436687993
17  13 113263762
13  14 722943144
8  16 727609470
8  10 1156507129
8  7 686488687
11  17 883925503
7  13 1677415656
2  11 2085108696
11  2 2124516814
5  4 192982629
17  2 530039961
18  8 1637882578
0  11 2073942223
6  5 1935762367
17  7 1861484469
16  18 2015808627
11  6 1561817287
12  16 1952749381
13  18 354530558
13  8 1970519371
18  7 112673394
2  9 1710799527
3  1 528096891
15  18 1039445194
13  0 949162055
15  2 1605561472
4  0 181899886
6  9 718787311
7  4 1931479453
7  9 1234779865
1  17 1243704685
8  7 820236199
1  12 1173806729
3  6 893079557
11  8 396378311
7  15 1068067907
7  6 1407365587
4  7 595145270
1  11 173765488
15  14 1246967534
17  3 198240209
13  5 500344257
4  18 765283615
14  5 1725001883
11  0 95476300
13  15 634123295
0  10 121014489
19  15 649393149
14  6 202132228
3  11 1126964355
3  10 1253598113
14  17 1658966659
19  6 985527598
18  10 847705463
14  10 775513589
12  19 876289285
16  3 818265552
5  9 343176423
9  13 237525748
7  13 1427302544
8  13 851000492
15  1 1212669056
14  5 2028036753
12  5 1449096026
3  16 1923411717
18  13 1890241114
19  17 1130639069
10  13 112671250
5  13 2070482948
3  7 1531914741
12  0 1507441906
17  14 1723743389
5  10 271583564
7  2 783939831
7  4 1763644561
9  3 1430435799
2  19 1949206331
17  0 540466964
17  18 895590142
