200 20 9 14
19  0 344852191
4  10 368772181
16  9 1690065645
17  4 1691544002
19  1 1605170614
6  1 1925216088
7  3 759808286
15  19 72962913
7  4 969424592
10  8 605050821
6  5 649889155
7  13 796688658
3  10 985535616
16  10 84730819
0  14 429615781
14  11 62082419
12  9 379282340
10  19 1559484723
15  14 1326405478
19  17 869960489
5  18 897179615
9  6 1977261913
3  0 1864186067
5  13 511321234
13  14 1092321831
17  8 422337380
12  11 796030756
6  13 2077497859
14  9 370611461
0  9 116210091
1  6 895708346
19  17 1827589815
18  15 1834411439
13  11 1085432836
9  15 759320816
3  5 2072687176
10  1 1774721884
0  12 1047676420
2  3 890537572
13  11 2035231497
0  4 46727388
4  2 1756237573
10  19 569644357
16  19 995613781
2  3 1882328021
5  8 1959925049
4  19 892108109
15  17 1367078865
15  12 1460084857
13  14 1270792190
9  10 1762234367
5  9 1161006721
3  9 1018171863
19  3 848827928
3  14 822352621
14  4 780013765
10  17 1969297462
2  1 2128556937
13  17 1371044452
12  19 890249291
3  16 714271851
13  3 958323917
9  7 790816021
5  13 2071541534
14  1 901228028
2  16 988988435
9  16 1138748251
10  15 542553076
13  15 1570813101
19  3 914840710
0  2 50920455
4  19 915264405
7  14 511258962
7  5 2102652292
8  14 402419129
19  18 1555425357
19  18 1967066481
19  9 1883908707
12  1 1332508209
2  6 399578998
8  1 500043670
14  2 1948110432
4  13 570966731
15  14 1980645838
0  18 304081994
0  1 532595893
15  2 900548504
15  8 347403128
4  15 653795839
12  10 1038347371
0  7 1863836429
4  10 2128904986
6  10 79110551
15  19 804456861
15  8 62756175
7  0 1564233857
0  18 492757822
1  15 823187632
15  10 437430702
15  12 223449842
4  10 1141137054
3  7 828265584
17  12 1375357708
8  6 1804118500
14  10 1510975462
0  13 811011607
2  18 2081545982
19  5 528406332
6  4 961602882
0  5 1574081074
16  18 1194479796
4  11 1119727567
12  5 857039285
4  10 1314582488
1  11 234411829
19  11 1768862334
11  16 1170416417
11  1 478673163
14  4 884244150
8  18 49725625
8  3 204387880
15  6 1004867664
5  10 2068114142
6  13 1682167064
13  2 1128694633
15  12 2145245255
9  10 605680753
17  2 2033600871
13  5 1550870468
5  19 692826895
10  19 977734595
17  10 1191718
19  4 140221435
4  15 1993081788
11  3 217623344
11  9 138439792
12  13 1605170726
16  3 1623501349
19  0 276057644
7  16 1743543814
9  15 384001282
12  16 1185340819
6  17 1059069226
4  16 651996106
16  12 1713635063
14  9 1305306500
2  5 234154678
4  19 2112461532
14  10 1883910450
3  0 822417301
17  4 65082831
2  10 246104886
17  10 1120334761
11  15 2057631191
0  2 1051893027
14  2 1697926431
17  8 634490547
18  7 1369381389
5  13 1175016965
19  11 1812151715
16  13 649357043
19  1 1099331402
1  6 179530998
13  9 583384843
17  16 215722554
7  0 1217224101
8  13 987577272
14  6 287941698
2  15 2144132465
7  10 564454860
14  11 307403419
19  17 1286674782
13  5 171312820
18  16 992014382
8  16 1990570224
18  1 734964127
3  12 699626646
14  16 1645195220
2  16 813260244
16  18 634097469
9  8 746926861
13  2 269915171
4  10 1540716037
19  17 446875154
0  11 320289724
0  5 497194543
2  16 572446006
0  16 1986830767
9  5 2110180924
7  3 1635792059
8  18 1228031421
7  15 603360390
18  11 1769893967
16  0 1249926520
6  10 1661231130
8  2 155255145
6  4 1385568677
4  16 558235909
4  17 1123805496
12  9 760194970
