200 20 0 1
16  19 118747490
7  16 446322138
9  2 163333902
5  14 1967919947
8  5 1853081814
7  13 2125433978
0  2 127836193
15  5 56275633
14  17 1405035351
13  9 1031878358
8  15 1246449063
19  18 203138604
7  13 1314351705
2  14 557143098
15  11 1968852777
9  3 36665771
16  6 683519897
8  13 1606410358
18  10 859249663
18  3 1235488510
1  13 1308989722
7  0 775804993
12  8 269603746
13  15 1002190876
15  16 444822858
10  1 1845145136
6  18 803198829
4  8 13915613
8  14 1025726047
17  16 2087893101
18  12 1040470890
13  12 297617043
0  8 2000074707
19  8 311720865
19  17 1966961803
2  8 1770973509
13  4 2112223375
16  19 415075636
11  12 14302465
1  14 1998649434
11  2 156320485
3  14 461517640
15  10 956309176
16  8 1460360880
19  4 437655794
9  8 62227907
9  5 78370511
11  8 1585310268
7  8 965440177
0  8 173699485
6  17 1794806395
1  13 1616600167
10  14 442207735
6  4 1458883299
8  18 739887927
10  3 1253678268
11  13 1655680163
12  3 358135520
14  16 1943218399
0  13 85258741
10  15 2068451956
14  5 619556211
12  6 749297594
18  8 520474712
9  18 1615413476
16  4 1962840891
18  8 1672698559
2  10 1146406950
11  9 1900081614
2  19 285835405
2  10 198516564
5  8 2142712196
12  7 514061598
17  1 439520060
6  15 1336250433
8  16 654788236
6  5 635548784
2  11 713821464
18  12 1979061745
18  9 2069177632
19  5 254565328
2  9 2015308362
1  19 1245564445
11  18 530737521
3  13 19779804
6  12 1850307769
12  13 1761206113
12  7 69970371
18  8 415139122
15  5 515787246
7  4 109008158
3  19 2033281022
7  10 1823659169
9  14 488272166
11  17 1956508019
19  4 600548534
4  5 1617703657
7  3 1208364956
9  0 119857419
3  11 2047357608
4  15 355931381
7  5 576194513
6  19 494404514
14  19 574038438
17  18 1777654646
13  0 150312951
10  4 942122640
19  2 1171781269
10  2 1677056945
5  8 1183422932
3  9 1959900619
7  11 446128075
11  10 1216245459
11  10 931763162
14  4 1869255462
7  9 1147267243
18  5 71216038
19  11 1163693313
6  2 840336643
0  7 2071537333
2  18 1241945214
1  14 194045741
14  16 1688128530
6  12 425634445
11  5 1321149460
1  4 1177769069
15  11 1634828975
18  19 865243593
0  12 1566520384
6  13 1979220958
4  1 151150084
4  17 1242461888
16  11 1276313415
8  13 1915303815
11  6 1526200487
14  8 879648723
2  0 920981795
14  17 568733632
7  4 159929182
1  18 1391996485
2  16 1972588633
1  14 1768660202
19  3 89399620
6  2 1765566815
19  2 528256353
19  12 1953002103
8  14 1700625974
9  11 1501093359
13  3 1623143286
9  5 237594889
17  14 795711204
5  1 1943686547
7  16 685665443
0  14 102587143
11  8 845805408
2  12 789340237
3  10 1852318034
15  7 1454416211
12  14 793847182
12  14 227798373
7  4 1238640959
8  12 274130549
4  10 442926883
11  13 1354511665
8  2 1075785375
14  9 981375581
2  17 745810746
6  15 1639411476
15  9 555311689
9  17 1431348272
14  18 1308242856
5  0 12262668
14  15 1059225461
7  8 1488820995
1  15 14778577
4  18 842438513
4  13 1437465542
9  11 837644296
4  6 1769037285
4  6 1514246880
5  17 2103042040
15  6 350288565
7  16 1153712438
4  11 974962497
14  4 1074773975
6  16 774036010
17  12 1588265383
19  13 1821088042
10  6 2108377656
9  6 1760361366
17  16 1092570127
15  5 1536480417
4  6 23264461
17  1 256305875
14  10 749826385
12  10 416593328
9  16 1389418108
18  6 1328718203
17  14 1321478933
1  14 815893856
