200 20 0 18
16  5 779319556
15  8 373858255
4  18 239820589
0  6 843677918
15  6 1637957742
2  7 1896815292
9  10 1576758234
14  17 1002810727
16  0 199878171
6  17 648793973
7  4 867713369
18  0 193508853
18  14 1893129408
15  19 238132412
0  14 917517173
14  17 330669660
10  12 1444715673
16  6 1910499899
16  18 1281594425
17  2 1783222956
14  17 1475371897
6  2 1921412517
15  4 259692737
3  0 866857527
18  11 1335737892
13  4 399642587
6  10 1462830415
12  4 760646036
10  3 2072090420
19  10 1626282278
13  9 438649238
19  9 1630501535
8  3 1945140813
1  15 99144716
0  18 41831712
18  0 203051428
8  5 1457221484
16  10 2094576201
9  13 1992026813
7  5 727080100
18  11 1011253569
8  13 945708097
8  12 1343020464
3  13 436361330
0  5 1052616372
15  12 657414770
4  19 2108393197
4  7 1458557149
1  13 629155580
13  12 158423425
15  17 1438549455
9  19 537225031
16  18 1797736390
17  16 258884528
19  17 454691015
16  12 2039887492
14  7 2078223440
9  16 890122595
16  11 1086081146
1  12 765367219
5  0 2128279702
0  1 491030743
13  5 868686880
6  11 1047629564
3  8 1849958066
9  13 1947607758
8  4 141596403
19  11 1442095501
4  5 1292911921
6  10 1894706249
12  3 1550933795
16  5 1181851949
16  5 1815772105
9  17 2044274384
12  19 1134327484
16  2 761130632
9  1 1156719170
8  17 2089575273
13  19 1231538516
16  3 1871744888
4  14 982906645
8  4 1613052777
7  3 2042383597
11  3 1235740733
15  0 263792411
3  16 1246743734
1  19 754572644
6  9 49121541
17  9 438861651
13  16 1925389695
18  15 13323725
3  1 1117412362
9  3 1130899455
14  2 1115382865
11  14 753915887
14  2 367571789
0  13 955339154
3  6 53363898
7  9 766739804
12  15 369294458
11  8 340458189
18  10 1621493647
15  0 1536991119
15  2 1130150258
16  15 1834517996
19  12 130965291
9  14 811834878
13  0 1312000153
7  1 21060417
8  18 1725885164
4  14 1894798878
5  13 1317137014
3  16 37666571
12  3 1789036322
16  0 1127943238
6  1 173735338
5  19 1692491345
6  3 1189556314
17  6 1036821140
10  0 1696356883
2  13 515523983
3  10 1230523268
8  15 1626058091
4  16 727842966
11  6 664665639
14  3 1400249801
17  10 1161192050
10  1 498416415
17  0 345711756
1  15 1916519206
5  7 1212855547
15  19 1213241834
7  15 396777848
6  8 3151148
9  2 1531423046
5  8 424396249
14  10 1406499567
2  5 241320974
11  0 984742665
3  12 37369766
3  7 1223567213
16  4 1980943158
8  9 1156194688
6  17 207332718
11  4 1974391020
16  14 572472116
17  13 1171991646
9  13 765871195
8  10 206429072
17  8 32759188
12  8 1378962329
2  15 167889358
0  5 1616777181
10  11 1684771088
17  3 1675515360
13  10 1665588918
11  19 2140179886
13  5 1184527109
17  5 1784893182
0  9 990660501
17  6 312331120
1  3 1658991156
17  16 236227045
11  1 1687060356
7  8 351097171
3  0 1916670724
3  1 243482285
3  2 1305886369
14  13 9230955
12  2 1269888175
17  18 1062026964
19  2 251122746
14  12 220944903
7  0 1593743698
4  10 1734290937
10  8 1533427059
19  4 2078768135
0  10 1366545349
19  16 709362961
18  7 1598132463
10  12 1377198281
4  3 1980050161
12  9 2138229112
13  6 1763374076
12  6 2037469972
0  2 22384334
4  10 346027772
12  10 1213259685
16  3 103751364
0  8 1079831139
5  14 384184844
12  4 1299976631
5  17 327999611
5  4 2042799761
16  13 1043783385
17  4 478561073
13  4 1419170971
11  0 1610238027
14  8 486026252
4  19 815921889
