200 20 9 16
5  8 268092317
13  19 1327579723
16  19 347323384
10  8 1625653069
17  11 1481668585
14  9 938344203
14  0 2094965606
5  15 371542057
17  10 923611271
6  17 2008147817
8  3 1607355304
17  2 1395206575
2  0 1290801022
5  9 275822912
7  13 1956913399
6  13 1338785543
8  18 712520929
6  19 2040358759
17  11 527227409
2  13 1826773427
7  2 1637169865
6  5 1492358499
15  4 1401581056
0  14 413555552
7  18 1657037905
0  15 1630485174
17  6 2092175035
18  15 161971003
15  18 1319593788
18  6 1731241347
6  2 1114092651
18  9 1375270532
19  14 1837245710
14  16 2070513496
5  4 291171250
12  4 1284400187
3  16 1682217531
5  13 1303373908
3  17 1253664000
1  0 724786590
19  12 876229039
7  0 1990787438
19  1 964823139
14  2 73612168
5  9 965769177
5  11 1014882986
9  11 1844456733
1  15 1286615875
11  15 868299911
15  10 871965109
19  1 1526808997
12  3 435030798
10  0 2022106286
7  1 681989365
18  8 279531202
14  7 1518822574
5  16 452735439
9  8 1158370550
12  2 1678172234
12  16 647212113
11  5 820681853
12  9 520815618
1  7 1495193201
15  9 948867979
2  16 771011432
8  7 858912015
4  8 15156959
2  9 678797226
7  10 2022136485
8  14 1750983516
9  10 1161725559
19  15 762263069
13  2 705411212
18  0 224789421
3  13 484755770
14  0 1089849470
6  12 70731282
0  12 1244678243
11  6 835862923
18  8 715998155
9  19 1348346234
13  1 1413324636
14  4 1590178181
0  11 110602361
15  5 617036722
8  19 1032466802
17  0 1467269505
14  8 1936134000
12  6 378926259
2  1 817653620
14  11 1926061030
6  8 487267226
0  11 781564
8  7 337758665
14  1 1700708388
17  7 2134325123
19  9 1351999868
7  1 2068899443
12  5 1445752165
17  18 1225998701
16  7 1986361652
3  0 1117862816
7  4 999339676
10  9 890024757
5  15 1799729744
13  2 749868414
9  6 1379673651
10  6 283818124
13  6 1831832616
14  5 1841596186
10  9 335464465
19  6 522762281
4  10 1176591976
17  5 1595825307
17  7 528056086
14  10 101156672
9  15 1592373044
12  10 398616745
14  18 525625392
7  13 1236590749
17  11 1990522488
16  13 67527194
3  19 110182349
17  15 881677256
13  5 528193006
2  0 233359636
3  1 1493484716
2  19 39087139
6  8 2050492274
12  1 573690285
4  1 383118589
8  9 1593885266
1  8 1573749032
11  10 611884757
15  3 1742337278
8  0 1416758716
9  5 957269360
6  19 2045404229
4  18 1715911313
3  14 715312728
14  16 1439021511
3  9 1500758965
8  2 897850419
5  10 77635919
2  11 403519595
7  10 1579009324
16  0 1736765404
5  17 157645713
1  17 619556244
19  12 1728220955
4  9 2017032175
1  10 391459976
8  15 1873032911
6  1 876018852
14  0 924146188
9  8 447276011
2  17 283450963
3  16 1213712997
8  13 469517950
18  7 1084710202
12  3 1936521607
8  15 1846441081
4  15 1431485192
2  10 1456446066
12  3 492233167
10  9 2085397050
12  6 305816385
13  16 1052906231
15  6 2098398423
13  11 21733643
14  13 1214375514
4  11 1529142908
6  19 847032298
9  2 2100611197
9  3 1212105767
0  10 1740906680
19  6 1452742794
18  0 1589210908
0  12 646006085
10  13 1345075517
19  18 985383865
8  18 794798784
6  14 785963949
8  10 1901634014
7  6 909108130
7  8 483250939
0  14 1679459414
5  12 687134171
11  18 854323942
18  15 599232224
3  18 1650204870
6  11 1177742215
13  3 1546798759
5  18 826928669
16  3 1870124603
5  1 849481091
2  4 603172878
4  12 1194026050
4  19 106650747
7  9 1994884707
