200 20 19 8
16  13 115144796
7  19 1982678855
16  12 5284664
12  2 1167826748
0  14 195420724
18  16 2050101060
7  4 654227770
11  9 362533485
5  11 1248802305
11  5 685726281
4  15 1004118249
1  18 1997505588
18  16 1135714010
1  10 1270998456
10  17 1103155031
14  15 1162879221
11  12 2051336583
19  17 71814893
13  18 1954090703
10  3 1524046771
3  16 263683476
2  12 1189256521
10  2 1721470237
5  0 1952239741
9  6 128320081
9  16 817123812
12  9 1143689784
11  9 1337876671
11  10 1682517205
6  3 149704111
16  0 1500815573
5  6 1400319806
4  17 2035809045
18  4 2106299324
12  0 1670786625
5  10 892271053
2  5 2085528301
14  2 1620359119
8  9 2109645710
19  0 1760304296
8  4 1652600091
4  18 1260800205
13  3 68448854
10  5 280980328
11  15 1361382533
19  0 1159087184
3  9 226918591
14  13 1803918316
2  11 1830404859
11  15 1417004220
19  17 337019084
3  2 1842041714
17  3 350647889
18  19 589893796
9  19 2140134237
11  18 71154720
14  12 1694785803
17  14 902608937
16  3 1245304446
7  14 858849068
14  7 315404021
4  12 529311068
10  13 1543613528
19  13 319006825
1  11 1144325483
12  19 526260292
9  19 1344367380
17  13 214146733
6  7 2110444817
4  15 591241839
2  6 2008761168
5  2 689673144
9  6 650811239
7  13 331713534
16  0 390077056
4  3 438789967
10  13 2142310291
3  2 1553037183
8  19 1367629735
5  4 381882737
15  8 348612844
16  3 676512514
2  8 1093872706
7  10 1592990129
9  6 537015545
15  10 927325900
0  17 1949897925
1  2 1254681549
18  8 1764576894
2  10 1485913571
13  10 1681516499
15  12 351272001
9  18 493065846
0  10 1194018093
4  7 1987165238
10  0 1145596007
18  13 717623244
2  8 819937796
17  8 636962710
14  15 1385789047
14  5 292756277
10  1 543013078
2  18 1629193435
17  7 823191273
15  14 1501722608
1  11 1874027248
5  6 598543229
13  10 1909874962
6  13 1240927977
18  7 861748918
3  14 115578152
0  3 1861438029
7  1 1004660213
14  12 372995159
10  1 1846027614
1  17 1931135748
2  17 2064419896
2  6 995375760
1  11 526618095
16  10 968292948
14  2 1201152149
13  3 1843384879
6  8 1405479264
4  10 555847938
17  7 998125478
19  9 496416800
0  17 2045708655
2  16 676437266
15  3 516467090
14  3 321765444
2  8 1923954214
17  4 909475318
14  19 2104064538
5  16 243704148
18  2 458382126
0  3 258886087
3  0 2066562542
4  2 1703048015
14  6 1677680958
2  16 983315403
19  3 557002480
6  17 636155781
14  1 512705934
5  8 2040437644
9  7 1270012632
12  6 2065400467
3  6 1583010825
19  6 1374682700
0  7 348509022
8  3 1614807511
16  2 15332176
1  18 1035562346
9  13 1895552551
19  14 1601221275
18  11 663697827
4  16 951473759
4  5 61013864
16  3 190132499
14  2 144875239
2  12 2101117029
12  10 1162624707
5  12 1687105856
17  14 2004135239
9  2 1864113711
8  2 1960206831
15  14 37105345
6  7 1176349585
11  6 1496964704
14  5 1885857618
6  4 1086999223
4  14 464672980
15  0 1992202718
5  7 393179730
3  2 369538128
12  2 1904310104
15  5 1194069919
18  3 12239650
3  14 1197320589
14  16 1335314746
4  2 2135902044
8  4 1195317082
4  6 1079873199
16  3 1234984576
18  1 326212790
4  12 764635602
7  19 185886483
1  10 801275604
7  9 1916887426
17  14 1034383433
1  13 1110317730
5  4 180624150
15  12 2115514409
11  5 919020089
3  8 1295192012
1  3 1691431282
12  11 1789755797
2  17 154984080
18  4 930235030
4  19 1748528018
4  5 1919359929
