200 20 9 13
14  18 59992795
6  12 1137922527
19  1 573815587
7  17 1551936658
13  8 1723603813
13  8 727511057
2  11 1231665410
5  7 1580039248
16  8 2142172274
18  5 207006192
15  12 1765918151
2  3 528532742
18  17 559817243
12  19 873065597
13  7 1508802807
6  1 1706800625
9  15 1054348413
16  10 1132228067
0  9 740080410
8  4 903208686
8  9 1822171900
13  11 638644560
3  10 1246062911
14  0 534640488
19  0 893480316
7  11 620100115
15  10 1507488629
3  2 185120452
8  1 1239879122
5  8 594867845
16  13 2080392521
2  15 1997403173
16  14 1908112606
5  2 1842246486
9  19 1001674996
4  9 1064198540
15  18 612755758
16  9 593539510
12  0 1122434479
1  3 722880899
1  15 455393719
4  1 206541905
4  9 1270332889
18  6 2078353484
10  17 769614293
17  1 1735746920
16  13 2046851761
11  15 1007993622
19  3 1714586904
1  12 1861233473
16  3 1849809747
11  17 392441657
19  12 1096712076
6  12 881629254
14  5 832550268
18  15 1373612637
1  6 823998383
5  6 160197505
4  11 1608363827
12  9 679694095
10  0 639990902
6  0 1621855602
19  15 1562092375
1  13 1132818287
2  12 1142536425
16  19 1940473185
11  7 1129035199
11  8 2026713876
14  7 813901858
11  14 1788409529
19  8 1198803549
3  15 368342206
3  11 1253694082
9  2 689711435
15  8 1108020354
17  5 971521472
11  7 814219254
16  18 375058223
19  5 1288210570
8  3 600232459
6  4 977361908
8  17 1941512869
9  1 1769016130
2  11 978546819
18  7 704081899
19  10 1640332386
8  2 276887477
9  15 736345383
11  0 942411197
6  2 1510147735
16  9 1143730830
14  2 1675802929
11  19 1103005636
19  17 2097307926
14  11 828903265
9  10 1376254629
9  3 286265309
0  19 1041233917
16  12 2087257997
5  1 571570760
2  1 364756030
4  8 294793099
11  5 75542333
18  7 2102951205
11  3 2009897547
4  10 1153279941
17  19 1154985227
19  12 948499151
18  9 1311330613
4  16 550727643
5  0 1644294886
11  6 1979754732
0  10 727473320
13  1 974064855
11  10 1740020161
5  3 772748635
5  15 317285092
16  8 2080414153
3  14 2140705891
15  18 858582266
15  0 91074665
7  12 1904145866
2  4 55075856
18  2 1073721237
13  7 1688480187
2  5 575004623
1  17 2059727089
6  15 1518462545
4  7 206738680
18  8 941979047
13  1 312762754
12  19 1551262296
17  3 1485843736
1  18 709109910
10  11 1807848530
3  6 1246191927
2  10 941071587
11  14 1245587426
15  12 1881206349
13  16 1392146268
10  12 1299997519
0  13 2117276594
11  7 2087212312
2  18 1459181435
7  10 256333099
11  12 1867276917
18  17 204934671
4  16 1317662386
17  9 1313943696
9  19 1527881336
0  8 1373940811
2  14 301088985
4  0 1188042819
1  15 1063393919
10  5 1113661646
6  7 446427878
11  16 38402460
18  14 1493545629
16  14 1263948682
1  5 511436383
8  14 1125119516
0  7 211091072
4  0 536484340
10  5 792979761
4  12 900742174
7  8 727375319
10  6 1888543997
11  16 1627235822
2  12 1413157113
19  12 1606997767
0  7 527356622
6  11 1616331834
12  10 745302570
10  17 443271110
1  16 2049048760
19  8 1101532226
0  2 890951259
17  7 45962364
12  2 432763360
14  17 399669643
7  12 709240175
13  3 941225858
10  15 853648494
1  9 1548774312
8  2 220982700
4  6 1705713318
7  0 747062478
11  8 1699675796
10  0 459201805
14  13 9969144
3  7 282301810
18  6 877768339
9  16 800294387
11  7 621720683
10  0 2078410017
13  12 1515945247
3  11 1078465809
5  19 1665186808
6  12 19455269
11  13 82284680
