200 20 14 19
7  15 1857176384
3  18 100490914
0  17 141457887
2  9 460705756
17  7 802426593
4  11 1243554823
1  7 1820903414
7  16 1467918998
13  14 693668357
1  7 495510281
9  6 1634281392
2  11 1009097262
1  4 169034318
10  14 1966819072
0  9 26743263
16  10 1598697568
6  9 1730927024
11  16 1528378157
16  1 945112769
1  0 1926146604
1  10 1301869596
3  2 1911617887
17  8 2116302685
3  18 802600473
2  8 1220965097
3  7 779170689
18  2 545012921
3  12 1140979751
14  16 1930376797
7  8 594925324
11  10 1589718601
14  6 632110698
1  5 631145879
6  18 471723462
6  16 725917893
7  3 1026754495
8  0 1830932015
3  13 568127862
6  10 248288125
17  3 582403777
12  1 767360762
4  19 340488274
3  15 959775700
13  2 2121088883
10  2 845618278
3  19 1770681967
15  18 2143001133
3  2 101766210
5  4 1397724323
2  15 1645572464
12  2 1317282877
4  9 1924968438
4  12 1902983476
10  16 428590907
0  2 1792958305
3  6 2070765540
12  8 151040572
6  15 1176324596
0  6 134470883
1  11 1368423575
4  12 1878056334
1  14 1809228501
7  5 1831332081
18  12 1817947942
6  14 60733448
19  9 651698606
7  10 1328135727
11  0 332929813
15  16 917413988
15  2 1020015544
7  4 734017275
1  12 135782624
16  10 1319816342
19  12 1980797834
19  12 15384690
14  18 1924496626
17  10 2132379929
10  3 1753263995
7  0 1810847157
12  10 441297826
6  4 1755419722
3  1 1068812200
1  7 1245634266
11  19 640803014
12  3 1701895061
3  7 1273209432
1  12 1096159995
12  17 406667348
6  9 132281362
12  2 1747335114
11  13 1201697369
18  10 217219307
0  1 1298261046
13  16 1031036619
16  12 113578817
2  7 2055511187
17  10 1715462612
14  9 2117538117
9  3 1829113164
1  4 143858219
11  4 675802461
4  16 486662781
6  19 137529354
12  3 1509360332
14  16 673003302
8  3 1409818964
0  7 1182984528
0  2 1319800762
19  9 1012882832
9  16 2072117433
6  2 1856262053
4  7 1910491980
13  0 1643079114
7  0 2137445577
15  18 2138012128
6  16 159157154
18  11 1782873984
8  6 436254445
5  8 171548923
12  7 237886455
0  18 922590332
5  19 1760523853
9  8 1575516591
8  4 757269237
5  19 1171656928
8  0 2024500718
9  2 1580042410
12  1 498245443
13  14 1300053303
7  13 1746747658
4  7 878996990
11  0 2085535243
0  6 1843626794
18  10 2049521654
16  6 2005119643
14  11 1419204929
3  12 1931636204
13  10 1216551469
5  8 1142025720
4  3 1136737462
6  5 1671641646
8  1 59954355
6  1 472196338
18  15 1500343717
15  9 1828339518
9  16 552445395
14  13 255079546
1  5 1227846401
12  6 2108989466
3  10 581345040
14  6 435751863
0  16 1542211492
17  10 1251129017
13  14 1068069407
8  0 2015502859
1  0 1339682381
10  7 550788816
9  10 1802607684
14  16 946142247
11  9 1511807420
8  15 1046849259
7  16 1767497824
8  16 1436650542
16  15 1558632176
11  9 968604715
10  0 627666622
10  11 1771856252
4  7 612663243
1  3 757728612
8  2 1056310453
9  0 1764100109
0  17 238418879
5  12 1965359213
0  2 231689194
10  5 423611672
11  0 552580553
4  12 254691260
2  6 1307848769
18  10 1384875920
13  3 336809945
13  4 1908988515
16  13 208608
0  12 1899927436
16  10 2059288877
2  13 1430993301
2  13 1924441148
10  11 295979217
0  16 847303242
2  0 936149764
8  5 25380765
18  15 1496619749
1  16 828624248
11  18 1929360157
11  15 2050370687
19  18 982088743
14  3 1789969334
13  8 853515872
15  6 1271520935
6  14 865615726
5  7 1583151048
