200 20 13 4
10  3 1125335674
9  2 2089736790
6  1 903251626
16  7 708869731
7  15 1204072595
5  9 14212932
18  14 1387601015
18  10 976554453
13  5 1500308313
7  13 559570674
18  3 1873563810
19  7 862884882
19  5 1018717299
15  12 366087614
15  8 2131282521
4  17 831926784
11  9 857612640
13  3 1886116519
5  8 913180077
8  6 2116333989
15  0 450423112
3  0 1366234697
3  16 406564703
15  13 492334271
0  4 1402265143
2  18 2087846914
9  10 607070469
14  1 782192747
9  0 108090370
7  3 1952588224
11  3 1016941267
3  13 1526804831
16  1 1638156082
14  17 198417035
18  1 137150251
10  6 690784176
11  2 785165528
18  13 512044382
2  9 268450320
19  7 1958103647
6  3 168880206
4  9 1670558332
13  11 1294881663
16  13 815887449
4  7 595816657
14  5 1763857567
7  6 583943959
5  11 2019028092
16  9 565775289
17  3 1544297385
0  14 137314933
8  19 1940486292
1  13 1234289357
19  9 532121407
13  18 588411010
16  7 46408774
1  12 2040180661
6  19 1606868213
2  0 336265168
14  12 800969913
2  14 1815834161
10  15 1895972623
17  5 1943026579
16  11 1262397227
12  5 1109794422
15  16 727372458
15  6 1802179596
13  15 412556653
8  1 843273477
9  8 1088744351
11  14 1930699302
3  1 1975807456
12  4 2124004854
8  3 444813584
15  4 118351911
0  3 751604465
18  8 702668855
16  15 114789579
8  9 1955963316
8  18 838613883
11  3 1645597402
13  2 809322642
12  10 1282247201
8  14 412728438
7  19 1316121571
9  4 77323254
12  1 1341224775
11  17 784082292
0  6 1871184922
10  18 1105298805
0  6 1107958466
1  16 358825452
14  10 265925598
1  2 1158730093
10  1 917284316
1  2 1188766820
12  0 1613045
1  11 81292235
1  3 170458336
9  0 411579017
4  14 1533879904
11  12 1021245446
16  6 812563845
7  4 1453236689
6  17 2059245492
3  4 1991904683
10  19 766343465
9  19 750223445
14  19 445589949
12  11 1378052840
8  12 212056943
11  14 1670025055
7  14 192362015
15  11 1417837041
2  7 824638956
3  6 2095838428
9  5 250970416
0  10 1394921428
11  15 458858714
10  4 460360614
12  2 99445207
9  11 1031091348
2  17 308224210
14  2 1178984544
16  10 943010823
14  5 1464464615
4  16 671048664
7  5 931404204
4  15 1137132736
13  5 1961766768
1  16 1475699166
9  16 436465483
17  3 1089464632
6  17 1068553808
19  14 771521347
2  15 1561440149
17  10 1956947564
8  6 1580092880
0  15 397180738
17  5 1891462466
2  15 1537252351
14  2 1415651896
4  9 1081386377
12  17 2025995057
18  0 726497782
1  14 989099822
0  18 1839794688
18  3 107396190
5  12 501229708
3  15 1607866186
9  4 750002520
6  10 1120284681
12  8 173399218
18  5 1249143770
7  1 1387213777
13  7 683941468
13  14 491665718
16  0 1789205574
13  16 363036398
7  11 1916745808
12  10 1152582256
18  3 1493784256
5  11 404356559
0  4 293689125
10  6 1457956377
19  5 1227566048
13  19 475375055
18  0 1949121703
13  1 399063234
14  9 472869275
17  8 1067414146
15  11 781884067
9  4 1697099392
14  11 500154628
0  17 467480869
4  17 1897407152
14  15 1026475049
10  19 1072267538
18  8 1174886125
19  6 1921902282
0  4 1123401510
19  1 1513132130
19  12 1376579619
11  5 378572594
17  2 8940193
7  0 1166949048
16  7 1309997891
3  12 1615650203
0  3 1169461961
17  14 1238336470
14  7 501196503
4  14 966685128
18  6 562545563
9  2 1788779897
12  3 2103801055
5  2 1083763258
15  5 1019512121
12  16 2121158609
15  17 570027806
14  17 864742578
