200 20 7 16
10  5 1881862990
18  12 1758566343
1  19 644845779
10  18 480158926
11  0 1119328681
10  2 888833394
14  1 374540328
12  10 573974633
6  11 641638441
7  1 1346074796
13  15 1121272775
16  15 1408156926
1  8 717455297
5  10 99411942
16  1 1928308792
14  11 548806130
17  7 491101759
8  18 1399103461
2  1 755786827
0  14 273569791
16  4 1492251763
6  4 1147400774
10  13 1584875800
14  6 562964385
14  4 686856521
2  10 544582377
18  12 601255875
6  0 1481430796
12  7 1775452771
11  10 146853299
7  1 1667881190
5  6 1007849873
12  5 1587506205
15  18 1821393978
1  10 1163305642
8  12 1504125378
9  10 1579676641
7  17 1540856783
12  6 1243467829
17  18 1988343090
9  10 727956159
8  18 241794173
1  15 765324692
4  16 565859980
16  14 439327971
14  19 641107732
5  14 1890589925
15  13 685946262
16  14 1221926177
18  11 491414497
10  2 2122298356
17  14 881206215
14  2 397216745
15  19 1659655509
1  8 1961260798
17  8 1481086546
15  5 1231021380
12  4 2039900250
5  11 969395849
18  15 1260053521
8  10 1111822368
17  13 221042434
14  6 1425852805
1  10 2102545173
2  7 1342568328
12  14 1302048526
13  14 34863375
7  16 423129364
7  2 21546955
19  15 1910140398
10  7 727527589
18  1 1340394521
14  17 1891014641
8  6 577776946
9  18 1839590060
16  10 2085931695
9  10 1672399937
4  7 1105546460
0  5 59241765
14  16 2044777596
10  14 1586457698
12  13 901524199
12  15 1488979742
17  6 1555924539
1  5 24924693
17  1 2018236786
6  10 559600493
0  15 792335325
5  18 1429455303
5  11 589225380
8  18 102844331
8  15 948088505
0  2 636789767
13  18 987865942
13  17 526112164
12  14 877396265
12  13 1444251580
3  17 754346722
3  12 36778230
11  4 1331704487
13  10 143597741
7  3 325188135
17  13 1107763683
15  1 978255970
14  19 1357932907
10  12 2101277370
10  4 1652202508
15  17 918342454
12  18 2101232939
3  8 2053764162
10  11 355869444
8  6 1410843723
11  9 567137443
7  19 190711153
13  0 142675970
15  7 1494485952
9  15 889839442
6  15 1349142233
11  1 12230003
8  0 794960930
19  14 428195738
11  4 543177219
12  17 1977957538
11  17 212064401
9  6 793965641
13  6 528873309
19  6 754055351
7  12 190299255
0  1 503514665
8  19 2117713054
17  4 1845309562
0  12 585123657
2  16 1119985900
9  8 877487593
3  12 1671188868
12  2 1505279877
7  3 984035318
3  13 416599388
19  16 357497673
5  18 1176638183
9  19 354862307
9  15 1238876080
13  4 1313841780
4  9 1054990177
9  14 1433435774
15  18 769236380
7  13 1814417373
0  1 1838676304
13  7 1585962928
8  19 1012507299
16  10 1615492473
12  2 960753778
0  6 1198308001
16  18 279061314
17  13 1595107625
9  16 85204156
9  5 1819806567
12  2 1922847024
4  12 2012823511
14  18 754549467
6  7 1895861850
11  7 1022195100
18  4 969083564
10  4 743014877
7  13 427789815
2  11 940402477
4  17 136134351
15  4 1685605326
1  8 800455109
0  1 1084597913
17  4 1757356597
13  14 974188114
3  12 1828709412
9  16 694161464
8  0 1955674225
4  3 700379426
17  18 1347122316
14  13 584598796
4  15 999595175
19  7 1299382831
8  0 977471462
8  7 38328033
6  3 1828027215
5  13 1927754644
0  3 706350466
10  16 925664640
15  3 1894857496
1  15 745188934
2  9 1073422333
7  19 1674983299
13  6 2026355209
18  19 397710386
5  18 1006148741
10  8 945508142
7  16 833421667
15  2 493316705
16  4 1736398062
19  14 1397997819
4  18 415831377
5  3 441175570
