200 20 5 13
9  0 550183337
16  17 1940501263
10  9 1305109809
10  12 1796119327
10  13 450725289
18  1 551000297
10  18 1054712844
7  13 1730321751
5  0 1578225691
1  19 1737583637
15  17 434424190
17  10 725244798
13  18 55564386
16  9 1819337225
2  12 1327613701
9  17 1031856578
16  19 659483460
7  2 1679478252
9  15 212063579
4  11 1805699185
18  6 2052803485
4  1 1383495126
6  13 1132332447
11  7 1903430479
7  1 1890790808
17  19 613281666
5  19 1869211807
1  5 57990520
12  16 763922517
16  1 1620223868
2  18 116141458
8  3 1726833103
8  4 492030456
3  0 641911581
17  11 101652880
14  8 448734884
12  1 833056810
10  9 1511627680
13  19 697245420
17  14 1292657084
2  0 1017258963
12  16 1614948568
17  14 2111414570
18  16 619648179
9  10 987448953
14  16 646736695
11  6 2112267773
0  14 785440646
16  9 261660754
14  3 576272033
13  9 1007328192
6  5 465223732
4  6 1649095738
18  4 1227355744
0  1 1754093467
18  15 1308332212
0  16 1498680263
9  3 1658910908
15  10 180458341
16  11 372505165
19  1 2095803020
13  3 1621603268
0  13 275038684
17  18 1469969647
11  8 1454286726
3  4 1810407778
19  15 683266480
15  4 1995375113
17  5 109487308
15  6 513634277
12  13 1061178987
0  16 1907513520
13  14 29465319
0  13 489888680
9  8 1794480731
19  4 286989791
9  0 418078534
10  11 2070015984
3  0 1486114260
3  8 1523238473
4  3 298818885
1  2 2056848451
19  15 294052901
8  17 247336220
6  12 651826124
18  12 243812079
15  0 740649126
17  14 749136284
11  13 1915506614
3  19 1398705486
12  4 168294891
17  15 596816919
0  18 845558959
0  11 606448290
1  14 864568010
3  2 1814888385
19  10 952400443
9  18 468975390
7  0 150609170
2  9 1865482012
17  6 1798808903
10  15 1694829275
14  19 1212084832
1  7 1943910404
5  0 1325269866
15  4 1487017915
3  4 1221479200
14  1 2079529813
19  10 1131983046
15  13 1882650237
11  13 1111744887
4  19 2145743731
1  14 914823106
7  19 670042536
14  16 385112232
7  4 1766390467
17  5 302486590
19  17 1279356052
4  16 1102999404
0  18 1919857975
8  10 1206654524
16  4 639493023
0  3 1165889613
16  15 2138316982
12  1 328991664
6  4 1011964479
7  2 527747617
2  12 1571647098
1  18 2124445300
10  0 51199462
6  9 350556172
13  8 529147846
12  5 931423680
17  16 521110801
18  15 1678671237
15  16 955611930
7  11 388586112
6  5 1453093386
14  11 922410471
5  18 1883274970
1  12 813835755
15  16 208043037
2  19 449000540
7  9 2122563132
3  8 102095890
0  1 1341505709
17  10 789362293
11  5 1320281414
9  2 668139802
14  18 839358709
12  15 1988665508
1  0 2065403734
17  4 278536815
16  13 1374649833
6  2 1238523060
17  6 1267665827
18  4 1669190441
12  17 649744392
17  5 219290567
17  8 985957104
13  14 1677636527
10  15 1974992576
14  10 1303801431
5  18 766464886
10  7 1586053514
8  12 1316948778
18  14 680312773
5  6 178442198
19  0 1748156001
1  14 2002658381
12  6 137645061
7  5 2112833853
15  9 1830643567
14  7 1616761318
17  1 1519327002
4  15 841295668
16  13 1809330798
1  0 523391660
16  8 822926536
7  2 1042892122
7  15 1860310982
1  10 935147503
2  3 1524718390
11  13 1650071177
6  12 527136878
10  19 1869387516
1  11 844486166
17  12 565188460
19  7 2031371998
14  12 1150083953
16  9 748159223
2  3 365599531
19  1 279082302
11  0 619136721
12  2 148968588
4  3 393810429
12  13 766452595
0  10 122902175
18  14 764364579
14  1 1514424283
