200 20 15 18
4  13 855578298
16  9 1825023712
0  14 1172631079
12  16 679950636
13  6 826997549
16  13 702565018
6  8 79459737
18  1 1497754966
8  11 1257942048
14  1 1358203307
19  1 497441425
4  11 891618809
15  14 161703276
4  16 1638506523
14  3 108124050
8  14 991628392
8  18 1044088317
14  7 1142456592
7  8 860899115
2  15 1557732766
4  16 2076328083
9  14 265042924
5  6 1064245357
8  14 286517904
7  15 443380611
10  15 1294631258
19  8 448218703
19  10 1982145198
14  6 331984629
19  10 438668558
13  18 888812153
2  8 457860923
19  1 154880771
15  18 905395447
0  3 2097965055
12  0 442659191
19  11 906594267
8  11 2090626414
3  13 123625630
16  15 1532500392
12  3 1620993912
13  3 144270963
19  7 560065221
8  1 1236041691
13  1 481649512
14  8 408840576
16  11 1612161343
1  19 1496157047
3  15 299923371
18  13 852188619
8  9 2057978924
17  10 1685695442
0  9 1865105769
6  1 396538969
16  12 1503402308
19  10 386916667
0  12 615133323
16  10 845721613
2  0 509858904
10  5 1161297467
4  15 343111262
0  18 1792841948
3  6 130532128
16  15 49365858
6  17 68479242
15  16 1015559970
5  2 75445352
11  15 1094913263
8  1 949086825
13  5 541341104
0  18 866744355
4  15 1702993960
18  6 1906816006
18  11 1374776007
6  13 948866920
10  13 144170285
9  1 56465366
11  15 1914589156
15  16 2053804556
15  12 2062736022
19  15 1751378799
16  8 539659132
11  9 2097764642
2  15 1004989032
6  17 1800221386
11  14 742696426
5  10 1266774515
6  14 140918138
4  9 1308472694
19  3 1283054645
4  15 1701494169
8  3 874934529
19  12 1690746077
2  17 369903208
14  6 1288331335
7  12 1139455083
11  14 1028145474
2  6 765120123
8  10 1882066547
9  11 93765826
1  13 1232528031
8  18 1404737301
11  16 1199824442
2  8 365499396
19  15 1013394795
6  17 387890773
6  7 658042644
7  15 15732289
17  3 1395648894
4  11 1928217177
15  19 1652756372
8  6 716248496
8  18 1765367567
13  5 2024311297
15  19 906543984
9  19 1740641033
12  16 1499131367
7  18 1700921330
7  8 1262118924
15  11 316930281
1  4 569462987
11  9 275561815
15  0 596730027
2  7 84160786
4  2 342613355
3  14 1815745042
19  10 1274638335
5  4 1670192175
12  8 1952832803
19  3 1041553046
4  11 1621510958
13  5 907186279
9  16 700518216
3  12 1475150823
6  19 1955426693
9  18 1623436502
13  18 1715033890
6  18 924858166
16  4 834712254
8  5 1265708736
19  9 1230668059
5  8 1166912327
3  17 1969692500
0  14 682050899
0  17 1952761799
6  8 113071719
8  19 978292244
7  14 857715068
18  5 1042282179
8  12 1586757318
15  8 92207874
0  8 331194719
15  17 1778093158
4  13 1963140571
6  13 1191386603
5  15 410524591
5  12 766158423
5  13 2066462093
3  11 37100062
10  13 969675827
15  3 1891204225
17  8 1290342932
0  12 470703021
16  0 955123720
0  16 985379797
2  19 1079361359
11  14 447622327
19  2 2029844050
19  15 1303068901
3  16 724621221
4  11 548113051
15  16 36200495
2  11 2095695094
1  4 1521569103
2  3 1091761789
19  9 888436274
10  5 1694313699
3  15 1384337382
15  18 158163439
7  18 368526566
4  5 78763914
11  17 1942541077
19  13 899738118
12  11 1900926880
4  6 258302544
14  2 825637198
14  13 2013832317
18  9 1234111546
7  11 1337264517
14  4 1220958150
5  1 926731354
12  10 1887722198
10  14 1078268230
4  1 1266948016
18  16 619911002
18  12 1537551203
5  12 1554508119
8  2 2090772165
12  6 1487083075
11  14 2027986967
