200 20 7 2
11  4 1941985334
10  1 1363155971
0  4 1086630689
9  0 107685806
4  18 710627509
18  13 133525238
7  6 851626756
7  1 66847012
5  11 561490637
17  16 397473347
16  18 1184189705
14  16 1326836148
14  2 1951438568
12  8 1481672273
7  14 983038242
15  10 1049180378
7  16 3535706
0  7 1346348727
19  7 1986989603
4  18 207964119
13  16 2125621023
8  2 1092176208
18  8 1705924397
17  2 76752402
2  12 1910608749
8  1 1414909549
9  8 2131224500
12  2 873809012
17  1 1470911481
18  8 1453714868
8  9 1718897791
9  12 1735379939
15  2 768428085
13  7 1523409948
18  3 1954895735
15  18 1592352263
13  3 2143077880
11  1 1407416687
2  9 258824132
10  16 58395899
16  1 452256237
17  9 1616756667
0  17 1497454859
15  12 801858172
3  19 780944894
18  10 528398726
16  3 599754540
12  3 891352484
3  9 705483153
4  2 1155521555
10  7 1557764338
18  12 872298823
15  19 1877460854
16  7 1274767957
15  17 1212490777
4  11 1213679998
12  11 845121253
1  6 1565956554
17  8 847047368
2  17 443329180
18  15 537663254
6  14 703021384
3  5 952352245
6  9 1092670681
7  1 402050123
14  18 2050517690
17  1 544736204
14  1 1315317964
0  14 234223446
17  7 1847062556
6  14 1323713613
9  7 1515794444
3  2 681920554
4  11 843217895
0  12 806952843
11  0 504374447
6  9 1985229595
17  9 258109309
18  17 2058497246
4  14 1805423764
19  1 24015545
18  14 1889797681
4  3 111045412
9  18 477747285
9  18 1557504364
17  8 511280542
0  11 901916504
14  18 162917494
4  12 1277563875
10  5 117738037
8  3 572184019
17  4 1496366109
2  0 863612588
0  13 650304815
14  0 1596858352
15  3 471607739
5  0 1477573189
5  10 90847628
17  0 1240507920
16  10 1121319519
0  11 54641275
4  14 1200052369
8  7 265575861
18  5 393726693
1  5 307416157
13  7 875650286
18  2 1847565191
7  2 1480557378
12  15 764036759
3  12 1884862393
12  16 423702055
4  1 373627873
4  2 1671934516
16  9 331399173
15  13 1434634503
12  8 1191713293
4  5 144045027
17  3 1973594532
4  1 610926333
16  14 2008822442
3  14 314724651
6  16 1928364941
9  5 1617562804
7  17 3933715
3  15 27671167
2  3 1953379694
17  16 803411837
14  9 1250948752
6  17 1508735145
5  8 1169803676
4  9 547230467
7  13 1117228490
2  9 1312816651
15  9 1088639503
19  9 1335340859
3  18 2124672228
17  15 989289007
14  8 2055211913
18  4 1739368913
11  19 7561288
16  2 910635365
1  10 1716893158
11  17 1000192025
16  9 1550295205
2  1 1221625851
5  14 1088765202
17  14 1722806614
15  5 783641917
18  16 755138226
9  8 1791103183
1  2 364941072
8  13 364103226
3  15 1143854358
4  1 1444835365
11  10 1454088748
0  18 743747574
2  4 863712917
12  18 1617659120
0  4 2042212137
16  3 1734856855
14  4 1694499243
2  6 1630363704
5  1 57206161
0  6 1767888254
2  19 1067871295
8  2 741443185
5  19 797547318
10  9 93233093
0  14 1107038309
12  8 879698909
16  10 1256343318
9  5 1777677508
1  5 1223243620
1  15 1906596290
16  7 321758304
2  7 1272644281
7  12 241128514
10  12 146382622
2  18 1271333799
18  15 1796771783
8  3 196930085
10  15 107959773
2  8 1032360869
6  19 537310792
18  19 1454768095
13  7 1984690776
4  16 910498546
16  12 1226598898
0  4 1189079008
12  15 992879240
6  4 863314437
9  1 359103363
2  19 337442085
12  4 980465754
12  13 1658590068
19  3 1331613451
0  1 208022484
9  6 1401202616
6  4 1242924930
8  1 133812962
