200 20 2 12
9  5 359984601
7  17 1361241280
10  0 1986618226
17  13 2034706869
19  15 1761561718
5  6 730659575
0  8 195751227
1  7 2116316235
2  4 958771192
19  8 1673682094
13  8 284152214
13  10 374210179
7  10 1122268678
13  15 563639882
10  1 92921542
18  12 1303527125
10  11 952646009
13  4 1457935950
5  15 1388185137
14  9 1152388547
9  5 93327882
11  10 825616402
13  5 1194275929
14  12 1928715879
7  8 1967531610
6  19 168943223
10  9 326053509
8  16 1330323830
7  14 485731930
7  8 1971843448
1  19 471346510
0  8 1663201571
4  8 2116958289
18  3 2028879987
4  14 1168890624
5  8 869778638
10  0 66109867
10  9 1447561646
10  8 1487857466
19  12 445264142
18  11 1560932725
15  2 37629019
17  5 1221787427
3  18 1079351875
5  9 2024970563
0  4 1011927968
3  15 1437693772
16  2 639311399
10  19 39753864
3  8 33738210
5  15 614870025
11  2 1621197836
17  3 305216780
16  14 443099529
8  10 711345571
16  9 1299957264
11  6 1185494575
17  1 177323751
15  7 165394105
6  15 1208291872
18  0 32357825
14  15 1899808701
1  9 1024643390
14  9 1914188279
4  5 1134647597
8  0 1712812011
2  13 1378067089
19  2 1922618646
12  17 1686927947
14  17 979219198
7  1 1987355982
3  13 1665565711
3  13 1117955252
8  6 950362872
19  9 1359292998
10  19 861723199
2  12 500352204
13  15 395426341
18  17 1792255751
8  0 1013844061
14  8 725972570
15  6 1183204292
0  17 845000690
8  14 1895857538
4  3 2100265581
14  15 450212268
7  5 1345184410
14  7 31631654
8  6 2047495814
13  9 1996741360
19  14 66037168
19  10 2015786985
11  13 323787443
10  14 2002234138
15  3 1247921706
17  5 696982848
8  2 583010804
18  15 1261007916
5  12 771115402
16  18 793337453
7  15 1583508371
4  13 570945237
12  15 582170241
17  6 875709582
14  1 526902509
12  7 574138410
8  17 578470084
15  19 1992371480
12  19 1275380758
17  4 1190142068
6  4 1980329910
16  1 1684770353
9  6 863330793
9  10 1758778116
16  19 1826645046
10  9 241644968
15  9 1238553194
12  4 665206361
14  2 1316408955
12  9 2109877484
15  6 534305813
12  14 1428895082
13  2 550129892
16  6 1037644248
16  18 152456485
19  12 923633942
2  18 247738009
1  0 360913653
11  10 1773466870
7  5 1782035042
4  1 1444923582
17  6 2126891491
0  7 677810190
11  1 936247041
14  19 1766244208
11  0 1259960555
16  15 1803736718
18  5 2052380156
17  6 1761291449
6  0 450034694
10  1 2007496801
19  7 768011095
9  1 288190101
4  2 228358216
17  12 1670786124
7  6 2085343977
16  6 1203149023
6  1 1080577225
14  2 1130368259
3  12 831002958
8  11 791926709
5  1 810867379
16  17 315087227
9  7 1438499342
5  2 201280116
12  11 694199331
7  19 2015362170
12  14 1740509753
17  12 2105242655
4  9 978556417
10  14 338235313
16  10 1141297767
11  0 208367346
14  16 469294730
19  5 1911649300
2  16 494969236
6  16 1489864527
6  18 1501243347
4  18 1996532580
19  2 241578293
15  13 575766098
7  2 1684752144
4  15 1421344548
1  10 994275203
10  4 933793137
16  4 342578000
10  8 1216990187
3  10 1918486164
12  7 576335659
6  14 1966861635
6  14 772134589
19  16 1576899279
8  17 1955331631
15  13 1256534548
9  18 411615973
11  10 477798382
8  4 745447764
12  4 1665352514
16  3 1798569766
5  7 1004303250
1  2 660545058
0  15 995230362
2  19 1502925070
16  18 1361604970
4  8 1866058528
0  17 693180668
1  13 1074825563
1  3 2051267856
9  16 1100070944
19  13 830802381
