200 20 17 7
9  10 167094796
11  7 1396783684
10  3 988751836
7  4 2021586166
19  3 1989658725
8  18 351192143
3  16 1560892335
6  3 2139143135
13  5 1869041507
8  5 1298492619
11  18 582564167
17  5 202112345
7  15 891798682
9  2 1812234393
17  10 597651037
7  16 173786161
19  9 186115361
1  3 1034527668
7  8 1572286541
11  13 84290598
15  1 1675612670
9  19 872580394
9  18 1178454488
4  14 1531289264
0  14 1772554947
12  3 403670114
7  3 607939059
1  9 222235920
17  4 1570330883
19  11 1589397565
1  17 225072838
18  17 1350436865
19  11 955595724
16  11 517693715
14  1 1166891683
10  9 1711991951
13  1 1498660312
15  2 1130296277
15  12 1066072741
4  5 2114108563
7  0 1247911906
11  10 339847373
1  13 1899010944
8  0 353218499
8  1 229765040
8  4 1015525806
14  17 504416078
7  17 1760822670
19  13 483971726
1  12 1761659817
7  2 171733192
19  12 246385176
13  10 437086651
16  2 1226243647
17  11 1526043062
13  18 793924915
5  14 1563934913
18  2 850482151
19  6 1521046058
15  3 392068434
7  15 760427599
10  0 918116638
8  14 1086831879
13  14 840082495
9  8 466055612
19  9 1031998045
1  16 178492127
10  12 1981484082
19  3 2009267275
1  2 886002433
8  9 1571667923
7  18 2070332629
9  17 110347681
18  12 1057491966
12  10 561221524
9  4 1152296650
18  13 402347888
7  14 641607334
7  9 516315816
10  16 1694787106
12  16 101759321
0  2 1929006353
5  8 1121943124
17  19 752710189
4  17 1227490357
3  8 424544406
19  11 1124046764
4  6 681689127
4  5 35510712
6  8 1609683553
18  10 1979388242
17  18 1565442946
3  19 1696002580
18  9 1988598972
3  12 2113360950
13  16 762304682
4  6 1576705834
9  4 2095336247
12  1 1187765767
6  15 782216242
10  18 1822207479
5  11 790925051
13  9 572674352
12  1 1818603506
0  9 1787262613
2  8 1131880156
9  17 29796990
12  17 792077871
10  7 1896969246
13  18 775882390
19  5 355410907
18  3 905372844
1  16 1689361023
14  3 850342946
5  0 1737075000
0  17 1942482375
9  17 861178963
16  18 1473486234
19  13 317135257
16  14 514348584
5  6 2092770289
16  19 1132492003
4  3 691203589
19  18 576765631
18  3 1454141633
6  17 658332504
14  13 276798882
8  15 1543622864
12  4 764903443
11  6 1780882929
19  6 268860072
7  6 830364420
18  12 833288005
19  6 441881151
12  2 1069194749
18  14 938676490
8  0 487793798
14  1 1586399031
17  4 670575163
2  3 74749463
19  8 1383633249
0  3 2040653708
7  11 1590671618
9  4 622030717
15  18 1145932810
3  12 26817574
16  13 68785277
3  13 1308579145
19  6 2046436828
16  15 277169234
15  11 1003115145
17  19 371828188
13  10 1058131171
3  2 1939759868
11  14 1601284025
2  9 169020899
6  4 915107221
5  14 1375579402
18  16 1958243997
13  5 831164412
18  4 428686578
17  8 955762031
5  13 788039852
14  4 918931856
9  7 589439447
16  1 177598942
16  18 2091487243
0  9 1952877358
13  8 264359689
2  1 1388047485
18  12 1592100797
17  0 1738351102
16  14 1527852905
0  12 855431033
2  13 629722864
2  7 2098881055
7  6 370435339
8  15 1254880527
1  9 85099383
2  17 1646353971
18  5 1317561156
14  0 48916578
6  7 4289796
13  1 1387116720
2  4 1983137275
2  1 1704454775
7  19 699069876
11  2 1812824968
3  4 741402441
12  4 1461432066
19  3 26747277
18  3 771930683
2  9 1377902154
11  12 802886609
18  9 2017590176
16  1 611808539
6  7 439014438
10  9 1808644372
2  3 1324476582
19  6 1654388378
