200 20 9 13
9  8 468510414
10  1 2011900529
18  19 362958382
16  17 991765221
2  3 1237991545
11  9 1205525315
18  13 974566894
12  8 1537430413
13  9 56975227
9  1 1336736153
15  12 1438236310
15  1 1017380678
6  12 1599357319
12  5 850886424
15  9 546715284
15  6 357873616
14  3 1008915302
14  16 1464579687
8  10 112019551
2  15 1700810381
19  5 1209474180
0  3 1879589723
19  2 1051988918
11  0 1557365884
6  2 373960536
7  19 23345819
19  0 1919833274
16  14 1225110859
18  0 710634808
9  12 1495462191
16  17 1375172887
6  5 319320070
3  15 322732593
12  5 1300348072
0  4 1047198608
6  17 5758352
3  10 849832072
15  18 550183030
6  1 1825421437
16  18 334302424
19  15 113746228
14  2 422760706
6  18 1350411414
6  11 1563304913
6  11 550954312
11  3 1683724708
18  0 318316601
1  19 949746362
12  0 1959518826
11  18 1657007007
2  15 248652699
1  14 1041051921
14  18 359026772
16  13 1533784671
4  0 26565027
9  1 209699279
4  10 2050192079
6  8 1308567639
2  10 2067448153
10  0 1087856793
7  11 1999258778
11  4 943145215
4  15 1844719728
15  4 1379969276
14  0 1163599929
6  1 172422788
16  17 1752897932
13  10 1854500393
16  18 276444848
7  17 1848316641
15  6 1645326671
9  19 1434786613
19  4 1551162911
2  1 535106796
9  15 914557690
11  18 730293257
1  14 1029262986
16  11 1572342544
5  14 1155737586
6  13 457818562
3  15 1617028469
12  18 487400311
2  0 1777709181
15  10 2059035705
19  9 1176666228
8  6 304204831
13  9 1500156861
16  8 432993010
4  2 1277751649
18  6 1906096059
9  1 1330660028
16  17 405624041
17  3 2089442540
12  4 888758946
7  18 1759628665
14  11 1418447421
0  14 158835725
19  17 1743241712
2  19 1534627087
6  15 913218998
4  19 1538138764
7  17 2060073440
9  16 2112880746
12  4 1999531583
15  0 380390189
17  18 1713201256
16  6 341667721
6  10 1599373083
2  17 1920168766
11  12 735337215
3  14 1435827286
18  15 2029059148
15  9 1677546617
0  3 662318377
19  10 892829815
9  19 787572518
11  14 1185248174
15  18 2053721933
11  2 1655383021
5  17 1192014160
10  6 843981419
15  8 2100789132
15  16 1702807685
7  11 796707327
4  12 2131525188
14  11 478694692
17  5 696052973
16  10 768262553
17  7 1712812452
3  8 461983627
19  1 913166268
6  4 471652142
3  17 630272522
13  6 439288574
5  6 1578886812
0  8 1700114614
0  7 352089966
11  16 338052580
7  2 2007561648
6  2 1109172710
16  19 1742614771
1  2 1495706907
10  19 2103152079
18  17 297984425
11  6 1858456128
3  17 1516658141
0  2 723153101
9  1 443754502
4  15 1716390672
19  8 1530231114
8  16 272026905
14  0 1447399564
17  4 2094496024
4  1 668509030
1  2 431212287
16  5 1819131313
3  4 2118308483
7  2 1745980042
1  6 675254039
3  0 1118569013
18  3 1964967191
7  19 593398478
18  7 1747184890
8  9 1323271854
14  4 1035251695
15  0 414271930
8  16 1910235108
15  0 1569047559
11  8 662788966
10  9 91884183
3  15 2026473998
19  13 1996384255
7  3 1577478324
7  6 1913088327
6  17 2018637567
17  11 1342145539
19  2 809338930
17  1 902372752
18  9 156235570
17  14 136570376
19  17 1414470531
3  7 218165077
9  11 1341676303
12  2 695009550
9  10 1702248568
5  10 1553776432
13  7 929570089
18  13 98130986
9  10 403652639
0  11 304070950
19  0 1045484263
11  1 2114682968
3  17 369910822
19  1 524519608
15  7 867719560
0  4 2094142101
17  0 1286360659
2  13 1480987496
11  0 132039514
18  10 407124545
