200 20 1 2
5  11 21699684
9  19 1168906334
2  3 706040682
3  10 1523548800
5  19 209259053
12  19 1826528247
11  19 1338780089
6  17 1153626057
12  13 565589268
3  13 172432038
10  3 471280051
10  8 2048756134
11  3 663941243
11  4 245097782
1  10 236845337
14  2 2137593070
18  11 125896474
11  3 360445465
0  8 1156387783
6  0 990275328
12  16 2129788549
5  11 1688382661
19  2 191330961
9  15 1793746572
11  10 1459303650
7  1 1026865655
7  12 1354343876
9  17 1149512903
11  0 526826600
17  1 675256125
3  6 856949161
17  15 308282983
9  19 512162637
12  19 749614445
18  7 1903180752
6  11 1114329936
10  7 2031135331
6  17 297051904
10  12 1529795660
9  13 233619129
6  14 842538365
1  17 994284316
9  17 27403943
13  2 411009653
6  11 1069805969
16  4 1012461485
13  3 1475674825
0  14 1370524019
14  12 960209243
18  7 1160326037
3  7 396260251
10  19 31523070
16  11 486688795
17  2 304947539
13  6 1575076953
15  7 302851035
0  16 1897978984
13  12 391878134
0  10 292385410
10  9 1451627158
3  5 672947387
8  17 1334546656
10  12 1702286150
5  18 1565931727
12  1 1323727563
9  10 914501452
8  4 1113993331
8  12 2051209274
15  2 1129665413
16  7 2079465863
18  15 527552396
0  13 984861128
6  10 1896361017
10  3 1577356357
9  6 2009432921
16  8 1825465692
9  7 1776264881
8  4 1164573235
11  7 1383920349
14  19 1471538772
1  15 502595324
12  6 654907923
13  14 204069504
17  2 2002182416
5  11 1149163128
6  5 594944726
6  15 1360012520
3  0 478475863
9  4 1317140390
9  2 966158765
7  6 1280028733
16  9 123917376
11  19 2021872028
7  2 1403813027
3  13 302842390
0  4 1558398484
9  8 1826129151
12  17 2095629695
5  14 502704780
9  12 227815505
4  1 1743915389
15  16 1675149942
17  16 1460312612
11  14 1517302557
8  5 5201590
12  13 2082473697
7  6 1947607832
2  6 528323763
5  17 505630491
19  14 216727896
6  16 907476484
7  15 872611577
7  1 2016216310
7  13 1299690305
7  16 2134997919
9  5 1210759196
17  3 1395796023
11  4 387234901
4  12 1809396376
7  1 894707476
11  7 672524630
0  10 1237643856
7  6 1502121841
6  12 371156927
19  16 1922997737
17  0 1961894505
6  14 1439861211
19  4 792816824
14  7 379524443
5  12 589002311
8  5 1597232441
0  8 1203467557
14  7 1237729264
10  4 1613512952
18  2 1390676121
19  9 1470536686
3  16 2021901148
18  1 153111114
2  14 312747631
10  17 144565206
12  9 327571838
11  12 1444868747
19  11 898693420
9  1 1852332598
3  4 829492327
16  15 256610952
15  0 912346802
12  11 448756208
0  5 1216097821
15  4 2049415444
2  16 317742619
0  9 965651564
18  14 1296227583
3  13 733138436
18  3 934126060
15  9 1275694305
2  10 307928256
1  2 457432695
14  0 2124719461
15  11 2079833178
14  10 1491644326
14  17 1953065747
1  18 2095465106
5  3 826635702
17  7 962596911
15  16 1375412516
15  0 87168445
16  15 1478314274
10  19 1413920763
16  12 19468808
0  4 1270298152
1  19 130442172
13  17 1672564198
13  14 180004756
5  19 536098017
3  13 1635377450
11  1 1651394185
14  6 216531102
10  17 1814518509
7  19 187996715
3  9 1135656390
15  2 1405681625
15  3 724248078
17  7 1264458944
9  5 1962028200
13  7 736484394
0  18 1420728082
12  0 2099193266
15  18 2041851225
10  15 982977163
13  18 1285266069
2  4 290510427
0  7 816454026
1  7 245973083
2  8 2095366059
12  9 1554449974
1  15 280373995
6  7 1206039551
9  10 1804919476
16  0 1972133057
