92300
98500
98300
72600
99600
83700
74000
114100
74700
89700
73500
82900
87400
99100
81700
83400
95500
164300
93900
85500
86900
84500
94100
88500
93800
82200
84500
86600
765500
101200
90300
104400
92500
92700
84600
91100
89400
86600
76900
106700
87900
89600
94900
96200
89300
106200
86300
91200
86600
94700
94600
83100
93100
113000
99400
93200
91400
93000
70700
93400
96100
83900
88400
75800
74300
95200
91500
96000
94000
96800
94600
90800
195900
87700
84400
91700
91300
96400
73200
88900
85800
94100
112900
82700
78400
91400
88200
87500
73100
86300
71600
77200
94100
76800
90800
84000
93600
88400
85700
86600
