2700
2300
4800
4000
3600
2500
2100
2100
2000
3100
1800
2900
2200
2000
3100
3100
1900
2100
3600
3100
2000
2700
2600
2400
2500
5800
2100
3100
2700
5100
1600
2900
1900
1700
1500
1800
1900
1800
1700
3000
1800
2200
2100
2900
1800
2000
3800
2900
2200
2000
2200
2700
3800
2500
3400
1900
2000
2300
3000
1700
3100
4100
3600
4800
4800
2600
3100
1900
2700
3000
1900
1800
1500
1600
1600
1800
1600
1600
1900
1800
2300
1600
1900
2200
1800
3100
2100
2900
2500
3300
2300
2100
2300
1800
1700
1900
1700
2700
1600
1900
