4000
2700
2400
2700
2400
2300
3100
2500
3000
3000
3100
3100
3300
2700
3300
2400
2400
2800
2000
2900
3700
2300
2800
3000
3000
2400
2400
2900
2500
3100
2700
2900
2900
3200
3100
2400
2800
2900
2900
2700
2200
3000
2600
2900
2800
2900
2700
2700
2600
2800
3200
3300
3800
2800
2800
2500
2900
2900
2800
2700
3200
2900
2500
2700
2600
3000
2800
3000
3000
2800
2400
2800
2800
3000
2800
2900
3100
2800
2800
3000
2900
2900
2900
3000
3100
3000
2800
3100
3100
2900
2800
3100
2800
2700
2600
2900
2800
3300
2700
2700
