16100
13900
15900
14400
16300
13900
14300
15100
15500
15400
15600
12700
12500
13800
15200
12300
17600
12000
19100
13700
14600
13800
17600
14800
13500
16700
13200
25100
14300
14700
14700
15400
14500
12800
113000
11900
14400
12800
14600
13000
16800
12000
15000
15800
15200
14700
12300
15400
12100
15300
15300
11700
12800
15400
15300
17300
16200
14700
14300
15600
14500
12400
14900
15100
15200
15200
13100
15500
12400
12500
14900
14200
12400
14800
15900
12100
14800
14200
14300
12000
15500
12000
11600
15100
12100
15500
12800
13000
20000
12500
12500
13100
12800
13800
13800
14100
13600
14600
14200
17800
