19800
20300
17000
19100
16400
18700
20500
20000
17600
17100
19900
18700
20200
18300
20100
20300
17500
17800
19600
17400
20600
25700
18000
19300
19400
16100
23800
20400
20000
20000
18000
18400
16100
18600
22500
17700
19300
23900
19300
18800
19800
20000
18800
20500
15900
19800
19500
20800
16300
17700
19500
18900
20700
16200
20100
23200
18100
18600
21000
25000
20800
19300
23200
19800
17200
18800
22000
17500
20500
20200
16700
19500
20000
18300
19700
18300
20000
19600
18200
18700
19600
16200
19200
19000
18900
17900
19400
18700
31500
20700
20600
18500
20200
21100
18600
18000
19700
21100
21100
19200
