133400
141800
162400
126200
163400
127700
133200
129800
125000
133500
129800
166400
127800
133400
162100
239800
128700
159300
173000
167500
189200
134200
131400
165300
174100
220000
187000
173500
215200
141900
155600
130200
151100
125300
256700
223500
129100
169100
176200
132700
174700
169600
137600
128700
191400
131000
162000
128600
135100
180700
166600
199900
126300
130400
240700
212400
129300
196500
136200
127700
124200
129800
194100
155300
173400
196400
170300
131000
123600
128600
176800
181100
162200
176600
168800
167300
124700
130500
131200
125400
170600
164300
130400
176300
167500
129900
127700
129900
170100
127600
130900
126400
140100
179600
129900
138900
198100
128400
126500
143500
