14700
14500
16100
11200
11100
12500
15600
14700
14800
14500
11300
16800
15400
13900
13600
12600
18800
11500
10800
15000
14200
14400
15100
12500
11600
11700
15600
13500
14500
14700
17000
15400
15800
11700
21000
15100
16000
17700
16700
17200
13700
13700
13700
10800
13100
15100
13700
15100
12700
15400
13600
14800
15200
14300
15600
15200
14900
16200
14600
13700
14900
14200
15100
17600
13800
11100
11200
13700
11800
15000
13700
13700
12600
12500
15400
14400
15200
14600
10200
13700
13300
13600
13200
15700
14400
12800
16900
15600
14700
13800
12900
18000
11400
13200
14500
14200
14800
13300
13800
13700
