5800
7400
8900
8200
8200
8800
7600
6800
8000
7900
7800
10300
8400
7800
8300
10300
8500
7400
8100
6800
6800
7100
7500
7800
6900
10100
7200
9200
7600
10100
6400
8100
7700
8100
9500
5500
7100
7700
7500
9000
9200
9400
8700
7800
8100
9500
7400
7900
7000
8800
8300
10200
21000
10600
8500
7400
8500
8000
8000
7000
9100
9000
9400
9200
8800
8800
7700
7600
9100
10300
7000
7800
11700
9100
7700
9300
8100
7800
9900
8900
9400
9700
10000
9300
18700
10600
8500
7600
10500
8500
11600
8500
10900
5800
11200
8600
7200
9100
10200
6600
