40400
40100
28000
28600
29800
28200
30200
28300
36600
41800
37800
41700
50600
34400
28800
52300
37000
31600
33900
42300
37700
43400
41100
37300
39700
30700
43200
31800
43900
51200
42900
25700
35800
42600
45800
40000
45600
38000
33500
36700
39600
30800
43500
27300
38100
39800
29000
35600
26500
46300
36200
42600
27900
40800
48000
41400
40500
38800
28900
61500
41000
157800
52000
72900
35100
36900
34500
66300
53600
39800
43600
30500
46400
32500
42400
32000
24400
26700
27300
56000
36500
43800
31200
35700
29300
40600
35300
39000
29200
42300
35200
48100
28700
36600
37500
39400
38000
39900
45000
36000
