50 10 7 9
3  6 179389596
0  4 937659455
6  2 878151023
1  0 300611477
5  7 947318181
9  0 668780037
6  1 1183075349
5  4 1871437320
0  6 265069375
8  2 808170682
4  9 1267871240
4  6 1714382640
6  2 710503968
6  3 1155310351
7  3 1263828847
9  3 1698351267
5  2 859842460
7  8 219957398
0  4 1466608967
5  3 2047372763
0  6 1017382819
3  6 373701065
7  5 1431455187
7  4 1673218695
5  7 36251763
6  2 628685778
7  8 420145599
5  4 615151309
0  9 236688047
3  9 1149627819
7  5 1729269474
3  8 1615110583
1  9 1222018184
3  1 1986192895
0  6 2057832552
0  7 661347354
7  9 611200978
3  4 1995902190
0  8 2116857877
7  3 2021138554
5  1 1550855397
4  5 998523872
8  4 2080941653
2  0 1069069182
3  9 2015970098
0  3 1351168545
5  7 1640134428
8  1 894625214
7  3 1213755072
8  0 26684301
