50 10 6 7
0  6 2038226288
9  2 770074036
3  1 1580477926
2  3 403253380
8  2 1091939094
1  2 1622754217
5  2 1426277727
6  5 1390437553
6  8 1315217768
0  2 940051509
6  4 1155608643
7  2 1120292781
0  7 1513581064
6  3 1244092266
7  6 1366752455
3  0 390357801
0  1 1691959255
6  4 1052804640
5  6 1115109724
5  8 1340500620
9  5 488251585
8  7 1672154371
0  2 2126910807
0  4 353575184
5  4 1199140148
7  1 2105036403
7  1 890022273
5  6 1274535292
1  9 1960245931
2  0 154705133
9  1 1501741666
2  6 1727416160
0  1 233703013
8  2 554704052
3  9 1444968515
2  9 1335477293
4  9 343481641
1  0 225774176
3  9 2109306355
2  6 1332377824
6  5 462273319
3  7 2105625629
4  7 394078313
3  9 420914654
1  9 304462272
2  3 65834045
6  4 815948124
0  5 316292644
9  6 1177968001
7  1 379408681
