50 10 1 9
1  6 588243110
3  7 1475576434
9  6 900395767
3  0 120548624
6  9 1084187013
8  7 1540858576
3  9 1693804081
8  1 684970477
9  4 2072842871
3  4 1371548638
8  9 429346352
3  8 1775615642
7  0 2029748518
4  5 1680180677
1  0 343709161
9  4 330305973
2  8 306318962
5  7 94117023
1  6 1145668466
4  6 1531692167
1  4 1204434470
9  1 1667682345
4  7 1055796463
3  0 156256203
8  7 107501194
5  4 384004052
4  1 1020902290
8  2 512532226
8  5 1715293437
6  4 221300793
1  8 1316742475
0  2 1057485582
9  6 1535331055
5  1 1102847174
3  9 1692647767
3  2 1472402922
8  5 89632371
5  9 1224214701
6  4 1786647581
5  6 1579147883
3  4 570720113
0  6 1689467537
5  6 427968996
7  3 294305702
2  6 1711774806
8  3 1642772790
7  8 203414622
6  0 1985810225
2  4 1533108273
6  3 365918610
