50 10 0 5
7  1 567437294
3  8 769682194
9  1 1203655659
3  4 647763484
8  4 1708917153
5  4 177239424
9  5 401147234
0  7 1752147726
1  0 771161767
7  3 1295655480
9  4 1342574876
8  6 1497259130
7  4 579815740
5  6 1625444175
0  9 691571510
2  5 1296409703
1  0 274045088
2  0 544485659
7  8 1012686850
7  1 208613852
6  3 50101805
7  0 2066485519
8  6 1057112685
8  5 1194165413
6  3 820630910
3  7 1723713335
9  6 2055060277
5  2 1804594484
8  6 2244395
6  1 119233002
2  4 71258615
6  5 629205361
6  7 1490591257
2  1 1302337044
0  8 546337611
2  3 1468859687
0  6 26692229
4  5 64868783
5  9 1250178931
4  1 1825445935
6  1 1740677389
5  0 302831595
1  7 1671879056
1  2 492988245
0  9 356345100
7  5 708180397
2  8 242955728
4  9 1315182854
0  1 1311292350
4  2 516704362
