50 10 6 1
7  6 366841050
9  3 1241670919
0  8 689306811
9  6 1315704194
1  9 1080515725
0  9 791941544
5  0 939396678
3  8 65776995
8  3 2132924816
4  3 252101137
5  3 512332922
6  7 639936751
1  4 1328447025
6  0 1712237635
7  1 796690585
4  1 1647291702
8  1 348162867
8  3 1335720598
0  5 1103109223
3  9 1067611568
2  5 1964131945
9  2 1799672390
2  6 1553086868
9  6 2038777349
9  0 1379958804
4  9 1668687704
4  2 1996782649
5  4 1185753013
4  0 1124269683
3  5 499504966
1  3 393508496
3  8 857216089
4  7 1592313736
3  0 463097525
1  7 881034312
4  2 1724552118
5  2 531208975
6  9 2073157472
1  3 436033205
9  6 740622453
3  7 1438653157
3  7 559953837
5  6 2144112217
0  3 262409990
4  0 2087683505
6  9 2037517785
2  6 620567491
5  8 2025646907
7  6 1252849983
9  2 1240235558
