50 10 5 0
0  1 784933654
0  1 141899306
4  7 347042453
8  3 931245544
8  0 1607983130
9  2 1649274201
8  0 1818122138
5  9 1533234550
3  1 960771050
1  4 403014450
2  6 895361070
1  2 298226318
9  8 1514130471
9  0 349052762
8  5 1852021808
1  6 499561655
8  6 341216800
9  8 1205311037
9  2 500645134
9  6 1681988746
1  2 383229330
1  2 889079931
8  5 387500558
8  2 1782241455
5  3 774048645
9  0 883495362
5  1 1802502650
5  1 10830820
6  0 524747217
6  9 661607466
3  2 1714104668
0  7 166050326
7  8 2085517712
0  9 117075504
7  0 80136894
3  0 431401042
6  3 492986705
9  3 2140804624
7  1 763112183
6  2 161672762
0  8 712618229
9  1 435653322
3  1 779983065
9  8 470747756
3  5 1408137237
6  3 750494193
3  6 1896086202
7  6 1019209410
3  1 815081575
1  2 1128609025
