50 10 8 1
2  4 1645319830
6  4 92050115
7  4 826810269
4  2 764014762
7  2 134071719
5  3 255161635
4  7 693702805
4  7 1168542051
3  8 2063549453
1  4 1952059317
3  1 369415009
8  1 2141819291
6  2 855489757
3  9 1904415328
8  3 1648035147
8  5 834016478
4  3 1660393250
3  6 1008802622
7  2 192401119
9  4 643465547
8  7 1280093586
6  0 202327523
7  1 1606120295
1  2 819545801
8  4 1131557233
7  9 32997932
8  9 1593786307
3  8 324986429
0  7 1568059408
0  1 1296844651
5  1 1705310051
3  8 190593459
4  1 577951371
8  0 312506310
2  6 1450479182
0  9 1993144747
5  8 1801752606
9  3 33214758
8  1 1099567337
5  6 259180017
7  4 1259205613
5  2 498327483
7  0 1485098267
5  1 1809797359
4  0 1145140377
4  5 469619574
7  6 454409383
5  4 1252921752
4  9 1577865870
7  3 155298386
