50 10 6 8
6  8 1836118677
3  1 728830319
7  5 374977220
3  9 58179597
9  7 421599642
9  8 2135795670
7  1 306054749
0  2 1994202676
1  7 376492060
2  6 1571719869
6  7 240674306
9  4 1951178737
1  9 1548908378
6  8 1313513843
4  8 143697202
9  1 447571714
3  9 1891412804
6  9 1549407186
5  2 1585239734
1  7 1578411982
9  7 959758157
3  8 397918073
5  9 1658135185
4  2 1564437888
5  0 996563444
0  2 92663906
1  4 252901217
2  4 1440682928
4  9 531893251
0  4 1148700298
8  7 1923233606
8  6 1646340178
8  9 1842274956
9  7 1776159742
4  1 2141879235
9  3 1671043125
7  4 513923893
0  5 246237114
5  2 1021064361
4  7 1430124514
0  1 138878377
7  3 476176812
6  8 985472924
5  7 1868288827
8  4 1870279200
9  2 1866591628
3  1 3832864
1  9 337966788
5  6 56120435
8  3 57759641
