50 10 6 3
5  3 1434699625
3  5 849119120
5  1 630616342
9  5 243607812
6  8 1312752483
8  7 1106957003
4  2 1853800280
9  5 803360860
3  5 1145907331
6  0 2126997325
9  8 676223704
2  6 1942635399
9  1 1295382721
4  3 1129662228
2  9 1533295090
0  7 1002973305
4  9 1361063018
6  9 1510374964
7  3 1975123842
0  1 12989562
4  1 1756699673
5  8 767413112
3  7 46501918
7  0 1401209697
2  1 341778679
6  3 1246515936
0  6 1832721968
8  6 1289668288
5  2 1392636092
7  6 1959561700
0  1 1312955091
9  6 297211164
0  6 554890021
1  6 1202135745
6  8 647675959
3  0 227335720
6  9 1435354148
9  1 1503565284
8  7 1916076826
1  7 711917508
0  1 33139967
3  1 1535766970
9  0 308027235
6  7 1486618422
9  7 2020381432
2  1 652018546
1  9 605439134
7  9 1826120374
0  7 1282253448
1  8 1125647223
