50 10 9 5
9  2 850002976
7  0 1645438452
7  9 929551893
0  6 2049630097
4  1 1468026624
9  1 844590754
6  2 145351930
1  8 695368522
8  6 1458294775
8  1 1774086776
7  4 184102304
6  0 552597615
9  5 709025080
6  7 451754092
8  1 1806085664
2  5 1590279827
1  0 1977502171
3  9 842449532
4  0 1884439030
6  9 987612809
5  7 350401963
8  1 1726900662
9  5 1221982329
1  4 2122303251
0  1 990130883
0  2 1078616074
5  8 1146348912
8  6 1738604990
4  0 194703266
0  2 1904283234
9  3 218506131
4  0 886464798
0  4 164314120
8  4 975665515
1  0 537429814
9  5 1440571165
1  6 1466682971
6  1 569397085
4  5 1070014243
2  0 1669658204
7  9 162990300
9  2 2000868752
2  0 1674159033
1  5 1340631093
6  5 1254692583
9  3 1176479129
6  7 1492620588
6  3 246515780
5  8 902499051
8  4 1774224434
