50 10 1 4
3  7 1448617264
3  0 76293728
8  3 29014636
9  0 2010928642
7  0 1710967295
9  4 272413695
5  9 2110230160
1  7 1538152124
0  7 1327938989
4  3 824279556
3  6 1813418205
6  3 286954916
9  5 1252042991
1  9 697109058
8  2 682007578
0  3 1387062850
1  2 754813641
4  3 1592343386
8  9 611639287
3  7 1934474660
0  6 683391481
2  6 839168818
3  2 606088191
8  7 1745261760
8  7 1374175101
9  5 88259307
7  0 594964993
9  0 1479539281
4  3 1490253335
7  8 1899858006
3  6 1426300592
8  3 1648921191
0  5 1830755418
6  1 1085183561
0  1 873806276
9  2 1383338445
3  6 547193924
5  7 1173847257
4  6 1206226126
2  0 275254184
6  3 1092536676
4  3 1286582724
4  8 793905077
7  1 1117423987
8  0 1443845311
6  7 1974871670
6  5 1472862932
2  8 1948124416
3  7 756867204
1  0 1167974754
