50 10 0 5
3  7 1905522637
1  2 1842679579
6  0 1594795641
8  0 855113588
9  4 1662670504
2  3 2021124449
5  2 118562913
9  5 1617593080
5  9 275543887
9  6 1281326250
0  7 548189287
6  3 1326107957
7  8 1355613829
2  3 1735983042
1  3 1660926659
7  4 785237366
6  9 1899268965
5  8 108674534
9  0 1339586563
9  5 2044005346
6  2 212053940
8  5 1469499737
4  6 440468245
6  4 632481744
3  2 2131882386
6  9 2067976971
1  4 947712070
6  1 45197747
9  5 1322815227
2  1 194612529
9  5 1274309367
2  1 1778993155
8  6 170047570
9  6 301528866
8  1 838652901
7  2 884295114
5  8 68923334
8  5 964675142
5  8 2037660579
5  3 2103721551
8  6 314538122
7  6 1479670036
7  1 1016066598
2  0 1470346690
8  6 2073284034
0  5 1504242883
6  1 1502021212
2  9 919267297
6  9 324921210
2  1 1032181025
