50 10 8 3
7  4 700491988
7  8 91306777
6  3 867482497
4  0 1392822358
8  2 1676988022
2  6 2020927299
2  0 185240985
3  5 751019778
8  2 1168917292
8  9 910416694
2  5 2099327862
0  8 764669535
5  6 1348846690
7  5 1262312721
3  9 1316840157
7  1 266197857
1  3 340372892
1  5 1971857428
2  7 1976655664
5  4 2073829479
9  3 1597791436
4  6 461973165
6  8 1740813247
9  2 69529842
5  6 1341027028
3  2 1894527367
3  1 1643391974
4  0 838488267
1  3 1182467081
8  1 1320217537
8  5 1497529556
3  1 709244483
3  4 499515846
9  0 904565602
9  2 2120586561
9  8 1578856012
7  6 1025725172
5  1 720396467
0  8 779712944
8  9 514730020
9  3 165120988
6  9 1352698035
4  8 432267896
6  7 81470001
0  8 1571052983
7  8 1346487311
9  4 348367221
8  4 1439057766
2  7 125089843
6  1 1729701151
