50 10 7 5
8  3 1990660244
2  8 63010529
1  5 1520985315
3  6 104651567
4  5 571537674
7  4 450549644
6  0 1746875441
0  5 909535733
0  3 1832352947
2  8 1708563180
2  8 116207262
7  3 1311049237
4  7 1892703647
4  2 1199082857
8  5 970668736
3  4 2029742800
1  6 20867315
1  6 73593119
0  1 1223007097
4  0 612519893
6  4 1657469383
0  8 1105960244
2  8 1931581281
0  6 1351820839
5  4 399244310
0  4 473222283
7  3 260509806
5  0 2013496164
5  8 99637747
4  9 538130851
5  7 1647823169
6  3 1669273006
1  4 951553778
5  0 2064707196
7  4 241690485
2  3 1872540066
7  4 1963906396
1  5 1242362015
5  7 1623815163
4  6 534599153
7  5 199785678
9  6 2140496185
1  9 136261647
8  4 293837359
5  3 1657597637
1  8 669464947
5  4 1690113093
6  3 1847767580
2  1 383066652
0  3 1736818958
