50 10 0 9
2  1 1315688812
5  0 843986844
2  0 1776421460
9  5 238294440
5  8 466762637
4  3 2120402445
5  3 780784148
2  1 2022567549
4  6 1377159204
0  7 927267009
9  5 490481155
3  9 707903699
2  8 1026573839
5  7 1288377127
5  3 792106622
8  1 1079950967
5  3 103953522
2  1 39537792
4  9 147885458
9  2 1025423347
8  7 2004673256
8  2 1997616901
1  8 1215534910
8  0 1936960968
9  5 1876576778
0  9 1291711592
6  3 457781344
4  9 872278013
1  5 1156777252
6  4 2106646309
9  4 1075857288
4  1 1982689063
7  5 936826885
8  9 1443668612
4  3 1429971205
9  7 979486297
3  7 760739431
0  4 2037094121
7  9 626618548
7  9 1416766160
8  0 1227462445
3  1 2069256697
7  6 775635363
2  1 382274067
7  4 370248492
7  1 517997090
5  8 1336052214
9  2 1031483680
4  1 702591709
2  4 1363201564
