50 10 6 7
2  0 1449586250
0  5 17045100
3  8 2020614856
6  5 513488871
0  6 454281006
8  0 52829350
4  2 721775927
4  6 1561273950
2  1 1266656176
7  9 1032183911
4  3 1394232038
2  9 929325826
0  9 751149858
9  2 847195745
8  3 650718368
1  9 99686582
2  7 1595939070
5  3 445779976
9  8 528562054
2  5 784880456
3  6 666276144
1  9 1222916825
2  6 2072298055
0  2 1478643522
1  2 452071056
5  7 1784325333
3  7 995243175
9  6 1386746022
2  7 590205924
2  3 644355804
1  5 39030673
0  9 1566873377
2  3 1997597129
2  5 1920386944
6  2 206513155
9  0 802641213
9  7 813542219
2  6 1383353171
5  9 342832899
6  7 1589986086
9  4 413555087
7  4 1178553354
1  8 2010244926
5  7 1021138182
0  1 427813365
9  3 980378477
3  8 378629351
9  8 2137324143
4  8 919648462
4  7 1633186973
