50 10 4 2
7  8 781552175
2  9 887540003
8  0 1878911629
1  6 80811358
5  2 941174556
6  1 1400035628
4  9 241968656
1  8 1832101743
5  7 1207709735
3  4 194010600
9  8 1424666719
5  6 171836143
5  3 1808524697
6  8 1045032373
9  3 197629727
2  9 1096422789
9  1 410654908
4  0 1286969645
3  5 1193711650
6  7 1007405558
5  2 719192842
2  3 1549294503
5  2 52390662
1  5 312204736
6  4 1671917712
9  2 1953246462
9  0 507598334
1  5 2074716045
7  8 158302254
1  6 1484098094
0  5 2121175042
4  6 1970435191
4  3 827735382
2  0 670706722
5  7 1794931463
2  8 786214758
5  3 209526080
0  9 1151794434
5  9 631418529
7  5 795459894
8  7 1074478804
9  8 1702896721
6  5 50073969
7  2 506364613
5  2 315044518
2  6 813994275
9  5 2014928238
2  1 1394597320
5  1 1776124535
3  7 1403928543
