50 10 0 1
0  8 2090390373
6  5 1682228442
0  5 395664124
4  8 22730712
5  2 1116731490
1  8 1705882873
8  4 1688435230
5  6 1065040650
4  8 2015803680
8  2 1404419059
2  1 1688016366
2  5 1208332866
3  7 1403045301
4  9 1723394673
2  8 1669536739
4  1 1804712492
0  2 1850915471
3  9 302834801
0  2 179639720
2  1 1200437860
8  0 17885918
9  3 834532031
4  5 2128812087
0  7 493449244
1  3 1131268780
4  1 2071401841
5  4 973469162
5  3 1565115190
0  9 890904880
8  2 1503925447
2  7 89559151
9  7 1569148765
0  7 1424216716
3  4 1200863031
6  8 219672932
0  6 897659569
3  5 1333440933
0  8 124264427
6  4 54517414
4  0 814719424
2  9 972033980
8  7 90065130
8  0 1081102668
7  0 998888464
6  9 1122022899
1  5 1378607348
5  4 1554611109
8  2 1747425191
8  1 1562889493
6  0 2056132137
