50 10 1 4
3  5 800044357
7  6 1246175038
9  3 783755296
1  7 510491819
9  4 220069047
0  5 308937838
5  9 516923839
8  3 1036972227
0  8 1742100600
8  6 1817299042
9  2 1256991847
9  0 665022586
4  5 921629314
9  2 261706106
1  7 259319871
7  9 478415198
2  3 1152818199
1  2 1192749194
9  0 1123057145
2  3 1401134054
0  5 1715001408
6  5 557319659
9  8 556115304
3  6 1928077374
6  4 1822311991
8  9 1232437564
7  6 976351574
7  4 1795161343
7  5 426761248
1  5 668853419
6  5 1362055051
5  4 1034197473
1  7 452472868
6  4 951189545
7  2 52999360
3  0 1039783868
5  8 1148608080
1  0 1327987897
1  9 69829063
1  9 839515907
0  1 1978843476
9  0 1570999391
2  8 1532829364
6  2 1181028542
2  1 1169303099
1  4 476778276
9  3 35722903
9  3 1510742
6  8 997602287
5  7 1432090424
