50 10 8 9
7  4 216766193
2  8 1209545729
6  7 1834385840
0  7 2085436797
5  1 993917280
9  3 404642900
1  4 120952031
6  1 1129520691
4  1 1539221018
7  5 635841513
2  3 870040422
4  0 1489895657
0  5 1549515486
4  8 233910535
3  9 1523381797
3  9 723178933
9  8 1148169953
6  4 1481930198
9  5 466438076
0  6 1864220492
6  8 2068430785
3  7 1124036198
9  8 269195485
0  7 1088121538
9  6 1560420808
3  6 1613518627
4  0 422172871
3  9 452605110
0  1 651760860
8  6 1416325698
9  7 1020437552
6  2 220209492
9  7 436122595
6  7 1453142599
9  4 286324633
8  7 1244522459
7  3 748360722
9  8 1145205640
0  9 2119676568
5  1 47929303
7  9 1605648796
4  6 2133437105
5  6 711384098
2  7 250471863
6  9 1907184640
3  8 366854206
8  6 1001316291
1  7 2010745705
5  6 684634151
3  2 1661151582
