50 10 7 5
5  2 1655573611
9  3 883041815
5  8 1220010190
3  4 113429648
1  4 1361008174
6  9 1680011034
3  7 90365752
0  6 429944337
1  5 1872217614
9  7 315088201
0  9 2088587120
9  1 1377911697
5  9 9758760
5  9 1066881062
0  2 1792809770
6  8 1341059470
2  1 1347238391
6  2 394359036
5  0 505965850
5  7 797639927
9  3 2143535439
4  3 1840898358
7  5 549504738
2  8 1963792084
7  5 510364152
7  5 1270873839
8  5 427928070
1  9 1318362250
6  7 1759902114
8  5 1906420555
8  2 1653635279
9  8 1426835921
7  1 2133012597
7  4 197496793
2  5 545446215
4  9 217161666
7  1 1540058141
7  8 2090773701
6  5 2071023925
0  8 51068939
8  6 1899500254
3  6 441009609
7  6 1043472962
7  1 234639762
8  6 135647388
1  6 374839889
8  9 5799589
1  2 1133849674
6  8 1761452057
0  4 1104382191
