50 10 9 1
5  6 2112433758
1  6 2104145835
0  2 935242952
7  0 1288862648
1  6 2033142736
5  9 1871173708
7  0 1682287970
8  5 265140951
5  2 368047489
4  9 845660920
1  3 395241467
7  2 1538364753
5  9 1472413436
7  0 665978883
0  5 721975478
4  8 611660788
3  4 709307998
7  2 606432159
6  5 656065115
1  0 2128614237
6  5 667139037
2  1 1000210011
9  5 1978897146
2  1 1819278099
9  1 622512489
1  9 318355957
7  1 1060600948
7  9 1707558545
1  7 1760187079
1  4 1793542566
9  2 696185014
2  8 770399472
1  3 422434913
1  9 1687812256
0  3 918733534
3  9 536108010
5  4 707346688
8  6 690421124
7  2 2052829105
8  4 999457591
2  5 1268923440
0  7 103132303
0  1 1981107085
4  7 950210855
0  3 601413481
3  2 777382582
3  4 1542183976
4  3 2063790865
1  6 1189645729
5  9 1526442512
