50 10 3 2
1  2 1843779483
8  7 458543843
1  5 1189345960
7  4 482904467
6  7 1066039245
0  8 1402748419
8  2 1117342953
5  7 1693206492
3  2 878043820
7  5 651581832
5  4 1632648555
4  7 13335656
6  9 416954071
0  5 250654275
4  2 1609032291
9  3 1396455448
0  2 670597555
8  6 1853512127
5  8 1040987358
2  9 1763679063
0  1 1542263753
2  6 1860189793
4  8 266919436
0  2 1255449251
3  2 885322635
2  6 1108184951
7  3 615043616
7  8 2066870001
0  3 615769462
0  6 358497471
3  2 2141383772
5  0 1172093543
7  4 344820649
8  9 1656963183
6  0 1072741707
3  0 874884586
1  4 173156864
7  3 908868916
2  6 1906293755
9  5 1573760060
1  2 1328275870
9  1 1916536711
3  7 666761343
6  7 287822243
8  9 10405069
0  5 275140635
4  0 1725676777
4  1 1320802063
4  3 325179104
3  9 1041049612
