50 10 7 2
8  0 1234246213
5  6 1386723419
8  6 481765710
2  3 1534924846
8  7 1828805751
6  8 1763476636
4  0 1822515881
1  4 369348569
4  5 931202002
0  8 711362999
7  3 961439454
5  7 1546877925
6  1 1467100539
2  7 563525212
7  4 182839666
7  6 1605637552
3  8 1093013797
0  4 1340715941
5  0 1614295785
6  8 1375654105
4  0 515928023
1  0 331187955
3  2 113792528
6  0 1894981093
6  3 451469503
8  0 2035145470
8  1 958149051
4  3 1128588845
8  6 105785170
1  8 1745415628
0  4 2001922574
0  2 2085877613
1  3 429825539
7  8 1327902498
2  0 1034477605
0  3 2065995397
0  6 270047721
6  4 1939635504
5  2 793853229
5  6 1578003281
6  3 701534724
1  8 122284698
3  2 310761705
7  2 264333309
3  0 881697330
2  9 1097108184
4  5 795684521
7  8 856809595
7  1 179870029
1  9 716011273
