50 10 3 1
5  6 720989031
9  3 1481423405
9  5 1996863882
2  7 786463436
6  1 1131745136
6  2 2127962982
2  6 52635522
4  0 523256059
0  1 242262267
0  5 1382318986
6  2 1417948176
5  9 1308586036
5  6 1899565890
5  8 346651117
8  1 607968243
3  4 365855331
7  0 834063091
2  5 347786542
4  3 553622355
2  9 446882483
8  3 1921017542
4  0 1904644423
2  3 1847827799
3  4 620153647
6  2 859084293
7  6 1834427308
1  9 1463204437
0  2 1517543303
8  5 1911087800
5  9 895918578
9  4 81040169
7  9 480206862
4  9 814955755
2  4 614419074
3  1 760367908
7  6 1960535734
7  2 973749036
7  3 380849202
7  6 2043158956
6  4 1577056862
6  0 1455789974
8  0 50768622
2  8 2014050376
4  1 2013207329
1  6 1673023041
5  8 1532579263
3  4 1535573010
0  5 1851480219
0  1 232889482
9  7 1826377172
