50 10 6 8
2  4 1909659388
9  8 339891861
8  4 1578638859
0  3 117082501
6  3 1007968142
0  5 936655179
4  6 1775750381
1  0 1331211411
9  8 1757883561
2  5 912342838
7  6 1703285752
3  0 829503138
4  0 557130782
5  2 576284819
8  9 415167334
0  1 1690159676
3  4 991177799
2  3 781779436
0  6 1391519616
2  0 1496328118
8  6 1975218618
8  0 1461065710
1  7 1655809347
7  2 1703702935
6  9 2018266205
0  7 2077867864
7  3 122819890
6  4 1205305416
6  7 1046697429
7  6 1371126967
9  2 234843611
7  5 158045456
7  8 521506687
5  6 613792425
2  5 958907089
6  8 916377750
9  5 1252667916
9  0 2094322044
2  0 1602304253
8  2 949079689
4  3 165201312
6  8 1546225661
0  8 336111403
4  1 1534963980
3  9 1191707127
9  8 1208793170
0  4 1159312172
8  4 1192177304
4  2 638942886
1  4 930723162
