50 10 3 5
4  1 1998876229
5  2 1641256099
3  2 162975545
7  6 251257864
5  0 1205461364
6  2 140404367
1  4 1906219441
1  5 756400650
7  5 1611981083
7  9 754772890
6  8 1767406487
8  3 1083245188
8  3 1342708440
9  8 1128614918
1  7 76882149
3  8 1956721812
2  7 1789221267
4  8 694772890
8  9 1014740188
6  5 213227895
7  6 1475875045
5  6 2040466756
9  8 69893523
6  9 1907323778
9  5 1898042063
2  3 2096664140
9  4 244100841
3  9 899792251
2  7 894693100
9  8 819748138
2  6 585151151
4  8 281407232
3  8 787093975
1  7 1312215031
8  9 1806146640
5  6 1296907958
0  1 256187517
9  3 1620898108
1  2 881116196
0  6 1483218340
1  3 199448832
4  8 112013604
8  6 1150818126
9  5 2040991566
4  1 406196863
3  0 1244691247
1  8 2069535922
0  2 1866188263
0  6 1102768544
8  7 1842722925
