50 10 1 0
5  2 458399847
8  9 113514813
8  4 893308279
1  5 1608556224
5  0 1618157487
3  0 1770406657
7  9 992207252
7  0 1477428825
6  1 1110066827
1  5 505863547
2  5 1646756126
1  4 2141069633
2  7 717405540
7  8 1267997307
4  1 1896923030
0  1 1310065606
1  0 1625685844
1  3 193857779
0  7 989153701
4  6 489245252
1  8 220989602
2  7 1190058854
5  7 944335237
6  5 1631260745
1  2 116624938
6  0 386441828
9  5 2112067527
2  9 1311816191
6  1 1820039982
3  2 2072129508
5  1 1878279722
0  9 1390822615
8  0 23235433
9  4 649065740
8  1 1160463238
9  7 434618453
8  0 893660242
0  4 1762395603
2  3 979606000
0  6 1889785853
8  6 1898926854
4  2 1758639893
2  5 1698153994
5  2 1050969630
6  7 2049341010
7  4 1151945672
5  8 1752805986
9  6 1797594875
9  2 14236277
3  5 1192778423
