50 10 3 6
2  7 1036170231
8  2 38606506
0  3 131118067
2  4 1590393495
6  0 1646263583
9  5 1258463525
8  5 781651580
9  4 188577770
5  6 1770810705
0  3 2133814411
3  7 1898014398
0  8 1961002144
8  5 1602958495
9  3 1570277490
3  7 382584679
5  8 2035352892
2  8 1623726589
1  6 189729727
6  8 460720066
4  3 90866002
9  0 2009279065
9  8 1115894362
7  1 1053509467
4  1 1910692373
0  1 27067594
5  2 1502403390
3  8 1731513198
3  7 1095239860
8  5 1125855956
1  0 1292645299
7  8 1493161222
2  4 1968808258
0  8 315957500
3  2 1412825663
4  8 484990273
4  5 192222055
7  8 1011543796
5  0 866808008
9  6 1223720653
9  0 1311296977
7  2 38022163
7  1 475975477
6  0 2129486016
1  6 447936081
4  1 320821142
8  0 1861766228
5  7 246321902
4  2 54423328
7  9 716723778
0  1 1483360080
