50 10 6 2
5  8 1340445779
8  3 1625726424
0  7 1655294421
2  5 1817191668
3  5 232234552
6  1 114416426
6  9 622732713
4  2 1870896726
0  7 431623961
5  9 982508521
6  0 1351355557
2  1 845882379
0  4 136761121
0  8 777590745
3  8 1189805409
1  0 698422805
5  8 595336657
4  8 131170279
8  3 844240592
6  9 660926671
3  5 1657803972
7  3 651826679
6  1 500674679
7  1 1603209967
9  8 2046888980
0  4 1408433377
8  9 257500851
3  1 2005243818
2  1 1448482408
1  8 1798906082
6  4 1805074049
2  1 2138981771
3  5 609604147
1  6 1535520167
9  8 837084147
0  9 1257061384
1  3 1069877020
7  2 1511170963
1  6 764940095
1  3 404652650
8  4 1357306594
4  2 505436386
9  4 16583493
1  2 822958158
5  4 459302077
1  0 1469053886
2  6 147003045
4  3 69435262
8  4 1798222318
3  9 1070533977
