50 10 4 7
4  3 1103988489
4  0 1446167469
5  3 897510761
1  8 1335584873
8  7 1967673016
1  9 1184183916
0  1 210826148
0  6 531139166
3  2 1431514843
2  5 1094377695
1  2 1228472829
9  8 360165656
6  9 559051478
1  4 1266499093
2  0 907159015
9  7 2018539823
1  6 1725482959
2  4 231759230
4  8 1825364508
1  3 1921129821
2  9 1409264698
8  7 756441703
9  0 1704454540
2  9 294861515
3  9 623408938
4  3 901089772
3  1 1709399981
5  0 1762103543
2  3 979558255
4  2 599210955
9  1 1044947238
5  6 1436428327
3  5 1676070050
5  9 1800497170
7  1 173767108
9  0 1678791929
5  8 352917242
2  1 105392959
0  2 1988804738
5  9 66223305
7  3 494908603
4  0 538249219
4  0 1234067412
3  1 1677643703
1  2 1580738858
2  0 705761600
1  3 1048793302
5  8 985238108
9  6 1565468615
7  4 1491792854
