50 10 2 8
0  2 223204690
0  6 1561674888
2  9 238963578
9  6 1291062562
6  9 394556039
4  9 229579444
5  6 349511214
0  6 1789488199
7  2 714538137
0  1 668255332
4  9 360579497
1  9 1809555567
6  8 2070601861
3  5 226190016
6  0 1593965121
2  0 622122461
1  0 1176506719
7  5 1972000420
3  6 1994122163
1  0 1870401313
9  7 1329872184
0  6 1290270673
4  2 1619938059
1  2 2134482333
7  2 1535477058
7  2 1172576690
1  8 1259616889
5  6 59431969
4  7 1224593854
5  4 1918951661
1  7 1257371171
7  9 1778280871
7  1 1889588504
7  1 800542076
5  0 1114804540
0  5 558033903
5  4 2075375053
9  0 1966322455
2  9 599060739
8  0 2131097976
1  0 275507623
6  7 292604138
9  4 1372089625
9  2 1993101394
1  8 916981098
0  2 1299751324
9  1 1314004099
6  9 1294566597
7  9 298474115
7  5 790807789
