50 10 3 9
6  2 1756567521
6  1 728573465
9  3 1549058712
1  9 879341199
0  2 1625328400
1  4 2055203615
7  1 1388439658
6  7 682847017
1  6 1088107352
5  1 1664087565
2  8 461869773
7  8 855423935
1  8 942326634
4  7 1874444367
3  8 1058931304
8  3 518311826
2  8 1338136731
7  6 1776408957
8  7 2063947464
1  2 848601116
9  8 138094096
6  5 1230787960
0  4 1422623958
8  9 1064770074
4  0 1863235731
1  6 1496749505
1  9 910008390
3  0 1780872612
3  0 2062932805
2  5 1407643199
8  3 1304470323
9  5 1171995002
9  0 225978061
7  9 49348791
1  6 1973963518
2  5 335583633
1  0 264100208
7  0 1015677598
9  6 1212421222
0  6 213500359
9  3 1916717582
6  2 2069049861
4  8 674883040
8  9 2050758473
9  2 1743097994
8  2 1784403900
1  5 334821308
5  2 2116190596
2  5 151984855
0  1 850296747
