203700
163100
167600
167000
148700
159700
144200
150400
161800
163800
130300
157200
145100
169600
2047600
155400
176300
187300
295400
216100
147000
140100
140500
131900
242900
163800
157100
132500
177600
180500
171500
172800
111200
156400
105100
100900
170100
151900
169300
128700
144500
324300
147300
145200
228200
156200
190700
190500
175700
130100
101700
104500
103300
99800
158400
130100
166600
159800
165200
163400
181300
138300
141400
151400
158500
166400
124600
107200
139900
163700
150800
559600
195800
108300
162900
147500
162600
154000
151100
157600
102300
113600
168500
166000
152500
198500
155200
147300
148600
159400
117700
115200
161500
173300
168300
146400
164100
157100
189100
220600
