7500
8200
6700
9000
9000
10200
6300
10200
7400
5600
8300
9500
7600
7600
10100
9500
9200
7900
8500
7000
5800
6700
8200
8000
8200
11200
6900
9100
7300
11900
6100
9000
6000
9400
10600
8600
7900
6900
6100
9800
8700
9600
8300
5600
8300
9800
6900
9300
6500
9900
9400
9700
9400
8900
9000
7700
7900
9300
8100
6300
9300
9400
7600
9400
9400
7800
6800
7400
8900
11000
606600
8100
9500
9000
7800
8700
9200
8100
10400
8800
9600
14400
9900
8600
8000
10100
9300
8000
10000
9000
8500
8000
8100
5700
11300
9200
7400
10100
12500
7000
