101900
121000
122600
78900
84100
107500
117200
111400
148400
147600
91100
108300
74500
396800
83900
118400
144900
116200
109200
107600
80300
124300
156900
107700
108000
112900
106300
148800
115900
114200
106800
120500
107300
87300
128700
125500
118400
98800
80600
111300
122500
114700
122200
191200
79000
166000
95800
106800
118700
119800
118900
126700
115300
78300
75900
132300
81700
123800
89400
155500
195400
124000
121900
126600
112200
113700
116500
115400
123900
119600
100600
117900
79400
75000
79300
112300
123200
76900
111900
111600
79300
143400
101100
127900
151100
114300
111200
116500
115700
118700
120400
121900
135400
202400
118300
112700
108400
97000
112500
113200
