300 20 17 9
14  0 481447329
7  2 2117518109
10  7 1120007880
16  3 1894632285
3  18 73678668
6  7 226655778
14  11 612830849
15  19 309842276
3  6 490887743
0  12 1222101211
9  4 1461420824
7  14 1908468768
16  3 1379494997
3  14 443228444
19  3 2066573394
1  13 1332993198
1  11 1230428577
15  13 966724789
14  12 1399863949
17  0 1779878084
16  18 1922329535
10  3 293572702
18  9 1410538308
17  7 1299615479
12  14 695412138
9  15 995317647
5  4 379783302
0  15 2073152066
7  17 289456551
2  16 2076121800
18  5 615674335
2  14 78191084
18  10 1066629313
18  17 877096802
11  13 467802566
6  2 529740427
11  18 549439793
19  0 1674165349
14  6 818426104
7  15 1351799883
13  3 1325573082
17  7 1695801223
19  10 213344931
6  0 526341083
14  7 834521978
3  11 18258302
6  0 848880374
3  8 1075065496
15  7 1175656889
5  10 557098386
6  2 1176174300
9  10 303342325
15  8 1243305497
15  5 2035055922
18  17 929426317
0  3 439676996
8  18 1032110706
0  12 163547162
0  11 2062014720
9  1 1475884254
18  11 1892181145
3  1 1792402496
8  10 1569266013
17  13 1849014127
6  10 1545864346
5  16 1245004762
3  8 598540614
16  3 34165857
7  19 1045071673
11  5 83548706
8  0 1854968969
7  17 1975739510
14  12 1695617699
15  14 320083584
1  17 831065416
19  6 1609912912
0  15 1922748489
12  19 974490781
12  13 795995275
14  2 1610897804
14  5 2107123359
14  11 1247376430
19  15 544071149
3  4 18305520
5  19 1692077949
12  10 2557961
16  3 1432485204
7  2 175427930
12  13 616092041
13  5 4496255
13  5 404719733
16  17 1154434515
17  5 1001825418
18  3 198469361
9  16 1030388802
15  17 1002497720
7  8 377592486
16  3 1497957658
8  17 106679782
6  12 126412624
9  4 723860227
15  13 1120174691
4  15 13571968
13  19 1910117898
17  16 2082043440
17  18 2084569216
19  16 1528236679
2  15 227935435
19  0 445593340
18  3 2145421324
9  14 236377234
18  8 1415783165
6  11 2133328881
9  17 381970622
1  9 2085745588
14  12 1928282073
14  17 1597871808
5  15 1937172262
8  12 556183171
8  13 1857232149
5  14 1368649145
11  12 1206114621
7  13 578945265
3  18 1588326883
3  14 1643179599
4  5 200552868
13  19 661925909
5  17 2094158722
0  6 797186753
12  17 1110843901
16  7 2003647480
6  19 711750020
5  6 1327964073
16  1 1671034390
3  4 23149309
0  15 991992618
16  8 2114791204
1  17 1406072405
19  17 1982796497
3  15 716401388
16  12 1699699337
9  12 1956194849
19  16 371435178
3  0 1339182076
14  11 882311081
11  12 817042474
5  4 1060394337
12  5 1471582008
11  17 1766832661
17  9 608182154
0  3 1521712791
3  11 847991930
8  19 2060815009
9  19 547722024
11  16 762767630
15  4 559703298
5  14 1883556895
16  12 645690899
11  0 1488357610
10  6 411666158
7  17 1811018203
10  9 1598906589
1  12 1519729750
8  2 840032
17  12 1291337280
18  12 99046114
8  1 1561597694
5  7 856829469
15  11 1829248197
15  0 455647158
13  12 398837529
15  4 1890584896
11  6 1832777614
14  9 921331437
0  3 1932711731
11  19 1734539993
14  1 586110656
16  7 1467315590
7  8 1324275612
13  5 1984211212
6  12 1215631340
14  10 1517445535
0  8 1980326101
17  18 1808151923
15  18 288287659
8  19 1485467734
8  11 446077607
8  12 1025986459
1  15 643983592
6  3 1933214312
19  12 758547873
5  4 1429147316
18  10 434476704
10  12 237555406
7  10 1573553663
18  14 1913120182
9  4 618384200
1  4 1928933788
16  12 609445394
18  19 104881533
10  8 1870524092
10  9 51844610
1  17 896136999
7  16 1929161788
1  8 1311583043
11  13 1106406842
14  2 1922523404
8  15 922206565
18  14 1256187717
7  16 1479922739
15  13 567584889
10  12 1293554944
13  1 1216603931
1  10 1772437402
18  0 416788698
16  1 907240127
15  4 1636357332
10  5 471557532
18  12 187367449
13  16 260329356
18  4 318644674
1  12 1893887003
16  9 989567251
0  11 1320418485
17  5 960006953
10  12 1385798212
8  19 1970180131
18  3 1171312448
14  13 497884624
13  11 1983577839
7  1 78438934
14  13 575654478
2  6 1777381771
19  6 790347992
19  8 1649553971
0  18 2147272582
9  7 2035319016
17  11 1368964174
15  0 1678727494
17  15 1317736411
0  10 404918330
9  4 858555372
16  3 22363031
7  18 1055285771
19  14 1864099322
3  4 723248467
9  10 390768866
13  17 231204443
16  10 1703785027
12  1 822443394
8  12 367261974
2  11 801566463
1  19 1949925417
1  5 1929180173
19  15 165129857
2  6 2039450279
19  9 297817082
5  11 290062344
19  16 499629186
9  14 785736730
6  8 1277591820
18  3 1578946319
5  18 977837024
0  16 1040262810
1  13 1703152725
5  6 1668593351
3  6 929699190
7  3 825642814
17  9 2013754149
15  17 1327763766
7  2 1083551655
6  13 438310349
5  3 988374417
1  18 437716328
11  3 1556883197
17  5 284666191
7  4 950762628
4  12 1863363869
6  11 1311087641
9  8 767955890
19  6 396116679
1  9 2029137484
11  14 1983452862
18  8 1705439931
13  16 446028724
11  14 1309744962
18  6 2022634016
9  2 883047662
8  11 488779230
11  0 1380408468
9  8 1456200459
16  10 145887680
4  8 767926473
9  0 825307148
4  6 1033567298
11  15 492766140
8  14 945901427
19  4 2135190190
14  13 874976619
2  13 853412962
