300 20 11 16
2  12 2054091581
14  11 216975781
6  3 2070970087
10  17 840823308
8  18 950677193
18  15 2107766005
10  1 407087383
6  5 1284163947
1  8 48301829
18  17 1971948248
12  3 1442982584
9  1 907235316
3  15 1849104113
9  2 44582483
12  6 989050954
3  0 2023540822
17  13 1334503379
0  10 105009189
9  16 8994112
8  3 564223229
14  3 974018281
13  19 1552950442
4  0 1553891482
1  5 1476502209
1  6 1077999750
11  0 2016030832
7  14 195893038
17  0 1915678392
2  7 402646694
16  3 466738325
11  15 871402422
12  15 2014724765
6  11 845556006
19  1 1531989070
14  6 1152838640
10  19 1044872701
5  11 1071407260
18  9 1279667478
4  1 1896504341
10  12 2001754658
7  0 1574331915
8  14 2038389570
16  3 415624294
16  17 828497434
19  4 756663080
18  8 644460130
4  2 933374824
2  13 1424477159
13  9 1265073214
14  2 2004644481
15  9 1961443600
3  11 1572640277
18  19 917379925
18  19 998214373
12  9 137175939
15  13 733984115
14  18 1193514658
6  19 1236155989
16  13 130458353
10  6 1874391782
15  2 918341163
18  8 2107039784
17  16 2016847271
13  18 1228975834
18  9 210665784
17  5 428446144
2  13 1902615764
4  3 1589262949
6  4 1750638320
17  7 1162021623
17  0 1158611898
7  3 1714423543
4  5 136957529
0  18 707910552
15  4 1398271776
1  3 615610753
19  18 589780378
5  17 1483061685
18  2 862616096
15  16 36231050
7  11 1856249220
12  5 1239983757
14  0 1500983575
0  7 831194393
9  15 1759323945
4  12 1357490440
12  10 1226063021
11  2 359331110
13  17 1302874150
0  3 852739658
11  12 1828422956
9  15 933568641
4  16 41198539
6  5 528404985
19  5 1509693589
9  12 1667990598
9  12 118622848
0  1 2041532614
0  6 803667330
10  4 693952421
19  7 2017580178
10  9 279603174
7  3 1541669812
1  8 1638298624
6  8 771088782
12  18 40836357
16  11 1822859817
2  16 1615602225
8  11 1120205053
19  10 1178920096
6  8 1018576994
18  15 127738161
6  9 82438991
14  18 1490044684
7  8 1364470314
2  1 73162930
6  19 1965914041
5  10 1478916784
11  4 1917391817
18  9 1376415559
15  11 526172782
6  2 408628805
13  9 695916557
11  17 366877411
3  18 392415956
10  7 1641789613
9  15 377341968
18  15 2070660392
4  5 1136535230
0  15 110524723
2  15 2012626597
13  16 1212527618
6  9 530657432
10  12 2142618216
19  11 586207431
14  8 449129879
1  17 830385543
1  18 439990395
10  8 1023575307
16  13 199319958
17  15 1073380789
4  11 1364284291
11  2 1630759597
6  15 758890608
13  0 1197000632
7  12 1182952225
14  12 1888094543
5  13 199879021
15  5 295072073
13  0 1751717483
10  3 582561430
19  0 1292689078
4  18 924973105
0  7 1461247120
6  4 2106732046
10  0 1092749202
12  2 1116570594
19  11 1760116224
4  6 1749729573
18  6 1408248525
2  5 2104240617
19  12 1756222611
5  6 1069470994
14  4 999759408
1  19 1404120434
12  13 1896584364
16  10 1123107137
5  14 1713537708
4  12 1897846167
11  6 299431366
13  0 876214753
14  3 406893342
2  5 1105786748
8  15 859917286
13  16 1947357581
10  11 1009010612
0  18 779576295
8  17 1057888020
11  19 980325727
12  16 838406662
1  12 672600462
9  15 1829932245
16  4 1147892446
16  3 876584895
6  15 931288902
2  5 1194790924
0  7 1783007375
4  7 889209255
17  1 248539057
13  10 647382940
14  13 1708457843
16  7 233887249
7  3 731142578
14  7 1736341827
16  15 1382170264
10  7 19866978
0  8 1374187904
7  0 1792368388
12  15 373870779
4  10 1261583484
0  4 672747776
4  11 1317237243
16  7 966091217
4  0 982588120
12  16 1029510342
19  8 2076034679
1  10 1005994101
12  13 609484239
14  17 1550764166
10  5 1965956533
17  18 1375138354
11  8 53845396
15  13 388416774
14  19 2026403172
9  15 699548997
17  14 230102774
3  2 836131040
19  8 2114401366
9  8 548182709
19  4 988722913
13  8 639534933
2  9 1842231224
14  3 1757321641
7  18 250449379
10  3 1990433822
9  13 642460973
10  0 1223358374
19  10 726121793
11  5 2145153446
11  1 256952716
12  10 452722231
10  6 1527711732
14  6 1947438550
0  5 1170697785
11  3 774893574
18  6 245631169
12  6 1043092667
7  17 1775146866
17  11 929346660
19  10 1090531991
13  5 1538581214
10  16 622540827
16  4 167538935
13  16 1887676543
7  13 1264602232
6  2 1156440605
3  5 95329842
5  10 1896455767
19  17 1748203640
17  4 814078431
8  19 517754640
0  6 296773310
14  9 1915929718
13  18 1409723194
0  14 1270842930
16  10 305339423
19  3 2058337523
13  2 701447703
4  8 958824127
2  12 1896357560
7  11 1751861778
10  17 1247324852
14  2 1043379456
16  13 368170574
14  13 145609861
14  2 538660386
16  6 1128039628
17  8 1058691936
8  16 1350909311
12  2 1986467308
15  10 1445000542
19  9 1979155482
12  14 1465756843
6  4 1914656679
15  8 575964270
0  8 1312791756
1  19 1780491934
0  14 458666096
8  6 56010978
3  11 527694333
7  0 506372327
4  17 556802600
16  10 963726008
6  10 1394950904
18  13 1660014010
11  16 2040041751
16  2 724881001
1  15 324613243
18  17 1461763359
4  9 812866652
1  3 846100557
15  5 1072183370
7  4 1098632874
14  2 280507349
16  4 1815549191
3  1 345040114
10  5 2093088273
14  17 1174207546
0  2 1497426019
5  8 1976762514
