300 20 0 1
0  9 1510443437
9  11 119838197
17  19 876263230
3  18 148337591
13  0 1579442523
1  10 1326757630
8  7 970099783
14  13 1394351120
14  15 996383000
14  19 618906854
6  4 569564762
3  9 2067641145
12  9 335376003
15  4 272340725
6  19 1256843445
8  18 1574981148
7  19 520690142
15  12 1766049008
14  16 1174879540
19  14 728995462
2  0 1761911088
17  1 1001253596
3  13 1629608238
1  9 32433036
16  9 1916689811
9  0 2080596312
0  6 880387871
14  13 1926279168
13  8 1877888873
4  17 1730933248
19  9 1075489496
6  3 865454891
12  1 1994267274
13  7 303446341
5  10 642816192
8  10 311089060
7  1 535317824
13  16 1373495537
4  19 1507000473
11  7 1029246793
11  19 421608565
2  13 1674166289
4  8 827306924
17  2 192037535
2  13 1383936989
16  18 200373990
3  1 167688801
8  7 528290505
3  7 1419025458
2  10 993497548
17  7 289666946
17  0 2136964972
2  17 1303229704
7  13 1082470611
13  11 1256524674
15  4 2124827797
8  15 139162542
1  18 318083878
19  3 1583748145
13  7 851568657
13  12 649724018
5  15 1423790142
8  9 204078180
14  11 1847465529
8  12 651801814
6  3 225288488
19  14 801111464
15  17 361069259
1  15 1239877644
4  2 1878588220
18  17 1416520302
14  3 1317794078
13  8 90198463
6  3 155527454
7  0 1924682654
8  17 670415054
12  4 1100263047
12  19 1579797840
14  13 80187908
0  7 705385502
5  15 775909827
0  12 1132134980
2  15 1646209599
11  4 2074606928
4  17 1481476352
14  11 73107265
10  3 647094105
12  8 1303340579
16  6 66493597
12  7 1531580421
7  0 1562950691
6  12 1273484469
6  10 92396622
18  9 244600585
10  17 380628371
4  0 1262135496
16  19 1291056118
9  12 1600204296
4  7 1410742446
12  3 1912918740
10  5 1621728133
19  8 952434497
6  9 2126638687
12  4 1999933145
8  4 934222906
13  3 1794808451
5  19 1097222136
0  6 1587103491
11  9 1828225463
7  3 1555558401
12  0 1909838455
12  8 1465732232
11  2 834425422
4  3 286931014
14  13 1544931767
9  7 168666547
7  1 1258873905
1  5 1931023423
8  6 1229890457
1  4 528998726
2  8 208902967
18  5 1312552755
17  18 751497770
10  3 482216698
6  5 331968020
8  15 825924886
11  3 1078492919
5  4 2087978405
7  19 574024859
17  10 280448038
5  19 38362508
15  16 1753457308
5  16 1495943475
19  17 1801316056
5  2 1659981860
10  9 1286156553
15  3 194296810
14  8 1265045962
12  10 1948490636
5  17 1552049368
19  12 1737998127
8  10 322197713
4  12 213646850
0  3 1986069666
6  19 272124611
12  0 1899451173
18  5 1449894001
18  0 217559617
5  12 1704556097
2  13 300862676
18  17 207633272
7  11 675255362
3  11 490304360
6  7 1488406080
16  13 719021818
10  5 1862039118
7  19 788443586
17  9 785190713
7  14 794358706
17  4 1927158506
17  3 305967335
1  6 794183183
6  12 1561373535
11  3 1496660515
13  11 1286766746
14  19 1648436539
4  10 1468109536
9  10 959795933
14  15 837054706
6  14 1005925314
3  11 1541062443
11  9 1408943258
4  2 875504964
5  10 488593448
12  11 378900378
8  18 1231599398
8  7 564733897
8  19 1050061108
5  18 405486206
18  9 55507033
13  5 84158705
2  5 313045976
9  11 1366060529
18  12 487716832
19  2 1545313855
8  6 2066760044
11  17 604229505
18  10 1627408878
7  10 1566699037
18  15 1195132578
12  13 746130615
16  6 892743560
13  8 274133051
2  4 1343487159
7  1 1399610425
12  11 750748553
19  14 22828030
6  17 1759297020
6  10 1242280571
18  7 2011923972
19  14 1469954406
0  7 333042164
0  8 844033598
16  11 1796293380
10  18 1880112640
1  12 198860206
19  17 231711515
8  18 1055240928
8  6 627227079
16  1 300820621
11  6 1590203649
17  5 880672854
0  18 546828999
15  2 1310529003
12  11 2139271130
16  5 1328302966
9  15 196111050
19  1 1908840642
12  9 2094857914
9  4 675812222
13  11 459936432
13  6 1175620498
17  12 1277760262
16  6 2038924529
18  4 2038997464
1  0 1945236434
3  2 490840848
14  1 1578534729
0  12 809026670
15  18 2101094520
15  0 639690659
1  17 923425492
16  11 342100318
1  12 389962179
9  11 930430380
14  19 585030846
0  9 2022797261
15  1 1853221266
16  1 103344395
12  4 1654648560
14  11 1633162831
13  15 1354452064
17  18 1672149996
9  14 669500990
6  18 1803041039
6  15 910586035
0  2 707813834
0  6 636880498
10  17 858970505
12  8 1826104247
9  8 314903546
7  18 2046990580
8  2 30744232
8  3 1163406303
14  13 1004514531
14  12 1437416930
15  6 775157217
13  1 1506307707
17  6 2112653161
18  2 1985309421
4  17 418007464
10  15 2123795804
18  12 345209489
16  9 402923283
19  0 1383503212
7  8 777583188
13  6 602715489
18  4 1101467054
1  6 115301764
8  11 2074803028
15  0 949625313
10  4 1289538511
16  15 1570048538
15  10 213049994
16  14 1095122828
13  10 1292998437
3  12 1178441303
9  8 1720983113
2  8 1759136377
10  11 283784121
13  19 1131318002
10  19 2039087522
7  17 755720480
3  16 483918137
14  5 391322942
9  18 1167510281
3  6 654265570
6  19 883999879
12  1 75451853
19  17 96172725
5  1 193408892
8  15 789217134
8  17 1687429869
17  16 1251543714
10  11 1164006833
17  12 1318475745
18  0 872061257
3  18 264905217
0  5 1365685162
16  13 2126539608
