300 20 1 18
6  5 1313543786
6  4 2021070314
14  16 569593060
2  10 1967602381
10  19 122589292
2  18 881104340
3  2 45489971
14  8 385655941
6  14 2012519925
10  8 676876319
2  12 1449438469
14  10 2002998284
15  5 1886172959
12  15 1393024689
19  0 532262302
7  4 1686964764
4  14 196354773
15  6 871656812
3  16 995396745
5  12 623416265
9  18 1278241822
17  3 1823658518
16  12 1365565049
13  16 680734079
13  3 674100602
15  12 1610215371
18  0 1520479215
15  2 1756662325
5  1 736702784
0  14 1923816073
1  15 2141772628
15  4 1747426708
1  18 1241204762
11  3 607830490
2  6 2050460054
12  1 742089733
16  19 1550628206
19  16 289811912
2  1 710409714
19  3 287900077
17  1 2137054689
16  17 1080440243
0  7 752438858
16  17 1191416705
15  6 1676756156
11  9 1058895500
11  4 1437472681
4  9 1165294238
8  7 422880144
5  17 361366552
6  12 838091946
7  14 1387864234
16  12 1747609010
6  9 1081990321
8  19 239044115
3  17 2146235680
11  17 1958830744
10  4 663735176
1  0 1652738913
3  6 220600927
10  3 1125754941
11  17 705067752
14  5 184699752
1  19 1240089698
4  11 710817669
1  9 2120695571
8  13 1604130423
17  1 1664073609
10  2 752581978
16  2 292128480
15  14 1944284876
5  4 1537947424
14  10 1095205516
9  14 1106862312
19  15 1171590484
6  2 1388443311
12  2 352583242
14  11 793315803
0  9 2041147541
14  17 2011054318
17  9 342293282
19  17 1707310202
18  13 1097719674
9  15 1205116968
8  17 44963112
3  2 1223381921
11  8 1691779082
16  4 545490750
19  11 763500005
4  0 1215780681
0  8 1371894486
13  18 1958098988
6  2 405721673
16  6 1710168703
16  2 403820754
1  6 610822060
0  9 1357080786
5  13 639162268
11  7 586624227
17  15 1193392069
17  3 1888260492
13  19 1707368727
7  2 1222648950
0  13 860468825
17  0 445797660
11  0 2136373797
14  0 914170634
15  9 2078675592
14  17 1715398926
4  14 1840914512
11  3 1373825325
14  7 2039777483
5  2 138131040
1  9 330273933
3  2 1718783527
16  1 1802941174
6  1 1419293151
13  5 1603237207
13  7 1258175151
8  18 1789659654
0  2 272905152
2  15 475847914
13  4 2080512439
16  4 1233057388
18  2 2107585920
1  14 1487461223
13  6 676407256
15  19 449631967
3  6 1545202073
17  16 924901548
5  16 854176112
10  11 250124390
19  12 252989181
8  12 1549194754
8  5 1211603910
8  9 698837129
19  14 549780427
15  2 81906434
1  13 1785013268
3  13 1510927661
6  5 1729557279
18  9 84270675
11  1 665068335
6  12 332588126
7  17 1689829863
18  11 488554913
5  15 116693288
6  4 635363761
11  7 1430121232
19  13 2129766635
13  12 1487691036
1  7 1291245854
16  19 251885082
17  19 639336442
17  12 749234388
17  10 492604924
10  9 1821446493
13  7 156069283
2  5 1315911322
4  7 1063654205
14  12 1793797648
4  19 1110055691
13  7 888265264
2  3 1751640606
0  6 910905123
10  15 329414149
18  14 1869306373
2  6 654257454
1  14 937281743
13  10 263228437
2  18 243594132
5  0 1835158822
14  3 702054287
14  6 292673732
8  13 354564700
5  14 795681941
18  7 1480361973
19  14 710123912
17  15 1610058944
13  4 1532339128
3  17 19926257
11  14 1802000083
13  6 2013682575
12  7 320585924
2  17 1092317651
17  16 658613255
16  7 72189708
17  6 1114615961
1  8 106811220
6  12 1825010597
1  11 155445709
11  1 1536705778
13  11 156956822
4  6 211398524
18  6 1167176972
15  12 136107045
19  8 1914407082
15  12 459784805
13  19 1524472775
18  3 471793134
14  10 1545903841
10  14 2130534501
7  10 1369694200
18  13 1168530374
16  18 1761144359
14  6 1034696858
1  16 896151361
12  8 1165270597
16  10 1675532726
7  15 1197569351
15  14 1767888331
6  15 306867002
12  15 1651249667
10  19 1127198193
12  9 1367895341
4  6 1182726925
8  7 210130732
11  0 1032996232
8  3 595435326
12  11 2034379037
3  17 1663468440
8  15 1042346696
10  2 1306596146
3  14 20429919
19  1 1768697807
4  19 1809430476
6  12 139497363
10  7 1593268168
4  2 1450013137
6  17 834417700
9  4 2015139936
16  8 2007512487
4  18 2062878862
18  17 1659430767
17  14 1885257607
3  0 292511271
15  17 431887959
15  6 2122824708
6  1 744840542
19  3 1082175859
9  11 1856001495
15  10 691975247
15  16 1842913700
2  5 877581975
0  2 854094867
2  0 1744727216
13  19 1850041439
0  17 1405601792
17  8 523611706
14  3 1829227451
18  16 391521259
16  4 254653448
19  12 655044038
9  0 715626327
13  16 697575477
0  11 2129562985
13  1 1279813333
3  16 1670584394
3  15 988857156
4  15 1976117588
1  11 161299929
14  1 937364334
12  17 565211724
10  7 1945346338
11  19 1525025506
19  16 1452891899
10  17 1429216145
14  15 894998033
14  12 362914784
18  5 284106933
12  4 630045900
18  19 57828592
19  11 1788914197
16  12 1179689963
9  13 970061742
1  18 1626486113
5  11 1979490231
10  6 763959535
14  0 1263201623
1  13 451446468
9  3 1088407044
12  19 873146704
11  13 1809043527
16  8 1012879754
9  3 675579089
2  3 695796592
8  12 1748362840
11  2 1047113348
5  3 126072616
8  13 483553800
0  17 1105186353
7  10 123208746
14  18 404985696
8  12 966015876
2  18 389159585
5  19 1176704330
0  8 710318170
15  2 1715561659
18  13 1403681405
16  8 881316158
