300 20 9 3
11  14 161433357
9  19 127693838
5  16 455034164
14  1 791257106
9  15 316535410
7  6 1363809552
17  4 2019546683
9  11 688642450
16  3 1626046560
8  14 1923467595
8  5 793511829
19  16 373405444
14  9 1730558242
15  13 1786856735
14  12 805376201
5  17 416910565
18  0 787774089
17  6 71362704
19  1 1986043054
11  5 359094242
4  2 806531623
18  1 995900573
1  11 2120199701
6  12 206033110
3  17 1970323001
8  13 1678495606
17  16 976243515
10  19 2122624162
4  9 510574926
2  10 38226944
18  4 1965331450
14  7 525688677
18  7 282146236
17  8 593561800
9  3 408054950
10  17 2014048440
6  9 236874070
18  5 1328262748
19  3 1765035546
6  18 1953472304
12  1 501531000
9  17 1060529573
7  14 1494569183
11  14 504302569
17  14 530338975
13  3 1087459796
0  5 34155384
12  5 151061066
19  12 660358191
11  5 264980612
18  10 2091601064
0  19 482261058
17  7 827292916
14  1 738207736
13  3 2005212666
12  14 283027945
9  2 1796608579
3  18 1580810481
9  0 1203027415
10  16 442629074
9  2 1376690672
6  11 1160652608
14  16 1498371321
10  4 2124861364
16  0 1012634674
1  9 556654677
11  19 520726330
17  5 350485004
9  2 1226596536
7  13 1062072554
7  2 1525248193
1  10 638952041
15  17 1942292271
13  0 813914875
19  3 1386018075
7  2 675426403
18  16 1456620157
1  9 1923518402
5  19 512003187
16  6 630756721
5  7 382070811
8  2 522402863
14  5 188003480
18  12 2078750883
6  14 1515745641
14  0 2012666785
13  5 589071402
16  17 1056987406
11  14 2108842419
5  19 1422394778
16  9 1283244601
9  5 19010379
18  9 1768593889
14  17 705084264
6  0 392319080
17  4 734885092
19  6 893046240
18  3 9840856
7  9 2059895799
0  15 272644805
7  14 1512478739
12  16 1143873409
5  17 1995435982
13  4 1535727402
5  1 1667615537
13  4 1992387521
2  11 1952713514
1  8 2060870908
7  6 565470538
1  17 171100047
1  18 1001352468
8  0 361978411
2  7 367958043
4  15 869579027
16  4 773396863
8  18 909911599
0  19 1760874339
16  10 1245816487
0  17 1881941705
5  16 813663349
18  1 391522994
7  12 834519421
3  1 19170602
6  1 471026575
8  19 551860935
1  16 31195306
18  14 350311786
13  3 296494779
5  18 1505243222
9  3 947979666
18  16 449077683
14  12 1045111970
6  5 73996516
15  11 1868801809
13  3 369330640
14  2 855590688
18  0 1865791659
0  3 801021032
7  11 58636495
5  8 1331427638
6  8 1069754280
2  6 157346623
6  8 567625004
10  5 490366692
3  2 1367545920
8  13 1194652748
17  5 1558887949
7  1 126942047
10  0 681198826
8  18 263622166
14  9 997479470
2  11 1486286986
14  0 330878460
7  9 716851869
14  17 1658293219
3  15 1919747878
17  9 338968410
7  16 1970551932
9  8 1711807315
15  17 279104688
13  3 309331274
6  4 1085808699
6  19 79170357
18  7 305983294
14  8 1041578531
18  13 100382142
7  14 730366745
14  6 689177605
19  0 1428535415
1  8 1581918533
12  9 1747255849
19  10 1809251362
4  2 1431338520
19  2 422254870
4  19 1052930638
12  18 1589093284
3  14 2088400702
2  5 367865470
16  1 663121451
3  0 253300572
13  8 1136877966
16  14 807620915
15  4 1564345254
6  0 774361181
0  17 1001436267
0  2 1339260714
18  15 338202041
10  19 54218285
1  18 1050155091
19  0 1607224955
14  4 1215333888
0  6 1285353071
11  4 970736903
0  1 446441392
11  19 2025626512
0  12 999305956
3  5 1642775771
9  19 1574283144
5  9 1220742578
5  17 132015810
2  10 1886447765
12  4 536934683
13  17 390261382
3  17 1097986338
14  10 605392555
0  15 423146555
15  11 782893522
12  0 1256993886
7  13 834098467
7  3 752812485
18  17 749232447
11  0 1705735437
3  16 1455221047
3  1 1702639303
11  17 942837533
8  3 1883014060
13  7 1252733606
0  17 913961228
7  18 2128917989
5  13 637241290
6  5 1094839433
0  7 8066597
2  4 393203472
0  12 1187821744
1  19 1500027678
0  11 2116991188
5  16 1148944163
12  15 700297452
15  4 868593422
13  4 663051219
18  6 865312887
4  9 1090816003
19  7 2090115845
16  17 1253139462
1  4 1451240589
14  3 1135789291
3  2 912454589
0  8 2090892197
5  11 1363332984
1  9 1620025325
4  9 315178567
7  0 1039054284
10  13 613211594
17  15 698839493
4  18 992124957
3  1 430852496
7  12 336410397
14  0 1492805879
17  10 869608358
5  14 1368662372
17  10 1425961297
17  4 1020590362
2  14 2126558794
4  17 1773697077
3  14 562493542
19  6 1230597920
0  13 1675470263
4  16 1829343076
8  18 2070426375
6  4 1804135780
0  15 1431945956
18  6 1465326129
7  0 126262112
10  11 519978209
13  18 800783450
5  19 1088853888
14  13 759573431
6  5 992769230
16  14 1095157970
4  9 1471813679
7  13 1132794343
1  6 2021042235
2  19 870317651
12  5 1498049352
3  13 2050044607
6  3 696394722
17  10 1781129849
18  19 1176394892
9  6 1062846123
17  2 1134139834
4  1 399854834
3  18 4083908
6  15 1977492060
9  7 1863424697
16  2 1927876822
6  19 1261177103
14  19 1773514724
18  16 2125196282
0  13 1571927937
4  7 21339466
6  10 722325178
10  3 875964189
0  1 228211389
19  13 1060545272
16  0 869710332
14  17 1482025413
3  18 507661603
2  3 412051465
13  11 2047174830
11  15 502902154
