300 20 7 16
11  7 679590202
10  2 36533337
4  19 743501792
15  19 597969475
1  19 1236308347
4  0 1917962000
8  10 838700396
8  18 521701511
5  17 2048151655
1  4 1996739898
11  6 1137968806
4  15 436131227
8  18 422165454
11  19 377513635
7  14 223430909
16  4 314846180
1  10 1773921844
10  19 1997314750
12  19 416444945
18  9 819176966
7  2 1030014235
17  4 1188378265
4  16 1890247449
0  16 481842647
3  6 860637559
19  12 1774675920
13  15 106818014
19  5 527387960
10  7 710653457
16  7 154316836
4  17 912780791
7  17 1236048641
14  8 1173737001
18  11 1954844177
3  10 198854978
18  9 605812456
11  17 2134053245
14  17 707035025
6  17 1588179341
18  12 2093101682
13  7 2106284499
18  17 1081575249
10  12 948517232
13  3 1583801127
19  12 1519974692
16  6 1188606961
14  19 960657814
6  2 1941131532
4  2 1951393772
16  3 1941924549
13  11 13662441
14  10 862421186
7  13 1893542961
1  8 1721279779
3  10 1704820126
7  5 1343204829
5  4 366559742
10  3 814116671
0  1 144171993
1  9 225623215
9  17 1507952820
15  17 565569831
3  6 562561335
10  19 536723342
2  18 2074683859
11  10 497332861
14  6 662664155
18  12 355319899
17  5 1452005780
13  14 187235154
16  5 352017110
14  8 37151515
16  5 517996429
4  8 194890347
0  11 1495104070
7  12 21463672
5  9 1877861673
3  4 615768990
19  16 1424275023
18  12 1750738361
16  7 418246390
18  0 1976962047
0  6 717627098
10  16 58723942
1  3 269394423
15  11 1309362479
9  8 899467090
11  2 1972313173
12  6 1229645728
12  3 492533009
16  6 1034454822
3  5 2010421276
10  19 1547273458
13  0 977050761
7  0 1270317372
15  12 1585006420
10  4 607927491
2  13 451662785
17  7 1721622815
10  6 288279767
0  18 347093592
14  19 1536157213
13  3 663735097
19  12 436431645
7  16 941697044
4  19 1848651004
0  10 1993826748
6  1 1185980808
10  6 664337370
0  5 704578597
19  16 1090300871
0  7 1008318100
1  11 1195282325
16  11 1841389825
12  13 1821115428
17  18 339973842
15  8 1884640723
17  3 2018485386
8  15 554854085
10  13 1241531505
0  6 469715237
7  9 1648274371
19  12 269574411
16  0 1471426328
15  3 985543565
3  1 718034258
5  10 251590795
18  14 124139385
17  9 107012729
0  4 1654196095
3  18 1128623821
9  18 1407923751
5  4 1676276858
2  3 1744731490
3  0 450821487
16  3 1637315457
12  11 1658440920
9  14 1551144792
16  17 110671396
0  16 561348183
10  3 761473726
7  0 917275825
8  10 632108626
15  5 303165249
2  19 792299003
1  19 1739736832
19  5 31365741
4  16 19741513
12  0 1849285220
10  14 881213003
7  15 1323381042
10  18 1638014737
16  11 1021836362
4  1 243600517
16  11 447902118
4  10 1702980443
17  13 1906829606
6  9 270136453
0  11 1525137709
3  11 2000760851
1  13 1877923368
3  8 367610232
4  14 169120194
19  8 1193299426
5  12 1428883707
4  17 956759036
4  9 167348877
7  13 487617473
18  1 1272318059
3  11 483231998
14  9 360556558
18  7 577629357
6  14 1435621936
18  12 929629008
9  12 190605518
10  15 2018833488
18  7 1316823206
12  14 482542116
3  13 45170044
6  8 853089682
11  14 1828276071
14  11 2120963481
14  11 322050369
7  11 576611085
14  7 162756809
8  12 1106585995
11  7 81975756
13  12 205249152
12  14 1905686613
12  0 1256068748
9  14 774602010
1  0 698002290
0  2 1839441983
15  0 490018274
19  4 660359830
7  9 1059092429
5  8 1868898910
19  16 224017773
2  1 1955493952
13  4 1582283162
1  2 974018652
9  3 1629760301
10  12 935274255
11  16 165260257
16  13 801997019
19  18 428181811
14  2 1422047579
9  12 1795921085
11  14 1914599975
19  7 877939294
14  7 1013060540
12  4 37983322
7  0 1272940696
3  8 728116076
1  11 301624296
14  5 1829266443
10  6 181764369
15  11 739629311
4  19 1519662878
2  18 625648365
12  7 841418613
13  11 1402958663
19  12 578156913
17  8 1672345072
6  16 147726019
15  18 613946886
18  6 460839633
8  14 702565565
1  0 776275847
8  9 2055725869
19  1 1404907437
9  3 117064251
6  0 809243724
18  5 952003499
4  8 521222873
3  10 926005497
8  2 1935903048
9  11 481261743
2  4 1814801507
14  12 763328079
5  4 1593917769
13  16 236952508
10  7 1900354024
0  16 1133184475
13  6 147463178
12  5 639555694
15  10 710473197
17  16 133849174
17  7 234554109
19  1 1277358740
19  10 1236647860
18  7 204778138
2  11 994194259
4  1 1764428456
1  13 1070742916
0  19 980272099
12  3 1733809961
16  14 169566654
6  12 1032420105
7  12 1485583298
1  6 650373433
11  1 1544656972
4  17 439507878
7  5 1309473650
3  2 2047155207
4  18 1105115658
15  3 1586557352
5  6 247495033
18  5 522156059
5  17 360060008
14  17 1630283535
2  13 1476730602
4  19 193471249
3  12 426984711
9  16 1757709637
15  18 2101989130
15  0 796891870
12  9 1238045567
6  10 424756973
0  18 546394156
9  7 1266243675
9  10 1199591539
0  17 914254044
14  6 2139551837
8  5 2126963349
9  4 968047726
8  4 551473049
6  19 417884797
3  12 715606558
3  8 1812589709
16  3 455686785
7  3 573553358
16  15 808181936
9  5 265304816
2  17 337560408
16  14 237647959
8  10 1518191434
16  9 2222395
6  1 958207573
19  13 1407127516
