300 20 9 17
18  15 826058685
14  9 744957305
11  2 696904157
0  6 1495157649
11  9 1177497889
3  16 786390712
0  11 725612152
19  16 2126555285
8  18 956429485
9  11 2069551264
10  19 1754547904
13  6 1084546984
15  11 1888770561
3  5 666811666
8  14 2110596435
1  17 1940670611
15  10 205149418
4  6 120698647
17  11 676676094
11  1 1180985054
2  3 1009844384
16  18 752574674
1  2 1885211623
11  17 889284341
19  8 1950372990
1  18 1904273701
16  8 1057518874
5  9 1696001066
3  13 1328338464
12  18 846171473
18  16 160022829
3  7 1739072101
9  16 420982636
17  11 1915894475
3  6 348614877
14  8 2089429931
8  2 558345000
17  5 696434020
7  17 1661302356
2  10 2079705951
15  18 586860659
6  18 632774183
6  2 1122935382
17  4 1717780917
3  14 1230489232
6  10 7265560
5  2 1251928039
2  16 1119462914
11  15 1964806773
16  2 915528552
3  6 1734979545
6  16 1452409002
14  7 1363304580
12  11 1981045101
10  5 45824005
9  1 1221449155
18  13 1419740986
9  15 957816692
12  17 218101246
1  2 448322214
19  10 3040818
1  3 386135649
8  15 527646134
15  4 1261412944
10  14 1597837109
16  19 606334526
4  0 6243367
10  17 732367654
8  0 203340393
0  11 437576063
1  10 483537678
17  15 71959166
17  6 1805392100
4  10 1174637698
17  16 32604420
17  10 1678402771
3  10 2072510140
2  15 812449382
17  14 2123626483
18  2 2067820345
5  8 1376513657
10  5 1994753206
14  5 57580078
7  13 1729336677
5  1 1821210720
7  19 823603075
18  11 555447695
6  10 1219745685
18  1 1141920931
18  11 891411998
11  8 1240940556
1  13 354227969
12  17 380493717
11  8 190733595
13  17 755487098
3  10 651518687
16  13 948308393
1  2 581673359
11  16 1058379028
12  9 2109973858
3  0 243431916
15  13 1353659297
6  4 1021808185
14  18 1401849504
14  18 1728876598
4  14 1751882284
17  10 1455086477
13  4 558277040
1  16 343565822
2  19 1339438111
14  8 1941151673
19  14 1824023841
12  5 965168807
19  3 364047377
3  5 1036557563
17  0 1282234456
18  14 1208572892
14  19 1604331218
19  6 2029158766
12  8 404271408
16  17 1581507977
2  12 1059445227
0  4 333502280
9  15 1173580755
7  6 1183549909
17  16 420217146
8  19 1607877928
18  10 1071108360
13  9 1270556126
9  1 761237195
2  6 1387179621
0  15 1967087579
3  5 1993670359
3  12 757796551
18  9 1947531778
1  5 148394938
6  0 722635534
11  3 1065723811
1  18 1473110906
10  19 270967663
15  2 968480863
10  13 1002066551
3  10 1089258567
19  2 1793732977
18  6 1623113213
0  16 154119127
4  7 1011719590
15  10 1365722904
3  18 555049756
12  15 1505078844
18  16 1409931081
12  8 225938546
3  12 364935944
9  10 1326597646
7  10 1725532385
18  12 1209035378
8  18 2042192542
14  9 1590242782
2  6 349616761
4  1 72287069
0  17 589456729
0  7 291929278
17  0 1909573474
8  13 93825896
6  1 846867412
19  0 1005052736
15  16 1741945148
2  10 1011155552
9  7 1816243011
4  6 26411262
10  1 863813065
1  19 976158054
10  12 260104496
10  18 1613656187
6  10 22217972
11  19 1261599138
16  4 63746609
7  3 48992313
19  5 945323801
14  16 874753575
10  1 268146769
5  17 301053584
12  7 212019814
4  6 29621525
4  2 648871374
11  18 415306281
19  1 1309682106
16  8 660635713
0  18 427964415
6  0 1333352243
0  7 1964942512
4  11 1775113562
14  4 2035868593
5  19 1461770979
19  0 9243709
4  3 1593201303
7  1 808449153
17  16 1810253037
3  11 861994747
12  8 1580858077
5  18 311345408
5  6 379557575
7  0 1245850789
14  5 1088929262
13  2 1653959978
14  0 857577797
4  15 1860741716
13  19 721341130
14  17 172055388
10  19 106672093
8  9 639661348
19  18 1487403610
15  11 1232123527
15  3 347197918
11  19 1169994431
8  7 1761276359
7  6 698938578
12  4 797340743
5  6 505486701
18  4 1656955364
8  5 1433405352
1  5 892662306
4  10 1952655987
13  9 970787400
6  13 1749761413
11  12 1726998562
0  8 1034301507
12  15 1362831763
15  3 1276672006
10  17 201317643
4  3 1675563933
17  10 480490367
14  18 1267991005
15  18 1206452703
19  18 1642989133
3  13 2142798113
17  9 1024789116
6  0 517447634
1  12 1909268649
10  3 993408251
9  11 1590688802
5  13 1347004076
0  1 489764882
0  14 1343037386
12  7 285139046
0  15 1703509285
18  5 1040959537
1  8 1628341964
6  14 521622230
15  12 2076996904
19  12 1092559790
6  3 1985951040
18  1 42374218
8  2 716833035
15  1 1018915806
12  14 793505521
9  6 1404757629
7  1 2029884699
4  16 2003300833
11  7 1009220012
4  14 1097174967
5  18 1701055034
8  15 317353206
18  16 815300542
19  5 1292841263
14  10 1534258300
18  2 1477005467
19  4 211555179
19  9 742769211
7  12 592756873
10  1 1600307719
8  7 1342603026
11  6 1322787790
9  6 1243584978
4  16 1988410504
7  4 738514526
5  17 159655986
19  6 1404727420
3  12 950004341
13  5 479838268
1  3 836954806
6  18 208459082
0  11 977313181
7  8 1467113502
8  5 1458375563
12  17 892974588
15  16 922836012
14  19 1230029101
18  9 355046018
6  5 1202894945
18  1 147798086
11  14 1017414666
16  0 296656044
5  8 207734642
3  9 536826249
13  14 50600187
5  16 38799241
9  0 484490587
4  1 336985564
11  18 187536636
