300 20 14 18
3  12 658153052
0  11 812665299
1  4 233039410
10  0 1891640858
15  6 1039034876
9  11 725733172
5  6 846372279
1  6 2074774806
0  10 1378894979
17  0 1327028602
5  8 813821605
9  10 1832067058
17  12 96431563
14  12 1802434342
17  11 940067560
18  2 433599222
17  11 620353335
18  19 1206535576
14  11 2145302708
19  14 1453091211
6  14 1577030213
1  0 2046710232
15  7 415306813
6  15 1500987040
14  0 1226051681
15  2 1678502099
11  10 1389188160
14  4 1361028206
12  3 1047143994
15  0 1627460559
18  8 641376249
3  18 57096073
16  18 181060428
12  0 696608185
11  7 694050131
3  10 1995322428
12  18 1427453543
15  2 1817096876
13  1 597316713
17  8 1600995351
7  6 246263808
6  10 47875222
16  5 672264474
15  14 1237948678
15  13 409347893
13  11 2074928877
6  18 1163270773
2  13 445642466
10  6 1015672515
11  9 831041071
16  18 1955613684
1  4 969536895
7  9 860967399
3  12 1135942437
19  9 821464710
12  14 1903954554
18  5 1241138918
15  1 55262584
16  9 1295413105
14  8 238718469
7  14 1930367025
13  16 1910572842
9  3 1922238135
14  10 701537031
18  6 209036443
1  17 1145356713
8  16 115926012
8  4 1394120302
1  8 1944420983
7  4 1859410020
8  15 891625982
17  6 2053064534
6  5 712513817
1  16 1737593339
14  18 963450053
12  2 1421728643
17  12 644437805
11  15 95683637
17  14 1475241793
12  15 1049840845
4  19 1050741548
5  16 351780801
6  2 1271746849
12  14 2024081306
7  8 64687197
3  0 421315484
0  16 2058382484
3  17 1784482941
4  6 2092564454
8  18 1457604269
5  4 1831774342
10  9 4823191
18  4 1058259975
14  4 899948126
7  12 729893562
0  5 1751903471
7  17 1590267524
8  15 1564466489
15  17 214603680
13  8 1631460969
13  4 1883945986
4  8 1708424373
6  5 1261784228
9  2 1587403409
12  13 422841094
9  8 316923192
13  2 370494788
18  9 1861474008
13  1 2001759008
14  13 2110316523
13  8 1108440839
16  15 1390509743
9  2 205979290
1  0 551914413
9  16 1346907430
10  5 232729231
11  18 1542635044
0  6 181774315
7  11 1045066538
15  4 1174116695
10  19 1903670939
7  16 1823767281
16  13 260773072
17  6 933397552
14  12 1536856630
5  12 1490118178
15  2 1037962545
13  8 364449982
5  2 517458670
1  3 1539587023
10  11 1510968917
14  12 2084142339
1  7 156826765
10  1 2114644359
18  10 1229689552
9  4 2132411045
1  18 513031242
15  7 1563936675
9  14 232733095
19  1 1093146966
4  18 332852374
2  3 81207065
2  11 1432282017
1  8 1706932257
0  17 19892023
17  0 1601462690
8  0 1775937585
5  7 2145579905
14  10 1506769245
18  14 129703817
1  11 1099035934
14  8 2009944054
13  5 1946907251
0  9 1719832238
5  4 462663939
4  19 1492829272
1  13 911061198
10  16 747923329
13  6 318381555
3  0 444325416
1  13 682211958
1  19 1403510237
2  13 1434832693
0  19 1632775338
13  2 150770133
9  8 2066708350
18  2 2110620534
8  16 1000803219
16  18 1493969700
1  8 786632621
9  7 1895139825
4  3 1673243962
7  4 812192790
3  13 1140292056
17  3 1833123551
14  10 139162417
16  4 621754587
0  7 533980132
7  9 513669695
13  14 1287403083
8  0 1563870751
5  3 1121827533
10  15 1629694759
4  18 1978360379
18  14 1761399423
18  11 1259848345
11  8 1507238260
0  15 1268523174
12  3 1045216463
4  5 794756961
2  3 441145959
11  7 208605839
10  1 1240233492
18  19 1310261096
7  19 1109602318
5  19 1463871011
12  18 1142685904
19  10 407668668
4  18 276226956
3  4 1760500143
10  7 516574313
0  9 1454162009
18  5 1289649273
4  8 1882846184
14  18 912648661
17  16 1726747228
6  2 167711849
19  2 446329911
4  16 1138322463
10  9 1337206528
1  10 1286602781
14  5 1678470876
10  8 1246611980
2  16 193124275
19  12 1197547467
2  8 1703394670
9  5 264405345
15  13 2101287661
11  14 230369822
15  12 1995403593
19  7 2139602285
1  15 1936249740
11  5 1756240032
2  7 1800781128
15  6 230419087
6  0 63688452
15  1 171587294
8  7 1194772656
0  17 805671636
0  17 1268456298
17  8 206668088
18  2 2101027540
18  14 62750919
12  14 731451992
19  3 1460706977
10  2 50140841
19  5 1424729181
15  3 1103515856
16  1 2008601590
14  8 830944488
16  12 292394482
17  3 1450461458
13  14 897123704
7  19 952184352
10  7 924789436
11  5 1478278965
11  18 1506123432
5  14 344219954
9  14 418188718
8  4 1833560319
6  2 2071849468
4  14 1528414191
18  2 588427755
16  18 1770538035
0  11 801803639
0  13 835219962
17  19 1186687531
7  12 643328437
8  1 1262512776
12  2 711109403
19  1 1491659576
10  11 640479767
13  15 132768839
19  4 1247268325
16  10 336662275
9  18 1735091268
19  8 2100843849
16  1 597824767
18  3 1174643665
18  12 1561055140
18  15 1897803397
15  12 2132731229
2  7 29903384
13  10 1090267781
3  17 2023995513
19  14 153334576
3  11 1173554644
7  5 78106353
13  7 505797564
5  4 2055894286
0  17 984569417
1  19 1969212209
13  10 1233493332
15  2 426198893
7  13 1764544965
17  8 1265728396
16  12 1988212115
15  2 506364248
12  11 1670453306
1  6 1031658514
15  13 827471883
16  5 930937748
15  12 358058503
5  10 1860858888
13  7 1750092547
1  7 1483666509
2  6 693262274
13  9 1306071310
14  5 730031665
3  10 48173566
