300 20 18 13
19  10 629169494
4  17 619684813
11  3 1484535476
4  5 1608316985
9  19 1005774763
9  18 803928931
5  19 1822013241
10  14 2145903613
4  7 575164774
7  2 392457274
19  9 810129872
5  3 599556068
11  14 1444095722
11  1 288659850
8  16 1441418043
19  7 381641449
12  2 1303203800
7  16 1259956646
8  4 444927742
14  10 1595728020
7  1 432539232
5  10 1168648792
3  10 1447985941
5  7 1313955877
18  11 1918925273
9  1 466636630
8  10 646285314
4  2 352239820
18  17 290495565
5  12 820283351
1  9 1397630460
14  9 1178873907
13  5 962872017
5  13 2040962115
19  4 751020820
4  1 1781073362
4  16 1709147173
14  19 1896639073
19  8 311232144
11  15 1781636180
8  11 218632275
5  6 1971372259
17  13 123347914
14  16 915599455
4  2 915742006
12  14 1657123682
4  7 1442404677
16  13 272368550
0  17 566345249
4  17 1514249343
2  15 438296258
11  12 1477222335
11  12 620108534
19  7 224786273
2  19 1661011988
19  12 1996458108
11  12 1342800637
6  1 259877500
0  9 619288316
3  5 940836359
14  15 1666766584
5  0 16900829
11  9 476447300
11  9 1900095130
18  17 1860658452
3  17 1163719940
1  17 1090381420
6  8 2131816677
18  8 302821552
19  8 598648208
6  1 1433018501
16  8 2124547147
3  14 336004687
11  17 1178844038
19  1 697123149
5  13 630950561
9  6 487132387
13  5 1775904548
12  13 1525651233
15  5 1835608011
17  6 1583604448
0  1 557514969
14  0 560903015
3  14 1688762978
3  12 881237188
16  5 538749114
8  1 712474340
14  11 612881013
13  3 2109624761
6  4 1685885391
2  13 1278392727
14  2 355725751
2  1 1517908888
2  18 1225389302
10  0 23886693
15  6 1895158096
1  3 1559640377
1  5 1676211198
19  2 1662980925
18  6 1276839965
10  0 1132925812
17  3 30351203
15  8 1527757055
10  0 742595833
7  10 226242134
9  1 516831991
8  3 1539192226
14  17 90714144
3  8 889191181
2  6 36859525
2  9 1700443861
6  2 1312032385
16  5 546743453
10  14 250141999
4  6 793477687
9  12 511040033
8  14 907578531
6  15 461862234
17  18 1070571700
8  16 1721711237
14  11 725279658
2  13 679442256
18  16 1607746508
5  9 1706902431
12  2 1559743832
7  2 661019673
17  3 1255126992
5  13 1825644082
17  5 208288708
15  18 1283032819
8  13 1589935146
12  1 1244360464
14  17 1756338782
19  0 265319615
11  5 360414482
7  9 957668674
10  19 1877406130
10  3 179190446
5  0 329734972
2  17 1070263727
5  7 1653210981
6  15 2117252057
16  1 1283768325
19  6 1819353923
2  4 1052337256
6  9 516979340
4  2 2146861310
6  14 1352036972
12  5 838481936
10  17 1402186972
12  5 1502745124
4  7 286496452
19  8 1363556491
9  19 2124837484
14  0 663560334
18  13 1090994922
18  16 473367606
11  4 2035057642
4  17 1751640825
15  13 574345153
14  19 144633405
9  8 1850910923
17  19 1028686766
14  4 1786349015
11  19 1661006080
13  8 1369883286
3  4 690901310
10  8 650034531
5  13 617253690
12  9 1458994844
10  14 949283088
15  2 1023523866
0  14 901413341
3  4 1995791946
12  10 1520149238
16  11 1359031864
16  2 628271217
5  1 932095233
2  10 1928028353
10  17 355089945
7  17 472493107
13  10 79639272
12  13 213762601
16  8 1154986674
0  17 1569148166
9  15 201045780
14  4 502764703
3  8 730152644
5  19 1256161386
19  17 1366073125
10  14 1034868323
14  7 245497269
13  18 909937983
8  4 1734031825
1  18 1287698109
1  4 1959107221
12  18 2034752541
13  10 1762714998
10  9 205370681
7  17 2019104408
0  7 1517493927
15  3 1484657206
11  17 2025926558
4  11 1872919455
13  11 136925261
9  2 2094117811
2  3 1331269288
11  18 601840122
9  8 1341432728
0  18 581822968
4  16 432351706
18  17 470310112
5  0 1627087842
4  6 1388503187
14  11 2052036522
7  14 1879924689
10  11 1757981337
19  11 436744572
11  3 64667873
4  17 243344559
1  14 1643884859
5  14 1011211894
8  12 361369016
10  9 1513031092
17  4 1823475286
8  14 168707458
17  4 628178967
1  0 1256159823
10  12 1792717325
11  3 743142480
19  13 229274329
4  15 1290024464
5  4 1586022037
16  15 953848592
12  16 18136045
3  8 1492848592
16  13 1191518772
15  1 479487423
17  3 1305231153
10  0 2054471168
19  13 2019742746
11  0 1926749199
18  1 627508561
7  11 2049057961
14  4 142012043
14  2 1823876804
5  2 1786974672
11  8 742956126
16  2 1189427279
12  18 566732243
16  19 782090294
2  13 195357921
0  16 1660437607
10  9 389599730
11  8 118213562
5  6 427146075
16  3 2044788932
18  13 470994746
0  4 107909917
10  7 1652564613
17  5 566561861
17  16 1555487538
6  13 308477354
4  8 1786223158
13  2 1519532202
0  2 1310265436
13  0 1612315567
16  3 359077836
4  15 268499089
13  17 1654796924
9  18 1781325562
3  17 1339915291
7  18 722467308
4  16 1887714999
16  5 733185431
19  18 1715837751
19  12 503843493
19  9 1235448789
3  13 1853077170
9  1 207465865
2  13 161721031
4  7 1261088707
18  6 86731415
10  12 1222542061
11  16 605803718
0  18 2081360816
15  13 785528617
11  13 1405137532
5  12 1951227325
12  2 2104822418
2  0 2034219512
4  16 506956864
8  4 1079206764
13  5 1899917133
16  3 1424523414
1  10 1143198346
3  11 369893933
7  14 1667258746
0  12 2105380728
2  18 1527600722
