300 20 2 12
15  2 821798370
16  3 259939549
1  12 1488382158
10  16 1798285813
13  5 1723449912
18  2 1240288686
14  9 1754595089
13  18 1225370299
17  9 450734558
16  15 902996507
0  15 151243265
2  3 73907397
19  6 629687137
19  17 188346216
19  6 1728495801
4  11 609646264
16  15 726512758
9  19 820210611
10  11 832008034
0  7 751654458
7  9 941271948
2  19 23475629
15  9 1839634658
3  2 1981599936
7  1 2009698907
3  13 1769593636
8  19 1937536032
11  6 26093317
2  11 31921064
1  18 773307227
18  16 1775234926
0  5 1326859995
18  8 1376678539
17  3 1152377840
4  14 305867869
7  12 413206214
6  0 328389750
0  13 502910598
16  14 1151689414
3  9 1575937612
7  11 1378379207
15  10 1013197038
17  16 676241331
11  5 57280914
9  4 1681015722
18  8 940712998
8  16 1325453674
9  19 132494141
17  11 1007596182
1  11 458355207
8  13 877349401
12  15 2094943874
14  5 326788056
5  14 1715507000
5  0 838430191
7  18 2050696595
13  9 782795633
16  6 491415056
6  17 309078403
9  17 279863352
12  6 1489762164
0  16 1808203130
10  18 1680027462
1  11 1165071671
1  2 243139070
3  13 299777974
3  16 723207025
16  9 2036744517
13  3 208421810
13  11 1595497523
13  2 1078725516
10  8 1723208860
16  15 1960609083
7  8 442252366
0  4 600664180
13  17 1569110757
4  16 1984489902
14  10 1868813207
17  4 1400228563
19  1 234338888
11  7 375925784
13  17 1836715662
19  3 1168990840
8  14 1697066026
12  10 1641046866
1  8 731962869
15  17 587884405
1  0 180279323
4  0 142356803
0  18 1907689718
17  0 155319735
17  9 239562399
9  4 1616237964
4  2 29568051
3  9 1791987884
6  16 704521036
19  14 1749439153
14  3 1468802999
19  1 1842021956
13  2 1046224020
4  9 978089559
11  12 1341158285
5  3 2138474094
5  12 1984493532
14  18 1065704355
4  3 978713538
13  15 1124771859
15  8 778640436
9  17 298965991
9  15 1151525432
12  17 1295922424
1  19 505991884
14  8 1148895010
0  19 1514118386
16  12 1743298596
7  13 967903835
14  11 652317786
10  3 605537036
15  4 1660964437
5  1 690606043
16  11 1479933376
10  17 127639399
5  8 154263290
19  15 1393673513
17  6 928599214
11  0 114144083
11  18 1857836367
0  10 588765584
6  14 105110041
14  3 1806681728
12  18 812059711
18  16 1852902400
11  2 302918599
7  6 937893632
7  12 618100781
15  6 774614291
18  9 529664021
8  19 157257328
18  1 1224980802
15  4 205316452
7  5 847160260
2  6 753392493
18  4 204450511
4  14 1749875720
3  16 1656868467
15  16 2143402345
18  10 5245966
2  5 975438202
13  12 725341332
13  19 1946829034
14  19 229597663
11  5 739168316
5  0 602381053
2  7 483495974
6  7 954883588
3  12 725998052
0  3 340115637
2  5 322384869
14  18 356856128
0  6 1487706021
7  4 233886082
1  0 525629645
7  8 1652236159
11  19 672898434
9  2 409485772
5  2 1525715660
19  3 1621430916
6  9 499830914
7  5 476109052
6  16 1559828167
15  4 261831215
13  2 887634085
8  0 445089625
3  18 727795497
13  14 785927702
2  8 1567342916
8  3 183073731
8  18 1672860416
9  6 1338370176
3  9 626586263
12  1 1760482474
16  8 1018014250
8  17 1343283895
12  3 1039676674
5  14 1902813196
0  9 1722056739
12  6 432274973
9  2 1420764536
1  16 1587961057
13  19 114641919
10  11 1857176887
13  17 935810606
3  17 1922186300
3  7 747043918
12  9 1316976935
1  0 1747170230
7  2 1851509964
18  7 1000403936
4  18 958580685
12  5 2067224489
17  3 1209789522
10  7 42902278
4  16 653125719
17  3 1181309475
15  17 1717825954
16  10 639486322
18  14 2113369187
6  19 1798341786
5  16 1900047401
12  7 49411432
6  0 2081225959
1  14 1158537654
18  13 2067468602
5  14 1854187859
6  15 1724259950
9  2 1436397631
14  3 391903704
12  11 1759878392
2  7 1363493624
13  2 1864581258
5  15 1993271750
3  7 1372261053
11  17 757836584
12  16 806060979
4  0 92324465
10  1 1695512447
4  10 1902584592
7  2 1646538397
18  15 58528313
5  14 1682533677
13  15 1259107847
16  11 721751089
10  13 1003264484
12  4 1335153663
16  9 971938628
4  19 665926261
19  8 812560386
5  16 785019201
11  5 882375303
8  5 813058744
1  6 558711599
16  12 1495725003
13  17 361507538
17  0 1988666581
14  7 212711158
11  12 1690881732
10  17 1246796676
1  2 858984990
17  4 194218035
13  18 1116691264
0  14 1274521782
19  2 565169905
13  15 210487366
0  15 581481225
13  19 1444444604
11  2 352411758
3  16 754122599
11  6 1282826233
18  9 1473459551
14  3 99517487
12  2 502244979
7  15 1917711523
4  12 1255006377
14  10 318421568
6  18 1902093041
6  14 1572017180
17  4 1809993292
11  0 1651375895
3  0 1068605511
8  4 1003247673
4  9 1430999889
10  15 189987685
18  8 1246820946
1  8 1847354019
13  18 872100915
4  9 1659595144
19  7 295204264
15  5 986672787
13  9 397481212
15  6 1432140647
11  0 640391206
14  19 1316208317
9  12 1141519809
10  11 98627680
8  16 60922978
9  0 1822570950
3  7 1254794045
5  18 579396606
13  2 289383314
18  0 892313708
14  11 1433233496
12  1 677958698
15  5 173597060
17  19 217995476
6  5 115071293
13  0 2020499530
1  16 1212405301
17  19 1792735941
3  1 1299406018
4  8 1028716553
