300 20 1 4
16  9 1698139167
3  11 809443301
18  2 72954097
16  8 1545020926
12  18 1282972539
7  17 1288968229
13  6 490195886
10  1 1982588563
15  12 1882588800
14  12 84775580
11  9 1093009693
2  18 1047157651
9  5 1864207111
3  0 889033328
2  0 1490032560
16  13 1013626817
16  10 311177070
9  19 177610361
18  14 1216048122
12  6 501455346
3  18 1001827246
1  13 1225954956
13  2 1760762694
16  3 730920596
15  3 1475826546
3  16 1436401725
10  7 1105142587
5  7 1360183790
6  9 1760103320
10  3 1981559051
8  18 1304345307
4  9 2096227806
5  3 2031991886
6  16 1227478503
16  9 1975775002
7  3 643975898
3  17 1117786075
7  12 1557254962
8  10 1588552357
14  16 505409920
5  9 1311833188
1  15 298763800
10  5 675636508
12  0 1640520822
7  13 2032864864
4  1 542833334
0  15 687552499
13  6 1402169605
19  2 1444912993
13  5 1538454392
2  8 1661465461
17  5 924049979
3  6 1228719636
5  14 932312727
7  9 402333642
15  11 978852384
2  12 53333869
12  11 1721350389
2  8 42178277
8  10 969799233
12  10 1590935037
12  10 1113848175
9  1 2028913982
12  3 503322397
19  9 1581657046
8  9 1754095586
6  2 647658944
15  12 1238884871
18  17 903080733
3  12 1646429999
17  7 1268963327
15  19 586951861
11  18 1861250461
1  3 325017170
19  6 542033299
12  7 480851259
10  7 1955859354
0  4 1202880417
17  11 1974245815
15  8 2129273910
14  9 2080407400
4  14 49373996
7  4 1534498379
17  8 1494787056
5  1 1627104151
5  14 1528662969
12  19 1606624260
8  15 1351650696
4  6 1274333578
4  19 418378632
7  2 1646723950
6  3 1724513870
12  8 1476784150
4  1 174316132
15  17 177896386
6  16 2133901873
19  10 153555902
0  11 1870618771
15  6 1405541920
6  15 566355715
8  5 1631133564
8  2 841336000
7  3 354414629
9  18 180241775
11  13 1304305042
12  16 850377996
6  18 2081707432
6  4 1319450027
10  4 267395140
8  7 941560321
16  9 18863958
7  17 1371579347
18  2 1525360317
15  18 152568785
11  14 803270072
16  9 2122229267
0  19 195861015
8  17 209293845
1  15 997630801
2  5 1858940361
0  10 1378724305
8  12 661400590
16  10 516621937
11  1 36210857
3  14 411705029
11  1 590905760
13  8 1685038204
4  13 119970452
11  3 505123011
3  17 1984401421
4  9 1548026504
6  4 865224367
3  9 80013443
2  15 1856736224
3  9 2047600470
14  18 801210146
16  11 380548365
18  9 2048737616
13  11 1711484929
10  3 167035145
15  3 242571331
8  16 930311014
3  8 287091771
13  2 1505674845
8  15 273580209
16  2 621518949
10  7 1676953752
15  12 1246998728
1  16 1385370347
17  7 1137345673
6  14 1372453452
14  19 135223671
1  17 1653261716
2  1 271284082
11  14 1681670237
16  11 1379337348
2  11 1558819678
13  8 99423539
9  1 1804374385
12  13 1810497612
17  15 1419355917
0  15 942152783
11  17 1366285875
16  7 39234094
15  18 1818789440
7  18 900179182
9  3 1508065616
6  18 589507202
6  12 1349604384
1  8 1615901587
12  0 1813418525
1  9 1404754628
12  7 2029107006
16  8 462125928
2  6 751572072
17  2 359304470
11  4 2009533915
6  4 1202206222
11  16 1443840752
15  19 337469612
17  0 1676698689
3  8 403545279
16  17 777442276
16  1 433243071
6  17 656414547
0  13 1914940837
17  6 1690451917
19  7 1896577225
9  2 313024914
8  18 603570826
5  8 367412491
11  13 794570214
14  4 1189393520
3  10 561396645
7  17 91184299
13  0 2065358579
10  9 622975518
18  16 316219383
3  14 634497840
0  15 1926803765
18  19 1663464823
2  8 1136044216
12  8 391026311
4  1 283643025
3  0 1159011547
12  16 1469532779
12  13 496548878
9  18 1690601720
1  15 1883000815
1  6 1798087407
9  18 993370396
6  2 2147357541
7  3 1809178598
8  5 1966630757
2  11 2145692661
5  8 1782457338
16  10 1531399762
5  1 1121078953
6  7 1248120470
13  5 1461419451
14  9 1879996407
5  3 12989418
9  8 1123439419
12  1 205351553
13  18 1734440478
14  13 586551892
11  4 40551263
17  2 888570988
16  1 327908951
17  8 2098947727
4  14 25025534
13  2 408436143
3  9 1047463775
3  8 16762606
2  11 933530461
10  13 275015759
16  14 1188495246
17  4 1032115217
15  0 224363933
2  11 1940887837
7  5 1605609341
6  18 392684829
5  19 1863520450
19  4 1516526455
19  12 397799908
10  12 304812373
19  14 878533909
5  10 1051535689
7  3 350445005
15  19 225143054
9  0 1554583562
7  6 473515569
4  12 1705059837
12  2 2068582129
5  12 52350261
2  10 1236789065
12  8 1419119258
8  0 889732478
1  6 682354685
15  8 158025188
12  3 1698862654
3  4 1681607211
9  5 1509012513
17  9 2137883473
8  2 1130072571
0  2 848801839
10  17 1086442256
8  15 277720529
7  13 2131353984
4  16 1552094440
11  7 663869309
12  9 1465425345
16  1 1053533844
12  4 1551947848
16  2 943962716
6  1 393894074
2  6 293000370
0  19 656271042
6  0 88269408
10  1 1151228735
6  14 121978662
6  4 1297748187
5  18 383743652
11  4 1566205351
12  16 1743077312
5  11 780451016
9  4 256137853
15  0 2054261365
7  0 1824861736
0  16 486626269
17  10 2000263668
14  17 993529539
12  0 422931486
5  2 1614780732
2  5 530662661
5  16 1054585971
10  4 119688264
19  11 1518027806
7  15 325751413
14  3 1933923497
