300 20 7 8
2  7 1994303512
2  11 568684687
2  12 103193340
5  15 1504742432
0  17 543086946
13  3 537719620
4  15 270205364
8  19 955792055
16  8 1735798671
17  9 862011858
19  0 1896807319
1  3 1078762605
13  12 70697777
0  13 1869695019
18  2 922897141
6  1 579574259
16  7 1191767262
16  5 1104046024
9  6 977267452
13  0 221753250
10  1 1284061201
14  12 1263884271
18  2 2008447867
0  17 1342169608
4  3 1771552432
14  4 1440452711
1  16 542873840
13  9 709362570
16  9 1531526688
12  0 8095708
4  10 861400653
15  8 358278984
0  3 1265397938
3  13 5302718
6  14 1447262431
19  5 1281324071
0  11 600859966
15  12 1981822469
6  13 1851095770
12  14 1130527437
9  2 879764180
12  4 600955876
1  12 867535829
12  14 1117384229
11  8 1792415451
0  4 360392433
5  1 802830520
12  2 379078203
8  13 383542441
14  2 662950561
2  11 1194103018
11  19 2098473065
19  1 893068101
5  4 552732887
1  4 1002038392
16  9 629900909
17  6 1388812023
7  3 1546225635
12  13 1665586780
8  14 2116262727
2  4 1987048642
17  0 2053327878
5  2 708119571
14  18 1404856729
1  0 1811091983
15  18 509296728
13  18 588054495
5  13 1776504
6  4 857700548
10  4 110011011
7  0 606454459
6  10 495220338
6  2 1977383537
0  7 1001515760
2  10 1322728992
1  9 1430716120
1  10 737208946
0  17 125544279
12  1 1877753758
16  8 797270124
15  17 1414823653
7  4 1754003528
14  17 111886029
8  19 590804783
15  14 281153517
7  10 1138617196
2  10 1881579835
7  11 170719397
0  3 677013213
2  11 161319052
6  8 480103110
16  10 1752005499
0  2 184637520
11  3 1155860254
4  6 1548582127
12  1 1613366234
1  5 981356087
9  10 688012400
7  2 2050512280
17  12 1960259170
16  1 44792252
15  0 131062592
7  19 708976338
10  16 1659438202
7  1 2105012631
12  4 1662851064
8  6 221811140
18  16 1896721242
11  7 857464459
16  8 529338866
0  7 341029724
13  12 1673460593
5  0 1797688752
19  16 1676837055
11  2 1149680005
14  7 823318913
0  8 1370369902
12  10 16602211
14  17 180725580
12  19 1106708823
8  13 1599744340
11  3 956750260
5  17 891853233
16  0 1254141348
19  4 1298561080
4  14 340995565
6  15 622902202
2  3 573849931
8  9 1788737790
9  1 746279658
17  5 359185323
9  18 158870925
15  8 1328599134
0  3 1322153908
11  15 843844620
3  2 1120543487
17  1 437456939
6  16 907399880
18  8 1621598812
19  15 33916943
15  4 1752202334
4  1 1232213189
15  8 1037222457
11  5 334445371
14  17 1930204218
19  3 1606959020
17  0 538446775
12  3 1060112903
5  10 332108394
16  2 517884956
12  4 1576913683
4  18 845596735
4  19 1995434306
9  8 1094505933
8  13 947705401
8  17 1085300155
14  18 1372325606
2  0 583205721
0  13 381179374
1  6 105547384
8  0 1171327681
14  3 405639380
2  19 1418412365
0  3 1250659959
0  15 394154506
15  10 2140488304
19  13 991032248
12  11 35086712
19  12 638145010
14  10 111492254
4  8 399700946
1  8 2025785004
14  13 63246653
10  4 1967401643
11  9 1651962284
13  17 1140905616
13  12 306382353
5  19 1216824497
7  13 1530655117
5  10 837045964
4  14 1406398987
5  13 2019283756
0  10 1314637988
3  17 1981409621
9  16 1044664480
11  7 1157410540
16  2 983288374
1  18 506244098
3  17 2138735378
14  11 1148796326
13  14 706445544
4  5 738600111
12  0 1785928460
11  9 567393099
12  9 515003131
3  6 1175126691
16  14 156092200
18  12 1434582629
5  15 313808991
10  11 615863363
12  11 802628333
13  8 858475252
14  1 562681322
14  16 1173761477
10  12 1010735976
17  6 551156682
9  12 1291357685
12  13 1907671787
6  2 1691759822
1  9 624252318
0  5 987749510
7  0 74054855
17  15 1671907925
13  6 333565209
3  10 1910198533
4  8 812793342
8  7 93682263
8  6 1025042704
5  3 2120736971
6  12 1624008525
16  9 1473896691
9  18 1317373848
7  4 33992866
0  12 1872073824
1  5 904556681
1  10 1162193579
4  19 1091829310
8  16 1672145697
1  5 1279491512
1  11 335090870
14  10 1029357146
3  4 879499994
9  1 269542416
12  11 1510856732
18  7 614573129
5  0 515790938
15  13 841225000
3  15 1848801597
19  10 2037972527
19  16 2002654567
17  1 1253045593
4  8 79315132
16  12 295559821
13  3 158931840
19  7 1313292265
2  9 1466172464
17  15 849838112
14  11 72724455
11  9 2036626693
5  18 384831588
10  13 600063179
7  9 1336043319
19  9 1743487179
10  5 195555477
2  7 807450722
15  17 942098011
1  0 1532296338
5  4 370193889
17  2 1447127032
9  5 1604419487
14  9 1603635110
15  7 371938317
12  1 1503623587
15  9 1525043903
9  1 2006840920
19  6 1430375467
18  13 1425371644
16  9 1562499306
18  8 1423901121
0  2 1551316839
9  11 1789505010
0  14 999530885
5  10 1004553980
14  5 1445644658
2  9 136681776
2  13 456900045
6  15 1683542453
14  15 1601884069
4  12 1296078233
3  17 1158161900
15  8 1676130661
8  4 677347531
10  6 208335134
3  10 741321388
2  4 272569647
12  14 1210313714
11  16 1682942268
16  8 1636691964
6  5 484637981
4  17 1188278395
0  5 247526711
7  10 1314105568
18  1 913662155
0  16 1281268392
11  1 1424705158
6  12 2073113038
17  2 888972092
1  11 1780394530
12  7 404491954
4  0 1213936747
