300 20 8 1
12  18 1919759065
18  12 1273206399
17  7 228986343
6  1 830950274
14  0 860322430
14  17 1982640887
0  6 182055511
18  4 2025954192
13  8 571538086
11  9 1417280153
4  9 1736161345
4  2 178123566
3  9 1774819944
8  1 535348477
4  10 175926774
13  15 146078334
8  12 1564873933
9  10 525809995
19  18 1138332290
3  16 1569379992
2  17 1236042964
16  14 508872457
2  17 1479183673
14  19 354648325
19  0 872788521
18  9 632547793
10  12 441738085
4  9 1801743593
0  17 673146378
19  14 962854760
15  8 2067208928
14  17 1443558012
15  2 78626671
9  3 252534943
17  15 2072288745
19  3 1876029507
0  17 264207786
3  9 1040652082
1  19 932742541
6  0 1417752766
17  14 121767524
7  17 750311275
7  19 691586177
12  6 1361508119
11  12 1513446550
15  2 287297887
4  3 194113998
11  2 1443185869
4  1 1827435035
13  7 443711759
3  9 1165560294
2  0 973286906
16  19 895950954
11  7 611899350
13  1 1132984510
14  2 954693556
19  2 1425079434
13  11 273015646
12  4 912369600
11  15 314451914
10  16 705766245
17  19 823752642
6  19 837716097
5  1 1381417747
10  2 1500580118
15  17 893462886
2  14 67170736
0  8 1771446478
14  13 1603288665
7  5 355223423
8  0 996649873
0  16 505190677
15  17 1431583368
14  2 934674340
12  16 516599798
14  0 465031301
18  5 657401372
13  5 922927593
6  17 1803422587
2  0 286581507
16  17 350872580
11  17 16370163
5  2 516391591
16  8 1110594786
15  16 433568787
6  13 262585908
8  0 876066028
6  9 634300539
7  4 2012015223
13  10 984705534
8  15 1792210038
11  15 1610655040
1  15 1248426430
1  19 1328136611
13  15 240260457
6  15 1479608199
5  16 688633077
19  9 1970763208
3  11 1302932396
4  12 1773768633
13  5 384896072
11  5 1466677812
5  18 232661833
19  13 194415434
19  9 202563745
19  4 1724542799
16  5 1628575227
6  0 384108828
19  0 1365836416
10  7 99924073
11  5 1706865633
16  6 936280159
3  4 728075458
8  7 1298126345
1  19 1245380317
3  5 1952773142
10  9 1527257749
3  5 435493427
3  19 1533127806
2  17 122510310
1  11 45838653
9  5 1874920903
13  4 542502766
13  9 1914301536
14  8 839170745
4  1 2011547524
8  17 1504481545
18  10 1139084052
12  7 1878033926
11  2 319105905
18  12 80787064
2  15 636636540
10  7 1437723990
8  11 1950855732
6  15 1067334009
19  4 1946118973
18  2 58037971
9  10 1472784742
1  9 291203646
11  12 355264912
9  17 799407925
11  6 1510528226
9  10 934305214
19  17 803407038
5  17 694246635
0  10 210299401
7  6 1171092567
4  11 1789077914
6  18 1449419512
12  3 1461655346
19  16 1191612983
19  11 583366676
13  1 772310658
1  18 1976865904
2  6 588805272
16  10 1951208894
19  1 787337456
2  15 1985672118
7  5 1428686658
10  11 714941274
14  9 786283993
2  18 601635843
3  13 770199670
13  17 1313950403
4  1 840924990
9  5 953879357
14  11 1760291057
6  14 349394597
12  7 2104840032
5  4 1721881061
19  7 1338458167
7  4 2024261553
7  18 2034564632
6  17 1801030026
0  19 812402374
12  19 1628728030
12  8 2001038028
2  15 1656165782
3  1 1324858923
0  14 1998720638
8  6 1983590545
3  11 296673745
1  11 1676945784
17  18 354001485
17  7 1862143346
2  15 595814341
11  17 1509700127
16  12 928071960
8  4 2018114536
0  11 962220054
3  7 1006569866
9  13 1167731561
19  18 665989040
13  7 165411542
17  3 1098224573
3  8 185574335
0  6 94454751
4  15 1293114256
1  12 108291268
16  7 2105693362
10  2 1788652236
5  11 1953272259
15  14 1273094742
11  16 1768216997
2  7 1702514579
0  3 226639479
9  14 56901001
0  6 174579481
17  15 1778184871
1  7 1370078934
13  7 517604210
5  7 139174808
15  19 1570315810
3  2 605669093
6  1 2000266898
9  3 1610684438
13  8 615248121
17  16 423842366
19  1 412734117
18  19 1929940839
0  5 11889755
10  16 1360677193
15  9 1829749308
0  18 1217413078
4  1 1048648117
5  19 727135933
12  13 849023785
18  5 1633092544
7  4 1659585307
13  0 692601412
4  1 1312597396
10  13 361801416
5  8 698047030
4  12 403303549
4  14 1433757328
17  12 1155615882
4  18 1328471546
18  6 1158603557
2  6 1782952267
1  10 1722707544
4  18 2084205657
5  10 565002384
14  5 1143026514
11  7 1959854917
0  5 971041618
17  10 1678625421
17  9 980020125
1  11 305130359
18  4 467473063
0  13 1504691917
3  9 1095514980
1  4 944720224
9  19 190681811
6  8 1085073560
18  3 1338321680
10  19 1553819005
15  7 1137983094
8  9 659664978
14  18 1130476240
19  3 696423513
7  13 1073706593
11  10 428984450
0  9 10018436
10  6 653037816
5  15 1707878169
2  6 1577575478
16  15 487927816
11  1 1486539396
19  11 1887886539
14  5 77065962
13  17 1944130067
1  17 1735573386
1  10 230568670
14  4 1725586039
17  5 1788791841
2  10 1867060401
11  19 1986058725
12  8 312486656
3  8 1753245272
10  19 32473295
18  10 1866329124
12  5 635091308
3  0 444654900
6  8 1313820145
16  18 1995315424
16  17 900844224
6  16 611211794
11  0 2098311972
5  10 1329031529
2  8 643350483
1  15 1334253607
13  2 539989279
7  18 239617581
8  6 488991076
6  11 1298586036
5  18 1252232720
8  18 1074691200
18  8 1753784928
2  1 1856286352
11  15 280477944
