300 20 9 17
4  1 2055939626
4  8 661523114
12  18 1699969902
4  16 1438729509
5  17 1023825622
5  12 736630076
16  9 1710947763
16  5 153856738
8  3 2079324136
15  3 1942418454
6  13 1440310963
1  7 1301720650
13  12 1050261684
16  10 1971561133
6  7 1703870874
11  13 90673148
8  15 438484706
16  9 1797112526
13  4 868560924
5  8 52606536
8  4 740908448
14  11 991290831
11  4 2120348049
16  5 1937735958
14  12 1320944299
19  5 657437917
10  17 787008003
0  19 2047871789
5  11 1533428390
6  8 1372347432
10  1 94218524
1  3 887562484
9  1 22806977
12  3 2072756132
17  8 1776512262
0  5 1292426493
14  4 1256572101
2  18 231845914
15  13 2053669264
5  9 1708452268
6  16 251982545
6  9 371758067
12  4 2086380329
14  2 347398831
0  6 1744944919
0  10 1474573398
11  16 1983846188
2  19 67413977
4  1 1324434220
11  5 1627709286
5  16 2119207644
17  12 1165822214
13  8 1438212143
6  3 970973615
19  7 759799416
5  12 23097440
18  15 259202144
15  13 2088574257
7  18 1558559231
16  11 79865266
8  10 1960483341
3  12 1046752420
3  5 602846688
16  10 2088944406
6  5 941051940
2  0 1011975376
0  4 557718950
19  11 1947575065
6  4 1254377981
1  11 1021608428
3  11 333223779
13  0 1355626880
14  16 556164344
11  16 83822518
18  10 1900026983
13  6 1714971051
7  19 68674528
8  13 1958730358
5  3 552411926
15  13 847154222
8  2 977807182
8  18 2086641371
11  18 1956670051
4  12 36736839
0  12 865775147
18  19 1244294371
6  0 9776782
8  17 873673578
5  18 2008467585
5  14 1480827531
15  2 1020723197
11  18 144368991
16  3 856367363
16  14 774171666
14  3 1820252480
1  8 1558703875
8  2 703068137
15  7 262232668
3  19 1062989063
15  0 1787663181
3  13 1729967947
1  4 1300510682
5  7 1282795751
10  4 1150832523
2  10 2137096973
17  0 982424677
19  16 1120004943
12  7 1874758097
8  2 406892476
5  10 853916580
0  10 513383665
6  3 855006644
1  9 1939070413
9  2 778152850
1  17 500731257
3  12 1622441209
10  13 1192246630
15  11 1119382783
12  5 527869972
14  15 32479633
8  10 545746468
0  17 945911180
2  0 1932504042
16  13 1958273364
1  18 426951196
5  14 19792313
4  7 1649577599
7  10 355165008
18  19 445544038
12  0 299947661
6  14 1858087213
5  9 1508782349
18  2 278661325
14  1 1966958860
17  6 447899416
17  7 21209110
9  0 684254048
14  1 672926807
15  9 846240367
5  0 476481152
7  10 973093997
13  0 1360689720
2  9 522432213
6  3 581009426
2  4 1180800253
10  3 1497110892
7  3 436015617
7  13 1656991335
4  1 684869519
15  0 961054643
5  0 218439739
11  18 1225964297
16  13 361227742
11  4 1427284483
14  18 1324328621
3  6 515298267
15  6 212037522
8  18 1981010424
6  0 478872058
6  3 233016146
7  12 1751007404
5  15 2085990132
18  15 1842339890
8  16 1776815700
6  16 1625454544
1  9 667257585
11  13 60143767
7  9 2139797750
0  9 23551
3  15 1345952819
7  19 690512236
18  2 1367239862
18  0 1849340635
14  18 2120870584
18  8 473740211
7  19 969275745
2  3 2110617361
14  6 274170526
9  4 1399284588
16  0 615498799
12  16 1145435238
4  5 401956801
1  3 99313974
10  3 332485764
3  15 1722271022
7  16 252232667
18  16 1178368524
16  12 1999256784
19  18 1542901200
19  17 619069845
9  16 2049298777
6  14 1886803762
7  4 86189716
7  18 785106100
14  17 926014759
5  11 41139906
16  10 1899798458
18  1 1077625284
13  19 1534046173
5  1 1401246917
7  2 1362518340
11  17 239817080
5  14 320168425
13  2 835984081
6  14 1651898129
6  8 421395791
15  13 481335425
17  11 1317648463
1  15 1870880894
11  7 248005739
3  13 898557769
0  14 889349858
11  12 1126603645
1  2 1821639494
14  17 178302780
12  19 704886480
18  7 539850460
1  5 964895216
5  9 1505348798
9  19 1908768160
18  16 1200894655
17  7 1943672983
9  7 1253059533
3  2 289745928
0  4 1940942773
16  5 1065630112
7  10 1647965806
14  7 101473650
10  19 1076457459
9  5 1828767180
11  8 617686308
4  18 142296727
9  1 140054645
18  9 1815201376
0  9 1290215819
18  19 1425634307
4  9 1452320991
12  18 1627568769
9  6 1013513026
10  19 703476930
3  17 438126475
3  10 706369279
9  17 735138316
19  2 1906417114
16  15 806478903
13  0 247848259
2  14 2067811909
4  0 599715348
17  1 1637881154
5  8 1887887414
10  7 217395462
7  19 1765284520
1  8 723383349
3  10 1293988003
19  1 1393887855
3  15 765891807
14  9 1332263289
3  6 1198995834
4  3 1195571455
11  6 559339085
10  8 25010102
19  2 77021224
19  2 122871309
15  19 1550079871
18  8 944877284
18  7 945861926
10  2 1501421282
9  17 202124738
19  3 1365023848
6  4 105691532
10  11 1870613129
16  5 1889277432
11  3 842734913
13  15 1782935171
1  7 380318354
11  3 1668700629
7  8 1445729626
3  16 934671291
6  8 2022616980
19  11 799680348
2  4 1920855128
17  14 643788570
11  19 813701666
11  2 1671113257
4  5 1500968202
18  4 1302136591
10  11 701033813
8  0 776577513
0  14 464122535
2  8 1839177651
12  13 1019651648
17  7 232836906
6  13 1161405364
11  15 2096569388
18  1 108618748
16  8 75473056
5  9 77212253
1  15 1092650522
3  6 340355403
15  5 1963756203
