300 20 12 1
14  16 561151019
10  18 1295633808
11  19 1756382544
5  2 522407135
2  16 1444389262
7  16 1850349496
12  16 1351423590
0  10 184068244
15  10 1878212730
14  2 1026845881
3  15 1581489115
17  1 1167202548
18  15 1568571748
12  5 2076422248
12  19 658559190
8  9 954165431
7  2 242257626
8  6 1978226945
10  3 2069013956
16  10 111853249
19  15 1634982211
12  6 985894789
1  11 108345372
4  15 2130338249
15  9 473358986
5  16 1138255518
11  1 336575862
8  13 1439272568
2  13 15608731
11  2 723546112
4  12 1120524906
7  11 651660353
10  3 1869399426
15  8 21888036
18  15 1088381188
11  9 780625557
6  7 1141457121
8  7 1581562424
19  5 1347832217
16  12 1418183842
16  3 1014284994
9  4 1775172097
0  4 1192757241
16  4 1686226828
8  17 1311486893
1  13 713318723
14  13 1901021984
14  17 155700415
1  6 891299986
10  13 1385184441
12  0 1488864614
3  4 614648168
8  12 440098534
15  2 1081947788
19  1 760545461
11  12 526352725
17  10 373338646
7  16 1853491463
13  4 110601431
6  11 2075766068
13  9 1225920269
2  5 1804925327
19  15 2040091357
17  2 226256998
7  19 1856199001
7  9 1487736213
15  18 1947535197
11  10 1580406195
16  14 2103888250
14  3 1392811458
8  10 992997008
3  0 836530986
2  3 1403538415
4  7 1129727919
8  13 1808003394
1  6 1166528509
7  16 570702437
9  2 1278251481
0  7 1447282481
19  0 587446988
13  10 751875419
19  15 660754262
7  13 743273801
2  9 135534063
0  12 681952953
15  17 339776552
14  9 1804751233
2  14 410963800
12  18 899502750
3  13 1376666458
13  0 322614569
8  11 766674621
1  6 559801722
12  6 934806477
16  14 1663962002
6  15 637960955
9  13 1662430053
5  2 1965327595
11  7 1681172875
7  6 214374141
14  10 88023518
19  1 1728255643
7  2 1335824138
1  6 724206354
16  3 1688745163
2  15 1712846513
4  3 625997552
17  15 1625050287
2  0 1462185318
17  11 925510383
10  11 56448015
1  14 1422018512
19  11 1196486000
7  15 1214416670
5  16 910472692
10  11 1661179844
8  6 946128120
14  19 368932428
12  8 2061508869
11  12 662166778
3  7 527591914
3  15 2034712142
11  9 1847454759
10  1 1710072219
7  18 1062943539
5  12 126482335
18  6 181834049
1  9 92932176
17  16 271662428
8  11 479591180
16  11 2135719480
4  19 562080520
4  12 1221797780
0  16 744860874
0  18 1972483985
6  0 510465848
11  16 1419330177
19  3 9347544
16  0 858802478
12  9 1498650186
0  9 1344804962
15  9 811648526
18  10 1602233364
13  0 308882261
9  14 1901854292
11  7 2122826914
11  1 1027633558
16  8 899022992
3  9 1947560868
11  8 1590330776
2  7 921504006
11  4 110865391
6  4 934325317
15  14 1327443393
8  16 696686473
4  17 383208368
7  3 27429077
12  14 92097050
12  18 840754012
10  5 1687428512
5  14 1416541072
10  4 1171166415
5  6 360118115
2  4 1117064555
14  3 1792006204
11  17 250911834
6  16 2038940241
16  14 587498797
4  12 993298640
15  1 969610068
16  2 1266874346
16  12 1379153350
6  1 1792436788
15  6 1643959867
0  16 1209736954
14  18 514042933
5  12 1972795380
4  0 1230860912
4  11 1141852410
16  4 18358523
10  4 1488357687
7  3 1573353100
15  4 164345901
5  13 523109486
1  9 1148279179
0  1 1319566020
1  9 50810798
1  15 541795348
14  2 430077179
8  4 1499246263
11  4 1840835325
13  10 950745427
0  10 1214838859
12  13 472094317
0  11 64295957
10  8 1855663831
14  7 1036732422
1  11 2119255077
16  7 1645325344
4  8 1237697985
6  18 1676656652
5  4 1434317791
1  13 587892023
16  19 990283733
2  19 579871887
10  9 304049097
12  15 65490035
5  8 473438432
14  5 418585609
8  7 769775022
13  0 626249258
2  5 37271672
4  17 185814307
13  9 1618453223
3  18 499330934
0  13 122612823
10  7 32659519
3  11 1904844732
15  1 2076608676
7  10 1629343280
18  15 1043367120
7  14 243381247
9  18 447821155
4  2 1963373524
8  0 709021624
13  5 373189417
16  7 1995307113
17  12 497746265
1  0 1360201299
17  19 34504485
18  14 1807779246
3  17 1704827813
4  3 226480089
18  4 201820087
15  4 80094804
19  18 1949082144
9  10 335159368
19  8 1626345058
7  5 753460277
5  4 111584751
10  4 101922254
12  4 239791207
16  3 420765292
5  1 1195207904
12  19 2105307088
1  3 1955545299
13  19 1532617337
9  12 631902601
2  19 2050063539
16  19 1230377425
0  10 1520754739
2  19 2013461583
13  7 940944808
16  19 1531756201
13  3 175159101
10  19 1949210486
4  18 120924810
4  16 809615999
4  11 991117675
6  13 1208896524
6  1 2004417753
3  13 973251729
1  6 1334617478
6  15 991034552
0  6 1349203986
13  11 167251371
12  16 1221667703
16  18 496533286
14  8 500364870
10  19 1668922450
15  14 1961622257
9  12 5060435
18  13 108416316
11  3 770201399
15  6 762637467
17  7 311202963
17  14 660140110
3  11 1754051331
3  13 1599725426
16  18 1029839197
3  12 345483482
7  5 1045395803
8  18 931372347
10  2 174044042
7  17 1719426214
5  2 852186159
0  5 959925705
10  9 235025595
12  8 447318699
12  4 1995435141
5  12 288115394
10  9 514472663
19  12 1248135212
2  10 458519337
16  3 1830724075
18  4 1653631375
5  9 1115068123
19  9 860353457
2  17 1096708902
4  15 1022991290
