300 20 10 2
1  3 292749233
16  4 240041503
16  0 1204868967
14  13 837787647
8  2 1642052307
14  13 1388648057
16  13 161986632
19  13 832191186
16  19 1362432376
17  6 126975976
9  16 1231487032
18  11 1185109058
13  3 1590768085
8  10 1200146144
17  19 2075754877
9  4 1616973047
3  0 260447909
17  18 843861549
7  3 1994692897
9  4 1744806143
12  17 970281237
1  7 706079726
11  10 1309175977
11  15 1524748099
4  6 92790481
1  2 1006529179
9  3 1908206850
1  18 750028861
13  17 1419877542
11  3 2099237819
11  15 106178944
2  6 154471951
5  0 868452700
8  19 1833915795
12  13 1370689828
12  10 597635287
16  7 1218891312
12  8 2019670266
16  17 119446803
17  1 1026467444
15  6 1175925536
17  14 138152485
15  10 2034929063
15  10 1739105205
8  13 1180573667
16  1 410137960
5  14 1607544478
19  2 1401572789
11  5 478320908
12  7 1892919869
7  15 2109565271
8  6 1527483867
13  2 1464206458
0  10 1144111023
14  12 1696623957
6  3 242854224
11  17 366213049
1  11 914548452
10  0 1322454650
13  14 1259955953
11  17 1165630453
6  0 994117754
4  0 257622181
18  14 382700528
1  5 1453717913
15  9 807196587
0  19 1165655431
3  5 1362560655
4  19 2123088983
8  3 1096081554
3  15 640370482
19  17 727163413
5  17 1364786914
16  14 134877721
10  17 1038032874
12  17 1026944572
16  18 264021385
19  0 298662594
6  14 2116412506
1  3 1294545637
0  12 1280771483
4  1 335103555
7  3 1982627673
9  8 1447628706
1  12 1030952071
12  11 1112416296
16  4 1929315573
16  15 189619266
14  18 453706800
8  19 468952899
15  14 589217952
18  10 2048715000
14  7 110924761
12  6 2045721063
6  1 1414167551
11  15 228453394
11  4 282785172
3  16 691809971
0  9 1671754988
0  14 516153662
0  14 621486785
0  18 1298785977
2  11 711031528
2  19 457067811
13  1 771098581
13  3 1894990954
14  2 2007734774
7  5 1228360329
17  10 355599853
19  14 1909476401
7  12 1595513588
17  18 730257616
3  6 1375262095
7  4 1449276536
14  10 1955654090
8  16 1514641510
11  6 961033310
12  11 1002405709
0  4 668868025
2  11 262345081
17  5 914398966
1  10 1955125714
3  7 449069889
5  3 64075861
18  10 413254402
2  0 1609150171
10  0 2126731758
19  13 900478857
12  10 734075192
9  19 1098305862
14  2 285520352
4  18 1391683697
3  17 257599057
18  8 1129567435
0  4 1308103677
6  2 667960853
9  12 1558892285
6  4 996938053
5  15 1048899673
4  15 1070832112
9  16 1089895940
17  9 1375143034
2  6 468728665
1  11 2111785093
13  17 44350857
4  8 511278223
7  18 714648624
10  17 1115406269
13  2 173504709
13  11 338424328
7  8 1439185060
8  1 223810234
12  16 1248925052
6  5 1811650209
16  10 1358127933
3  13 1631764752
2  6 1250053602
17  15 879692052
12  15 243686741
7  13 360468279
10  17 958344287
11  4 374777104
16  2 1397819150
3  1 850708674
14  5 351967186
19  5 1666201336
2  12 459621474
15  3 1363554055
3  13 832361317
5  9 1957639163
3  1 321006887
9  3 1963802955
5  1 1181617922
13  12 1323533112
16  2 2034918918
5  12 1101613621
2  4 1854353803
12  18 1373092668
7  4 83076154
11  6 1115055094
17  12 1144168991
16  19 168218516
5  14 1887735304
2  9 821168568
17  15 1773766873
4  9 456380333
14  11 1601664982
4  14 686807533
14  19 290162635
1  14 361009308
4  17 632306137
5  4 665945335
19  2 1323128855
4  2 1164303942
0  5 885210578
5  4 436174539
10  2 1337530856
5  19 1757496504
7  14 1855859630
2  8 464496856
1  3 919160795
17  10 2013604693
4  17 231880393
1  12 239461648
14  6 949727931
3  8 1502104548
10  17 998137024
0  10 2144728065
1  6 1686826049
2  6 2003507104
12  10 126530722
12  8 460304956
9  12 1630354043
8  7 1506947173
10  14 781237780
17  8 1886184927
10  15 817563906
2  8 1677017378
0  9 1109650800
10  16 1768318767
0  18 963533633
17  7 2050878696
16  1 703568007
16  17 514943935
5  2 1327697915
7  17 135691352
0  1 1838612769
0  18 1725197977
6  9 2053073128
17  6 2107907468
11  7 298905040
13  19 977424905
12  9 1749623323
4  7 236376054
8  14 716062480
17  9 317383416
9  3 1786259460
19  6 946291302
13  11 1037639660
4  19 678348802
19  7 1072010867
0  4 1795040638
5  0 133213845
18  12 1319725229
11  18 2006877847
6  17 1366457837
15  4 1144278120
16  0 930335374
9  1 139523189
18  3 2054193770
11  7 1488862166
6  9 936425905
2  1 1966937095
3  16 681670661
12  1 743596174
18  17 641708616
17  19 1319786710
17  1 587234958
2  6 192393546
13  18 1884233529
6  4 1089577263
18  2 1172373621
5  18 1844593632
6  12 2142814348
2  1 619799510
19  7 1922101207
16  15 2060512356
18  0 931916403
6  11 1082691912
8  3 1586110557
7  13 1704380203
11  15 260063999
14  18 1553979274
0  6 2060852017
8  9 1972978336
2  0 1594953229
13  18 815546127
18  9 913783626
5  19 787561526
3  16 1810236472
6  17 1444921729
16  5 1707746616
13  8 1498210981
11  5 1624378138
11  17 324270209
19  1 216638638
19  1 2056117696
1  4 1958216875
6  11 785486022
7  14 506484527
13  11 1679231179
6  3 1951786739
16  10 1414052001
17  9 1540668727
11  16 1677442674
11  19 1487202445
0  2 2134827648
1  4 15691267
19  14 1048183580
3  12 438236286
