300 20 2 16
4  3 38389698
10  9 788743103
2  6 2136246536
2  17 1939054936
18  2 651309539
13  4 597191214
1  6 488262142
1  9 1085126425
19  14 800550140
19  14 941462575
5  16 1788008789
5  0 602979620
17  10 10789938
2  0 532056831
2  12 1104325884
6  7 1227849969
11  14 1974537401
18  15 881329337
19  3 2011229422
15  10 214344877
10  4 1133272195
12  6 15474832
9  13 1304939341
14  10 14273087
6  3 1705531623
13  2 843409059
4  9 1331092107
15  14 1106243310
19  16 2126300985
18  12 1114497325
17  5 562158910
12  10 1263956949
10  11 1969701323
8  18 1131442210
17  18 2092587439
5  15 1209015560
9  0 484162424
16  3 787378531
4  15 2107174039
4  3 653719877
19  4 1039251144
5  14 776336879
6  17 1582822578
2  14 700743776
13  19 541688614
7  1 719225862
6  10 1287947746
1  9 421380073
1  7 297233577
14  15 1478724230
4  11 1628859562
16  9 582913691
12  3 937495268
2  12 1534957183
16  6 718585588
6  13 1148737896
11  5 1934609843
15  10 1506650343
19  5 1442662502
7  1 1817537108
8  19 822458213
18  9 1729984813
19  9 2129381960
1  4 1614039096
2  12 1600728035
19  12 1054636279
14  5 681535393
0  15 762423464
6  7 1948769401
13  12 1471970806
13  19 191478888
9  17 1625921270
13  1 1185801517
15  2 1552555795
11  15 1726327948
5  2 374687732
14  1 582466950
9  12 1743270206
2  13 306184201
14  7 1545386782
11  2 706777765
16  6 1131212581
12  18 504386333
18  13 1582616677
4  16 368706205
1  4 1837018012
13  6 731844715
16  17 252642702
7  5 1602966507
14  2 1357212687
6  15 708550785
2  6 2000372143
11  13 454782869
6  13 1155645617
18  3 1635070135
9  2 1512380894
15  18 1596246881
3  19 2081108110
6  14 652003792
16  9 1958417062
11  6 1220985246
6  8 1215395558
1  14 428454551
1  12 1361731367
1  5 1217339
18  2 607050938
4  12 1728918103
10  12 56750330
6  0 376930194
8  13 1497114915
3  11 39542452
6  4 1418066469
7  1 860689511
4  8 2068155206
6  9 611979980
6  1 97806288
15  0 717249314
9  15 923316139
16  12 1143209303
10  5 1338889648
6  15 1434113995
5  0 552410751
2  13 106730362
8  5 1457742826
11  18 230808843
16  8 1250324860
7  0 400447494
3  9 1169620140
11  18 640160031
13  17 1740274091
8  19 1501778736
9  0 1810604507
7  18 492482341
13  5 888674019
9  5 1543992313
12  5 1460505869
2  1 639201819
6  7 180136273
15  18 1461020584
4  18 1032150876
17  4 1953459666
3  19 138811083
5  8 744576994
12  18 1689699380
14  6 1680639133
1  6 1717816817
17  13 241215784
3  4 1883582292
13  10 895988532
11  9 1859919828
17  13 1659027572
15  3 5867735
18  19 1594518527
18  7 1219479908
14  1 2131655898
9  5 485811449
12  9 214286991
7  4 227016969
14  8 95045947
5  13 1558926932
13  10 766348324
17  7 138228314
11  10 1470759209
2  7 1440082049
3  6 60080828
1  11 397849844
12  5 255228151
4  8 1711717105
4  17 265996581
1  4 305999839
12  14 1505604998
11  5 657953200
2  9 1560090723
4  12 424634545
3  5 887597472
4  17 1609995819
1  7 2019507335
5  16 1496220533
2  11 266637175
17  18 1794609681
16  3 1514384101
0  16 1537434986
12  15 1402857646
7  12 599904451
2  1 1991045389
16  7 158090958
0  9 2131860282
17  6 984234464
1  7 1448495290
5  14 950342181
19  10 1936057290
0  11 38841230
1  9 1237644320
18  10 53127805
14  1 2017892544
19  12 1758113866
9  17 30899131
15  11 1596533955
19  12 1274395886
4  5 857838203
10  16 2039136753
18  11 1776145411
13  18 1748237510
12  15 1270125192
10  18 1199000227
8  15 2073016868
0  3 231275475
5  16 1933033186
8  7 103840264
0  10 526752774
7  3 292284817
14  0 1970064586
1  9 1982374208
13  4 1461757659
18  13 1508824957
15  10 1760654434
9  7 707318633
2  14 1734645560
1  19 1281703467
0  5 182318647
18  0 1783654508
10  0 1498648966
0  7 524712786
1  11 265652391
4  8 1774597580
3  9 296350927
11  13 652740380
16  19 1960638887
17  8 1499734337
9  1 90764487
10  0 966093068
16  2 1145802279
2  14 1366286862
12  0 1762636370
11  12 343361953
18  15 2135849561
9  14 1776761982
17  8 1493929481
1  8 1145759129
18  5 380733488
3  12 1309243562
0  19 1597759357
9  15 720428047
3  1 1538863719
4  11 2059702287
19  1 989050348
6  0 354031720
2  15 1223417720
18  12 1272392141
12  17 202018793
13  6 1989911031
16  19 1943604809
10  8 398164245
13  11 1378100794
10  5 105632272
10  3 1359431224
10  9 1417275946
3  6 1730525635
12  19 709219033
18  17 1656439787
5  9 1699886485
14  1 1227063574
7  19 774087054
2  1 1895735882
7  18 883723973
17  14 1151323522
12  8 219540823
6  19 107543750
5  2 1058536909
10  2 1507958849
11  9 1037247684
3  9 913285830
6  16 1166784850
5  13 1850047034
14  7 1521835402
17  0 293843399
9  5 1313557995
3  9 1973194025
1  10 1169608581
17  6 795389281
12  18 932504337
9  15 518462098
3  19 405070072
0  3 1901027637
19  9 179886049
9  16 1348491064
9  0 759923165
12  7 1494778382
6  15 1659483911
19  8 328928437
4  10 439510939
12  5 1679043257
12  17 33246429
7  6 415533244
8  13 360333539
13  15 1390698837
5  4 1414450746
7  18 2088582433
13  11 2114501902
0  12 627426678
