300 20 17 19
13  14 1868666608
14  10 2110229903
15  6 322992271
18  19 779628485
0  12 568952925
0  19 1899236786
15  8 353531556
15  7 806327295
7  5 1890614833
11  4 556784593
7  19 80521044
4  17 2041458324
7  11 1074181498
4  3 48119501
19  13 982230544
11  13 138054697
19  6 532729568
9  5 1519365200
12  18 1986833356
14  18 7535792
15  8 1133739879
1  12 866362550
1  16 2099893063
4  8 167137996
3  2 2053364315
0  11 333076577
13  16 768923367
16  5 342713255
12  17 661597214
2  1 2068316589
6  19 1238613798
19  14 391695768
7  5 344432860
11  3 577042010
3  11 1156096183
0  13 200874071
12  11 684288518
6  1 2076020456
1  5 1569842777
1  3 513042789
4  11 1662709996
16  4 2099323662
9  15 1402468230
4  17 1439717339
13  3 595252001
1  12 610717188
1  15 923738818
14  5 1099069176
11  17 46246414
3  11 1851707548
12  18 1148524062
7  4 392910530
0  5 1415627411
12  11 1768081062
10  5 1745537855
9  11 656602184
12  13 477479044
16  7 500602343
4  8 1840046662
16  19 871296761
2  7 965557443
8  12 643497626
18  4 103599546
3  2 1690760915
8  11 2079016837
17  19 3535307
1  2 1699876016
15  5 316528256
11  0 766039809
4  16 2036239793
0  17 645075697
19  16 325895819
1  6 503436939
10  5 1488240725
7  6 1864862584
1  4 1979408681
2  5 2132433302
11  18 257596162
1  7 174221907
8  17 1247135817
4  15 1587845356
13  0 493185923
7  9 586849072
11  7 387461334
8  7 47448699
16  7 1851433298
13  12 1083880914
3  5 171384956
9  16 206342452
10  4 702579866
9  2 96243328
5  18 1784647299
6  1 2054312687
5  10 276121039
18  7 397684062
14  15 1942754318
16  17 262434524
13  3 1525456112
8  3 507963041
9  12 613067844
15  5 333377908
19  17 425906160
10  19 6657278
14  13 1220573663
10  15 2018412178
3  1 1394406346
2  8 1828804511
16  4 2016392307
5  17 1929846794
3  4 1839961386
16  8 432960786
15  5 538736139
4  6 2146842418
4  19 1787155244
0  3 524882198
14  0 1302520790
3  11 105728456
18  17 644824037
3  13 2088129235
2  1 1531727337
12  16 380980012
15  14 1099521576
11  15 1325639212
12  9 986579542
2  14 1436399341
7  14 1719524153
1  13 1504763169
17  6 510194341
16  14 257333124
1  6 518002446
18  5 591620512
12  5 1404455485
18  17 574814204
0  7 1219553204
10  2 1276974663
10  19 1477905613
19  16 589493464
1  0 101425942
3  10 1342569067
6  19 1261025923
13  9 264174076
17  2 1603102366
19  4 815182217
10  7 1980453093
12  8 786006796
17  7 911325609
19  4 1736695142
19  11 1031698596
7  2 789940353
17  14 1382566115
9  0 1712721319
3  15 949385102
13  18 1748023697
11  18 512876619
13  0 1895852462
6  1 1181567733
14  16 1708103630
19  18 1094024348
10  7 252594155
8  11 1082577387
0  10 193404013
3  10 356618712
2  6 1288788383
10  3 1069256955
3  16 1990958165
8  13 915349187
11  10 1242554364
4  15 99059461
6  14 148396325
12  0 1658569379
18  7 1894876697
18  14 1131617479
15  8 1562739611
8  3 956174582
2  3 1139033462
14  17 340623645
17  14 149152985
17  1 1965664757
16  6 1957771613
8  17 1401620122
12  17 685966301
3  9 1697737425
14  18 714124516
4  10 150129208
18  7 1663256780
13  12 2089618688
8  10 579194921
9  14 848728054
10  8 192711870
8  6 995647145
2  12 2140395058
9  1 2051828240
5  13 564503101
19  12 376163319
13  17 1576934351
5  16 603674669
8  18 1604019400
8  16 1191480340
5  0 1459543367
6  2 1468343181
8  6 617669188
17  3 145178543
8  12 889801972
16  14 126630896
7  11 88188908
13  10 345312697
14  1 1276347453
6  9 1849710911
4  7 1796528369
4  12 1225626267
15  13 112974743
15  12 465324436
6  12 1761227850
8  12 262129954
15  19 48715997
14  10 952255857
6  16 1353763493
4  15 1956816196
6  15 549416769
11  13 132546308
15  2 380627478
12  8 1560075510
3  6 355645614
19  14 1172826366
6  11 160645032
5  13 2072263142
19  0 1877923685
9  15 125589172
15  10 1901280525
2  19 1111197428
5  11 296929817
18  2 668830591
6  11 923884943
2  5 2121930061
15  13 1736531073
7  13 272338642
5  7 1678915947
10  19 1173651349
8  4 26371056
1  12 1735391616
0  5 1948458561
19  4 2086919943
8  3 157862312
15  5 54594289
17  5 1615713812
17  4 2111555920
5  16 912083878
1  11 402497431
5  4 1189752350
10  18 355259910
4  9 1513072781
4  5 2059309958
10  2 1965135006
7  15 2102058263
7  9 1981024879
3  11 220309238
9  10 1870355991
13  0 883010758
8  19 1899090322
9  0 2083585226
9  4 630639291
9  2 1558976588
15  6 1526365864
19  8 658454865
7  19 2004287974
9  2 2107546943
4  18 1643331688
9  4 711032327
14  1 799281020
9  5 397466647
4  15 1446899831
12  2 1851865697
11  15 1498892765
19  12 1597131607
6  15 1212567326
15  19 1312490696
19  15 1763900463
2  9 370876484
7  5 480026442
14  3 1642134614
12  15 232542949
9  1 1926387279
11  3 1926581687
2  11 106696505
2  15 1626733808
12  4 851710889
12  5 318252750
6  7 1716860502
11  1 1389824712
10  8 979701877
13  16 90745470
0  6 191781881
6  7 926811187
3  6 456931755
9  16 698032449
18  7 963796071
7  19 908989591
13  12 1881092195
6  10 1284826858
7  11 1288014634
