300 20 6 16
8  9 323092243
11  13 553383739
9  19 714216957
19  8 255784783
17  2 2032724740
19  10 789716498
1  19 1195458402
2  0 1697737653
4  13 1405823947
13  8 1059356304
18  10 275972052
16  9 839917475
9  3 651729872
10  17 1326652448
4  13 889438637
1  15 1505103629
16  18 1471700046
4  15 1529923955
5  12 1855733072
2  15 654981562
5  18 1243903702
1  9 29611662
7  5 1242386756
16  3 71859352
19  0 1751483973
12  15 835115223
17  12 1760692445
1  12 1790810384
18  8 726041512
14  8 2015650007
17  19 918661809
19  0 315621203
10  1 1212852475
0  15 678755501
3  17 46879943
17  13 728566611
6  13 1364442140
7  19 232654288
17  16 707762482
3  7 294753176
6  15 1480576917
18  9 2136915847
2  6 1299726522
14  8 1269721206
11  1 1394425889
16  17 404527537
15  16 1269077241
2  16 1169615509
18  3 1980730342
6  15 1643970213
14  1 1679271378
8  3 1301189983
19  16 959020538
12  11 140937253
14  11 1212457994
5  11 302521710
4  0 974224760
15  11 1585445262
13  16 533275511
11  17 376068840
19  5 1529068578
5  4 635030608
18  16 925387700
7  2 160690469
18  8 303530355
6  4 733138182
12  17 1069179791
18  11 20467209
11  8 299801999
11  1 846450296
18  6 1126767554
5  17 552230822
14  18 506110528
2  19 753877072
14  6 1077235914
17  10 978108908
2  18 1113023357
5  9 1290838318
5  16 1423872456
8  1 899793153
16  18 432951363
10  3 1704644401
17  9 442305730
1  0 79974801
11  7 133656619
18  11 437327491
18  14 1216423664
8  12 1346290592
14  3 1517891270
16  9 565887522
16  3 969089095
4  2 474980472
11  7 2123991037
10  6 757889500
14  19 584914299
14  8 425991011
8  3 214062674
9  16 1370521965
10  13 325560990
0  7 299503227
3  0 1494461192
8  5 616231650
5  9 628220574
16  12 2062826619
8  7 918264146
17  13 1312411771
1  15 1888663868
1  9 935464220
9  8 1672177649
17  1 468441283
15  3 868508017
12  17 627535711
3  9 841874692
5  10 281941146
7  9 1284912354
12  8 1267459779
18  11 1901592185
11  3 1759542640
6  4 1268619582
6  5 1174529533
17  4 987501217
4  8 1032169851
6  11 1186149708
12  14 1459346915
14  15 39330404
10  19 1272153641
12  4 1003375138
8  18 902896404
17  8 281862803
0  14 784753068
3  17 1640621443
4  2 1568437997
18  17 1869290030
10  19 517650164
8  2 1446999219
13  0 1868580266
16  7 1287106902
19  3 1960945782
16  19 1750402041
13  11 2062462404
3  12 1152926376
17  3 1644151209
6  18 189347139
8  19 695923371
1  8 1052749767
18  11 792290939
5  7 1176924654
11  9 623643871
3  12 1736735070
15  18 1279491388
19  14 1111087431
2  7 536924979
4  7 679151598
16  19 1243146485
7  19 2030129929
12  2 167211232
3  9 1167395786
13  11 518840245
17  18 1726725684
2  17 447365178
19  16 95703585
3  9 590163577
19  16 1028042991
1  15 1007909513
5  13 2130061997
17  13 2135998806
3  11 1183884758
12  17 1671744259
8  4 1210655163
19  5 1930416474
16  5 1770387301
0  11 1971582766
5  8 1718308731
8  16 495581780
10  13 234320534
4  1 50113149
16  9 1897920501
11  12 482644369
18  16 1055638241
2  13 318519917
19  2 1619840542
15  4 43566059
8  4 1718575005
4  11 860824135
10  12 1889973888
18  1 1679939293
19  15 875546088
15  19 742047850
15  18 701058329
13  5 1804343562
13  18 527576124
4  16 739701853
5  1 1485164761
6  18 564174291
18  16 746039850
17  9 2019484502
17  9 2030793960
2  5 1519587575
5  3 1108461028
0  16 471235808
5  0 1932130029
1  2 117073262
8  14 1443495286
3  9 184490697
7  5 195460077
11  9 1924883187
0  8 2069546520
16  5 2065113343
14  18 708182367
1  18 772476536
12  0 890860610
6  16 1917087211
15  6 641353748
14  2 1474798684
5  3 290389090
6  16 947782877
7  18 1543331454
13  15 1908151900
11  15 2051351213
9  18 1844708528
7  11 1643198333
16  7 1685357852
11  12 1062642337
8  7 2115972261
6  15 422578885
6  17 1537839770
7  16 1994126538
7  6 305141985
7  11 1592146217
6  3 343339962
9  8 1353561839
2  15 842114041
12  4 1546016270
16  6 922863353
3  19 276000407
17  12 1119929225
13  7 1476950404
5  10 374515339
10  3 2017255274
12  16 1349721002
7  13 1597380479
8  3 1178536912
19  0 2024557724
12  0 1410928430
15  7 1907882098
11  1 120173964
8  18 1425972205
1  17 1177698560
3  13 1481528965
10  16 1344349753
4  13 1201686089
16  18 2113277728
6  11 26882219
2  18 211943459
19  12 117181906
2  9 1777076198
13  11 1167708743
17  12 1887030166
14  6 694844391
19  5 683758980
4  17 1843362585
18  8 951427197
6  2 1535974006
11  17 401964430
19  0 215913947
12  9 645056795
1  6 1430991894
16  13 420884466
13  12 1497351974
18  13 707847056
19  2 2011367076
18  14 678209787
6  15 1960098507
11  13 2060019965
4  0 242884428
10  6 1872049366
16  8 58125897
15  14 1639014335
6  13 1282269735
10  4 1002311549
3  2 1954507478
10  9 285598130
11  4 566184860
6  8 1056118556
8  7 1606180197
5  4 1398029036
8  2 1902599930
8  18 1970059764
6  1 1421813764
0  19 1527185428
7  13 1951523402
4  12 217817309
11  7 50638959
16  8 905729195
3  13 1405675245
18  19 1127530958
12  18 657169916
15  10 1742745835
4  12 937592085
18  14 47556207
