300 20 19 10
4  18 1940795586
14  16 2072044520
18  4 477109019
17  3 963565200
9  13 1312391772
6  7 1759824409
5  15 111410526
12  11 1899691623
18  11 2050963492
3  11 419701256
7  10 428627677
13  15 39978131
14  19 1011768504
8  2 427652960
6  2 112476819
0  6 869960856
0  3 629670166
4  9 1958954135
0  6 156479555
15  6 365476034
9  15 417044213
6  19 559475704
1  18 1760353094
15  6 294083484
3  14 244095176
2  16 494785249
12  8 483554027
15  19 258338595
19  15 1055631481
17  8 1478921991
12  0 1666085748
3  17 186227011
12  10 190390637
19  3 1626553405
13  18 1024387179
18  10 2110920451
4  15 2140272580
9  1 647007529
5  16 490592724
17  12 1556882030
13  7 5874019
0  16 1450241510
11  15 1941536904
18  0 936573753
4  17 922075150
8  17 1856673946
16  4 508418603
12  4 1756887424
1  15 1551448587
17  10 1363929089
13  10 832203271
2  1 1503160229
6  14 596120870
17  13 1308522291
17  8 64151901
2  8 2047243274
16  3 1302405504
6  2 411289515
11  3 945353349
10  3 282267234
2  17 1744668261
8  0 1419385936
7  19 707162995
19  8 1453246896
9  7 1477001076
11  4 62630197
7  19 1961507695
9  0 2011258366
7  8 879346079
18  8 1193584567
10  1 1474540934
19  8 1106838817
2  3 626083041
0  13 200440173
1  9 1480110768
15  17 348298275
17  14 1668651379
6  17 1547411740
10  15 1761094515
17  3 2140358099
10  17 1746466079
11  12 1050341157
12  9 1364598395
0  16 704209676
12  13 981611437
12  2 109657295
4  7 1634876414
13  0 1498089915
0  17 615401192
8  14 1716754378
2  11 1735334629
6  2 122628206
11  15 4032832
8  6 338808109
19  4 162553678
17  2 1517042736
13  0 1806252594
16  11 1083474131
4  10 867196509
7  8 1371975870
18  6 1029063600
10  2 1232830182
18  7 528447652
10  4 774652387
6  10 2090561682
6  13 138815369
13  15 16900972
19  17 1433682231
14  15 826724443
15  5 84479284
17  2 970937790
9  18 1680921930
8  17 1610939080
11  16 1586878139
13  11 784438670
9  4 1267291535
4  12 1634189629
8  9 1129542609
2  18 2076643784
3  16 920416969
2  13 1909312634
8  12 1591252139
9  7 1113131677
0  12 640521179
1  13 1064165293
19  3 185998105
12  13 1367363701
9  11 451052354
19  17 1157114293
16  6 1898003354
19  8 1187716452
16  1 1644806516
2  1 69340147
15  18 310403898
9  14 1897422712
14  8 1223450076
18  10 1837063728
0  5 1190244110
5  1 343512926
12  14 2046728456
9  16 140819651
0  13 1322840280
11  17 98050190
7  18 1982486041
4  12 909933463
5  13 1672750265
2  5 2006777073
6  7 1252840685
0  5 1310040182
15  2 399786242
1  17 1768347959
6  1 793108813
16  9 1155051054
18  11 1685952631
11  4 1099704329
9  2 847026841
10  9 608952033
3  8 1432408950
5  16 654317116
14  10 1623333480
16  11 1472799043
2  4 710126850
12  15 585084404
0  11 1909036409
17  19 1306392243
19  12 895514144
0  8 1744030943
13  19 296581237
19  12 299954300
9  5 1379816140
2  6 1679067351
9  3 1145444408
12  16 896944129
19  0 318971729
17  4 34796037
16  11 1741944393
5  19 1480595013
11  4 690319789
13  5 797379393
14  13 1466676072
8  17 1294027215
9  3 451633819
15  7 820874278
10  7 676901696
13  16 1033281544
7  19 1523837327
16  10 250236855
1  10 2128383259
12  3 548212116
12  14 755060073
0  2 2015267432
0  15 1475806622
5  16 53956648
11  6 271139919
17  13 602845183
0  11 1848892528
6  18 70227030
14  8 1476426595
5  0 122093825
18  10 1434439980
9  5 871172813
6  0 41444175
3  12 400720865
3  15 521061804
15  8 500593638
16  0 985537659
9  8 512551572
16  3 1828965695
4  16 31397215
19  17 1922487964
14  13 136260664
9  13 793528041
12  5 987943895
13  15 2075851170
1  4 1027501927
8  12 1465238910
1  10 66433311
6  15 334693739
0  13 1954736942
17  6 808090160
16  7 1153037439
14  6 2104523110
11  2 2095826788
13  15 722651743
11  14 2051214837
19  6 1540366440
10  18 344878973
16  19 619854315
15  19 678863933
8  16 1068832308
16  6 1247447211
15  18 1397168200
17  0 1555777055
16  17 1031657941
1  4 750858331
5  2 552821637
14  12 1359129035
7  8 1578267808
11  6 2061461729
4  16 1182433101
15  11 1680365308
18  7 2122723706
17  2 521072150
8  2 1449676983
13  15 1330178679
16  1 2129427921
2  13 36731921
1  16 1869565838
16  5 760107372
13  18 239664804
4  6 1144799794
10  8 1173786870
1  14 1272444251
13  9 641250798
10  9 1534844549
8  18 17457385
8  14 118967679
14  4 1999063767
10  18 1042357558
17  7 409480056
12  0 679252993
7  9 894069197
15  8 1562832675
2  3 304187025
9  15 148144961
19  2 804680805
15  10 1041865056
6  12 254841887
12  1 1922924818
15  0 1389849355
19  3 600455670
19  10 1218160116
8  17 1530669525
7  12 886444316
2  19 2043685489
11  9 1478009632
19  14 1130432615
19  4 480594924
10  4 322310813
4  6 914878042
16  7 847146025
7  11 842512467
17  5 656153422
14  13 432893144
6  15 2001883218
13  12 1853160675
0  3 1133989824
19  9 1774336713
3  16 1533803289
3  11 140562391
4  18 1118779284
19  14 1357282187
3  10 850831479
8  17 1650293148
0  2 2024409415
14  7 521193932
17  6 702142036
17  9 1309430258
3  1 25564443
3  14 741101992
