300 20 0 18
15  10 1560444962
6  10 1534444049
3  18 68549992
2  6 520883326
0  9 1493135160
11  4 1896266136
0  6 99934325
3  4 928568428
9  0 1654061378
4  19 1887093469
15  10 1612031663
13  18 1715508680
4  3 2069214392
14  1 1428961071
17  0 637471420
2  15 125801478
17  2 1870765915
1  17 36034172
18  19 957918663
8  9 1922867174
4  16 1640668055
6  18 2030343723
0  9 646034478
6  17 1187125318
15  9 1133009622
7  17 712124835
18  14 1258892512
14  10 1491761395
12  4 1676634032
1  11 212809025
14  11 494534108
5  17 495033164
18  16 1342262012
12  10 1110622965
8  3 531952516
19  0 2108253579
0  13 1614308501
19  2 432723603
14  1 1211867777
12  1 1752913532
18  11 1775279849
15  1 378378687
4  17 456534571
14  2 2065387103
0  12 1959085770
11  9 999429378
2  9 372065723
0  16 65689492
12  16 1830896142
1  11 2015192334
8  3 1400821342
0  12 1706893464
16  0 1400694447
15  0 1271000391
18  5 1979312598
6  18 2090236300
19  13 806789698
9  18 1738008787
0  13 1213814781
3  16 1654616522
13  8 813466152
12  17 1152770731
16  8 898387284
9  13 1061156000
1  15 2146371352
14  19 2143864296
17  2 232374943
15  7 864878680
13  1 417342941
13  5 111272332
5  19 971132689
13  19 505111499
1  18 379638782
10  19 519533107
5  15 837900783
15  17 1690078184
17  8 1934209895
18  19 1147399950
4  13 677061466
18  0 1947781779
14  12 195745455
12  3 456581312
19  8 1208291741
9  6 1913941962
4  0 2034379670
7  12 2139264793
16  12 469967451
8  4 821840914
3  12 1785560584
4  8 265794514
13  2 1072977528
17  12 759793584
2  1 1692291544
11  4 61841916
1  15 2105902701
7  18 1176387917
8  9 1644289467
3  15 1357916818
16  13 654641491
7  8 693142633
2  10 2006488403
19  12 1914142670
16  6 1940077110
7  19 1631172300
1  9 197640511
11  3 1796077170
4  3 1124382530
8  11 2129259591
6  15 771369065
13  0 455301136
18  15 898582077
17  12 1611519963
3  13 1086299409
12  18 1535881121
16  9 1321365142
4  0 614796091
2  5 316531156
13  9 1610400058
18  9 688822493
17  6 1625646126
16  14 939204726
6  7 1570747060
0  10 1263213916
7  13 473552545
13  19 991635130
8  2 1157902485
9  1 1957873427
1  5 829813232
19  0 392492161
3  10 1622642972
5  18 1216518358
10  11 784546342
16  5 705057553
19  0 1565844088
17  1 1188569549
18  11 1740411066
9  3 1947263246
3  15 1307997665
18  1 956476134
8  17 594754450
5  8 725296530
5  14 1511945204
14  12 884108739
4  3 1727603322
14  12 646016456
5  0 1863538246
4  18 583320730
4  15 1131204124
18  11 1054369955
2  1 854193118
11  7 899970526
14  10 1988326725
19  2 410775605
17  8 414234187
16  13 66324558
0  16 1750446638
18  16 1832200500
9  3 1328992324
15  17 2114638080
1  2 652986022
17  13 848390108
7  19 1019205757
19  3 682249856
12  13 1362159897
6  4 848234589
14  12 2011038328
19  5 1488495331
17  14 466557251
7  15 1844553127
8  0 181460629
17  8 65731283
10  1 555575290
6  18 254415944
1  15 486605464
2  14 770942451
4  7 602514937
18  0 694701522
18  11 449500553
1  17 466964348
6  19 1001125718
5  3 1336340065
8  15 533469508
14  11 1080899689
1  6 1964551312
5  12 438046969
9  4 634665444
4  0 1141215061
11  10 1755106812
11  8 893456564
6  4 231600086
10  17 1658708802
3  13 1317674823
18  15 2053881895
2  8 613360115
4  0 745816625
11  10 1889208021
11  2 946267851
13  8 278942015
8  18 105523589
2  6 491078984
18  14 656561326
12  13 254505913
6  18 1249057802
8  6 674066986
9  3 1659277977
11  10 641490744
9  14 1107282245
7  6 1964439350
16  8 532641809
5  9 345539252
17  8 1518189043
5  8 629362942
19  8 1449426994
17  8 194464909
0  1 1125864973
9  16 1812097593
7  6 1910465734
17  3 1704342405
1  0 1332006214
17  0 202554058
16  5 272268565
5  9 300805271
11  17 260967663
10  16 1588024205
6  10 1915261325
14  5 439040314
18  9 1693294495
7  6 1877213519
16  6 1674919342
1  0 487995883
3  0 319357304
10  5 1766890444
8  14 631407696
19  9 1548124435
13  7 1518559767
2  15 1643173320
15  9 722934846
2  0 482942584
14  18 2079134628
19  17 1656222704
8  18 1397436070
8  18 400657991
3  16 26354653
3  8 1301723370
16  17 1757503456
12  10 1449771349
2  17 1528795595
3  18 1799119626
13  12 2015053643
9  14 1397452816
16  17 191299710
5  7 1566116919
14  19 2128372305
5  12 1271883348
14  13 2087100486
17  13 734040954
11  14 1424143916
1  11 603825187
10  13 715619493
4  7 1356353509
11  2 1970780392
18  11 13425956
18  17 1241340624
11  17 1694709576
9  16 489803812
18  3 143320883
3  17 1838509846
16  5 734887485
14  1 1737859756
9  14 1143911303
13  14 634647187
8  3 902098782
18  4 856932212
3  17 1961131990
3  13 1339221509
13  1 62812998
3  11 1778358994
18  17 1660118451
0  14 482456650
6  12 1788080179
3  19 2137909727
14  16 1210840107
16  19 330805396
3  5 1756829261
13  15 1833111895
4  9 976543863
4  0 1926825750
9  1 441859052
2  7 778431474
2  7 1882737187
2  10 133293755
19  3 529671395
19  9 306067042
6  12 1082990971
0  8 1809059993
2  18 509896886
10  8 1518964019
16  0 224583525
7  1 28209598
1  17 164242342
