300 20 16 0
15  4 806921956
17  2 398941826
8  11 1156903685
9  10 290271894
19  10 1013869277
17  12 1909439038
15  6 140885416
10  1 2132997546
1  3 1134727909
10  16 650992007
3  12 421526364
12  1 808905700
7  3 1565040293
8  13 181865966
5  16 1862152293
8  6 2059787504
7  4 1845647865
15  0 358272582
8  7 911506261
8  9 855899205
6  12 4759531
16  7 787962010
19  13 1811087502
19  12 2040545445
0  1 730411450
1  14 1400103541
16  6 1616320396
19  10 992974666
0  15 132202053
7  14 1144118830
12  7 1001172310
11  3 523290971
17  9 11883222
0  6 729955576
1  2 429355104
8  4 440447746
18  14 79560817
6  2 65488428
19  9 891251002
3  17 2053796414
15  11 573997494
11  18 1600937836
12  11 827280393
0  3 951625027
16  5 509219756
6  3 973071656
1  7 580924213
11  6 53061065
7  11 1533473744
18  6 1685828939
9  6 1883223630
11  3 1589477434
11  9 226561320
8  5 1182694040
0  14 924482792
9  17 1404609402
18  11 1916766775
7  10 1386200547
10  8 1601863648
12  15 1197162003
14  6 908828833
19  13 891606878
16  15 1229499843
3  4 1806491459
12  0 1737278151
4  8 729715780
6  3 100687032
4  18 206154482
12  3 1799164007
12  17 1212244205
16  11 360696638
3  14 461266825
6  2 2134268975
11  10 1576359037
16  17 864795228
16  13 1325407243
8  10 969546142
19  13 880751639
14  10 1135675628
10  7 751959012
1  11 1205475171
11  13 787751249
12  6 264086828
12  8 1554368471
6  2 1618966866
19  15 321335513
8  10 1773960816
8  11 196404337
8  11 846718021
19  12 36443288
9  2 2035466812
0  12 561462917
12  13 983855260
12  15 1293202345
0  12 1956027122
13  3 83455519
4  18 691211129
1  13 884695570
7  5 1048810259
15  0 660454870
2  8 1219923960
11  4 152456494
10  6 199055621
10  11 1982019454
16  14 1168306592
9  0 1494535163
10  2 1973519943
12  13 980456311
16  1 1082147544
17  11 1182698892
2  15 790342964
3  4 350921876
14  3 898508417
15  2 444522002
4  7 1029861221
9  12 543989866
18  1 1719079622
11  8 1066782626
11  5 1186139408
1  6 974961765
7  16 1099778867
18  13 1417915408
18  11 1213096136
18  15 742596402
5  9 946545402
12  9 29036943
18  9 1015807689
19  15 137097015
3  4 1286748447
13  0 1087289166
0  1 202700597
17  11 1019804132
14  10 1709508151
19  15 1420227350
19  1 807327701
8  15 1172299426
8  15 314303574
4  3 285596615
8  4 985108866
18  0 654250291
14  1 284500641
4  16 469990840
2  1 1694180555
9  17 219825204
15  5 1026256617
8  16 1343225550
4  1 1896815089
15  4 47783335
18  6 1227495003
11  18 213077977
14  15 115294194
3  7 2077430968
12  2 691259221
13  16 1843286569
17  10 540934523
5  15 929288401
7  19 2027869957
2  13 1156119858
0  3 115971308
18  15 1445391792
13  5 992499393
6  18 1124552064
11  10 1223289318
1  10 315618607
6  14 942967075
19  11 712464258
5  18 177700188
4  2 669864972
3  14 1683027095
1  11 1157611417
15  7 690466187
2  16 1193413072
6  8 1890291308
15  17 842472711
4  2 787911651
11  4 1030022177
6  0 229496660
14  9 763428832
7  10 369670355
4  5 79784066
5  18 776477893
13  10 75577683
0  12 347984646
19  15 2006083760
15  9 407985035
2  1 2120812135
16  13 1245141930
13  11 1067674832
8  1 1629328362
6  5 2024853338
15  6 1979042549
0  14 1930524393
6  11 832364501
2  1 1294192920
19  13 775743627
11  5 2120762608
12  17 1170324337
12  19 1556797039
0  2 948143387
12  9 582092482
2  17 895425151
7  9 507258415
4  13 1619298986
19  18 1394768191
14  6 878948476
1  13 1240952565
5  13 1055886603
15  0 268146991
1  10 936443933
10  5 1964070320
0  9 1854202311
14  2 2030708062
14  13 57407442
4  2 697054935
12  9 264735396
12  9 134570987
14  11 1969752285
6  1 1020960501
9  12 1196330564
6  8 368690853
10  7 1093696940
12  13 1946577753
5  18 1178146697
18  4 818151727
3  2 1219998985
1  14 1057348345
6  19 1478801845
5  14 58653112
6  13 1858159630
10  3 476364488
8  7 1529323854
1  6 2028137541
14  8 1594491778
10  12 550632006
3  15 348928235
7  12 870033257
1  7 2130651424
16  3 814809730
6  1 361528115
4  14 784688864
19  9 1856593640
9  18 115942969
19  15 1666581739
12  7 767805459
16  5 146264658
16  11 346941087
3  16 1869973509
2  14 1762251766
19  11 356685910
12  18 690682807
8  14 195619816
9  10 687638532
9  10 600882399
1  2 777346391
4  10 2124609542
4  8 383865856
8  12 2136829501
19  12 863586923
7  13 970409458
10  0 508848095
16  10 481609804
5  16 28890212
5  14 415424999
17  12 920083280
12  10 1341516845
5  16 122140211
6  19 684002282
11  16 541253740
5  3 280015840
11  15 1859374101
13  5 1966800182
16  12 1045276010
16  3 1858587142
9  17 672444236
4  16 839220710
15  10 931218015
12  18 1729339902
2  7 647516177
6  16 41786388
19  7 1028579065
1  6 988755467
14  17 814937737
15  11 1355785240
19  10 1759073286
14  9 1400081560
17  6 1338468589
2  6 1588519004
10  16 1869818450
13  14 158725508
16  5 276348605
13  2 1218862546
15  19 1473318835
5  17 520595592
13  2 1858945286
18  4 1481355539
4  12 775541142
9  5 1800661944
0  18 1178963000
8  9 868380666
12  14 1871963459
