300 20 14 6
15  0 1428756212
17  6 793222165
12  17 259012971
4  9 150351813
9  15 1369794861
12  5 238090193
18  9 2108214309
8  1 874970733
10  0 2111274734
16  15 1893481837
19  9 1662520391
4  3 902091342
9  0 520426973
17  12 247287351
1  10 2132143855
0  8 806010093
8  6 1850781378
0  10 1036603323
1  15 1085373202
2  10 1222151086
3  18 745647630
6  13 1403571478
14  13 1911102695
8  16 821699116
19  10 849588146
0  18 1716750807
2  7 1166729078
2  9 1537381368
7  14 187194646
12  16 638564873
6  8 318878081
18  10 874652242
11  16 1656098415
16  9 1911131552
11  3 1278392455
9  2 358968235
19  12 848629465
11  14 2105807739
9  13 329923519
0  5 1063232223
12  0 312190668
7  10 453594169
16  2 676247282
2  12 1593558470
15  18 89779164
11  5 1714764863
18  3 118106420
8  5 983122893
9  4 636722909
0  1 975699326
8  16 81272684
1  0 886344657
9  19 1308341618
17  2 111537026
6  2 1553303409
14  15 1711172992
3  11 207450882
2  14 1404452271
9  4 803933877
15  12 1637737305
4  17 1491217641
14  16 1662781972
2  6 1619655018
1  5 1971869271
5  16 894646934
3  15 194272574
10  14 216529339
14  15 714544801
10  12 943897075
13  16 768638262
6  4 1252688094
6  10 918476927
10  9 1673502945
18  14 1287696944
12  16 1381451040
7  11 1211688572
1  6 623617043
9  4 953748812
3  2 1876979754
11  6 468576702
19  12 990425541
10  6 2086985924
14  3 1639373603
8  5 131552676
10  14 25299097
13  11 1017552673
12  19 1650423544
10  6 1116061174
7  17 254212082
0  10 2143172096
7  16 1879016468
7  5 177942692
1  13 1215396309
19  15 1902064414
7  3 2102856869
8  18 688451089
8  1 2097038759
6  4 1187930843
16  3 73386499
4  18 463422343
12  17 1405576644
14  18 1265416435
9  1 813916638
16  17 63043450
12  14 1900742466
17  16 1456905384
2  19 21619848
3  16 1951883860
5  1 1907754027
9  17 1026761886
7  1 953880853
14  1 500043046
4  7 1472113366
15  2 982559891
7  4 92850765
14  8 1545703444
12  9 1763331086
17  18 1647083122
10  12 2140225594
9  17 408425415
18  6 1192790510
11  10 866168938
8  17 1255267273
15  18 893126177
4  16 1922334935
1  19 1978798430
4  11 382931339
12  13 1701637707
2  8 1698803940
8  0 1393269352
16  17 1062378107
4  1 1942717493
1  12 1126271296
9  0 1847913712
1  3 2065157883
12  10 977920248
13  0 769654904
4  16 1476882618
12  2 82122159
16  8 720884142
7  12 257841333
9  18 1471499935
12  3 1768592652
13  7 633507807
12  2 388700132
9  1 361006023
9  16 117896499
6  7 1547392934
6  4 1935662503
17  15 1593722235
17  12 1879066214
8  3 697612806
4  17 36813030
3  16 1576031902
1  9 39314659
12  16 1784677776
15  10 1470562185
9  11 657504546
5  15 2048113422
4  11 1638985877
14  5 971738606
10  9 1768000152
18  19 237723342
6  5 956806460
6  1 629088929
5  11 114597141
8  13 1401703374
0  3 1835038647
9  4 614069724
3  10 1843457642
10  15 1629910650
8  14 1397108241
1  3 375984380
9  15 894899165
15  13 2083504249
2  17 441678297
7  13 767836188
1  8 578902912
13  9 1542342135
16  11 1212920317
17  1 1370560360
6  15 1996344130
3  5 92916555
7  2 1692313384
4  11 1317760526
16  7 485232676
18  1 1823187854
0  9 1925934679
15  11 2124424793
6  10 721908543
12  15 547988025
6  10 1074459083
4  12 205127423
10  5 275001341
1  18 1715287259
18  15 749545271
18  13 1090038507
11  18 1278545552
11  3 967114760
1  19 1357189984
15  8 1822802098
13  0 1265091920
8  18 369310131
17  7 446097097
16  9 381417102
5  9 348343836
0  15 1295620249
9  17 1354114735
12  18 134338914
15  12 2059665546
17  10 193961102
1  9 1567071882
3  8 1100193152
12  18 1322561134
4  14 314387933
3  1 1884777179
9  7 627964261
5  16 1892270984
16  1 144372112
14  19 394002547
8  12 218818769
9  17 2018457992
13  7 404613558
13  7 1120837007
2  8 1018138300
8  11 634708023
4  11 1428673790
4  2 1217412564
10  5 677761041
18  12 190211645
6  15 919139086
10  16 44203950
13  0 1893313068
18  5 506555726
7  14 514720494
14  9 1298001720
16  10 1283137327
9  10 1996747551
12  2 390916225
3  11 1901969123
0  15 270419915
14  11 145502326
18  2 480155181
12  1 2084539328
1  15 776181826
3  12 1060461711
16  13 1086627519
8  18 1408023853
1  13 44574557
14  13 1679294364
17  14 2003885280
0  17 769939453
11  9 1751981210
19  7 371125813
6  5 1814596692
2  6 868836431
14  16 724197490
7  6 2121594152
16  14 816318491
12  1 262549991
8  19 2055606036
17  5 2120571056
0  10 1798164286
2  0 1485512500
4  5 148488290
6  19 1437020023
16  18 1129836298
15  7 995603169
7  1 715238310
10  3 292191376
4  13 1955356460
13  16 192821270
17  1 1943214123
13  14 1425935730
9  8 1853931216
9  16 605757039
11  19 1473384026
3  7 956770523
5  13 54611967
14  12 1211415117
7  13 1674018955
15  1 1389228446
16  19 996384013
10  12 877277199
13  2 95971365
5  8 645598108
13  15 1135026357
8  12 1031475385
5  12 1259529628
7  13 2092034741
18  19 931032036
17  3 2121654759
15  13 1668804852
0  13 1644278007
15  5 360603135
6  12 1059595467
4  16 1499370338
4  2 335182896
19  8 1059258388
1  17 1857995848
