300 20 7 16
4  1 2136774365
19  2 1267103828
6  13 1280760129
5  19 1105910896
14  1 1397095407
4  16 1124081546
1  5 1848089616
12  16 841820568
0  8 644448880
2  12 1299309091
8  16 1763767539
16  9 1812748558
2  6 920923604
2  1 1546085066
16  4 1694096378
0  3 1666321705
9  1 1474475403
17  6 1693017368
16  14 1337321619
13  1 271025634
4  5 129269127
1  14 1949594366
12  15 1129454753
8  3 702600789
11  17 480309907
11  6 621541978
13  8 195599704
14  19 746646068
15  0 250715213
2  7 682575077
17  11 1612492358
0  8 858663915
3  4 26045919
7  19 213389872
3  6 1244868150
17  9 437680141
0  3 919810999
11  19 1940474150
8  5 1857579012
13  10 1125993107
4  13 724181502
17  2 2029018147
1  19 1160885677
0  13 21951462
13  3 1650954609
14  3 67381026
12  6 305168146
0  6 2057182227
5  4 504770929
2  5 1343776288
5  14 1324634865
8  18 798916895
12  7 1062166202
16  0 1121327831
19  18 698340871
9  5 225785185
9  16 913193613
3  11 630500053
19  9 174496785
8  14 1194967644
14  1 570939855
12  4 1488358767
12  0 409085539
11  8 820999320
11  5 1688372890
4  2 481598700
1  9 1353851412
16  6 1462037738
17  6 1916092387
9  7 356323868
12  15 1740685725
9  1 197809734
10  17 927603160
10  12 941493560
13  18 1282551548
4  2 549179414
14  19 105456300
10  14 2040726976
11  13 952783966
3  16 2072348395
18  8 951092782
16  9 323264507
0  19 1988828841
19  9 1761048359
11  1 208600879
13  16 189361700
2  18 1395899428
12  15 1369866762
0  13 1245359606
7  6 872863585
6  0 1802612946
13  16 1141731202
12  8 1746203547
10  19 636995010
19  18 1044122708
6  13 930869292
12  3 590916687
17  9 1321520604
5  8 322063414
16  1 1253403648
14  4 522850601
16  1 1111519318
3  5 1809307132
8  2 1972319783
9  4 1458407480
13  18 864983149
18  17 151117827
14  13 1274480890
12  19 484350711
2  18 952027331
11  16 1860263622
7  3 814905748
0  12 995515291
10  13 1516870827
17  18 1046961476
13  0 851443066
3  5 949266979
8  9 1438407198
16  0 920160227
12  8 1717189805
17  0 2029692672
9  12 980215391
2  9 2047653806
4  2 304010431
12  11 1148246158
5  8 7325848
8  15 927544468
4  6 1233743317
4  16 886803755
15  19 270318725
14  8 481271428
7  13 1184722449
2  4 1157149810
3  19 152794516
8  7 2069454325
17  16 277888194
11  2 1173509150
2  4 59784047
5  18 153343591
12  15 915639102
3  17 1615820621
13  12 242181807
16  12 732067952
2  6 315314092
18  9 947156536
12  18 562572209
4  11 2062011217
6  12 2104817436
10  19 820127586
13  0 1262607812
11  17 974450848
7  5 2027015029
6  16 876454458
10  13 861044501
14  12 1388301612
8  10 1231046481
1  14 1800213793
3  0 1774811124
15  4 648323418
2  15 1462058786
19  4 1325817147
19  2 314250571
7  15 1147936994
11  13 115526983
10  16 1554253736
7  8 1898405599
12  0 440249635
6  10 1632877109
13  16 1683298799
19  4 1361432149
3  2 1182837502
11  16 375686807
7  2 209945673
12  15 95636633
0  16 451915207
6  8 1044284890
7  12 37160198
12  15 1903847758
6  1 2102787533
3  9 1744236764
3  8 1808980946
10  2 209898514
6  10 244866001
5  18 937533463
3  17 376800355
10  18 922005161
1  11 1357737412
4  14 475460661
5  17 52090513
11  8 999623034
2  10 177344638
2  1 346203407
11  5 601830327
17  10 349371274
2  5 2009571243
12  15 126041692
19  2 1537753031
17  1 577933206
11  9 200545636
17  7 1980488533
19  1 1800016030
10  13 1304024058
14  12 1730007315
16  8 1756154941
11  19 451484358
0  1 708559442
1  5 489667522
12  14 936416958
3  10 900211594
1  4 557595906
16  9 676341944
4  7 1206959718
7  16 2054069795
5  16 1808677250
0  10 1270674799
16  3 9777097
17  5 289329603
14  7 1517348286
4  10 1141045350
1  3 807187735
7  8 1693645321
13  19 285529731
11  16 908467100
14  5 721298796
6  13 1690139053
6  12 1346544519
1  6 395194668
18  6 1653604088
2  16 153458783
3  5 1043115032
13  15 379058356
5  6 1789758137
6  2 227067576
7  4 1831406016
11  13 35391225
12  8 123313361
14  5 1942839559
13  1 620806223
12  13 1368536341
19  13 1616084747
8  12 1812980474
4  2 853179757
1  14 502774184
14  19 403360488
18  0 408172776
12  19 180025993
2  5 1305343341
17  10 188409543
3  15 412387632
15  8 107316680
8  11 1745091830
3  6 561216786
3  13 2124264974
10  16 153876663
3  4 537644412
4  19 2145080082
19  8 944923965
8  17 1207210945
7  18 847626878
0  10 1055195294
19  12 1695735355
13  17 156785943
7  10 998662862
17  10 457953175
8  15 942726968
16  18 1998588056
14  13 96128024
15  8 1203471834
19  18 1618077208
7  11 1377803239
13  2 2099084687
10  14 1339549740
11  18 373521923
4  7 875063004
7  12 860101872
6  3 1247466364
7  4 114555386
2  3 506119765
18  19 1968107667
14  1 1371500510
7  5 1495911510
9  1 1933383409
16  2 448121819
3  7 1232423957
3  10 8399649
19  1 1247887231
18  19 212849920
18  8 946671542
18  6 1062608853
6  5 322660771
5  11 1275066307
3  7 117860759
10  4 1620269108
3  13 107190657
16  2 1126595735
12  17 413092093
17  1 528786738
3  10 1448529396
7  19 1492288969
6  4 1058559233
