300 20 7 12
19  14 494023145
9  10 1880009328
14  0 811106834
9  2 800103101
9  1 402488680
9  11 777889893
18  14 992152386
13  9 1943873513
17  0 2135442676
2  7 836905744
17  7 1159855125
1  5 222953462
5  7 1437688964
8  4 762786249
17  10 1605793750
3  1 1393626162
7  3 932311334
5  6 1785587077
12  5 1413416368
8  0 695387539
7  12 306717133
5  16 1992943521
18  1 1140920506
15  1 1223014625
5  2 45594484
11  15 1249299951
17  10 943308821
3  11 258958129
4  10 1510693618
12  17 603893090
0  8 350368634
17  19 1315295966
4  12 1117884970
19  18 867745433
4  13 288452261
1  6 777600642
12  0 332225132
7  14 1099497120
9  5 514710133
8  14 167185309
17  8 55531694
9  15 860925777
9  17 1199223749
15  3 1347984864
19  11 839519251
8  2 199702458
17  1 1823962752
7  0 222597660
13  14 2124388848
5  3 941823708
12  14 1722831245
1  2 1670168980
0  11 675672496
18  19 2108005444
7  13 1841142584
0  14 814445866
4  3 817294110
7  16 1489452348
15  19 2076613586
5  15 881581048
0  12 213759353
15  6 1399192707
14  8 287893823
1  5 1840014842
9  12 615063472
5  10 1634072956
1  10 1792721726
14  7 1273561251
13  9 2074316674
1  2 1503713785
0  19 1042643082
17  2 697966133
10  4 2036773963
17  6 1806170761
18  10 913223039
7  8 1371629235
6  7 2092052578
1  19 211360999
13  12 1137322020
15  17 1741128901
19  9 177988347
7  19 414085915
12  10 1950042673
9  6 467677112
2  4 823669075
1  17 1301153096
11  4 1409617884
9  14 1069041470
12  5 590277256
5  1 2100468158
16  14 1787497603
17  19 121909920
18  13 1492186318
16  9 144855921
17  1 667544880
12  11 1376874635
3  7 750286907
1  11 1855846135
0  19 1520752994
15  12 2113839764
2  12 1279459670
8  12 219915916
15  4 1453451357
1  14 728178730
6  2 1376219956
4  5 33667001
17  13 2010899209
19  9 1139187015
4  2 1432974291
10  3 56404740
16  19 1117327169
7  3 1728379945
13  16 1937583678
9  5 1378303663
4  15 1738224207
13  9 1072953560
2  7 1341382322
16  2 1746885140
11  6 486062021
8  13 415275927
5  0 327385263
19  15 2103711828
15  16 2093722081
2  12 1129461685
17  11 954227661
9  1 684626227
13  6 1170855403
2  0 65182316
15  8 99304214
9  8 286230163
4  11 1268795300
10  7 1301624663
19  7 1411897188
12  9 1123592499
9  3 47127146
15  6 1498785829
17  3 113942928
10  15 161295211
2  15 1545850592
15  7 1959073248
13  12 1695681172
12  6 877363
18  11 1704080099
19  13 649811748
0  7 651355798
11  9 939661814
14  11 251544261
17  5 1905354552
11  3 432772400
4  12 1871659640
1  11 874759320
4  7 1092884370
17  3 776690970
1  19 1720792946
10  14 1840759401
9  2 886244051
10  14 1029135997
6  8 1020760187
14  1 1903672690
18  6 2078095783
2  17 1344249403
16  17 1011278218
11  9 486008630
19  12 97471803
5  0 1959643018
3  11 513249540
19  8 1193867773
17  13 2094903343
18  19 785012283
1  7 279935249
16  17 332653320
3  17 1434600682
13  19 506099515
12  11 41162753
6  0 1523444386
19  10 1816480201
5  13 1310271053
18  17 564047996
15  19 1462300476
1  8 89631394
4  9 382298185
8  5 152432893
4  16 2050807020
18  1 458899861
17  15 1638859685
1  6 434658974
8  14 1363999662
19  8 1421491486
4  16 1930449000
0  4 197504370
17  13 766279629
16  12 581891508
15  9 1358538611
10  17 1675621743
10  12 1494372208
16  18 2109963363
3  18 1496010011
15  2 1901580462
17  3 1644424388
2  8 477026617
11  13 987272413
11  12 1933205513
14  8 528671445
4  9 1038023326
5  6 955999977
19  5 1145475760
7  13 2013941487
15  14 133061664
10  11 2113638825
17  15 2023440699
11  18 273760173
5  2 915176069
11  2 1366178818
13  14 1156338209
13  14 1149114342
13  10 1600891042
18  15 1290458757
2  6 1498464315
0  1 1938360158
5  13 537831959
7  4 1900133107
11  6 1203060044
6  3 1870699297
6  8 1239674583
12  6 1716780066
5  16 267830706
10  16 1552736324
19  8 510100296
18  10 1059497722
9  18 213719550
1  13 2027647473
8  14 609364282
7  16 321662518
19  1 749268442
0  5 1862294861
11  6 124732050
0  3 1150281029
14  3 744339489
8  13 578239065
0  15 2073635329
9  15 473688476
4  0 1084891125
6  7 373260266
8  5 1950059062
14  6 696737526
9  1 1783421939
19  0 957264180
7  10 1193312040
13  4 346746192
4  9 1890268381
10  4 1164485862
19  5 1846854567
9  16 1308264461
3  19 1539515249
13  7 1225642486
13  0 219848769
10  19 1952795286
0  18 291186531
9  12 1823102562
9  0 1682085788
9  12 1775038729
16  6 596692576
17  15 342163720
10  3 327405973
1  6 1159069512
2  6 1128942533
11  13 212470530
14  4 634452598
2  12 1289018380
9  14 145137072
13  3 1830602669
17  11 2067050253
3  6 912767491
11  7 1259804735
1  7 553461674
15  0 864066557
3  8 1661139889
17  12 1520346650
15  14 2123577685
18  2 1132156562
2  10 275158885
0  12 1172850262
18  8 1650763624
18  13 700613702
17  16 2064938543
0  18 468653409
4  2 187810024
0  4 630390106
8  19 17170829
6  14 580087677
13  7 190655254
13  10 96545262
7  18 46825551
0  13 805083064
2  5 848741911
7  15 2057718276
12  4 257367817
12  8 230812621
10  18 1037807166
17  14 209479793
