300 20 2 5
18  8 199733295
14  9 704413461
12  18 1339080397
2  8 1162071719
18  4 946663370
5  14 973927079
9  4 1625927164
10  19 127699516
1  3 1545252165
4  18 1167433608
9  14 1208580509
0  6 1905782051
9  16 2057161598
10  19 1907596868
14  16 2062039707
5  13 1852756863
7  12 65547430
7  16 289082256
14  7 1360467305
17  7 1163830555
8  7 996262055
4  12 236556418
18  2 1456393652
13  16 1660898627
1  12 1245400253
19  13 1684897223
15  4 1316220860
1  9 1123975043
14  15 347164824
7  0 253367955
1  9 1565351720
9  10 1280679875
3  6 539731129
8  3 967237620
4  18 1163689857
14  17 442258312
4  16 534346586
16  4 1568045461
7  19 870682387
5  3 1135381268
16  1 1435889285
18  1 2131856060
5  0 2108181790
19  15 2017956418
14  3 290267715
15  7 1157519955
3  11 1617562361
13  15 1758788218
7  8 869804846
1  18 1974468006
10  9 307274899
7  1 1862527357
14  8 1996628474
2  11 492278953
7  8 332547122
18  2 1744991524
15  16 923331050
1  14 1303285293
18  3 1972558572
4  12 643352706
6  18 1437353676
19  16 1489505236
15  1 1515200061
2  6 155180507
1  9 904308117
4  17 579624749
17  15 2021586670
4  13 522536178
2  5 1760214140
5  7 946149558
19  3 258168086
12  5 786872691
10  12 2073657270
0  3 229866223
2  12 1924725014
6  5 515578526
0  2 1534341821
12  3 1307312759
13  8 1119776012
18  10 882899575
15  3 2116255320
13  12 1260270533
6  1 1268464558
4  17 1847633327
5  10 1250149997
8  4 930913531
11  18 837894947
10  6 895485668
12  0 188559241
17  5 1034512207
13  16 478529991
17  11 1418613640
6  14 1985481866
14  7 969207034
19  14 1844028077
5  13 1227495322
13  18 1724112869
3  5 215775187
11  19 651653363
14  11 774545560
16  14 636696215
2  6 1525278000
14  13 1938094348
3  13 1975492337
4  12 314859384
12  1 1373863457
17  2 1598334524
4  7 1157342495
17  14 571417759
8  9 841381026
11  7 784085084
17  10 1453790205
17  7 1380197852
12  13 2023660427
7  1 1879391463
4  14 1740900577
19  3 2128805253
6  15 888842741
15  13 1883354353
19  12 275719095
3  0 1252127828
9  14 2092267124
17  18 872295303
5  6 536570691
0  14 2128215039
8  0 222046547
19  3 879126959
2  7 1663740240
5  0 2050195126
17  8 1328360211
2  19 755177922
11  17 228639497
8  1 1336047078
19  13 1621705577
3  8 1772520272
2  18 917354709
6  19 1267617309
8  17 559371982
11  18 856041841
3  0 509578693
3  13 275711452
14  6 564307494
0  3 1158403191
1  16 1504921837
19  12 1787649877
7  6 955085194
8  1 294734827
0  10 51729933
18  5 1593430337
9  1 1492978886
17  9 1857293886
13  12 372268134
0  13 601034344
2  17 946060805
18  8 134271804
0  8 605162530
2  11 891390844
3  10 425355202
9  15 991215573
3  15 1362720523
12  8 995501669
19  8 213238665
15  3 1046890830
12  16 397710163
13  3 1449491201
4  6 2128592859
10  5 2013217330
15  9 1717551669
13  7 1951812626
2  4 364726819
11  10 603979425
0  2 1087557031
5  17 1852387119
1  0 1540741969
3  19 1654138659
8  5 729431874
18  17 318506234
18  1 2928116
13  6 408700599
1  19 788463432
6  3 639993054
10  5 1347978445
7  12 40402331
18  11 1056755614
7  3 426227624
4  11 698274526
2  9 2092214204
5  7 253599776
6  14 1465208087
16  15 1357732769
5  1 1717865542
10  0 1531837695
10  13 695294801
15  10 888925634
7  3 2106284502
2  4 757910418
6  9 397181541
18  12 1400111978
9  18 897262860
6  8 1601314134
10  6 2041988529
18  6 2015825166
12  10 833842350
7  10 1008042660
7  18 2079958777
10  19 587954956
7  16 2010685217
12  13 736425462
9  14 454151234
11  15 296989330
1  12 1493649891
10  12 1654343150
10  3 2108545319
15  5 2061431122
11  0 242776336
19  8 1041119471
14  17 1753606354
12  8 865240318
15  11 4761810
9  19 1172023352
8  17 1582934306
14  8 28639872
10  5 1066645266
17  9 1105749900
17  13 893556867
19  0 137790218
8  6 1893314486
8  6 1947606854
18  9 1892705214
6  14 2058215893
6  15 1458457006
3  8 699954900
15  13 1124056784
6  1 1498864933
3  9 826856312
7  18 1361559741
0  8 1812968663
18  16 1988124591
13  11 296164044
15  9 1543466365
12  8 1828103695
11  16 373730911
16  17 1685311326
7  5 1108924532
15  16 166341636
10  1 815823911
17  14 108707717
0  10 559867201
19  3 1964924337
15  0 1245380000
0  13 1440913547
6  17 1615993168
13  11 1884764875
12  19 734500666
8  18 385073959
0  5 2120600549
2  18 253370624
16  8 1021455814
14  7 588985595
15  1 1680042463
15  1 1527240968
3  18 1387074022
16  15 545836828
10  13 1328286587
12  3 1532772228
18  15 343030122
14  6 676959654
1  19 1652024650
18  9 1698083388
12  8 1337376244
2  5 1286416291
7  4 1167713023
18  16 94815649
17  16 148274267
11  8 326807451
9  7 2137034545
2  0 1686078487
2  7 1557797350
8  16 821720758
15  14 400444146
9  3 1438596357
6  7 1316464781
11  8 1502048965
11  1 1471310845
14  3 6833528
7  17 760504343
3  10 1725144839
0  8 618691579
16  18 2086532706
14  19 538201308
12  2 561353209
18  5 166435300
3  0 1776888974
18  3 500573158
5  10 510845640
17  6 1729665708
10  0 201974942
10  13 1208860286
11  1 1957381988
19  9 1046438208
