300 20 15 16
19  6 818067821
11  12 176928334
18  5 707549604
8  11 1132508426
15  17 1633103164
14  1 478571671
13  18 1211627715
8  0 1812654156
6  18 2099654782
14  10 973697756
19  1 551107088
10  9 928383531
2  16 1550158101
14  5 677553034
10  12 533950716
11  14 522273433
17  1 1831139587
16  1 61969155
12  2 1054012206
0  8 331965729
19  13 2116142377
13  18 587614587
0  13 2019822534
16  13 1715061420
16  13 1455327303
18  12 277364488
2  15 1388964262
3  0 919622384
2  17 1481388863
13  9 1781020106
15  9 1278449725
15  11 83634702
13  5 888566306
2  10 1878084771
19  3 354937747
9  14 84462058
12  3 1181208840
2  18 1192671157
18  3 1293464251
7  0 1950955853
14  18 162865408
14  10 61048157
8  6 592451459
13  9 835760088
3  13 1476186631
1  3 501648405
10  8 1951621464
0  5 388831268
1  6 1933200036
10  6 515554319
18  6 1272108395
8  17 1372680120
6  18 128054970
6  7 1974516964
8  1 1454501665
9  2 131531506
17  9 324678856
14  0 1353952491
5  10 365992508
12  10 1375461664
8  13 1451430380
14  8 1969609681
16  10 881109448
8  2 1156818493
18  15 1130527649
10  4 1034307829
7  17 2102444498
0  5 1620235695
9  19 1994340053
7  13 746611146
1  7 606441137
5  9 1840651989
2  17 95777460
17  2 1338764711
5  3 1425986111
16  2 839412624
1  2 1153438114
5  15 215624464
0  11 634880227
0  2 1682162764
17  8 1970528204
14  0 2136123608
12  15 2055715156
16  12 453981229
10  14 496785479
0  7 1511124414
10  13 112144328
10  15 1403311515
19  17 959062764
9  2 560090701
3  6 524585247
14  13 1345985099
1  5 294836531
11  7 548244619
0  5 450847145
19  5 1137401320
13  5 1420683001
5  18 2095172691
16  5 389187669
3  4 276464199
12  7 1136000049
6  11 285057132
13  19 647310504
9  7 94700472
11  12 455135870
6  10 1090131169
6  11 308559244
0  1 1404431906
9  8 139805591
14  1 1240111224
2  18 121658347
16  0 961014123
19  15 1211186599
15  14 831038779
16  17 653828892
16  0 1631486806
11  8 1699119413
17  12 57497573
15  19 762330940
17  13 2126406834
9  3 1078250901
1  10 117328618
16  7 831850785
17  18 1859401521
7  19 1278482664
14  15 1190111648
3  4 1600840235
0  1 1186185650
19  9 1995940304
1  5 345177933
2  11 1250781938
4  18 312544747
6  7 1696644501
11  5 2087747644
17  16 1319130825
3  4 2101531976
6  5 1976370347
13  2 1066436652
11  5 859653101
14  5 1875003245
11  7 1745395874
9  19 1101552190
16  6 1531567142
0  2 1378251645
11  0 94674967
4  16 311178627
13  6 249547524
4  6 1024458358
7  14 1501192009
3  0 595556591
3  15 1750475895
1  16 1606778545
3  8 320676374
18  15 94851967
15  6 1813571737
2  14 2071942569
15  10 2005645134
2  1 1258380313
14  8 1172568161
1  6 1164253081
16  4 301428858
0  13 976356833
14  1 1020858529
17  10 1779540116
5  8 11566139
1  7 1973922153
17  13 1583103451
5  14 1325254151
3  12 1560114110
9  18 1846990627
1  15 608007906
5  17 1685287901
0  12 966841367
10  16 331162758
13  17 292369937
8  14 437466633
13  4 1148190533
9  7 1307895884
19  16 1247512864
3  19 494709005
13  17 1553831763
15  18 1966667607
2  18 1355422804
0  4 430810432
18  12 1685697947
3  12 812722622
7  12 306855445
19  2 834151476
0  2 1202049466
0  10 1207472499
6  13 1001382057
19  6 474793924
19  12 1628960083
5  7 359701599
15  1 951015901
11  7 1297890447
4  8 237966181
19  3 1019352001
15  18 89019007
17  7 1078590394
5  2 1426428596
11  12 473396093
0  19 703412102
9  12 1709477917
4  10 2072941171
1  15 1079274476
17  2 1639016573
13  15 1401365409
11  8 808798904
5  8 1815959018
13  17 2105288819
2  19 10771279
8  18 1205662804
16  14 1921160697
13  6 312051997
2  0 1885200551
14  16 908409130
9  11 1293015244
6  5 654363113
13  4 37021177
14  0 1692905341
3  10 1012310251
16  12 1817280633
16  6 250009427
12  18 1933013420
2  13 776524190
14  10 223339764
16  13 1678393246
13  17 539010028
9  18 755484254
2  10 1568152984
16  11 1615800186
17  13 1795746942
10  16 293412077
0  11 36271005
13  8 133201174
3  0 1941174044
11  3 1321800246
17  18 1924626441
7  14 610747767
2  19 748440897
12  17 1325904578
15  4 1643500814
17  18 991832424
2  14 2020908193
10  1 768975732
11  14 772076178
1  5 1586152875
15  1 994292994
2  11 125714008
6  5 1528086356
9  1 1900397758
3  10 132894173
5  14 686345966
1  3 1352637213
6  2 50531921
9  5 1500238046
2  12 1721739076
8  3 274000157
1  15 1199357397
7  16 1404146384
17  14 67324654
19  5 1149425585
6  13 247001498
0  1 1806492671
4  15 759324331
15  17 7227177
14  15 1484011180
14  10 1034501736
17  15 938405187
7  6 1200448021
14  3 852130358
11  17 199721034
4  2 343736919
15  16 1283555752
19  13 1874138592
4  18 374355505
8  19 775535490
10  9 1291782838
17  18 1591867141
3  4 537598189
0  2 938016733
6  7 1547569775
19  17 1432702365
2  1 1281035762
13  16 1177035304
15  4 1891249349
7  10 353208684
14  19 195141742
0  7 1739648241
11  18 1366379341
19  18 1293676369
5  18 761851648
15  3 1587819028
16  15 131907437
0  15 98097110
12  4 1797538123
9  11 532723561
13  5 1335572738
6  9 375000604
