300 20 3 5
10  14 249055716
18  2 371080662
16  9 1751719239
18  9 663225465
11  1 1037672365
11  18 1278096232
15  18 715776979
16  10 1196756400
4  10 1110562380
19  3 1175982668
5  13 111531343
15  9 1855468967
11  13 632747400
6  2 968678949
0  4 1732038725
7  2 843275773
11  7 1694560131
19  5 1622487594
7  18 678722335
5  2 477458408
18  15 60111919
18  11 824139547
17  11 2026036059
10  14 540740498
19  12 1493991542
15  2 122605087
6  2 846675414
9  5 1748444549
14  15 1436641992
5  13 656249724
8  13 239095844
8  0 306053572
16  6 34677265
1  10 125069104
2  17 868140186
17  2 1842748901
14  12 1536508021
12  10 992449365
15  19 2029600215
8  16 1565519269
6  4 1865655607
16  3 612091200
2  3 1106726074
11  0 286574329
4  17 1199161596
11  1 1049980187
1  13 1778446514
19  7 1531660572
2  19 285602030
12  13 932467542
13  18 1499241655
9  14 318275114
2  8 1980051819
12  16 1038420037
3  7 1657840763
9  2 215103832
14  13 586235362
6  10 79771067
2  12 1130978194
14  6 1048436760
9  10 1791265886
7  16 1040358239
4  2 1601225806
19  14 1979103027
1  13 1374963747
11  16 509208658
11  9 371521972
7  2 2041798257
5  16 891773432
17  10 1954118533
12  9 1053382656
17  7 1751234320
8  5 627019981
11  0 176301514
2  16 1197293867
7  9 15518766
3  18 1760042151
6  2 1292512576
15  8 624050991
6  1 211700546
14  16 18811478
19  6 76638557
15  11 846628325
0  3 1581395905
10  11 164846396
18  4 1055959514
2  19 462357569
1  16 1595209505
9  17 177111835
11  10 1611406824
7  10 963016441
17  18 2121760223
2  7 743472943
15  1 410018293
19  3 894892818
13  15 70001445
16  15 851296296
10  18 1696169894
17  19 1417914803
2  10 39048385
1  8 922446091
14  13 372714249
1  7 242309989
19  5 1309849591
1  5 1901993484
18  5 1665914783
0  14 1538109751
12  0 1814481824
7  0 1791348558
2  11 308842041
3  6 290078310
10  4 260304178
11  1 105272576
15  16 1213573026
18  17 1128819957
4  18 940440950
15  16 215915741
17  7 1794531176
11  19 1053155647
6  14 1226514237
1  2 2063218491
2  11 856339388
10  9 1582035644
11  2 167838381
13  2 800624810
9  16 1915949901
18  13 1993399606
4  1 319074971
4  1 1581431011
4  15 507771432
1  11 1149222037
16  1 1915415861
7  16 855582753
0  13 872961927
19  0 881543709
18  5 320260402
13  19 143347772
17  15 53108235
8  0 1440561323
4  7 33727156
19  16 1474592922
6  15 622933275
0  18 1526687410
7  4 488978436
0  3 193094704
2  3 235271587
3  1 1202385873
14  19 2138990067
18  16 208234494
5  2 1980096215
0  2 659721303
15  18 1966163735
9  15 997391004
12  1 744156314
2  1 1544384839
7  13 875499425
7  1 1939978140
19  10 384809784
19  18 603614203
17  9 1762907944
9  6 1801151893
11  6 1334797941
1  3 82755067
6  10 1476513922
18  13 1745718198
9  10 716134160
16  14 1509059590
9  14 1465019490
18  0 929606091
4  0 657334331
13  15 2033705567
4  0 272957288
8  18 487183220
7  8 775750323
3  10 2078308696
4  6 535019822
16  6 772307020
9  4 1185795537
8  19 1883707320
2  7 1783378831
0  10 1577147499
17  19 927503931
3  11 437262433
5  8 1945904881
3  18 1037022457
13  0 486525736
7  8 1404687025
9  15 1339051723
1  16 2050592479
10  11 1111871354
14  5 382003379
8  19 1017136097
13  4 1176376537
15  10 1227022924
15  3 2001756286
19  7 8870872
0  13 1716934515
18  9 53159790
1  8 339751880
5  17 483194942
19  9 1000370653
8  13 4582775
1  5 1966264503
12  16 657115478
0  16 936773799
6  18 1734753689
7  9 777730142
8  15 234537777
11  16 265968030
17  13 446555521
12  9 810622182
19  18 1551850611
1  9 160478338
5  12 1447109796
1  12 1381649911
11  9 1049487611
7  16 1689240970
8  6 248612153
17  1 1111038261
9  15 899016356
5  0 61350113
0  2 1734900891
0  2 681324644
14  10 1654604927
17  16 698099879
14  18 1750430411
6  15 206726840
7  9 6989668
7  12 1387685101
4  17 1713184787
0  8 1180476620
11  1 601062553
11  6 683460361
0  1 903223984
1  9 1867234916
10  17 749779308
17  7 806341244
18  2 1345535493
19  4 726994705
0  10 1862871286
11  5 1949850511
5  13 1795311254
8  6 191051813
4  10 186991627
18  11 766871019
1  18 1162354406
12  6 417539552
4  6 452272233
0  11 688463940
11  10 882789651
0  4 1638415231
2  11 1510946113
7  16 1436623452
7  11 544891360
15  9 1945803095
0  8 460844647
14  3 710388361
13  2 80025774
0  2 913262820
6  5 1859738702
13  8 2067374881
3  9 2131744809
0  19 982377438
13  16 1742946631
13  14 1852765941
8  16 1573011118
13  3 1574383105
19  12 291573889
15  0 809384266
18  17 950257310
5  1 1875690649
8  13 1959646484
11  10 1525636996
3  5 1508207729
11  19 1635366153
7  17 1359287763
15  13 1093207944
14  9 1419623691
11  10 900917932
16  1 2138304960
11  9 2029944384
12  16 91485144
9  16 1212638090
5  8 1086146506
13  7 1500610602
12  17 269316575
5  13 1100817732
1  18 139258151
9  13 1523899133
13  3 621764469
6  3 361903893
19  1 24621262
13  18 51703092
13  16 733136778
4  8 1958466017
2  4 82538319
4  0 1132112470
10  5 921808740
11  0 721983427
9  4 1642637329
