300 20 3 18
4  11 462899472
4  12 1097406569
19  5 66050655
18  10 1636301709
9  18 271347471
12  0 1500704003
2  9 1489732753
18  2 2069959057
15  1 1989222266
19  17 295098040
11  4 6132652
2  7 2077342795
9  11 528305344
9  18 1397149534
6  4 1825732763
16  0 476792652
8  2 887805769
5  15 1576395340
14  8 1687023011
6  2 1323789924
3  6 484358316
14  1 1804451890
11  3 1224526646
18  2 1129689773
17  6 845671128
17  6 396740111
16  7 630246654
11  13 811470856
9  7 201178230
4  11 1895918405
18  12 1913002586
5  13 710249905
8  15 216050540
9  4 986326421
0  11 15243854
5  13 1844496850
15  10 1233103647
13  15 1936110401
14  19 1614814801
15  11 639075668
16  0 654081196
2  19 2045255260
10  18 483299115
4  15 10228949
7  18 1796343507
7  3 621377264
10  18 2079653902
14  13 504586042
13  11 2087750893
3  14 461690086
16  17 665784226
7  12 1463506166
1  10 895256578
17  0 106578384
17  9 1612747824
6  2 1456991099
6  17 1077678742
1  18 56565419
12  11 17814705
17  8 1979384607
9  2 333852569
7  0 1563655426
16  13 248671769
12  15 1604641184
3  2 1676243502
3  2 1841371491
1  10 890805515
6  19 571543728
5  3 965800776
6  9 850646851
12  10 795404235
6  18 549857342
1  6 1813983143
1  15 1513992713
9  7 259102341
5  7 940333788
15  4 1683719256
3  4 1087832687
14  19 29096574
1  17 473863120
3  2 838154998
3  16 215403823
10  15 489481056
12  16 1225910880
0  19 591928694
9  7 330772366
1  9 884691448
6  8 1870148048
11  12 1532844094
8  7 71688111
0  1 834388729
1  12 787102637
18  11 1747497287
13  2 104399795
7  14 346352247
15  2 1794937178
3  7 449068315
18  17 171387975
3  1 1056070255
0  9 1330170724
9  11 2094426091
13  9 1001250437
16  18 2139351387
17  3 506516281
16  3 1153708848
6  5 1484922036
4  19 90536425
17  19 531569812
9  2 1805605639
18  19 347817929
0  13 2138283474
10  0 1831248499
12  10 1620164945
18  11 1786389259
12  3 1066922248
18  9 1240793157
5  16 978939908
0  4 1962812433
13  14 1446252459
3  2 1773676158
18  8 1010215751
2  13 1301204511
19  7 112280764
18  13 967206002
2  3 101404284
8  13 523146035
7  8 1962033136
9  17 88678794
1  18 1257562637
9  18 1508905125
17  8 1935066312
12  6 1354309277
14  10 1183733516
4  9 1260131568
11  14 1582585685
3  6 433849445
16  14 478750149
18  17 2031030554
2  12 1015280169
11  12 228937863
10  3 1585589957
3  6 1746333718
4  15 544365094
7  5 1321613478
16  19 432529557
2  10 667332911
15  3 1235457916
11  19 1754581212
2  7 1873108362
8  9 1406147563
10  15 1126492978
10  3 390347019
11  14 1683208573
17  2 1932406712
16  14 422604435
3  0 1016147800
18  14 123625166
5  6 1753807223
9  13 1020667875
7  19 819372870
4  11 740372429
3  5 956476381
15  16 1716039008
18  2 1104617159
1  15 779539309
11  19 1452509734
6  9 172909701
1  7 194399740
8  15 1675893720
2  6 1172661231
10  15 353560855
10  8 1126492784
14  8 359148069
19  14 809047376
14  15 1103038451
17  18 1543070940
2  0 388881495
11  14 1429740842
7  0 1761347841
17  16 1137883217
3  15 708523016
2  6 1278343145
18  11 2093122802
17  13 1196712608
5  0 1070371267
19  2 162155453
11  7 1872928960
11  9 1570909673
6  11 634073227
3  8 1196938413
16  13 314418079
1  14 485965524
16  10 1315585273
7  15 224617653
14  7 1873874386
0  12 273116710
14  16 607686433
16  6 951672507
12  11 12517560
7  16 1091220395
16  12 1453957794
7  19 2027274843
4  19 2090769597
3  17 462143196
12  13 163559637
8  17 1228593739
1  14 184724906
13  9 875282168
9  3 976345732
3  4 1241742833
14  19 922940765
18  9 824060267
5  1 852172958
18  10 653089603
9  8 1309240641
3  8 1558785677
7  18 596839208
2  15 1797828213
1  19 1186485789
11  10 481693252
15  6 469173577
2  3 986703243
17  5 180354890
1  7 2002103312
5  4 283956418
16  3 1433462146
13  6 1440495402
15  18 1597247769
14  7 1957698915
12  11 689734000
9  4 615603458
19  14 799804554
1  11 826697235
4  2 1208277186
11  2 1694368992
6  17 1123679507
3  0 1550928964
14  15 2115616601
9  3 806695002
3  18 111831512
6  13 595591223
4  13 366257894
19  13 334713362
10  9 2049105708
8  11 1419594581
1  9 792916871
7  4 1175605584
12  10 1939923323
10  18 331866066
19  18 438792856
0  7 1542393622
3  10 1435148146
9  0 1435007933
3  8 1823390549
17  15 255311150
14  3 2006373403
6  3 848986759
14  2 481138626
14  19 1918036264
2  17 957235046
12  16 568207596
11  9 77605656
0  18 1402805218
18  12 1039715214
9  17 1702236489
3  16 1863240423
14  13 395673401
10  0 472377244
6  4 625390130
9  18 1027688966
16  0 712885970
4  14 76329690
5  10 1641682538
11  5 1845300447
16  6 2145405827
19  12 1531503524
13  15 1173999336
2  6 1348872488
11  7 836452680
13  12 126389455
0  19 1956143856
1  16 484234798
16  3 1854058207
3  17 1820392202
17  14 1001998929
12  0 2082957061
1  2 1701835159
19  11 904145083
14  13 533824561
11  6 1734984952
11  17 2066783425
8  0 633002542
1  14 734001848
15  18 793531281
12  15 448225316
6  13 1600450086
15  3 350527271
14  18 1672400624
16  10 1643421885
5  6 760883984
