300 20 11 18
13  12 326711150
8  14 1196748396
19  2 1507353909
9  4 581488579
6  8 2102903052
8  11 2096087435
14  3 290496275
0  16 1162399218
13  12 642677445
14  11 1790684619
16  13 1602679448
17  12 203403304
12  7 67931671
18  6 1043331980
5  4 1868173924
16  4 32617798
15  10 1103402876
17  3 1137630101
18  6 795493411
8  11 1220397791
12  4 1585872667
11  6 503492079
19  18 832635478
14  16 1134999284
0  2 1024814398
9  18 680862281
2  4 319269972
1  2 1259658136
2  10 1738202436
15  16 1414852401
8  7 1478502430
14  8 1294019644
3  6 977065543
19  17 1677229364
18  9 2018066943
3  19 419492968
0  2 1298730937
10  5 770641356
2  12 1106493662
2  17 493082679
14  0 2073538892
0  6 618740289
11  2 1596541269
2  12 1095320829
4  7 172417814
7  18 264499239
16  11 1174207099
3  5 322544809
12  10 875520059
2  3 2045761827
3  11 1975692439
13  8 1749986502
18  4 471205435
6  17 1438314237
17  0 1919205296
12  7 1064731692
4  16 1457819845
16  3 373123160
15  17 90905502
12  7 1877945153
4  18 1432091411
12  16 1442850686
3  17 1742417966
13  10 192445549
18  8 280735198
6  16 1523495557
8  6 1736964020
17  1 351820028
6  17 1837411904
11  4 166311381
12  19 246385362
15  18 967420259
4  15 1277780268
13  14 1285228704
6  2 1301812669
1  16 1498602734
3  6 1363175471
14  12 514397126
12  4 241692483
19  17 1850137416
12  11 941257792
8  3 1401208706
9  4 1945571560
17  4 1840555383
14  1 1430671835
6  15 1097951193
3  5 2138640830
11  17 762942608
8  16 1194796153
0  14 659915102
19  15 1797969339
13  6 24791576
15  2 204152943
9  11 422309492
0  12 1947010529
6  10 829100746
5  16 1271108100
4  1 608761787
11  12 499785664
5  2 225154069
15  5 118433466
16  7 806435729
7  12 1998190850
11  7 672206497
16  19 124391993
18  14 1527328999
8  11 1854558570
14  1 932008503
0  7 283786730
7  13 1584191556
0  5 858220904
11  14 905946424
12  17 1251440024
10  2 693384561
0  4 1848847438
18  2 875484292
7  14 1507600036
17  11 2035996568
8  6 83966274
10  16 423690915
13  8 2139786681
18  6 2003140312
16  6 100756569
16  0 340244878
9  5 1685203918
3  1 1851972049
12  1 1420790710
18  17 1309420313
8  5 1854293042
18  13 1710659644
11  10 1896342297
12  16 807215530
0  6 834282937
8  2 1905495408
15  9 1702713218
17  8 1359683584
17  19 411087256
12  11 1030164290
18  0 495386047
0  2 831978639
10  9 1359690812
6  2 1291100533
15  3 1695764178
16  18 1847025052
13  10 926801236
9  4 1625357882
9  19 314115742
6  1 1326152549
0  12 535923514
2  7 1437669454
7  3 1702739674
10  17 442498404
10  0 280261522
2  14 192909093
11  14 633588354
10  12 741680618
2  16 1212362669
7  1 858372036
10  1 339449180
5  10 1535220966
8  12 1768389449
17  4 2047275510
2  3 1062402651
10  15 2087804823
4  16 1057494640
4  12 56622490
17  4 1038828588
17  4 642617933
15  16 1567335901
14  18 81142219
15  5 1224600131
11  1 694325816
10  13 56335303
1  17 1364840000
5  0 1285845160
12  10 2027007895
16  15 1334513017
14  3 1805015648
15  2 1678085565
7  5 668380963
17  3 385143318
17  5 1272638123
0  16 976407448
19  5 1184514216
2  3 1510683307
2  12 1078464820
0  2 871530292
15  19 1001213546
4  18 173229269
6  16 562549747
9  8 980962948
19  8 1081782715
15  16 642189075
4  8 2117452049
7  6 217913723
3  15 1110795113
12  17 7599349
2  0 1737663587
1  8 1912022883
15  6 1224480545
8  15 1738266105
5  13 1624007007
10  18 831362816
4  18 1629535585
7  16 530489298
2  5 600531685
4  14 1784031867
9  18 39074491
4  0 1815097845
16  9 688097535
13  9 1447292026
6  10 517596215
6  0 973273014
19  3 605779206
6  10 210706924
9  15 621510016
9  19 1292994283
4  11 1960902522
19  14 1566864153
5  0 218958804
0  15 1542337401
5  11 1478733935
0  17 842279000
3  16 1059274625
3  17 2143852461
7  18 2074113881
13  16 1769730523
7  15 1678965451
2  3 1744122814
2  3 549367369
15  8 2112015714
5  15 1108454716
14  1 1629746756
8  11 391786553
18  3 1138234904
8  19 730395696
18  4 1766860156
1  9 234584169
7  11 1618099649
19  7 1786758065
6  5 99045312
12  18 1042167160
8  19 475050205
18  16 1261904049
16  19 1257466777
3  14 1238070068
0  13 714425241
4  1 1597868339
7  6 1803400078
13  3 790650570
14  4 1320702375
11  17 2146374327
7  17 658051754
3  9 1418517171
16  9 1214041616
5  8 1745637267
0  2 1046421313
16  8 519295378
1  5 1112443960
8  16 1466173012
15  12 339306536
15  16 1133870841
19  17 2096679357
1  12 2103975901
4  19 1020792239
19  8 722799696
11  15 1267240634
7  9 1475844217
17  12 2023434485
6  14 659864318
5  4 1742588510
12  11 859716098
7  3 561832862
1  3 364301711
4  16 472783682
1  4 1956125683
13  11 1303945721
3  16 316089623
14  6 1804866662
10  0 631198879
7  0 1885337335
15  2 2004805280
7  12 1505243052
6  9 772989855
9  6 1071811460
13  16 13906548
11  4 1741668654
14  12 1144032507
10  1 882797963
3  15 2013531636
0  19 1321099072
17  7 1136824171
16  8 832842206
13  15 1707499411
10  11 1436509418
10  3 701743625
2  18 330091021
10  16 633006241
15  11 663333792
8  0 1600908174
