300 20 4 12
11  1 1406445589
6  14 1993033908
14  4 757902522
5  13 947516571
19  8 462458065
7  6 617895243
15  5 1730773594
14  16 1410029524
2  5 104590976
12  6 1118068146
16  3 350033999
4  14 749433174
6  16 1214539118
5  2 1296860350
10  3 7213839
18  13 906393954
12  9 1585748495
15  0 1455648361
10  15 1029317069
3  5 662746392
12  10 922375687
16  19 1255536779
2  5 810068869
14  18 294082772
12  14 2064916726
8  11 478574357
8  5 95536338
17  5 511663006
2  1 1132877778
17  1 841602696
12  15 6415882
3  15 970755481
3  6 2045792969
13  16 376140926
10  12 858659821
15  12 1293983223
16  9 1076534300
4  0 1057044369
0  5 1351694792
8  6 1644320
16  1 75920823
0  4 1934256765
9  14 555203037
13  18 846477988
1  2 1092971561
7  18 1918898580
11  18 654678466
10  5 1820975367
19  9 1783301308
18  2 1773775679
5  17 89229759
10  0 422537792
10  12 1848821892
6  5 2037783891
6  3 1108744008
14  11 1467107917
13  19 1333736185
3  14 41289752
13  14 2108490081
12  6 1654658798
14  11 1067328655
14  12 1350880869
1  17 506239637
19  4 1165467939
18  1 431324639
10  13 1454024268
13  9 631332040
14  2 975452120
17  8 1371978415
5  15 346613444
15  4 1929734802
3  17 1106493212
16  9 1292460513
9  8 344549118
8  16 662134157
5  9 1807980849
1  18 627616836
7  19 709236409
1  2 1265334731
18  1 780955839
15  1 1989349022
16  18 325532378
3  17 1942503902
6  5 1434601530
13  0 385068174
2  8 1552371653
12  16 1502635131
9  5 55067823
16  17 1646553288
1  4 1609832057
13  19 859566290
17  0 887546666
7  8 587813632
10  14 1723017555
4  13 545509991
10  8 1573325569
0  2 1760868324
7  17 175336381
16  1 1605854919
4  5 66495806
1  19 1071836245
1  11 86463721
18  16 470371513
3  9 1817758415
1  15 1014921883
14  9 1614153460
3  15 1439474476
10  14 1087094440
1  8 1482272084
1  17 1189461191
2  0 1976077054
7  8 862066435
6  16 440143961
12  15 579957889
14  16 1798686967
1  5 2144092825
7  11 503608391
9  16 610260371
5  0 2053557387
14  8 2014122115
11  13 1077863266
3  12 329546266
16  18 242447361
1  10 2007797128
2  10 758628829
14  11 1515137183
18  5 222307826
12  6 1693443136
10  18 1400959139
15  18 306628223
4  3 756572601
16  3 2077923706
9  11 1340092484
2  6 2121506838
13  10 1642019507
17  18 1044237076
7  11 1285404117
12  18 632467703
9  13 320869262
1  4 1145654170
7  6 1231499850
12  14 1044829492
7  18 1091439144
1  8 1778855494
6  4 1242938982
19  7 1130076384
17  19 921977689
1  9 1364449373
11  7 1405899267
3  12 452463414
5  15 765933502
3  1 964993410
15  4 1942412314
7  8 440633097
9  14 752289305
7  14 1071112946
14  7 441581941
5  11 1997209306
6  9 1999602488
17  1 221340612
2  5 1795077048
9  10 964782183
12  4 891687053
13  8 567019276
17  4 169055384
13  15 88717747
17  7 1653466668
7  19 403926161
1  17 432560941
15  14 665181636
17  0 176008773
12  15 557920657
15  14 574600450
18  5 41268058
0  18 1391014896
1  6 354796567
8  10 1662798040
0  8 661118544
3  17 705897193
1  8 1289454545
11  18 932214962
11  1 1320473958
3  4 1836743721
13  6 831537122
4  6 56340801
4  1 459348121
19  5 1730140810
0  17 182362946
17  13 180887132
3  10 2031713616
1  2 450482314
6  5 515131249
5  8 223884061
14  10 1682386127
12  13 818296250
2  4 931100265
17  1 413907544
7  0 820623546
15  8 969607923
19  12 93946009
9  12 98359712
17  6 1983112746
0  3 1576740304
19  4 1246179823
0  14 1002847176
17  15 1226962507
12  3 715519937
3  10 1118593362
6  11 1386989859
2  18 390119737
16  18 1775147039
1  12 261020902
11  15 1881773875
19  17 186406316
5  1 1261998805
19  11 1160219638
19  8 1601447295
11  16 656816472
8  13 711976812
18  4 135323156
16  6 80307351
12  7 74282754
10  15 106448602
8  4 1158392750
5  14 1374763524
16  13 2095056585
10  4 2117961634
14  6 1309404106
11  8 1419365744
11  15 486070102
19  17 1575795748
5  13 1907152378
12  11 1110558806
12  18 1301847704
4  15 1633218112
11  7 1279579670
10  5 902496443
17  15 1135525230
19  13 1538463441
6  3 213812424
18  9 595589354
18  17 1046606754
2  14 1678297162
8  1 318838206
17  19 1223299795
14  12 956424310
0  9 1239072432
16  19 404543889
16  5 675196803
4  9 374622467
4  14 1307325165
6  12 1163973962
9  11 1344227411
14  5 951960734
2  6 1333244018
14  11 123475415
0  3 934106481
13  12 539015309
15  2 1731687875
15  2 1281222817
11  13 1031156517
11  18 1817833638
8  2 846046706
15  14 617897197
16  4 1367965824
7  13 960277749
13  15 2064677345
18  9 317580583
17  1 1073419186
12  0 224371979
19  13 508927720
6  1 262575184
18  5 1410790346
1  14 709836548
19  0 2055686306
8  9 614315842
10  15 54168794
17  3 1045707041
19  3 1463603012
0  9 207000911
6  2 370162372
13  18 943604005
15  6 1701920318
5  17 1638812925
17  10 281890109
16  0 907193978
12  5 2089815272
1  12 372159464
12  0 906085197
11  18 1099407038
14  0 1818288843
8  10 544459654
8  18 1799387964
5  17 1193817027
15  7 1622631490
14  11 823524377
14  1 1428295765
1  11 818314772
18  1 1559999670
19  17 356981594
