300 20 11 19
0  10 1229058314
9  0 1713561640
5  18 132723470
13  2 1260791821
9  17 676913864
17  10 1799766612
8  2 875726083
17  7 1901792246
4  11 1357450250
1  16 1768597633
2  15 631624365
7  9 1930409982
2  8 574656077
5  14 1171255511
0  18 1761583620
17  13 347243890
10  2 648218677
13  6 1755538194
12  6 634417388
0  11 450746676
6  19 1891790735
0  19 2033753297
12  5 705636809
6  5 574335618
1  8 391671698
13  4 1148758291
3  15 273431396
7  10 467320591
6  19 649708899
16  12 1594914397
4  13 534411929
19  7 635298468
4  15 62910413
7  3 825005859
13  1 1591165081
10  11 1017769608
14  7 451520756
4  5 243259081
3  15 546553574
14  3 441913968
3  12 1471517686
8  17 190833793
2  14 1080447640
0  7 942759447
7  3 944945038
16  0 28261779
14  12 1856001779
4  2 2145498316
12  14 110104608
7  8 864197603
6  2 1318615008
15  19 1610052870
16  19 1915982049
5  11 303387036
0  4 1152563462
14  19 855829092
4  18 1358853909
2  3 1853719672
6  7 961424768
1  2 527272591
8  19 1408884441
15  18 1286568247
11  2 1971285739
5  9 1891511501
19  8 1681368309
6  10 1691086246
11  17 652043324
7  16 1648029964
7  13 413569630
10  16 329036169
17  14 820233510
11  15 1910407727
10  2 1172933755
10  11 1640614682
4  12 653553691
12  13 184114011
12  14 1380253807
15  12 1581344541
7  8 1857938147
18  17 107454427
0  5 1040313889
4  10 1999302490
12  2 1997490718
7  3 1999154222
11  12 2009676568
10  15 941951864
5  2 1751583250
12  1 1302121604
11  18 1173993381
5  17 1435166246
6  7 409525713
13  14 2141249668
11  12 402227025
19  9 899757685
10  12 1146576861
3  13 446465285
19  2 1887404757
6  1 1396421615
16  8 1187269074
7  16 233330780
5  13 1435847490
10  19 2126287371
15  8 2050539497
16  14 1208403681
16  9 1595405084
7  8 1640869512
8  17 800279374
7  10 759113980
2  17 217760341
13  6 1044188267
15  5 837154783
9  6 44126764
10  0 1505066599
0  17 690084005
15  6 1780439752
6  1 288582131
17  9 1496353201
13  14 614088491
5  10 2019731671
0  19 598429659
12  16 446409353
8  16 1204940944
18  16 1677049282
7  8 16632455
6  7 696112357
0  14 1829070971
9  15 562140570
12  3 100914533
15  8 1045858096
16  17 1263232393
19  16 1136971444
15  16 2063265955
6  13 1491934962
19  10 1451070802
9  1 1949828296
10  14 545433279
11  4 680386029
19  1 1219040372
14  10 1172517611
3  4 2132331755
14  0 1214416227
6  14 632562645
9  19 713072234
6  13 1993311075
7  12 243103020
19  3 2139368018
1  18 536449528
7  2 402929176
19  14 1977674612
0  2 503220520
19  11 19573578
4  14 428794740
0  4 1141191524
0  15 2031742896
7  13 963781152
10  13 1015525811
0  17 1123661756
4  9 1983751494
6  13 2042046914
12  9 402002813
4  6 1796538192
3  10 1907743912
1  14 1136393720
19  3 119250029
19  10 1305597883
7  0 1369997217
17  13 950720770
12  6 124463337
12  9 972225899
11  14 1418825308
19  0 1615267981
2  5 1920129725
11  9 900484308
8  14 1872249751
12  13 718233359
5  19 1468649977
0  18 1515396487
0  15 1922373460
15  0 1860249737
7  12 265445448
0  15 914015149
15  13 1054356685
4  2 100170495
15  4 1273643820
12  0 1521509540
16  14 1843701626
11  19 219237946
11  17 1470613889
4  19 1978324734
3  13 696612872
7  8 1959135200
10  1 1927124796
11  0 1703571186
10  11 456548464
18  16 1932160351
19  4 1357656695
1  9 383907050
14  0 1085145502
3  10 1483335409
18  8 665437326
2  1 1910853392
18  7 396541311
1  3 90924224
16  3 495074486
11  8 1100149259
14  12 1211238941
15  12 58967299
12  7 849372326
13  3 184402599
8  18 164395587
12  4 1019053811
15  2 790355774
18  8 1701554299
2  3 565676592
8  2 1173602797
11  16 62588123
19  7 1853458685
14  7 1606469112
9  11 140676511
1  6 662908493
18  12 1124776351
14  8 1240162854
7  8 1673267184
0  16 1184885128
14  0 1334344851
0  9 1420002255
19  3 1868859501
9  12 1224315690
18  9 69551839
8  17 114971554
13  8 209216950
2  12 1860041117
3  7 1188032366
12  15 446273977
18  1 1717037099
2  10 181073260
1  9 855925926
3  8 1296548121
19  5 452945877
15  10 1828967857
4  6 1285533309
18  7 716081499
6  1 1141946646
17  12 621655395
0  19 300357969
18  6 576547577
5  2 1744410405
14  6 1153457151
8  18 1625093039
5  8 1459384566
9  10 854126028
17  4 1647071264
4  12 1147127378
1  0 1941934225
17  3 971853628
18  5 1072783816
15  17 72421500
15  7 159703406
3  1 613166426
11  15 1992868207
12  8 1174692121
6  9 1758883623
9  14 679482413
15  8 56026657
19  2 984377880
7  13 433536888
15  5 1092380146
3  6 1464220183
7  12 1591864855
17  16 1918317109
17  6 1479794981
4  8 812919373
11  18 1673242123
5  11 83939595
0  8 422511654
17  2 1294582600
14  7 902684538
18  3 1217860936
12  15 992458765
11  13 110936521
14  18 314485594
6  11 1129234243
4  15 1238643553
8  9 1362577964
10  5 418561494
10  8 456952638
9  14 7450100
13  12 892576272
5  15 746979794
8  0 1447380069
6  18 1216787307
17  18 907516851
14  19 2082827135
7  18 13873992
5  7 1493308956
12  7 2116366677
4  18 1753838377
6  11 1337909340
13  19 1232424588
9  0 1050434938
