300 20 7 18
1  3 1894420474
8  19 1714195984
13  5 511475941
19  4 1078356705
6  3 1821580765
8  5 1996908977
13  10 1200838779
10  5 2127632663
6  11 1056626550
4  5 478559572
14  12 2131987327
14  8 1108264716
12  10 532088120
6  2 870608809
3  9 827476456
17  15 1470259637
8  4 512938475
3  4 1420931596
5  15 1841094185
5  19 1941698642
9  15 488122522
2  11 1454525001
7  3 320061045
15  4 878026179
12  9 2098350569
7  5 491018178
15  12 1726949485
12  3 425753071
12  9 764012095
6  7 665584772
5  6 743472285
19  3 214351761
0  10 1312256396
6  8 746596249
2  6 1571447473
10  16 1092117757
18  15 884585283
2  18 1237108538
9  12 162692222
8  11 1424974674
13  10 614304352
0  12 49296071
16  17 913992713
18  13 93631293
2  15 543120406
10  6 1755389071
4  14 1010776110
10  0 1447775309
11  12 1135777584
17  9 1952653123
15  4 1351795736
6  9 747692030
19  17 1828500364
17  6 542557815
4  6 1804167815
11  19 273254148
9  5 1889271798
0  11 520389234
4  10 2010948685
15  3 1596482527
18  0 177291892
1  3 1332996087
14  0 1480358807
4  2 30598058
13  9 1275344681
0  19 1600821950
13  1 1995870870
1  3 1944295088
15  11 143874559
14  19 1123856061
2  11 2083331710
0  3 1558532082
2  16 65037454
3  5 1823453417
14  7 664037907
13  7 336167701
17  6 1589567342
7  15 1867551037
19  14 1981351798
13  19 449576115
9  14 1357892611
3  14 607182184
11  1 1331383173
2  11 740612127
2  3 1181857660
1  2 498471462
9  8 340904012
13  11 300729793
19  17 433814233
6  16 1572490608
2  11 1745980971
6  1 1190522370
2  6 502924147
6  13 1721444848
8  10 823732210
18  4 656826014
10  18 1562761861
1  13 446660290
1  16 62510551
13  7 857569320
11  13 241082265
14  17 194902680
12  1 1802164819
12  10 1753383533
17  18 269369778
9  18 173801506
12  6 1847692657
8  17 1187989225
13  10 936065147
5  6 1842188114
14  0 401904662
8  4 1774640333
13  0 561463354
15  16 1762626708
19  1 310007152
18  8 1662850810
15  5 535616000
7  10 1247843542
2  15 662123450
1  17 229542055
17  0 610049613
11  3 1082613578
2  11 579202409
1  11 1700469534
19  10 1974304081
2  17 2066538785
2  13 1765698078
1  8 1974879635
3  12 229537596
12  4 1697323548
0  12 605761635
17  11 1544005742
8  0 1595459430
14  8 560252219
6  4 261775913
12  11 254955414
12  0 334251702
1  5 2111141346
7  9 264756572
5  3 1499696270
16  14 1260076961
16  2 1480861935
12  6 2111397226
9  15 1551729427
4  6 1866986105
12  13 703360282
15  0 1614836904
9  0 1621705068
16  9 1869207649
12  1 1817749671
8  13 355785803
16  19 1886386504
17  1 1017417875
1  2 695840965
18  11 1141533311
16  10 2092624782
10  0 1142078743
9  0 1522607167
14  6 1299220724
10  7 1692563882
13  3 22686696
12  3 972544044
14  12 525638915
17  4 518572680
11  18 2012389851
13  0 1634304648
15  16 1957878364
7  3 410145538
1  15 672746819
14  4 236851056
14  11 600163707
11  14 610054629
19  7 1304404541
5  18 804429895
15  4 436448235
7  2 491162359
4  5 1006546829
9  17 939873964
10  14 29964096
5  15 90124879
10  9 1901092030
18  2 1961771723
17  0 507532957
1  9 1191677545
17  1 798175392
14  6 838195092
7  3 1727608439
14  9 278356627
15  6 1458203936
1  16 2034591575
14  17 1152538369
13  8 1186474824
16  11 617812223
10  13 208521467
4  12 1158157761
14  11 1511443334
8  5 257831747
17  8 1876033528
15  14 1788386857
10  1 240167955
10  0 2105337625
0  5 1796228657
1  7 1018790381
6  2 1889883909
9  18 1248267552
10  13 403032376
1  18 1889850181
4  9 1987303687
10  3 1250843351
6  0 2094304386
14  12 625219650
13  1 480997826
6  7 839810792
19  0 640092530
14  13 1773287560
19  5 41597113
16  0 116691430
7  10 384056379
6  5 835124673
8  10 200026453
13  8 588468456
16  10 501840434
11  9 1873505955
0  9 676078347
14  12 405403185
0  12 657932839
4  8 984940165
2  0 219206446
6  19 385752345
0  19 56403085
10  14 252696020
0  12 1839144727
6  14 1388572993
0  12 1864932509
8  17 1911937635
5  18 140098364
2  19 1455862596
13  16 1213246577
6  9 1074950880
19  4 493761834
11  1 1518125748
3  15 407990471
5  6 2115373448
6  3 1860720046
16  6 955337924
7  18 1255775034
14  5 848344925
8  10 169865643
5  18 1070873591
6  2 1509231282
3  14 1740806060
10  7 1625345352
2  19 1759653724
0  15 1707355768
2  10 2023107032
13  10 1254218259
9  1 322705622
5  12 355705965
4  8 2006163662
15  8 780315612
2  6 1361040270
9  16 1782994497
8  19 1882428491
9  3 1951116686
19  0 1500191893
8  5 2136480531
13  5 1611437795
13  0 2052664586
11  8 1161978724
11  0 393838816
1  17 446741173
4  18 1165899801
19  10 240352508
13  16 966739209
9  18 1624908327
17  15 117129658
7  4 447606088
3  8 266513976
11  17 1167146485
3  4 1657661760
19  7 994093025
9  14 98181779
7  12 639718379
12  5 1316212313
9  10 1512027197
1  5 876226677
6  5 801314827
12  9 1559166739
19  0 742975687
2  12 1643614099
9  18 275351967
12  14 271279209
15  0 70650004
6  2 176077831
1  6 1993972206
14  2 651967342
1  10 1287878020
1  9 2081690611
9  13 510579009
17  11 1967152908
