100 20 15 12
9  19 675086751
11  1 1777473626
18  0 985238769
4  10 1522992470
6  14 1866033019
18  2 911579759
10  19 2048222354
0  7 1298694424
7  18 1207832331
9  12 657865260
5  7 1236518266
19  16 1331430092
17  15 394270435
10  1 1966803862
5  19 771511616
5  13 676864537
1  11 869171626
0  7 1416123836
3  10 263581155
16  11 996592498
18  3 607520659
1  6 1209006624
1  13 1911096297
2  17 976004982
12  11 1274280022
18  12 1474089400
14  9 1650333209
1  5 1939592192
5  19 1587403551
3  16 97706516
7  16 5901770
10  2 2076049103
2  17 23260450
2  17 78605231
5  2 1695260109
19  17 192359554
11  13 651803592
14  6 81865192
2  12 867291568
3  15 107088216
9  12 1589234583
9  13 2014038631
13  2 257487622
11  15 1576283726
14  3 363688066
1  2 2015854185
11  19 1113453548
2  9 970013480
16  8 266171759
6  4 1888161649
6  18 608028407
0  15 177871545
4  6 10160253
6  12 47106240
2  5 978328850
18  15 475098345
6  8 58417098
16  15 1005808866
10  7 1185547789
12  14 795239284
13  1 2031968685
7  13 371144230
6  5 1576804889
4  8 1766235023
14  0 20647697
15  3 918993944
16  6 1322391194
5  8 352150950
17  12 1798813749
19  7 1619693940
12  19 354764189
15  17 690359056
8  15 323472853
15  17 1487075295
16  3 1705452795
5  14 210448707
1  4 1670201056
7  16 1202879039
5  9 1784604426
13  7 1792895093
3  2 871345580
0  16 1879823801
7  3 1685776841
2  12 1543313285
10  15 603684790
3  12 1585543559
15  17 610476624
7  15 926989572
17  13 1330805225
18  8 2111659643
4  8 930779806
6  0 589250117
7  16 912524669
1  11 878110678
12  6 1741281094
2  3 1842704384
13  6 2107191133
14  12 992277269
15  2 1421193201
4  18 1831693400
