100 20 13 11
13  16 895270183
13  8 410477652
10  0 1674442238
0  6 351605717
8  7 1191981940
17  11 1960745487
16  1 774339368
10  18 236731972
2  15 298630297
2  4 1934394832
11  1 177303730
3  19 1918437521
11  3 37940714
8  19 1836344342
16  4 478646266
15  10 285128838
6  0 1963613723
13  3 2102687053
11  14 1652089265
5  16 334522020
18  6 778496433
13  10 959472359
10  13 2144191741
12  19 589840232
12  6 1418229741
16  11 2034826452
5  3 1864682009
9  15 1788915947
0  13 1832285460
14  3 1695876635
12  2 1783279221
14  4 77272437
3  14 1081852688
15  18 940434403
18  17 199061506
13  11 1618591413
8  2 969750983
0  10 677937630
5  4 124803945
11  16 1751345865
13  19 899182706
4  6 1877686906
12  18 87639424
15  17 1206721511
2  16 25867675
6  12 815424426
18  11 629557175
13  19 283839213
6  4 1202850971
6  19 981921483
4  12 643725163
2  13 1547295940
1  18 48690761
12  19 1288247562
3  1 1549360040
0  4 2007914781
7  19 2069239983
6  15 224155943
11  10 886504413
7  0 2998332
3  17 1879564931
1  11 1458683707
4  10 1670234828
15  8 795771880
11  14 1570243887
0  6 1805645236
3  0 571551354
17  16 634319397
15  7 386045599
8  17 1067120846
10  4 1153910304
12  16 1457170967
8  13 1591216662
16  10 744674276
14  5 1431453874
1  19 924158196
8  15 2054220624
3  13 2129042292
18  1 1435119488
19  14 446282836
11  8 1722076261
16  1 188586318
16  1 566401996
10  14 1479348408
2  15 455200301
8  5 1253185254
19  13 375954533
12  3 215167025
0  16 272878993
15  16 667395438
2  8 26539310
14  6 273695076
11  6 1035281685
19  12 1427555364
17  14 413434566
8  13 1260811888
15  1 434971516
0  4 1490074997
16  0 980783868
2  7 2023373582
