100 20 1 3
13  1 1646802228
8  18 547222070
8  13 1370958497
10  6 595793996
7  11 1906808474
8  9 1249032478
4  11 944377089
6  2 494380494
9  15 367317012
0  4 1670897233
15  6 1795546298
7  6 645135888
8  10 1641587161
5  13 2025318005
8  2 857258944
17  0 2006218968
12  15 1119841490
1  12 1470445678
10  3 1161900827
19  2 1673044712
14  11 1224635924
16  13 1528246121
10  9 2041535962
14  7 2019476850
12  1 1255848083
13  1 1926949662
15  5 1752677135
9  15 1581848521
8  17 1230252053
18  8 1971490195
18  6 944830834
4  14 1846750876
8  16 1102665987
12  3 1014689208
1  12 1870163332
8  5 154504415
11  12 19167087
11  13 1719647944
8  5 191227093
4  5 1257648400
5  19 2002737460
16  1 1193161800
4  5 811951388
19  8 1563495143
9  14 1180010516
17  9 1022807895
16  5 1945482871
2  18 883717770
4  7 24885751
17  15 1511189355
17  10 1731105429
12  13 1671746282
14  18 633598907
6  7 213929197
2  17 725352917
12  7 1793931363
7  2 823722653
9  13 1023976949
16  10 1712318462
9  19 95885329
9  7 933094353
8  9 1039707773
0  14 729735516
11  2 748923223
18  2 2033387991
17  7 1052703656
18  14 1200114209
11  9 497039840
14  4 2111102668
3  9 300631449
18  11 2144376839
7  19 373928831
9  19 280212369
3  19 797316797
6  9 1679594219
18  16 904132342
15  4 1798799197
17  5 1391902854
15  9 1326809739
11  13 814421166
2  7 772392751
13  0 531310480
12  2 431654532
19  15 707282142
3  11 1570318848
18  11 1744949376
8  4 1973583307
13  0 1964165114
17  13 243880713
7  5 1979734617
9  18 1863664352
9  18 1162496000
10  14 1605092474
13  15 1252327824
6  19 829721802
6  9 1107494881
11  19 1188926698
6  8 1657546989
10  15 1770106530
18  1 767087204
