100 20 19 17
4  14 1735359208
0  19 2144877409
0  15 713132843
0  11 1948302508
16  13 2119508829
10  19 1713063087
15  12 1371789791
2  10 1242135554
14  1 1345982177
0  15 406483892
4  15 1159143765
10  16 81155626
6  18 571606528
9  4 1826622351
3  11 1648716369
8  19 1074601417
15  12 383623761
9  2 450403223
3  9 1858791339
5  12 1709894282
14  4 541396037
13  2 1900530075
9  16 1272123333
16  5 2145335764
12  17 778489069
16  10 1590399974
16  11 1618778201
2  14 1603779661
13  9 51795172
6  19 1592514760
13  5 1276086525
4  17 778357204
0  4 1956657401
16  11 1598398846
0  12 653862908
5  10 140829176
1  8 331820584
1  8 1771257307
19  17 1144603913
0  6 1612367569
6  3 1715994609
6  5 1651315847
3  9 477181421
5  7 1335617835
8  5 1855958399
5  13 1302425039
10  18 2130048477
17  18 948146523
14  16 1556494602
5  4 1092557355
9  14 1360371026
4  17 2035942517
6  4 625153266
8  5 777814072
18  14 193216085
1  15 1890139497
10  13 70958039
4  11 719905149
0  15 1512211538
7  15 715818537
7  19 1797926701
12  14 119220334
12  15 954515317
2  7 999297310
16  9 793018566
10  18 1985252531
12  1 1643708347
15  7 1308788257
5  2 482139224
3  18 832570796
18  4 1330681662
6  12 1771191939
6  11 464898967
15  19 1509468819
3  1 1274910933
18  9 777649025
16  2 1693049271
4  14 1280157492
0  4 1756039935
3  1 1890416746
9  15 1785252964
18  7 2041975463
13  18 1809709361
5  16 1373472973
12  15 2104369130
11  19 1736901886
19  5 1166423532
9  4 2008128911
10  7 964573979
2  7 639481245
13  9 1683177824
14  13 1530655141
11  1 1257245612
3  14 199002187
11  7 1185006622
9  12 1600062704
14  4 1182623911
16  3 575350584
9  16 156380094
8  12 1531302671
