100 20 4 14
19  10 718413288
8  10 1463213444
8  0 946035704
16  6 1665573196
2  9 688359103
4  18 1076142171
12  19 116221752
8  18 839210387
2  11 1911473634
11  0 1475567878
18  14 1039970487
0  1 1715699359
10  13 1397400685
9  0 1054004961
10  9 1181015700
19  7 918594774
2  16 1147594883
4  7 514835669
13  17 743799736
5  12 1791837675
8  14 1194634365
18  1 557704825
12  15 1524716473
14  8 905519251
9  15 1425315393
18  5 1532065120
19  11 71433307
3  13 1029098653
9  18 1140932623
2  3 729537701
4  18 2107018452
14  5 534417327
10  7 1377193585
18  17 881509912
6  12 1886444577
15  13 944469988
17  16 1869627464
4  3 1106366707
8  13 637983232
16  8 223183472
11  16 1048728387
17  3 1783631489
16  8 1809910326
11  15 1156629693
6  19 2017170125
14  2 15006312
1  10 850576279
4  3 485630780
6  12 467029461
10  3 1342712591
14  13 688928647
17  1 189453861
9  4 230739754
7  14 290821424
0  11 383231800
1  13 562095294
19  1 276914556
15  7 1125769089
10  1 1391591819
0  15 2109894949
10  0 208074779
4  15 1999537287
10  3 364306206
18  11 2026570473
18  17 1474361561
2  11 912531625
5  2 1169391054
17  1 1616878921
19  9 1806355340
9  17 1615342874
19  4 87117980
8  7 726985248
15  11 165309639
17  3 2069747113
1  19 1047703639
11  9 617218202
15  3 290287816
12  6 186076222
12  17 1941138263
11  19 21232598
7  11 1712492225
13  2 1329226245
16  17 730317948
0  18 457421262
18  9 2072470170
19  9 1500239532
0  16 191855507
0  1 1222127180
8  16 1271603967
2  7 1854780181
3  14 1703537853
12  19 1809534037
1  9 489229027
2  18 708953735
13  7 1738987781
6  4 1884371596
11  9 490799793
6  0 670806367
13  1 1602456756
13  19 1766791912
