100 20 4 16
0  14 2124248802
17  15 1825576706
16  4 404601579
2  16 1856519906
16  7 1303359882
4  9 999462033
14  12 982501431
12  7 859721088
14  17 1873034598
13  16 924758518
8  7 915252588
2  1 1250554499
13  11 132977219
19  11 1170850292
4  6 75928348
15  9 531752395
6  12 1459005618
19  8 141730294
2  4 1599905994
7  4 1687115350
2  6 931755132
6  17 548677288
17  4 141427695
17  12 565073438
16  2 600897290
0  4 1563336186
2  11 664731537
5  6 948151976
3  19 1812802282
17  0 1846036633
8  3 1560104742
1  3 75531553
8  12 607329898
8  4 1774097860
6  11 1180752009
3  2 227261393
10  6 1783547824
10  14 1606601464
2  15 821855315
14  4 1849951969
18  13 1105792412
10  19 1152138940
14  18 1426238411
15  2 884825181
12  5 656589924
11  1 1457928401
8  5 2074670400
8  18 20158242
7  4 366862190
19  14 642812742
13  9 302887179
7  10 267093524
19  5 1280078114
1  8 1239070044
19  10 1698820033
8  6 794492907
14  18 1216492678
3  4 976066111
13  18 618150106
0  19 1914131179
2  1 1825630471
0  9 1606112307
17  6 1076229993
6  13 683043500
5  2 52471006
13  10 2005455023
2  15 685817804
6  7 950075775
14  7 1042706442
8  11 1096720204
4  17 1044228880
4  8 1373402344
10  4 1903306771
8  15 1724269437
14  18 622795897
1  5 1009233431
17  16 303334823
3  12 450929742
2  5 724152995
7  3 697605255
1  10 645094660
16  9 890694180
3  6 586379237
9  4 1398528609
8  7 1820182064
16  8 313403894
7  0 1475372706
8  18 917931728
18  0 1078420040
14  0 589790360
4  11 455613800
1  0 693197002
5  17 215452805
15  11 1474386878
17  9 10793053
18  15 2064732064
5  8 1966309043
3  10 802810125
14  10 2085923516
6  1 965394130
