100 20 9 16
17  2 1918776174
2  7 1399290728
5  19 994229606
0  9 417833211
14  10 1223281234
3  0 1086123352
15  4 16540858
8  15 956116740
17  7 2088199808
1  16 1186930715
4  16 1851752415
12  17 13391891
16  3 1402477295
8  13 1612243601
8  4 48320797
0  19 1241939298
16  4 196645978
10  6 2114203047
17  15 2071372867
8  17 1664316708
14  15 1668192693
7  19 1734542909
4  14 641127244
2  8 735532731
19  4 750836486
12  14 364449197
13  10 742451268
7  17 240603084
4  3 363909965
13  15 1100418929
8  13 926477193
13  19 1381180256
13  19 1592948522
0  1 625401604
5  17 400939083
17  14 1056849307
3  14 2095724880
0  13 206434835
16  9 1228928051
0  8 1632966347
11  14 1947872370
9  11 53959751
7  15 50603870
7  15 1783254468
6  10 373307809
17  0 110938821
11  0 133600950
9  12 74455663
10  1 745910539
2  11 1860055148
3  5 741697825
5  10 1554198201
10  16 1687807584
5  16 1154813050
9  7 1952540022
18  10 1918445204
11  5 933228635
12  13 705083562
14  8 1000039630
2  18 1526651757
3  9 877590323
6  1 486759351
3  12 2097848844
18  17 1714582620
17  3 526374770
12  16 519173888
8  2 1006172854
10  4 1945635846
7  14 1128247412
10  15 1365187525
8  19 1056831490
7  8 1606717786
16  1 1526691654
16  15 2071177729
4  8 632285626
7  9 445403013
5  1 689875921
2  0 559511680
10  7 165257444
2  5 1087849491
10  0 540782819
5  0 1860762439
5  0 1917363046
6  10 1424831685
15  2 1418512890
0  18 468839558
1  6 408559368
18  17 947503982
11  15 1354603603
15  19 2112195608
4  1 19469247
2  3 1983458182
5  19 1734242111
0  10 537023532
1  10 779404760
15  13 133512228
14  1 787517173
9  3 1256697650
0  14 135643952
7  9 471786576
