100 20 0 18
1  7 1901194738
12  13 1087229507
9  12 1848475490
8  15 44341313
14  17 835690239
12  5 2013384001
10  4 1450068219
5  8 167490313
0  15 1865022429
2  3 1597218607
15  9 2104082476
14  2 1362557607
14  8 1530157143
18  3 471626733
16  5 673635979
5  14 1685045015
8  11 939551062
14  2 1330748930
2  11 1220032543
1  15 162417383
7  11 1767209910
15  12 1390415642
7  18 693381960
0  6 1824007970
11  7 1218429392
16  2 832495994
15  14 1911870240
17  18 406799713
2  7 1894150423
2  10 1901653877
11  4 260331176
16  6 1654021422
16  5 213251201
3  10 1943149130
4  9 1981606273
8  9 1752742542
1  6 981329619
0  14 685706490
10  6 711316552
18  10 110380711
11  2 624054732
18  11 120902765
14  4 1583353054
9  2 352568793
9  16 568042573
7  19 1842741643
10  15 477170151
19  4 1288784429
13  19 1504989583
0  6 1590317942
3  0 1104337500
0  3 1143108200
7  12 1172521296
14  2 391374339
13  9 208560415
8  13 48638481
19  11 182207667
18  3 1237863693
0  10 2006674938
10  6 1038680029
0  16 1998276042
15  4 1257669469
14  0 1486283770
8  18 1803704610
2  18 1828840988
17  6 1572420756
9  6 903483118
13  3 1484823000
1  18 2039923770
7  15 395735318
7  11 138601554
17  6 1500919533
11  17 954029886
15  6 2036252215
13  14 1883379771
17  19 848051641
6  2 2094582909
8  15 1531313793
9  0 921124305
10  0 1213134086
14  17 1508506612
12  0 2122807357
17  15 2113126787
7  4 1059599168
11  1 116166921
13  14 1862589219
13  12 923852913
1  15 1657060507
1  14 2027913417
7  12 2038764481
2  13 988965434
13  8 1417277719
5  9 1341978985
12  0 1288602468
15  12 1210871786
2  15 1723346659
16  11 2053323681
16  8 1718155092
17  13 1929461466
19  14 1738021468
