100 20 16 3
9  1 2120405273
3  9 1575614929
8  5 1258603942
2  8 1595557937
6  19 2070540049
12  17 422372590
12  10 619743897
4  10 980597669
15  9 1910635345
4  6 2090667065
17  16 684459199
16  4 1943903084
19  16 776980890
17  14 1907954999
1  3 1357606568
8  17 411392342
16  7 825716259
8  9 855747478
17  3 943272380
15  10 1022512239
11  8 1007601426
15  3 1997596132
16  4 2119073087
0  6 1162628959
10  2 2017324878
0  7 867895665
15  18 1084075386
16  5 1508839749
17  15 2143172739
0  19 929441529
18  14 2041908645
8  6 94276554
13  0 866274464
15  19 1536787195
12  4 1168752282
7  9 836901441
9  16 1999243718
6  13 443873449
15  10 34133945
9  15 529687881
7  6 694602431
13  18 121901478
9  12 453582471
15  14 1579270626
1  16 195696545
17  10 519448937
4  17 1031059078
10  6 1490035644
14  13 949500884
5  13 1970474152
11  12 1344272683
4  12 1885428529
18  12 227000291
3  4 683727430
6  16 944320731
8  14 478403822
6  3 613256299
9  4 1556458638
4  12 168965099
2  16 1733590123
18  2 1253000115
7  6 1954179910
1  9 1321425740
15  0 757638089
6  17 1596232106
3  13 1306940804
3  17 462050996
19  8 86579017
9  11 97790810
10  11 1213448722
10  18 805434776
9  1 1377255968
17  4 1636728365
7  16 765852096
5  0 1054044278
12  4 566110924
12  3 1013345330
15  16 1693592073
0  11 1703965217
7  8 1321668812
2  0 1720194249
7  13 296215523
8  13 1701677017
19  4 311784325
11  18 538812481
9  1 1050470369
7  1 457652627
13  6 741113346
14  7 1176434863
15  2 1378153094
18  5 1952091529
10  1 1603115556
13  0 43471999
19  12 356453186
17  2 33502280
10  8 230512673
7  14 1863818660
2  10 2090703484
10  17 1195564014
10  7 679149789
