100 20 9 12
9  3 1003262393
15  14 502058204
14  9 477173578
14  15 818248984
9  8 527391750
15  1 853977476
0  10 1638613025
15  4 705209558
10  14 232794272
4  2 404668673
13  19 437819341
4  5 2097301624
12  16 1984733272
2  12 735603189
14  6 1755953
8  0 824271709
11  12 1450043385
11  7 1201107121
19  15 1728555722
7  3 1575863324
11  17 186161562
1  5 1406381163
1  0 135975899
3  17 1753587064
7  17 375913639
3  6 1031574779
15  2 1570444020
14  11 1830045970
1  10 398316085
15  14 1464206337
3  1 1915549585
16  8 442025478
5  16 776268213
5  18 991367430
5  10 516248267
4  7 88018496
9  5 1900357932
1  0 1158501997
16  18 99967316
17  3 2064997862
4  0 2034893134
11  14 389376878
0  8 1346338824
2  5 87762895
8  10 1439787097
14  3 484682419
6  5 1832523621
18  8 1922907604
5  6 27569787
13  17 545829328
13  12 141522058
13  6 1081777519
13  11 878374145
8  5 73286055
0  1 465823521
11  19 1150990380
3  6 1069058763
10  13 313700442
11  19 465646660
19  10 844633465
6  15 1305431889
0  9 1940988848
1  9 280448422
13  10 1721009864
4  18 864113538
12  16 785594547
6  5 372449351
3  17 369621792
12  14 1355208314
3  15 1407726736
7  15 367383114
14  6 1001909540
17  11 1460675233
12  18 1138194932
2  8 1273152797
13  6 2103416827
0  5 1650849399
8  15 173311325
7  15 820729866
13  3 134362400
0  14 885283519
12  10 641312156
15  2 1414752446
2  12 92619673
6  17 547919954
1  19 658258096
17  18 568281896
18  17 586345746
8  18 2069400694
13  3 1997800085
18  1 246117997
4  13 359942313
1  16 2134442613
14  15 504423805
13  5 905313971
12  19 1421424375
14  3 1346496933
5  19 1718960673
12  3 1194335464
0  18 417466802
