100 20 12 14
8  11 763253841
9  14 1423187727
10  7 1049485007
17  2 471621142
1  6 586535861
19  10 1383916305
7  0 1200776407
10  18 900395442
11  18 609219317
18  2 1338795783
6  15 979089940
12  6 1056707118
16  14 1760113001
8  1 2091728033
19  8 1649132089
2  10 430364523
4  3 1566621124
14  6 454597814
18  4 1069298587
11  7 1856627719
10  16 645683973
15  9 1618432006
7  1 1487889792
0  14 570875325
3  0 1662633187
4  1 858981070
12  2 640709891
0  1 571092372
1  16 717058135
10  4 1867183385
13  19 1772887908
4  15 1795192082
9  1 1798497331
14  11 542602935
18  13 1283273556
15  2 921900676
11  17 940058640
0  12 1527279753
19  6 1389330253
10  17 1690321163
11  8 758054403
7  9 741354204
3  8 319563568
11  14 2098442542
19  16 1771459896
11  2 240477468
19  3 1781924347
1  13 64098950
11  8 278559699
1  7 388253303
18  12 1123433299
13  2 316668341
9  19 1427492218
17  19 641400755
9  3 346522088
9  15 93679084
4  14 1831552595
12  14 1433485189
1  18 1672487145
18  9 1564583061
0  19 1829230290
3  10 195401347
2  0 435929468
13  5 1333214731
8  17 1873829601
13  14 1738929944
10  1 1516173465
3  14 1916068221
1  7 622357808
0  6 855053110
7  19 1788388138
14  3 1794642771
7  4 78902868
19  2 123394117
6  14 1312020947
15  9 1748309300
13  3 1385697910
18  8 1542430934
7  13 1005053981
8  11 1912510059
15  14 597725317
14  6 577176046
12  10 1659998120
10  2 1418242626
8  11 58920200
14  11 646270137
4  2 1848816080
4  17 1420836093
17  4 1279672747
16  2 762549973
13  18 1266410271
6  10 2101331956
6  14 212162358
4  14 406594266
5  3 2057469336
12  6 1070341690
3  6 1276388481
18  0 1195054085
19  6 790729233
5  13 1440057549
