100 20 2 9
3  17 2076174727
3  15 900630256
7  17 698780430
5  6 1017829031
17  0 1907717143
2  17 1694732636
3  12 1365228259
18  5 381755535
4  10 43776862
1  15 59923210
9  18 1551515861
0  7 657380214
0  4 1723967388
13  14 1150597380
0  10 287087276
7  17 394920481
7  15 268481063
3  2 1907782454
13  14 490885727
16  11 751270286
15  10 2039246348
19  0 720116221
15  19 128884189
19  13 253209054
3  4 927006542
16  17 1570187720
3  19 1667581997
4  10 578924571
12  13 1201481387
10  7 1388714305
8  4 1790452257
0  2 742586970
15  2 698440324
2  16 331669346
2  14 1884655490
0  4 1012902258
11  5 1983730881
0  9 56056815
15  16 1937284171
10  8 123078561
13  0 371392749
19  11 1614919379
15  4 517297092
7  14 752257386
5  12 330771016
17  13 1735725530
13  12 601816029
2  18 1148548443
16  0 2061939753
11  14 333305900
19  13 682466159
6  12 1473421017
10  16 1930130739
5  1 433416115
5  11 1507531477
3  4 1251309718
12  18 468039645
4  14 680664397
5  14 2023424577
6  18 932023657
13  16 1192809733
11  14 2059500030
2  8 473788104
10  16 1273057323
9  12 533452782
3  11 509913209
6  16 716606933
4  13 988247599
13  12 305215433
4  7 564228486
9  4 604883719
8  4 875015927
2  10 385882620
11  13 535638963
13  11 1188441531
5  0 572400014
5  14 1900191804
19  17 1286163238
9  16 594379273
12  13 223592717
18  6 546382798
0  13 1490233699
13  12 668403278
15  12 1092169047
0  9 143439002
0  12 1146594381
4  12 350591580
3  17 1607668436
6  19 16703305
18  8 892550533
4  8 1641576558
2  10 766060067
16  4 986650813
4  1 1120591357
1  2 641593216
10  15 1291540
5  6 254708183
18  12 59509779
1  17 1019538702
2  18 894285565
