100 20 7 9
0  5 897706635
4  9 1222555581
5  0 778597040
0  11 210434939
11  19 1651741247
11  9 1718463807
14  13 1788259869
15  1 1323844963
5  19 564457558
7  17 778551978
12  1 1307487740
17  4 1102300877
9  1 635625302
6  19 2111289885
18  6 1447528364
9  5 204151398
7  5 1305346590
14  12 24538674
9  12 781631534
14  5 171757394
11  5 866897276
16  2 1303944722
6  18 1240317337
19  16 1187735223
3  11 1105557850
6  9 921507217
4  12 1317671854
1  12 504311268
11  18 1462501841
11  16 861760449
4  13 232569576
13  4 2087271057
0  9 2115109229
1  15 1329035408
15  17 1761549323
1  15 2009334942
12  3 1671971463
11  3 285811940
9  0 766273123
10  3 494301872
9  14 537085419
19  18 1863457798
8  10 1978964230
4  14 962182364
12  8 350963119
6  12 780332537
5  11 1495329925
6  17 498259939
14  3 328622861
1  0 1958095090
12  10 1247394919
15  12 1594985748
2  3 551901246
16  0 1918123359
3  15 1326363357
4  13 1821147289
19  11 147096208
3  17 802624739
2  8 1474176221
10  2 1563299988
0  8 859819752
14  2 1938554394
19  9 1757943991
1  18 94208845
6  8 895208922
9  14 2047733282
15  10 1572801563
7  15 719374935
11  6 1699760801
12  17 908368100
19  13 966986998
9  8 1079672265
13  7 758146722
11  5 1713430194
18  4 1081631251
15  2 1373266826
7  8 1951981439
6  13 1614848265
17  15 1772442711
15  18 1417432632
9  0 1462933543
18  17 182006175
15  12 818010499
8  7 622804706
19  17 520781165
0  16 1454092138
15  7 1537193231
17  7 1467089668
6  7 454482762
7  8 37297165
14  11 793966604
4  1 2066651580
16  11 2112583280
14  0 755497887
7  15 2144602374
6  13 1628683311
10  17 522852960
13  18 339477671
0  5 1680973165
15  1 564048045
