100 20 1 15
2  11 2038024092
12  11 1854552088
13  14 1574431964
7  18 601449341
12  1 827225389
8  2 1389012445
9  0 1353666373
12  0 786949262
3  8 483052067
1  9 299244563
14  8 425943471
17  13 1553597366
17  19 1316305805
4  17 668804624
7  13 110616999
9  19 210794972
2  3 1941643156
12  15 1844333738
3  6 1449124301
13  19 343217021
5  3 1279271951
0  15 1162281156
9  4 498825392
0  14 1205011903
5  19 245149098
13  15 1947855952
18  13 1998122049
3  18 1957837589
5  19 195023638
11  9 1710887558
1  5 3283309
3  12 1792796722
16  2 1357724058
16  2 1368491930
14  6 1934447885
0  5 1941101766
9  8 1106700087
12  14 2009158605
3  5 796155757
11  3 1654105555
10  6 1467927953
14  3 1945780094
6  0 1402971916
4  18 815406009
3  9 91886048
10  0 858836686
6  11 2119603654
14  17 2136501371
3  7 796850185
15  10 870948064
13  11 149817048
15  7 1826616438
9  15 283580950
11  3 1983500475
10  3 723856144
0  7 147773930
10  2 470735086
6  8 1197603222
9  16 653113899
15  16 1538263094
8  0 1457211293
5  7 428890790
11  13 215909766
16  15 1412313682
5  1 923609307
1  2 764588815
14  8 75515320
1  16 2054963707
11  17 1552865464
18  7 1158279234
8  17 1332440363
8  7 684520893
18  10 1930914601
9  15 884661321
3  13 117545370
13  17 1668558283
7  15 408560465
5  6 260218347
15  4 1898931479
16  2 55269206
10  6 1395249555
12  8 1038454676
14  16 1418236782
4  18 682029026
0  13 204044990
0  1 1687581546
4  1 552692622
14  6 640333954
1  13 150743040
10  9 1539897137
1  7 1097529819
8  4 1132936814
15  9 1393774707
11  19 124073612
13  0 1532719860
10  11 27783579
16  5 203811358
17  14 157293056
4  8 1462311326
17  12 27777366
