100 20 7 13
15  13 2021026485
7  19 1162927506
14  1 1733735117
2  7 593537735
14  7 513529448
19  7 1464611738
1  18 222903564
7  14 766378148
0  10 1784670040
13  4 1573573067
2  18 998534448
9  3 1779748763
18  17 873928007
16  3 1945744184
4  14 2082561194
1  0 1482879224
7  18 963931986
13  16 1947200556
9  16 598500766
14  3 1701909038
18  19 1081036354
10  1 1952909087
13  5 593148587
11  2 465134046
13  0 1745550796
19  1 899869142
3  4 1224009939
19  18 1178124730
0  4 1202331364
3  1 2106385357
3  8 1981963776
12  8 1597637827
12  17 1061122293
17  14 1461796538
15  9 2042718167
4  17 2008658711
19  6 401874375
10  13 457180601
8  16 3978674
17  14 1555679555
0  4 477583730
9  5 1156587951
1  2 656107202
2  8 966631660
8  11 639361903
12  17 22517377
12  7 1431292358
14  15 1903011188
10  12 354477665
6  13 1777671938
19  7 103730043
3  15 476249637
6  9 559762382
14  17 738856373
14  12 429357810
11  19 1888267111
12  7 900222728
14  1 1498528222
0  14 238482098
1  16 1207039196
2  10 1919945963
16  5 636916268
7  6 1770395664
9  11 1590730224
18  12 923070695
19  5 1709793244
4  12 426432522
1  5 1225857566
4  19 1936849653
16  8 84627886
0  18 634175259
17  5 1226587553
14  16 872979988
4  9 1790717490
12  9 1402409910
17  0 771091620
10  15 1741933173
9  17 1717134047
16  13 1352257316
3  8 1485172965
10  7 1105561914
11  1 999354409
11  3 1864015549
1  13 1422296069
17  0 947807769
3  19 671945789
0  15 33500558
3  17 433065974
8  0 347172636
12  14 1203340838
5  3 222536367
14  4 1545328074
3  6 995829266
7  19 2076142017
11  17 456193876
8  14 1108149699
3  10 761830752
18  10 969118260
6  12 179629388
0  11 448744692
