100 20 1 7
13  0 826720357
4  10 1616753780
13  4 78216131
14  2 73590055
7  14 1917206991
3  19 2042868656
17  14 687284305
7  19 1262187282
17  10 80379691
1  10 913781901
15  14 1930367788
12  0 2002687414
4  8 1656816396
5  6 1950050935
18  13 750184237
14  0 118852471
19  6 621314752
8  12 916634852
0  5 779545615
11  10 784404010
13  15 1910193200
5  19 804865582
7  19 217142897
5  14 603840205
7  12 41244856
11  18 945737146
11  13 481495631
16  13 2077485245
5  9 1869711999
5  4 1045322759
7  17 1026933337
2  9 2068355275
10  14 1092960564
19  9 86384282
16  6 1426107544
5  14 2076615393
7  13 2036705998
17  6 1623665751
12  1 692924927
4  15 911904857
10  7 1269308600
3  2 833498235
14  13 1195497854
5  7 1339601911
18  17 1921872893
8  18 2001885482
17  16 1727810834
15  7 489036602
17  1 395027998
8  17 2091561694
18  9 1796600836
4  17 1130612718
18  7 1169130981
13  17 1469360817
7  1 829275251
16  10 523599368
3  2 1438040512
7  0 1613669056
2  0 685330364
12  19 968284784
9  1 128231935
12  5 1042513609
1  2 2100233466
2  17 1303472895
18  13 151985085
7  8 824020621
12  5 1715618498
0  2 1858720312
12  7 1134777127
19  3 979089240
18  11 289666749
13  3 1499862924
19  5 308204628
10  6 1339822893
19  18 1217373298
9  10 2051544816
1  5 807571362
8  11 1059825276
1  14 511012247
12  5 929509591
15  8 1917857541
5  3 2102106289
16  15 1622240039
12  13 27120022
0  17 1741411554
8  1 823838720
17  1 1817114104
3  12 1703078765
3  12 618777193
7  16 1710606968
6  18 1648341569
4  1 2110725845
4  0 876278877
10  11 699884199
11  7 1765041354
18  9 397704541
4  2 357119999
3  10 708906457
10  0 2085602716
1  19 1298508151
