100 20 16 7
3  9 1688849678
2  9 1580088709
9  12 903538714
0  7 502773914
19  16 1617055092
10  0 1126374457
17  2 261400852
18  5 927819538
2  16 1953169460
15  5 476913874
19  11 804676867
5  7 53467239
8  9 340878311
18  15 922321401
17  3 147478064
3  17 1437316952
17  8 1217520192
7  4 678049151
6  12 1846403712
2  13 261217605
4  5 934310576
10  1 122375154
11  12 846289263
12  2 790575564
15  5 342792510
18  17 1032260872
15  4 1331872744
19  1 1508449469
11  2 93027917
16  11 852685281
7  18 458159088
19  1 45010168
16  19 1834345646
12  9 1360768061
8  12 669246247
7  14 1384129365
14  3 1476511067
5  10 867971736
7  18 1455560068
8  12 1040595368
14  9 1542218429
19  1 1190328075
13  0 452849213
0  14 25875749
5  1 598083742
17  7 516497630
16  3 856888429
6  1 1244181070
13  9 347302197
5  14 1780093023
0  18 549539881
15  17 439029924
14  2 1317376221
11  17 1388392250
15  4 347079144
2  19 694616147
1  16 1365180664
2  3 1148405279
0  18 360022759
17  19 1690348222
14  15 1104995571
18  12 51802722
3  19 1251913501
1  17 2093373947
7  9 1097097310
15  6 367880263
13  19 1662216891
16  7 858151970
1  9 1224688566
5  3 856778082
12  6 1485508963
18  11 2082865583
15  16 1486738175
5  19 1554882405
17  19 594431688
4  16 678191550
14  3 2032084905
0  16 229193923
5  13 1961580544
11  5 1318212938
19  2 1307021823
11  8 1408263129
6  4 944831913
7  9 817961809
10  4 795697047
15  9 1400547780
4  2 1262785103
11  0 189092192
5  15 1955895543
18  13 1487683473
16  8 1295646854
3  18 1652683302
14  8 1491197256
14  8 1022784240
7  3 905859827
1  2 1011565108
14  10 1105898084
2  13 1315027723
5  1 184956562
4  15 829153097
