100 20 4 7
19  5 1212356457
13  11 314049191
3  8 672805037
9  17 2103284680
2  6 1976957889
15  0 1107009318
16  2 256239081
5  16 1218386497
2  14 1771149245
1  8 1552792531
4  0 1808944641
16  12 1708068878
17  0 317416025
13  10 805432182
19  11 289036824
10  17 279335960
11  12 1789320613
17  5 2056420364
8  3 1725765964
14  10 1963255194
11  4 897989644
2  9 2082561513
1  11 1659836570
2  12 769880766
9  3 855354729
2  12 1074342582
7  3 1009165717
18  19 1165960699
16  2 608602422
8  11 2079949063
6  4 841770365
5  7 184758487
18  8 694599850
0  13 1396008866
17  5 1724190518
12  0 1256879538
10  6 242711079
4  14 924106149
9  0 328968768
2  14 640315016
5  19 156343450
2  6 943685376
18  19 1417375748
13  6 1154473411
5  6 331390540
2  15 1648390868
12  16 1621735422
18  7 1530296343
7  16 1497962237
4  6 1522190400
2  16 1337796709
9  7 2011255166
14  0 576545624
9  2 1015300622
5  2 1335445396
2  4 1248091122
11  3 315998332
17  6 223979282
4  16 1312508101
0  6 396676281
17  9 645644302
0  18 1653729321
7  14 1806987041
19  14 1020306276
18  13 2078379755
14  1 1664644010
15  13 283313203
5  10 865020366
8  0 673503669
5  15 751886203
9  14 1998724145
6  1 764757106
6  10 528702606
9  4 1880601086
1  0 1235809752
9  19 992908233
19  0 1963648817
4  15 1828054502
15  0 703342217
15  16 295386351
13  5 830060650
7  1 1301573534
16  17 974550935
9  10 1400810319
19  14 465746072
6  4 1199338370
11  5 1250387635
7  10 1121086911
15  14 968839326
19  9 1799691831
13  7 611073840
13  10 1762744304
5  13 920036517
9  4 726126263
13  4 695791666
7  6 966681098
19  8 1599168372
10  4 357408287
9  11 1453740461
17  6 94324489
