100 20 12 0
3  16 1505437916
5  2 2050518090
12  19 46858041
1  11 2022399335
16  13 33376274
14  18 1660857333
5  11 1819107769
17  15 67050572
7  9 1171909539
19  12 1829923397
13  0 1682236172
16  10 1548495220
14  10 34919342
5  6 831123901
6  14 834736805
3  4 1249522896
9  4 1961065281
3  0 1966336232
18  4 1331621353
12  19 1455964885
4  5 1428465893
9  15 1642502451
5  13 343312099
7  5 1791638023
9  17 1096995874
14  16 1301929266
4  8 1596617469
17  1 1715589103
15  6 599736813
18  0 685877960
11  16 331161277
15  11 1516312675
2  7 1743199964
3  17 1753746345
14  10 697888548
13  8 1592108861
9  13 1939428103
19  7 1754744149
12  5 1167320176
12  4 1569945609
12  5 1234026268
10  6 1923954932
8  7 1831753746
1  4 639208293
2  4 557950944
16  17 1493221536
6  19 1742992949
14  15 375210054
7  5 1430470158
16  7 1646915446
4  0 195309822
9  7 1908582252
4  5 731345937
7  10 304067878
4  12 269780450
15  2 1928928982
19  5 584013408
5  17 436077601
18  15 2030447869
13  0 941731828
13  10 1619246745
5  14 2058397762
0  13 1026998101
18  8 248506744
9  13 1719460014
5  8 345037218
11  15 1766856224
14  10 242739410
16  13 286133089
1  11 2790007
9  7 512191930
5  1 184563323
11  6 1628362426
11  12 1212127967
3  9 1927059463
7  13 1961952512
4  1 572126651
3  7 256242507
9  15 1156182816
14  9 818295230
1  6 1847773804
6  1 1269814050
6  0 946176975
18  19 1859086682
16  12 1550725649
18  13 608400974
2  12 170982906
9  14 1005151007
11  12 1797698626
2  8 1179592082
16  19 504741561
3  18 1605079838
7  18 778743489
12  7 640940497
16  6 1279877963
14  3 213676959
6  8 1603530007
15  0 605758255
4  10 1127936453
3  8 1464115818
