100 20 0 14
2  9 1648003649
14  2 1893715592
11  15 765191014
17  8 631713392
11  2 1272708022
1  14 66659913
14  12 1416520212
16  9 556235695
6  14 1848649879
1  9 2121525964
11  9 1389723742
15  14 1248349230
19  1 363013324
1  14 461028006
6  16 126446287
0  11 221133838
3  2 1125881885
10  7 593803610
17  3 1547648863
8  18 2075451544
13  7 1043115228
10  4 2030884169
7  17 750896476
15  3 51529380
14  16 1010364013
14  15 1001454174
8  18 436227941
2  18 766057614
5  3 1258742324
16  18 1490015049
1  8 1937767425
9  4 1653143075
9  12 106535829
14  0 1884187771
17  11 490059617
6  7 1744337831
19  0 666907874
1  10 1110783935
0  8 273424064
19  17 640773270
5  15 957609020
3  0 1789417747
4  13 366607637
3  0 777580931
18  17 885356695
6  18 578683904
2  19 796093185
19  17 789905996
9  2 813771733
13  19 1990287142
19  15 490809840
15  6 1550617354
0  6 1252741373
0  13 1577652617
2  6 996949949
19  17 80010934
16  13 1802921929
6  7 575956079
2  1 743370148
10  6 837826757
15  14 1003190265
17  18 757829949
5  0 1797000951
8  13 1374024421
9  4 272417104
7  18 2082263123
9  16 71572312
4  2 1160107180
7  4 364899362
2  19 1656850164
5  18 1572456823
11  15 1471528126
19  3 1899825240
8  4 2145366456
19  7 977041344
13  19 1568790202
10  1 552414819
13  5 375902033
6  12 1779587174
17  13 1928031867
4  5 1708864528
7  15 1295688488
2  3 659640287
18  2 1535174572
11  0 1893453179
3  13 1965530062
11  6 241368624
1  8 632705374
12  15 117612065
3  12 885944743
13  11 616959140
1  17 535679325
19  13 1403669895
19  16 118837903
13  14 813014462
1  12 651339667
4  13 265603567
12  13 2038429447
4  16 949918138
19  1 2003779961
