100 20 18 13
0  8 833721882
16  14 1437784435
18  0 694103723
4  12 155946438
0  2 1484219434
5  17 1993182699
7  10 836290357
1  6 1233834543
8  13 2041166043
19  13 66223178
6  0 611744181
18  14 1601482569
0  6 1355824747
10  13 1068738622
0  6 36930358
10  12 1909388040
5  2 482633977
14  0 493929148
18  17 1118150388
11  19 702196077
16  17 1668210415
1  4 1250751006
8  13 316323896
19  18 938477465
11  15 95825378
15  3 28116669
19  11 1134462933
1  5 2100080609
16  2 1895385111
16  2 274302315
16  2 1861892215
7  18 562305274
16  0 864071690
2  5 1094688289
3  12 510415965
6  5 668157902
14  6 2121132777
3  14 583187368
19  6 352025506
8  3 2057784705
8  3 1977049323
7  14 372817461
1  2 1330655772
18  8 629424186
16  5 177110349
18  0 94265820
10  5 1006708186
5  11 1821983268
6  15 249678993
0  10 2134949808
13  16 1365794497
14  9 94670623
12  13 1042759538
17  0 853231846
18  13 713175687
19  12 1545238000
12  8 2051430077
15  5 1555993192
6  7 1844958228
7  8 1416184357
19  1 765179521
8  7 1471075750
18  9 914901
3  16 1303748508
15  14 453856555
15  13 1595043929
2  15 1710084807
15  3 1919609922
8  18 339330957
6  11 191063252
2  5 2043780031
9  5 685226173
9  15 300723864
18  9 424486497
14  17 1269404264
11  3 1760813794
2  19 131640173
13  0 1559279929
15  18 583023160
10  3 1751472651
12  18 1653990972
3  13 1951551109
7  16 1901649847
4  8 452618990
5  2 302931827
3  4 807279890
11  15 315220792
5  19 1973316726
1  11 611450334
16  17 690760952
12  16 1504820497
15  2 1685406406
17  1 1036766457
9  12 395376362
5  6 1980134942
17  2 757664937
4  9 678408872
2  16 875927078
17  9 1266121533
15  8 1330233455
