100 20 7 17
2  11 798466574
9  2 2025990404
14  10 1340767185
13  10 1501501190
7  14 1406919366
12  17 1855759529
12  1 1234602063
9  11 1100527336
8  19 1500484666
5  3 636367642
9  12 2060912115
18  9 1133809073
10  5 1010755954
8  2 1070419037
2  13 348847492
0  12 296656144
11  1 2129211117
5  14 1706490524
5  14 901693318
3  6 1447822302
0  10 1826617737
12  19 1549554265
13  4 1036278491
17  4 1586372586
14  18 970061034
5  9 1608190509
13  19 1773534352
14  18 2012272409
1  11 1200464689
19  2 1210858536
2  13 1603777028
18  15 2084399432
12  15 261248704
11  16 525984510
15  17 1754548188
18  4 1984666165
14  10 162168395
15  4 256702911
1  3 630825072
9  17 770237867
16  5 1223231154
19  6 1120212977
8  19 1646013173
1  19 1753921490
19  15 1785417585
3  0 17634141
15  12 1922581863
15  8 541673235
3  4 319157428
10  17 781144350
0  8 472317897
4  6 1662366707
14  8 1836582781
7  16 47337645
17  0 1018063123
12  1 865622931
14  12 2062150257
13  0 2074070312
5  13 2022751183
0  16 590426674
19  6 1992682872
17  13 959186158
13  11 646617558
9  14 1916807008
13  10 2040293771
17  2 1961538113
2  11 996626977
6  19 142047729
2  17 291900087
9  17 39134100
17  13 80303325
15  4 359156189
6  18 453333474
2  7 1000637860
9  1 336899197
3  11 1988535458
19  8 4745146
9  11 261258952
15  1 635933307
1  4 647881985
10  14 64958543
16  11 1570948349
19  2 62155755
15  10 259380331
4  10 1934718006
6  12 1223815239
3  14 133724712
0  10 328830728
11  3 1563768295
14  11 1088634352
11  7 1249575102
15  17 1050144000
13  8 695170554
7  16 202679485
2  19 1340001001
4  18 1765118746
7  9 768941819
0  7 749017641
19  15 1789489869
19  11 1691607976
