100 20 2 10
5  1 1722975245
17  1 1706063077
0  16 1041717764
5  4 2103804485
18  8 332791389
13  10 97464310
3  4 1852982076
6  17 1683379920
5  9 1509732883
10  17 490821270
5  0 24836315
19  11 275474217
11  8 2044237158
14  0 641630101
0  16 140651496
2  14 1814548589
13  5 444560652
19  6 396273930
0  8 1316598736
17  14 1120896781
8  3 42245232
19  6 617183728
9  12 1203763825
8  19 982290845
12  9 626024831
0  16 439075148
4  13 1849281804
1  3 1412076920
12  7 795200545
1  6 348987831
18  13 1966672359
11  17 934613575
7  19 134415476
3  2 1095886425
9  10 817163861
3  15 2141565879
16  2 1479873616
14  3 1166226119
8  6 1979340641
12  11 238267511
1  0 1332094293
12  15 1442384759
6  11 1360587353
9  19 1855595817
17  3 2013207917
9  19 2001784327
3  4 1885890727
1  4 1066276955
19  0 1697203125
13  7 2096864503
15  5 1887745944
15  7 1330484582
17  6 95149225
2  16 1847914429
19  17 304584780
8  9 555995547
17  9 8673875
9  16 1793102160
10  4 317221811
0  18 1914233697
1  3 1258120820
4  18 1284307714
4  9 1961273724
0  14 818541831
8  19 1629830256
8  10 364859699
18  4 615112011
0  16 1028773531
8  18 1341974054
15  8 25410688
3  8 582617563
11  19 498388192
6  3 323990630
3  4 990817456
0  14 791506527
5  8 1976079364
1  6 1936907789
6  10 401276093
6  1 1776987983
19  9 860210285
8  7 1748141656
8  7 967883037
0  19 1930725346
14  19 136084336
19  6 1163843869
5  15 480217350
1  2 1527085932
17  4 133914572
15  17 1239861023
19  7 102703303
2  8 1155244359
7  16 802401032
18  3 132275357
0  13 568260035
9  18 1970563053
10  15 1844153301
5  13 84090446
18  12 291909298
8  19 856187083
17  2 1006454907
