100 20 3 4
15  1 1471121600
8  18 1495387535
1  18 1369947415
9  3 293848382
18  0 491804201
5  19 1889609494
7  2 1682862800
10  8 1103968621
16  18 498323598
19  13 1914345019
8  15 1029423349
2  8 967604091
10  0 702842144
13  8 168565283
4  15 2105651965
3  11 1957338422
10  0 408996711
7  15 260558983
7  14 2009826756
10  12 1931082528
7  4 793094136
19  13 566799974
14  8 1352084850
5  3 1138419652
7  8 2039276308
9  0 1171122960
13  19 1045685298
13  12 815311588
19  5 166340170
0  3 1610809364
0  8 705258700
9  3 1892061010
5  14 120527331
1  19 103462062
6  8 2070821204
5  11 2065156772
2  12 1664887241
19  12 1368984202
9  18 487016187
17  8 420100201
12  18 289194841
10  1 808020334
7  1 1142996485
5  2 291715968
11  19 1217529389
16  4 468719363
1  15 9305823
8  6 167026257
6  16 631582143
6  5 1976506077
7  18 2146563686
3  10 367862487
14  17 473117838
15  19 1428091977
10  2 491881684
15  6 1063291697
4  12 1039565364
15  7 1487037055
19  7 1151593920
3  1 1935050388
10  18 924711115
8  13 1023075012
13  17 475023353
13  3 776467835
12  3 355009158
11  16 1450575132
0  2 1741372871
19  1 1906288689
13  15 652251146
19  2 168415480
1  15 1488848481
7  9 1900335317
18  14 83198710
9  1 410252445
4  17 1956409491
4  19 215130489
12  11 655648308
14  1 1782514603
17  7 329554369
11  7 990388540
5  13 1149853105
7  0 1776149757
5  13 1839354380
10  11 1741381491
15  2 1798108788
6  5 1748096285
7  16 2110611302
13  7 589502170
14  16 196419754
0  19 566161601
12  7 1170149612
18  4 1062341401
14  2 439812447
12  11 1068055747
5  8 1119139104
17  0 676934443
16  12 1363834443
17  9 1877411477
7  2 1163530997
7  0 1197546293
