100 20 17 12
2  1 27069366
9  8 1948415234
10  11 1814024561
6  12 1691631005
1  11 1573969866
13  18 1108560296
11  18 997735309
13  15 1439609364
17  5 429286709
19  11 408762987
18  12 728879740
10  5 1368629598
16  19 115886766
14  19 1240647249
11  19 620750499
5  10 503403725
6  8 1211351050
19  13 1251948898
17  11 422289967
17  11 1475750126
12  16 2009578127
7  14 1715956246
2  3 1523215413
16  5 1918901146
8  10 2041050746
8  12 1013958179
4  10 2090099945
2  11 1486509996
0  4 1326330298
15  8 1077134326
14  17 1054619835
3  7 612346977
1  8 1437238337
18  5 1216043913
16  0 1501885708
19  1 852717563
16  12 36302378
10  3 1628755754
5  8 1416017954
6  12 1244842246
6  14 2017381596
3  4 355008731
16  4 594532283
6  18 1230323186
11  10 986933836
17  18 720045804
15  10 218218246
6  14 1217963033
6  16 1046244458
6  10 1255684152
3  4 1953008675
16  13 2057179118
4  12 23532143
17  15 1726553510
8  6 84073987
0  9 873647077
10  19 1106652207
9  12 1536715744
2  17 745170422
8  5 2111687427
11  0 938358718
8  16 627926728
14  6 243938812
13  5 1006763574
11  9 723258633
16  2 1835053693
3  0 53027862
13  12 1171185763
16  14 111258787
4  15 810492733
19  13 508803442
2  12 1138401482
3  5 348901225
18  0 1353150615
13  17 1248091677
13  11 214068473
16  1 1714191357
9  13 865775626
16  15 909703501
4  8 1800579490
16  18 1411528784
3  6 1232840272
7  19 1072845152
6  5 800255158
4  8 17308417
13  4 1423708143
3  17 1023291695
0  11 861649878
1  10 90766450
2  3 1472237620
15  18 1602430091
13  16 1012903049
3  5 1336198035
8  14 310661083
19  15 152779862
14  2 319549664
4  15 34538201
7  17 1928078049
13  7 1522125267
14  13 1823197517
