100 20 8 1
16  7 1668367436
6  11 1442515768
18  1 1186863266
11  17 1333245462
9  8 1766026950
9  7 327285022
0  2 733247262
8  16 1994350806
4  2 994846233
2  19 1899158557
10  9 1311750263
12  14 1363602280
5  13 2135048068
0  10 1415278296
5  12 720614609
10  5 50253793
17  18 208209217
7  8 1901256137
6  4 239858723
14  11 372470101
18  16 1657412490
13  14 2021944906
18  8 1548258922
15  14 1930006707
19  14 1778338832
2  3 292895807
11  5 1823001737
8  16 834668429
14  8 1492042396
6  3 545341666
17  15 231559619
18  1 1376068414
0  19 267398391
8  0 801708045
15  3 1159933852
8  13 712036074
16  1 9415282
15  10 1465264146
18  17 2095196506
12  9 1683780397
16  13 2126556713
15  17 1990119433
1  9 363140652
4  8 86595756
9  16 1577631596
11  8 1720310664
16  1 1612731293
16  7 227538982
19  13 1999384521
9  4 610051720
12  10 1263884881
19  13 1647943709
13  10 2059649675
17  2 837470262
13  15 1267801544
9  8 1019651322
14  0 559697808
7  3 2011708100
6  11 285811113
3  1 1666186425
10  15 780595843
16  8 1379291958
14  12 739244293
2  10 483785986
1  3 350320321
5  15 1450670644
0  16 588687117
12  14 276716206
9  13 138119617
9  15 36625448
14  11 362484134
16  7 895054026
13  5 650248244
0  5 805594318
3  16 790866042
12  4 1379070273
7  9 1199041240
9  13 2002241477
14  2 347147452
0  13 1079370151
13  12 1877837240
2  12 690100889
19  7 1835291317
16  0 2048187536
6  14 392675366
9  4 296246223
7  11 1168276863
19  16 1257623042
10  16 545714200
7  10 408618641
5  13 418104960
0  9 2084979555
11  13 558431747
6  13 1958238398
18  12 41108795
12  5 533953757
14  8 692625540
19  11 1076027967
5  4 681121307
3  2 1863630783
