100 20 7 16
15  8 809050198
2  7 1653218950
7  13 1372859138
12  6 325424840
8  7 541233180
17  8 2069191735
0  17 2117022084
13  18 1142817970
15  16 1344174624
9  16 1405055883
12  19 1301813030
13  4 1634753417
9  4 1298426151
15  19 174995598
4  5 420734222
17  2 1164959771
14  9 648013526
8  3 2113999945
14  1 1980152578
14  6 2006844310
9  2 232868162
4  18 317401940
19  15 270562372
7  2 568432521
11  17 784492326
9  10 182499061
7  15 649554089
6  15 1134071752
6  15 959018754
2  16 522732406
2  13 1543645754
7  16 367946170
0  9 1350561020
18  9 1440439746
5  6 1930183037
15  1 119189062
16  17 1617555924
7  13 1100865486
1  2 418086034
15  4 2146392416
18  12 1805033380
4  19 389118745
5  6 1775485629
5  2 2106479635
7  1 548915389
18  12 252091119
4  8 226968452
16  0 1839486468
18  5 798877657
1  3 875619949
15  7 525898643
7  5 1377235286
12  11 80423857
8  17 940061370
5  10 1795540265
17  19 270886182
5  2 2042348064
0  8 1869502866
18  2 1764210927
15  19 948355709
13  6 1580969441
10  1 66384793
10  12 289200894
18  8 303097833
19  6 195988445
9  19 1476379240
16  4 1991499191
12  8 101787445
19  11 898456087
3  19 707432693
2  4 1638679981
13  17 219898591
3  12 1185931092
12  19 1068649268
9  17 586879448
9  18 823647955
13  10 242923659
13  6 2038407627
1  0 789614995
1  0 1597368876
4  6 187807797
16  4 703278782
0  10 1440005318
0  12 154485697
9  18 2121069307
8  1 2025619150
0  4 162275871
11  13 1849046318
8  17 903308309
17  4 183721028
9  1 828414358
0  4 533076284
19  15 965326992
18  5 1064416993
3  17 642969499
13  19 1892839401
19  5 1003446883
0  9 1946919544
18  8 1472349776
1  13 563106980
