100 20 19 5
3  17 220709791
15  2 1565126334
9  14 543040949
18  6 1363216260
16  7 2057475439
4  5 1751868117
1  19 1003787173
11  18 1935676489
17  14 150906364
17  2 1207552364
6  2 882537532
12  18 266235217
2  0 554443609
2  10 1996584653
18  9 683300343
9  5 407855116
0  1 877332759
17  16 78779122
0  4 233381313
0  14 1624889898
18  4 1196014760
13  11 899753873
11  8 1859269312
0  12 1413477096
1  19 812917764
9  13 2133249026
16  10 1632570365
12  18 883605195
8  4 517796549
7  4 1839835504
5  17 539386078
14  0 985627360
9  12 476609738
1  9 76067896
8  19 1494952836
3  13 1527615898
10  6 1453702218
6  11 1322867265
0  10 2140611273
17  10 862274436
19  4 1012532365
6  10 155187016
4  11 381172709
8  16 479560847
11  17 40903828
17  0 442485765
15  18 852665843
11  17 1563411396
13  12 913640726
19  15 2021189521
11  4 2027935618
3  5 281616779
10  19 1299382309
4  3 1711381195
3  1 408543605
6  19 1440434913
12  11 724858000
8  12 244424265
17  15 1201059806
4  8 1265436673
19  1 1185664661
1  3 669653164
12  3 2063104552
8  7 2063652102
0  11 1271566149
7  4 2134648152
11  19 301875680
18  0 1240196026
12  18 1951631347
17  8 460316768
4  19 434620622
3  6 1430781627
3  0 1556637295
2  6 1648374453
5  19 1920396351
13  17 561202669
1  16 1932757244
12  2 971406696
6  8 1635911266
6  2 672867229
9  19 1739985578
8  19 157765992
8  5 1586569754
14  3 1169984134
6  11 2004136881
0  15 75137398
10  0 1071026253
3  2 42593605
18  0 808683190
3  15 51922817
1  2 862238513
16  10 570069983
6  16 684420201
3  16 52372253
6  13 528250838
16  4 825880939
8  15 1522163361
0  7 1781519149
17  5 446525740
1  15 422290668
