100 20 4 17
2  11 709414560
10  12 1143663396
16  5 2045387116
13  0 503403440
6  7 1165452503
18  13 1682481916
14  19 560518004
11  9 316472988
18  17 610764219
9  2 909222838
1  7 1686284517
9  16 1098504519
3  18 1771939774
8  13 2022357158
13  6 1629213548
13  15 704610663
14  3 373384282
5  2 1492854932
8  18 502036325
15  5 295698480
1  5 218014764
5  4 385376728
18  11 791290059
1  9 1783744147
17  13 388886902
7  9 158265800
1  13 142808463
0  3 267971898
8  5 287058481
18  7 1148325920
5  11 1889804780
0  13 1021035194
17  8 647807408
7  11 753004135
10  11 914011178
13  12 2066045501
9  17 1939502293
6  8 1858795664
11  0 396382861
16  3 898551528
12  9 100848897
3  18 132250584
5  15 1583803485
1  9 97920506
0  11 342072796
14  0 251449815
10  18 733861339
8  14 1979271904
2  18 1351506829
18  0 2139471904
17  13 1378695947
14  13 927002331
18  5 1101111467
11  14 1280112761
14  19 425768477
10  12 1637692904
11  19 718838017
13  11 1242708787
8  17 2028794542
19  13 1223546032
17  12 1469298320
10  9 661590133
5  0 1527558085
16  2 160936532
1  13 848237215
4  6 1295016166
19  4 1884074797
13  7 715078337
3  14 1906129334
11  1 863409488
11  10 856933535
5  18 1351148504
17  5 1402827456
4  7 1815160353
14  12 230047103
0  17 1138778544
6  15 982845736
3  14 1798528958
5  16 1288025247
13  16 503028973
14  4 1129813188
19  15 2033744884
11  2 2042396972
0  17 1148500792
12  3 1270683693
15  14 240773927
16  9 1120537271
8  6 1906344856
13  1 1263955238
6  16 256180430
18  15 543416102
2  10 767678088
19  12 828940796
12  1 1269001007
10  8 1544153373
5  14 355722446
12  14 301725548
2  10 1231000637
13  1 1286543688
6  11 1922709632
