100 20 6 3
1  10 924820091
9  3 447386316
13  9 594492683
7  18 610241665
17  7 191496264
8  1 1987384220
9  7 1442739467
19  11 424085057
3  15 1264950090
17  9 405174777
19  7 763172537
11  17 252654221
19  1 720079910
5  10 690300163
4  3 1562692380
11  2 1461564200
14  19 559049942
13  8 1539485932
11  18 1030352079
8  15 1159781918
5  14 1141284072
4  7 968672239
7  6 1587376599
5  10 1447029804
9  3 491083342
4  9 633446326
14  18 1661166
16  11 1824431591
1  12 741390786
13  12 1313375137
19  5 859374227
12  18 1488958333
11  12 647654503
11  1 1842726421
19  12 1559798468
1  2 1931676944
10  13 1979108323
18  15 227235247
19  18 946005885
13  17 1892528399
11  12 1001456959
2  10 1286551009
18  6 1634353088
17  4 1104426992
16  19 1767727375
5  10 1233459821
7  15 1836402490
4  3 1251439145
10  16 1418712011
10  1 1178479036
9  0 825052756
6  0 1762842543
8  5 2051140062
7  1 537371777
7  17 1003872421
13  15 1991457143
0  17 1919162652
19  13 1503072977
5  14 2027321520
16  5 312764629
9  2 299498943
7  6 989119683
9  16 1590113028
16  13 239845088
2  17 127768118
18  10 2060746246
11  7 1116468659
14  11 1204908334
16  10 866538982
2  11 978796838
7  17 1807210498
6  14 2051003897
4  17 1495511887
5  3 1080641829
11  2 823230993
11  3 80031007
7  1 138006786
7  18 869766145
16  12 308885458
9  2 1853136192
15  3 1941531008
6  8 1566578969
16  10 20046170
6  15 1299798154
3  1 580497064
11  1 336951003
13  16 84092709
11  2 1204585636
3  17 1468598381
9  13 501941072
9  1 766581342
2  6 1356273563
0  10 1978171609
16  11 1085168101
3  6 411962192
17  18 736421303
16  3 991977260
12  1 994252287
13  16 1027416339
6  8 1024657975
