100 20 7 16
12  6 758528299
16  2 331090392
19  0 269039300
1  8 806758826
16  1 856505370
8  16 637221141
13  7 482320400
2  5 819239346
13  12 1191329504
4  13 2109261222
8  17 1271969083
19  14 848291638
8  15 930194826
5  6 1935517588
10  17 949529565
17  10 243664104
0  1 996887010
14  15 2047436158
7  16 1137165049
18  17 1170059175
11  9 1621328092
4  15 280132096
6  14 703398500
7  12 424716248
14  2 256017489
18  19 446895159
7  2 196908619
13  19 1170987429
5  7 1375492522
0  2 1413436300
4  6 981189125
0  19 928300379
15  11 924050705
16  19 1413874160
5  11 182098460
18  3 632355268
11  0 1223749837
15  7 1802388093
7  18 469998372
5  2 1321778804
4  11 189481867
9  5 881674473
14  11 296841982
13  18 1265249781
17  12 1365980423
9  17 181006006
11  18 41445586
0  9 660002617
19  16 1783632081
18  1 622647120
14  17 1209535528
7  18 471735504
3  8 240080027
5  0 1183307440
6  4 1373949671
0  2 945354754
0  5 70948713
2  4 618452635
4  8 1641028463
17  19 1964455291
19  2 1240817754
1  9 956867760
18  8 443360447
0  19 283608648
6  16 2028295443
10  2 1680576816
11  5 418881681
2  14 819164730
9  4 1349487716
5  3 1277061767
2  6 1576323070
11  3 1926331079
11  1 1513631307
9  16 868977936
5  14 1420338706
0  12 134834831
19  7 1908467709
1  6 2004289067
12  6 379954841
5  4 831653163
17  9 1565934380
11  5 1167946185
7  16 1807599838
1  8 92411939
11  17 1697617854
14  9 1959608212
4  11 142043305
0  15 2088018303
19  18 1812374661
14  9 1809394463
13  9 995574860
15  19 2075914350
4  6 1882584098
3  15 66617931
2  16 454722670
16  18 1741344843
17  12 145645260
17  11 624516430
6  4 2110564770
1  4 1209947298
