23300
18400
19100
16800
12100
12800
17000
19200
12600
16200
15300
15800
12900
17000
15600
15600
15600
17000
15800
19100
14900
15300
16500
19200
14100
16000
17800
12600
16100
20200
14200
15700
18400
18700
13700
13100
14000
16700
12600
16700
12400
13500
13300
15600
18400
17500
13000
17000
12400
17700
13100
16000
32700
19600
13600
15000
12500
15400
15400
17900
22300
18500
16500
16000
17700
18000
18600
16800
16500
15800
16200
12600
17000
14700
15700
15800
13500
13400
15000
14400
12600
14900
17100
12400
17000
15500
20100
17200
20200
16800
14100
14200
18100
11800
16300
12800
17700
17600
20200
19700
