15000
19100
17100
9500
39300
19800
10500
18700
16300
15600
18300
21800
17400
20300
29000
21600
10200
20200
26800
9600
11000
19000
21200
25400
10100
16400
21600
21700
21600
16300
20200
38500
18100
21300
18100
19100
10200
14100
15700
23400
20400
19400
16300
18900
10400
13800
17100
10100
17000
23900
9600
17500
33300
18900
26700
14500
21100
36600
18400
18100
18500
17300
20100
10800
25500
19200
67600
17600
17100
20100
19200
28600
15800
25800
27000
15100
33400
16100
18500
15500
11400
10700
12000
18200
11300
16800
16500
20700
18200
18500
35300
17000
15300
11600
16500
30700
17100
18300
39800
14600
