15000
8400
9800
9100
9800
11000
7800
9700
74400
17300
17900
16900
16100
8400
8600
16400
9900
16700
9100
8800
11200
8100
14500
8000
8900
8600
11500
11500
11400
9600
11000
15000
10100
15800
11100
8400
9700
11800
9900
9100
7600
14600
13900
8800
9500
9200
16900
5900
13200
13000
13400
15000
9000
10100
8800
9300
11300
9600
16300
9100
7900
8700
14400
10000
9900
8700
9700
9600
8000
9000
9300
8400
15300
9600
86100
8200
10600
9300
16400
10300
9000
14700
10500
13600
5600
16400
15200
19000
9700
16900
8700
8900
9600
9600
19700
10600
10600
17800
16300
9700
