50 10 3 5
7  6 194698949
9  8 569313960
5  2 1115682371
1  0 651629684
0  3 1562971564
0  6 109542221
7  3 874939403
0  3 213613078
7  4 1052125092
4  5 769366597
6  7 1162231877
5  4 1788304848
9  2 552269540
8  5 986980950
3  7 1669092484
9  4 414158144
5  0 1198304682
7  9 1477071619
3  7 307004324
3  0 990103831
1  2 1288145222
6  4 2134189197
7  1 1277974388
7  5 952570499
4  6 1796459963
8  6 104794991
8  3 446456910
2  3 631419360
0  9 272817905
9  3 170607664
6  3 1207962396
3  2 1716952021
1  8 199243163
7  3 1182935234
8  9 2033194808
3  6 1756349715
2  3 915539435
3  5 1428254523
7  4 754220976
0  6 1495041839
5  7 822144794
8  0 1146230275
7  3 2062027984
2  8 1499234923
4  1 1949599680
7  3 2004683160
3  6 499760914
9  4 1452662507
0  9 2052346455
3  9 92024986
