50 10 9 3
0  7 1598060035
1  9 265851440
5  7 1146131693
0  4 1873091922
2  6 185876846
8  9 105011842
9  1 919115149
5  9 1079031488
4  0 2095705174
2  1 1790620550
0  1 769412116
2  6 1027260941
6  0 426226997
8  0 2015671095
4  1 215122698
9  7 1423751058
8  9 157638780
6  5 612486392
8  2 333585270
3  6 1937932789
3  4 527085307
0  9 334175011
4  6 199462872
5  0 129585319
2  4 1539969901
9  7 378143705
9  6 1469099975
5  1 1143789847
6  5 1118423616
0  4 448898308
9  5 446305454
8  9 1376082535
6  5 1715220850
2  9 507193974
0  7 1872214318
5  3 1661047831
8  5 1910325733
1  3 1513519875
8  6 940604256
0  3 1580181655
2  7 1247626799
9  1 138073577
0  7 1398280636
6  2 1782821375
9  2 817370864
8  5 660228290
7  5 295566529
1  0 196276189
9  1 1209059175
7  6 1478537248
