50 10 5 8
6  7 677959316
9  6 1280733785
8  9 391622956
7  5 2086264446
8  1 464847686
6  7 311522073
0  8 2075824123
3  7 1378357837
6  8 737989789
1  9 1001230906
1  6 28407640
0  4 129237084
0  1 691934438
1  5 1713629283
8  4 70145982
7  6 1589716800
8  2 862624937
2  9 1217348385
1  0 1790593498
2  1 330636359
6  2 604935179
4  3 1774622332
9  4 586023569
0  2 1136954842
4  2 1509432458
2  5 1134398803
7  5 1967254746
8  7 334007309
2  3 1819306929
8  0 533382817
3  5 1161272267
5  6 2094630383
2  5 1548967787
9  7 432477655
6  8 611801987
5  4 2011227745
4  2 1236720318
6  0 371470870
0  6 767072288
8  1 349256381
8  0 442841829
1  3 24307857
3  5 838852128
2  5 26184501
8  7 506826326
9  3 1790436269
7  8 1561754770
7  6 1476910884
1  5 1740825106
0  2 591093097
