50 10 3 0
9  2 182815373
4  1 1165471846
5  4 941236845
7  1 795856847
3  9 936970892
2  1 1832892178
1  3 1568112244
3  8 640834687
4  0 498190991
9  2 42987985
1  0 1166335632
8  4 1214739602
0  1 1797858791
4  1 1430133530
8  4 291495363
5  7 331705451
0  6 1207504929
9  6 322789945
8  3 2129767069
9  1 943779425
3  8 883782003
4  6 1584450893
6  9 1736344268
2  6 662643024
6  5 700603143
5  8 532158827
8  5 1247427561
8  2 1461757550
0  9 586285598
2  1 738750156
8  5 1798364560
3  8 1569470246
1  3 530561093
4  6 1641061110
4  1 1510703389
9  3 397282794
0  6 1710509491
1  7 338924337
7  1 1097808084
4  2 1707716575
0  6 1538660965
0  1 838403390
1  8 1900012760
7  3 91759258
0  6 626970872
5  3 1435483366
1  7 817563933
6  7 1665716326
8  5 1809237375
0  1 929836817
