50 10 4 2
1  0 1893270291
4  3 2034386233
8  1 863622342
3  6 1848074911
9  8 1796514362
1  7 1068505484
3  7 1374701165
5  4 802619278
7  3 240047419
9  0 284920217
6  3 705353221
5  2 1658862338
5  3 1951341959
0  8 872740472
6  2 673014537
2  1 1361634125
7  6 1497619136
1  9 550731070
4  0 1662613685
7  1 1376886038
5  0 143154818
4  5 1965703696
7  3 1351508525
0  4 1599594611
2  0 1057106160
3  6 2068056408
2  5 948248546
4  0 1644861073
6  2 99148655
1  5 2013125011
4  5 1284406902
1  7 266677365
1  5 49526265
5  3 1274641056
2  8 1760252766
8  5 689950424
7  1 1334412567
8  1 855218854
6  4 1113741839
3  5 1691971964
4  7 1650243960
8  0 1100924488
3  4 1123874643
9  4 1191973312
9  5 1230259759
2  3 548517018
2  3 1762287927
6  9 1105014553
6  2 2140905927
3  1 1815827162
