50 10 3 6
6  4 1790990960
2  6 476555318
4  5 1517515726
8  1 2113147974
0  6 665783060
3  0 1845593265
3  9 399865784
0  6 1918653554
9  6 1972276840
4  7 204905871
8  9 767387286
0  2 307136043
8  4 1274866566
3  9 684369245
1  4 1539285351
4  5 19498692
2  7 1142114203
5  8 1761194826
2  4 278673337
2  9 683481857
3  6 300418405
8  5 465994948
9  7 817935950
3  7 1965004835
2  8 65928418
9  6 282529467
2  1 1754564717
0  8 1975001360
2  5 1588380262
2  8 1501941369
6  9 1044063901
5  8 1085342885
9  8 31341382
2  7 1512384712
3  2 1614385099
9  7 1823080573
7  2 208756667
8  5 1531812382
5  1 873488869
6  5 584348067
5  6 477619615
6  8 923230216
5  1 357430951
4  8 601267755
5  8 1999350085
4  8 457718802
2  8 1810067371
5  2 552178260
1  8 695723467
6  8 1289410612
