50 10 0 8
7  8 844920268
8  4 1962012337
5  9 1618124874
8  6 1808470845
3  4 1132426174
5  6 166408751
3  1 1098718895
4  9 1112530016
5  2 713896534
7  9 1180941712
5  7 1002903402
6  0 157193383
3  0 660348793
1  7 1279214371
8  4 1284544020
9  2 1247960477
4  8 861594200
3  4 439735345
4  0 468887199
4  1 1621338916
8  1 708827332
4  6 1323535654
1  8 255265831
5  8 822576275
5  7 1727171937
8  5 735676003
5  7 1360080577
4  9 1028752954
0  7 1991338616
2  9 1092583694
1  8 1567290960
4  3 937555668
9  4 797031935
1  7 2099324964
8  5 839899261
7  1 879173366
5  6 1163570061
5  6 655310743
2  8 667534564
6  7 407299369
4  7 1959875924
6  8 1855545413
7  3 1458254717
6  4 364625020
5  2 1788907823
6  3 1550515852
5  6 723647653
1  5 2012898647
6  5 825928305
6  0 2067632105
