50 10 4 0
1  8 1428432890
5  4 1515596194
7  8 1861027889
5  2 178391407
7  1 2118030649
4  0 318099793
0  5 710008924
4  2 700749653
0  3 1190891345
4  1 148823963
3  1 431120347
4  7 73478455
1  8 1754848506
2  5 16564164
1  4 496463272
3  1 68498000
9  5 23137011
3  6 339209788
2  1 1476804562
3  4 554780891
1  0 1450553617
7  6 1889371012
1  9 882468370
9  3 1347652032
5  8 413816772
4  9 799009760
1  0 366913754
6  3 96413673
2  4 1394084596
9  0 741634060
8  6 1171416501
1  4 1474567664
0  7 234350257
2  3 380317468
8  7 814167007
5  1 1849571838
0  6 1189943551
0  8 769058786
5  1 1757333262
2  4 517766796
5  4 496600513
3  0 1297325665
1  9 1327416495
9  2 1582348178
3  8 1896004229
2  6 2008979536
5  0 1633636877
7  3 1141622471
1  5 161348903
3  6 1890800515
