50 10 8 7
0  6 1603144866
2  0 816777305
2  3 1721321495
5  7 1887005044
9  6 346646648
7  1 38616341
5  9 222369757
2  6 826051519
5  1 1769602244
7  2 655758812
3  6 353379613
9  3 1294878317
0  8 403885483
9  5 2100025773
2  9 618556806
6  0 61381385
7  2 1168691896
6  1 745928536
6  5 21311497
0  6 1256512934
1  3 1634022895
3  2 1989578555
5  1 813576087
9  3 141164030
1  2 1230249657
8  3 1869720396
4  7 363581215
2  4 866448556
6  3 516666985
5  1 743374251
0  1 789056228
4  3 363833160
6  2 530334647
7  1 2012198998
4  8 360792785
3  6 1627881697
3  2 1012805476
6  7 221923769
7  1 1302894606
5  3 1838982133
6  2 132039327
7  2 628497208
6  8 1507010975
0  5 807944391
7  2 1897498515
9  4 810322792
8  2 1035209207
6  2 104905846
0  7 1246023520
5  1 1169399923
