50 10 5 0
5  8 270138647
5  4 565200242
4  1 1912748812
3  0 144959567
5  9 1459670451
8  5 1433028168
0  6 1610406289
5  7 1923473597
1  4 533195201
0  3 1279295616
5  4 878543538
3  2 65683487
9  5 930325398
5  3 1233897964
8  9 2023564377
2  5 110575060
3  8 1413199519
0  8 294155761
5  7 2141296089
1  6 268984480
8  3 1007846755
0  1 1461670421
0  9 1614729998
2  5 1300104360
9  8 1764570741
5  6 1061194093
7  9 4179719
3  4 805962231
8  7 200728107
1  2 1705239730
2  1 1802654571
3  0 1542506714
4  5 1359234020
9  7 11899531
2  0 25529737
8  9 185991805
2  4 1521176922
0  9 132297487
7  4 1531820721
2  1 527759350
7  1 1115658820
2  4 79712216
7  2 34461636
8  7 911796290
7  5 1858813019
4  2 875639491
1  6 1298314092
5  9 306283143
3  5 1503589945
7  8 1732203077
