50 10 9 5
6  5 251304166
7  6 1617982490
3  0 2051576368
4  1 779599744
9  0 1661153179
7  0 1911907532
7  8 1519937811
2  4 685206975
1  8 894641923
4  1 724871472
0  7 1090859281
5  0 1373966547
4  5 249439054
9  8 183095744
5  1 1144637436
1  5 2049463255
8  2 1394708252
4  7 1917950832
4  7 1296899582
7  2 1266591495
3  8 1856068586
0  9 174470126
1  6 609476945
9  7 1793699391
5  7 886877896
8  1 376003637
8  5 936586351
1  8 1135338384
0  3 399102211
1  2 46906346
7  5 1156368045
2  7 1491291263
2  4 435592686
0  4 924588422
5  4 1812258443
3  5 95915800
2  4 1649349248
2  6 1021017584
1  9 944086690
3  6 1537960229
5  1 1912026600
4  9 2145631591
7  4 790025030
7  5 1136636276
8  4 1725882486
4  8 909970340
8  2 956415387
3  4 2002435050
0  1 948347936
6  7 1409211414
