50 10 0 9
6  5 487445377
8  1 381653517
2  3 1663420568
9  5 468641275
6  4 1897875213
0  8 964275936
8  2 1035458049
1  7 165249934
2  1 359918204
7  0 2093887052
6  5 1963670797
7  2 1774325725
3  0 774359589
9  0 2094607770
9  1 555088391
1  4 991768790
3  9 756737503
8  5 1567190093
7  5 365562636
9  8 830441555
0  7 61892509
1  2 2033326592
2  1 1104858575
3  9 1524964550
3  9 976808061
4  8 1603354615
2  6 236807295
5  1 2057576943
0  9 1387396332
1  4 1946324905
3  6 1750724248
7  9 1061890501
7  0 1260045270
2  3 1839717548
7  0 1938255507
0  9 523020107
2  5 1645049877
9  2 1937375748
8  5 855557203
2  5 1667069598
9  7 936884104
2  7 952545245
2  5 1171023143
5  3 671149398
6  9 1304972930
8  1 1075514293
1  8 843898587
1  5 1595138474
0  5 2087706926
3  2 1946050714
