50 10 7 2
4  1 1457044096
2  4 1467376925
8  0 1074681064
7  6 1980216770
4  0 506660638
8  5 1921593356
6  9 1851457965
4  0 56482599
8  7 757030858
8  0 476795491
9  5 1437961811
1  2 1097417719
0  5 1917507198
8  3 402236717
1  6 1836206366
6  2 557797103
3  8 1550046542
7  1 1222991056
9  5 1357279655
1  0 937403358
9  4 935468190
1  9 1024572187
3  4 1111762556
2  6 1720165359
0  4 720580198
6  1 1287709594
6  9 9362755
1  2 1674179768
4  6 148202507
0  2 821951493
5  4 1670838822
4  8 719091475
0  1 451566722
0  9 2028736794
8  6 505192099
1  2 458303723
8  7 1252823343
9  3 1212299465
2  6 282170872
0  5 1735992751
6  7 485315593
5  0 1779051019
0  1 1210934225
6  3 1787761607
3  4 782056486
3  1 1918180786
2  8 1482648657
2  9 606564576
8  4 913868145
1  2 1411956699
