50 10 7 3
1  9 1462137411
4  8 918991898
0  3 713867127
6  2 759002946
0  6 1711152716
6  9 1724822561
5  0 1110543278
1  2 283237529
2  5 1609314187
0  6 1929450165
8  5 1966837919
7  0 256789210
9  5 919380203
7  5 117034029
1  4 1570310321
4  2 92810821
2  9 1308789789
2  6 2073781481
0  2 522593167
0  5 2038789183
5  7 907496870
0  1 1804061018
2  5 37737499
5  0 827695611
2  8 1850950458
9  0 452539730
7  9 970332993
5  3 1681713879
8  9 1818146136
7  1 908271116
7  0 1014797076
1  7 1900850683
0  5 114732023
6  9 1024259638
3  0 1593844705
5  1 2097645037
3  7 136664798
8  6 1326916715
0  6 1269077430
5  7 50010528
6  5 879372517
3  6 2008946465
3  9 543281274
4  7 1757808955
4  8 1243938864
5  9 528428039
5  4 1540656714
7  3 617227541
3  6 119803745
9  0 1355947982
