50 10 6 4
9  2 658722913
2  3 898167120
1  7 1826267912
7  2 1710969315
1  7 182084736
3  9 1891204832
3  9 559623570
7  6 684484063
2  6 2040324666
8  4 1816272332
9  0 1554384430
6  4 2037078108
0  1 871787706
1  8 923241313
8  9 1938306643
1  3 710581256
1  0 290498549
8  1 1856042462
8  0 2034255841
5  2 350976287
2  7 1228446907
9  8 218075659
7  8 1392885903
3  9 1100240686
0  7 814376899
6  9 1647627957
0  2 320781799
1  9 1854402964
0  6 1370610822
5  8 510382577
0  4 1285508180
2  9 153246552
9  0 559333315
9  0 1775453104
1  7 641313703
8  6 1653053784
9  1 2095939886
1  9 971829715
2  5 1732495594
3  1 1354016761
6  0 1925640040
8  3 158794586
1  2 1331094587
4  8 1835728282
4  8 1607893919
6  2 2102494824
0  8 270003764
2  5 494143299
4  1 1659855413
4  6 1243208173
