50 10 5 2
7  3 398626101
7  1 542260029
9  0 1241954508
8  2 234811373
9  5 1289321281
4  0 897978194
0  6 1279295848
8  1 1123186248
7  2 897236427
5  0 582693158
8  4 569225654
2  6 327507036
4  5 2051602978
0  5 923786160
0  5 2019727743
6  8 630114392
4  6 2120251385
1  8 1086404963
7  2 705529603
7  8 871140671
0  2 590903009
3  4 2070017160
4  6 1247102985
4  0 1750588212
7  0 976768850
1  5 293560110
8  6 1783007754
8  7 1239855849
9  3 1829180271
9  5 1988531606
0  4 1260781802
0  8 332274777
1  4 1880714833
1  3 618116182
2  6 983185441
6  4 2011687314
2  6 1215112092
9  3 1898367807
8  2 776447854
6  9 7923031
5  8 1906622196
5  7 404898063
7  3 763026991
3  2 1597604786
0  6 1535811277
0  6 1244595545
2  9 525631075
5  7 1963379961
5  9 34391048
1  3 1392335902
