50 10 1 5
6  9 1367309346
8  0 1562815448
5  9 816410076
8  3 238619448
8  9 375143327
2  3 90159621
7  1 1841733068
8  5 1989230149
0  2 100836142
6  7 2124637389
7  9 2030903237
3  6 933543593
8  6 471595805
3  5 1439069166
5  7 1236642988
7  1 293733710
9  4 1400697945
3  2 1544875248
7  2 437147785
5  4 250549680
0  9 1011063210
0  5 1188347167
6  0 1387606897
4  7 819371702
2  4 943602580
1  5 1843630766
3  4 1497809531
1  6 297497086
6  9 221488439
4  9 690857931
0  3 2007877760
8  3 638616529
6  9 985647205
5  0 2068857133
8  9 1622255973
2  1 1071351779
2  0 1112828553
3  4 1024872610
3  1 1327006533
2  1 1290736274
1  2 2093206567
1  2 1386377050
2  6 598175570
3  4 575151867
6  2 1787832204
3  0 1560323328
3  0 1662165739
4  2 575212765
2  6 626033040
6  1 599924461
