50 10 3 6
0  2 859922286
7  6 2015480880
2  7 146672493
5  1 1562597738
7  2 1376534362
5  2 1374434966
3  9 1642070005
4  2 2079132711
5  8 823863617
4  8 1992577068
1  6 719280691
3  4 1299553228
6  7 979252192
7  3 904879385
3  9 1137986820
7  8 145851695
8  5 452374137
3  2 1649927991
4  1 202326545
0  1 293828163
0  3 450862607
3  5 124826179
7  1 287234608
1  5 1467231472
4  5 1418787190
1  2 1168541585
7  1 1180070583
3  2 40935234
4  8 198445392
9  4 1108038383
3  5 592675362
6  9 381568210
0  4 1965300920
9  3 2058151593
2  0 952518661
4  0 116231329
4  1 1434421142
3  2 1155538463
7  6 1170733866
4  3 1004320738
2  8 153791709
5  0 1009821410
2  6 1186341487
4  7 1181305334
3  1 2080341945
5  4 1295946696
9  5 1985669909
9  6 27619888
1  2 551527925
6  8 476321353
