50 10 7 5
8  1 841807732
4  8 146059743
7  2 1954961909
0  3 1549476598
2  4 1961906038
7  9 1933885959
2  0 1329500055
7  1 740634824
1  8 1100002983
5  6 2081918240
0  9 1394277878
4  1 1178521270
4  6 609067645
4  5 1273894413
1  6 533864625
9  1 1344532278
7  1 303197090
9  3 575705945
4  9 1629447729
9  7 1935069256
7  1 779166047
0  5 1780212040
4  6 1118381986
5  7 1573420233
5  9 2102266072
4  3 463780932
5  6 288663871
3  5 1763759450
1  6 1517893236
4  5 596643545
0  3 1204415867
0  7 820524660
4  7 1292326581
1  8 84376635
5  2 2087203985
4  0 1172811630
8  6 971352408
7  6 1900359606
2  9 439353854
3  0 1824337123
8  0 1314758915
1  8 1697766826
4  2 1759223
2  7 531906189
2  0 1272205723
3  8 1907956271
9  0 2130671007
6  2 1252616891
3  4 1272186853
2  8 1661309027
