50 10 4 6
5  6 994271831
1  4 1032156722
1  0 1359634923
7  1 1180895614
8  9 2114597430
6  4 455331911
1  4 1036636121
5  4 1558553228
9  2 192389407
5  6 465256108
3  2 931618113
9  7 1557358113
6  4 1536631938
6  7 425104671
5  9 165596833
2  7 1577374745
1  3 948508760
4  2 1586919449
7  8 71725568
7  6 2010884051
9  4 1660958703
9  3 1331782622
2  8 1557912439
0  6 380788512
9  8 704259020
2  8 2022990554
4  9 1061159392
1  8 58214853
8  5 107478743
8  0 2139998533
6  0 1433196002
1  3 630777071
9  2 1760702030
2  7 2070636731
2  1 463876584
3  6 2102448531
3  8 1670113272
1  5 1170226445
8  1 1868811755
0  7 1937122266
0  9 533923713
7  2 1652063772
7  6 798437720
0  1 1862370531
0  1 1932853771
3  1 202768893
2  1 888165870
5  3 590816770
7  2 1367807827
6  1 1784252024
