50 10 7 4
6  8 1856651034
2  8 1848027946
1  8 1959904017
0  7 797887890
8  0 1371332104
4  2 840806415
8  9 713444925
5  9 1031868117
1  4 1543872819
7  9 2041907547
4  6 1998085930
4  0 1431560621
9  2 1314122174
5  8 742069984
6  5 494354580
4  2 1477993650
5  4 1922127576
0  6 809489623
7  8 2061926047
4  5 1552504943
4  5 587438471
0  7 604210891
9  6 1796815491
0  7 1247450407
1  4 759068781
1  5 1429905651
7  6 1435553296
8  6 177782003
0  7 2086295060
2  0 744223608
3  4 21514539
0  6 348957189
4  8 1711294909
4  1 748976298
9  4 1263360467
2  4 295803187
4  1 5335316
3  5 1079676034
5  3 401280644
0  4 1839032466
3  7 1727811039
8  9 1729891873
5  9 1505907915
0  6 397949559
9  0 613803539
9  7 295766769
1  3 158863753
9  2 673826894
3  9 681640984
8  4 224433269
