50 10 0 3
7  5 1584849598
9  2 1871650712
8  0 1892744966
0  3 1476004201
5  7 184161728
6  5 53931037
6  9 62811039
3  8 1034691589
4  0 699418198
6  4 1652412392
9  0 1025137874
5  0 1618475313
7  3 1905438264
6  3 270028055
7  9 1917371674
4  2 2120418066
7  9 195150852
0  1 1557012631
0  1 764009953
1  6 1248212025
9  0 1671056545
6  0 1221536380
2  0 1860357965
1  4 45373089
0  3 1248747487
6  2 1740383388
8  4 139593899
7  3 2079999931
3  4 1749872167
0  9 694241469
5  3 69714164
9  0 2015512000
7  4 2066149806
9  2 1376769453
8  3 836671305
4  8 2132601682
3  7 752921787
2  3 504687756
9  5 1244496936
9  8 986442165
4  6 1099383615
1  2 1857064975
4  8 247136733
0  6 780088942
7  2 648289332
5  6 1932878657
2  5 1350635415
4  3 1297667166
4  9 125723626
6  5 557009417
