50 10 5 2
9  4 1323420836
7  2 488730747
6  4 1293018681
1  5 559294432
5  9 742149051
7  2 2009222078
2  6 1572977995
7  2 162903745
1  0 1673074509
5  3 17228531
0  3 1900439990
5  7 424733184
3  9 352359625
5  8 231666564
0  6 310308384
6  5 1440624878
6  3 1597781415
2  5 813667087
4  1 1902645280
5  0 466172093
6  8 76986722
3  8 1273972480
3  5 1660262508
8  4 1692724101
1  4 1521662257
1  2 472122683
2  0 386162307
6  7 744342801
3  7 1796892226
1  5 1146787603
3  0 1595688464
7  3 479966255
3  0 1092068909
8  1 198949925
9  0 1582397177
8  0 1140190713
7  3 1878091240
4  0 1306797239
8  1 246460154
7  0 1453865595
8  0 1110476196
0  8 2084733670
7  5 1498363450
8  9 1456197932
1  8 1792647183
0  4 1795062432
4  1 843298506
9  4 179857676
1  2 768437785
7  6 1334008273
