50 10 2 8
3  4 347474607
4  7 709914310
6  4 1327507970
4  3 2043107219
8  2 1864224887
7  0 919330972
0  7 795953418
3  8 1745173161
5  6 964422430
1  6 2064072323
7  5 595112410
4  3 777459449
4  5 194415385
0  2 786825031
0  2 1650074811
5  8 448782322
1  9 338243691
7  3 508423015
0  4 1752438439
0  1 1722443655
9  0 996673682
7  0 1753881171
2  1 1471356874
3  8 943297586
1  4 827184024
3  6 1665661538
5  4 588316421
6  8 93584277
8  0 1493107118
5  8 1373852394
6  7 1433679494
8  9 1451479853
1  5 550017450
8  9 1015433078
6  7 1442293844
1  4 1941086873
4  6 795385114
8  2 1753323307
8  6 771973459
0  9 737895220
4  9 890006583
7  8 1232254510
8  2 972978173
6  0 936328317
9  7 1349952749
4  8 129325518
8  6 1068234169
2  9 602852062
6  7 1839874153
2  8 1348338177
