50 10 9 3
2  1 1520599724
3  5 1575232345
3  2 657466846
0  3 1660311040
3  1 769823105
9  2 2128636954
8  2 374438583
1  8 1524534425
1  8 1044848602
8  2 1703168083
7  8 359970940
6  0 942538178
3  7 215339686
0  1 1418968408
2  1 1451454907
9  2 1622689956
7  5 2041759436
1  6 1121927156
1  7 929086976
5  8 666275007
3  5 1151936106
0  2 757662641
3  2 2016103129
5  4 1627359142
8  2 619492681
3  0 1223243371
6  1 1958179001
2  7 1796651128
0  2 975802553
0  3 1087259850
6  8 84802222
6  7 1150034771
4  3 1890297011
1  3 1028755401
8  3 1865511215
7  3 533103947
8  3 2095308560
9  1 1341322399
5  1 999356118
2  8 500550026
3  6 1469127688
5  7 1857884784
7  3 1731769386
8  3 2107308914
4  5 1503621011
5  7 1016125613
6  9 1218919316
8  7 1528979542
0  2 1747413974
1  3 662234437
