50 10 9 5
1  0 1159075982
1  9 86862547
5  7 1834402613
2  9 733079000
4  5 1929011473
5  4 258395088
5  9 1150442061
0  4 1614849514
5  0 243008966
3  8 1929367977
5  3 769034098
6  9 850640153
9  8 369132899
5  2 1183175949
5  9 15596851
5  2 508846720
2  4 994122847
5  9 1098011531
3  4 82959414
8  9 1728516395
2  8 1064789420
9  7 336610710
2  9 1737816257
7  4 1848417758
3  1 699836324
7  9 1666968830
0  9 2127847903
8  0 1376839778
2  4 803667236
4  0 10841341
0  3 616662493
6  1 1007898945
6  8 1863502929
9  0 1373093673
5  4 476383295
2  7 471610416
2  1 1451946278
2  9 2101255949
8  6 2046838851
6  9 95228836
0  7 2083242623
4  5 1130646268
1  7 353534116
3  2 248822489
5  8 1127624669
5  1 1991530050
1  9 1290982569
8  7 2111590705
7  4 1815907199
3  5 1024901005
