50 10 4 8
1  8 512076195
1  8 769937698
8  4 999950297
1  2 840341691
1  5 492818691
9  5 1735266344
7  3 1134455451
1  8 1240386947
7  3 1827268570
2  8 1411457749
1  6 185264063
3  2 346898847
8  0 1521361095
7  5 835762327
6  1 1423032585
0  1 1299650598
3  7 1460778257
6  2 1816301720
5  1 441369455
9  6 1644926635
0  4 1380055461
1  3 150821014
5  4 2104625513
8  0 419901550
0  9 1767710112
8  1 1397199962
3  9 761284491
7  8 859261789
3  8 320525106
5  8 1765203046
2  1 1234682711
3  6 690695226
6  3 1107902361
7  2 2038846385
0  8 512204155
0  6 443153120
4  2 138528921
5  7 1363874548
2  9 281613802
4  5 696279123
7  0 883820203
8  7 1905358968
2  8 1295284693
0  2 1019951037
1  8 921086886
1  9 1163128444
1  4 1047886742
6  7 975228540
5  9 8889341
3  7 180856968
