50 10 7 4
9  3 1121521193
8  5 602694584
2  7 921448272
7  4 648659562
1  6 1844175610
8  4 445457599
0  2 1870071113
6  1 1849641279
1  0 1696409452
2  0 1437839065
1  6 538877760
7  9 211241612
8  1 481600927
2  3 1161136545
1  8 1008509120
1  4 636847620
1  3 525330586
9  4 19680752
9  3 1520441653
7  0 1494644010
6  9 384251490
2  0 1059295947
6  7 288541000
1  4 1351376245
9  6 1838716602
6  7 755716073
9  0 1073541749
6  1 646240822
3  9 1709707510
8  0 637855951
3  8 584053686
2  1 1998296560
8  4 674732855
9  0 340870640
2  1 441512405
5  8 940826963
0  1 1037628285
5  0 97783317
0  7 154177833
8  1 1500689414
5  0 542557357
3  2 810465291
7  4 1469765890
1  7 232437411
4  5 1104053590
7  1 2079568292
6  1 2112794013
9  7 908582238
0  6 289741482
6  7 1746892996
