50 10 0 4
0  1 1741024418
4  9 830565174
3  5 277597043
4  5 553173815
6  5 2127936084
1  4 68882846
6  2 935882894
3  0 1748049546
3  2 812986849
6  9 568132885
1  3 1558218099
3  7 380763720
4  1 1653449932
8  6 2051921397
9  6 689487116
0  5 1732749023
1  0 189450245
4  5 1252541628
4  1 202691730
9  1 861952748
2  0 1723135050
7  9 1773591889
1  2 679756915
8  9 1504792934
5  4 618938315
8  5 767781904
2  6 489997610
1  4 716433987
7  9 1963357757
7  9 1712361147
0  1 747508490
3  5 1448867308
7  0 908563018
0  1 1630486923
6  3 56767410
7  1 669085027
4  5 678100167
8  4 1117844451
4  8 753207339
6  9 107534665
1  2 1405047421
2  3 634939937
7  6 376070013
5  2 1128120588
8  5 896345189
1  2 1838974281
1  2 72510863
2  9 1776235417
5  8 956391136
3  7 1529794067
