50 10 7 8
1  9 937795816
6  7 468495649
6  5 657261919
2  4 1452399274
9  1 2026087031
3  2 1780743536
4  1 1881382810
1  9 391763199
9  0 621081280
9  0 1417184579
8  2 864409426
3  5 1122138658
9  6 2023056914
8  1 265136678
0  4 1959911169
0  5 1588300617
3  7 739822414
7  4 1552786607
7  1 914779849
6  8 347538949
1  7 727664366
1  3 350071824
4  3 1840996108
1  0 28722247
9  8 163636077
7  3 1599611512
7  6 680694914
0  3 1584360834
5  6 918636284
3  2 1411227481
9  4 1129113398
7  2 1460903164
2  1 273483047
7  8 1928394677
3  4 1556276215
3  9 103657341
7  8 1567054451
7  5 1934285006
3  7 1898032984
8  5 1508878253
6  9 778085116
6  8 1224201548
6  3 2016355999
2  9 2129951495
7  2 1387832166
8  0 373222593
6  2 409945205
1  7 1520097516
9  3 737071850
9  4 1440572325
