50 10 3 9
4  3 1755256729
9  4 973237071
6  2 1082738394
9  1 1916103208
5  9 456989018
8  5 1132403840
9  6 119235312
6  4 1980488303
3  8 1332282189
9  5 980706170
2  9 2068593805
0  8 1605687601
1  6 1616224664
9  0 720944851
6  5 1278319049
2  9 1085752887
0  7 28164498
7  0 124225349
0  9 758896325
3  8 1367584546
6  8 1893253810
3  2 1525196023
6  4 1367843932
7  9 649827944
4  0 1179017358
9  6 172332484
2  8 1370424322
6  9 925816676
0  7 1843091016
8  4 2099382359
5  9 1582805776
7  6 1583081765
4  2 546463249
4  9 1962643836
5  1 976174974
1  0 517913512
9  0 1166814500
8  4 805697290
4  1 880911421
4  0 1407245354
0  6 1529304346
7  6 845259519
5  7 98839989
7  1 1623210172
0  9 1979220997
2  3 25951492
8  3 1631407897
4  2 1926278901
3  1 2067821144
8  1 1748137327
