100 20 16 19
19  17 1009254862
2  6 2128082387
6  10 565759596
18  14 1067938375
13  6 816410441
7  17 2049840626
0  10 328478985
5  9 455642244
15  0 1190021820
8  18 612929054
6  17 1222607053
3  12 978957449
10  5 439191177
7  15 1911489361
3  12 1063128049
4  3 824889548
14  12 718351505
1  17 23381313
7  0 31730543
11  6 1466694671
17  11 469226218
15  2 1813833198
17  19 423832994
4  0 240054817
3  17 965297240
0  7 853579688
7  5 91356714
17  16 1021881311
2  6 2092201700
13  10 804738809
2  0 1349299712
7  0 572994637
7  9 1726768901
7  10 767889820
10  7 1320554893
4  5 1835199612
17  10 908905201
1  13 1591065971
12  8 576006326
15  9 486202952
0  16 801817429
10  13 2672630
3  4 1283847142
15  9 793604743
18  3 238624325
5  8 1360750247
5  10 2004312298
17  14 707659673
16  7 1157609861
11  10 1840622498
0  12 1930115744
15  14 960129038
12  6 1399748279
4  6 1513756737
0  7 645584714
8  19 1039144054
3  14 959188111
6  12 320112616
10  14 7263938
10  17 427887970
6  17 1858070012
1  5 428618874
19  13 1337956954
16  5 709815627
16  9 2118190215
4  9 825116841
2  12 703227349
9  3 1161507363
17  19 1136857040
16  14 288967258
14  17 147353676
14  19 1566318487
4  9 444334789
3  6 451366889
16  0 262594039
7  14 392150383
0  11 1739630834
18  1 964691732
5  17 409018215
3  7 664714696
18  7 1879047650
6  0 748800421
3  0 2050912715
4  7 426119542
19  18 350701850
4  9 1517974641
4  16 1613563462
16  18 819305970
5  16 770755349
4  13 354414335
5  6 1205977010
0  18 1649753137
9  12 939710731
10  0 1836086941
2  12 338463700
8  17 1121117002
17  19 446074158
11  0 2043811638
19  13 197066040
0  13 763707543
