100 20 6 13
13  18 13182883
0  19 10515436
18  17 895672370
9  10 1951114463
0  7 1101029641
9  4 729277396
5  1 1044214338
8  10 1083455960
19  4 1720848420
15  6 1330619763
11  7 943406661
18  14 1755798084
5  17 1750016845
7  1 2061305782
12  1 1794222463
19  12 1175348675
0  1 1240265263
2  6 309627063
5  18 2021292542
3  14 1349151666
0  8 843506005
12  7 1368540982
10  3 482186560
13  12 1628755123
0  17 758408556
9  2 1999006647
8  17 1893018368
7  2 1945167827
2  18 619477525
13  11 665290405
12  0 575906218
0  3 12962835
2  10 1484975803
5  9 1775117727
13  17 1223791900
18  10 1976038343
7  11 606338089
19  14 2058151702
2  7 36905189
7  17 688090193
13  4 234888451
18  19 134252822
5  0 484111218
19  17 1583459430
18  12 580048462
15  16 1893084532
6  13 1556564196
10  4 1988479644
16  7 2120824949
9  7 1596644745
16  1 1463767076
2  7 1578276622
3  8 128127329
7  1 1664847508
6  7 276977149
13  6 1759823715
2  0 361607255
12  13 1251245244
8  14 778884404
18  9 1128034418
0  15 440303155
18  9 1030998439
0  18 754493392
4  0 1374230064
5  9 386314793
17  15 782750020
6  8 127441087
17  3 1740103971
11  5 2047544011
17  1 1231492246
10  3 903783963
6  13 821167286
6  16 1828784331
11  15 2049827914
9  11 1628761210
14  0 1264593295
16  8 940810296
7  18 739410452
14  9 747493157
16  9 802789579
12  10 466987767
3  12 1783557634
12  2 1247745890
11  3 2118586806
8  1 1612561320
9  15 203780376
1  7 683820763
5  18 1858209738
10  18 975206148
4  15 1782545998
18  16 1074675478
7  10 1140422992
0  9 1722732680
4  11 1999957254
2  12 1776996031
12  14 1132901880
19  9 1262282565
19  14 82737309
1  11 1809892834
19  10 963889767
