100 20 13 12
0  3 122474777
5  7 49160275
4  8 1229478659
1  11 571907580
8  19 1695604010
14  17 1991059735
17  12 1643857331
18  11 2020929723
3  2 1365784985
2  17 424873604
14  18 724770523
13  4 547586940
11  2 301887835
12  5 897474734
0  5 1735537096
11  1 828425767
7  10 2098885300
12  13 422289520
7  0 923135802
14  4 1082977752
9  15 1009951317
18  1 303441991
18  9 1270049259
0  5 2125957420
0  17 1743709612
15  18 1881506783
5  18 1611104669
19  15 160972871
15  8 1260776396
0  7 1269104272
3  19 1350117289
15  19 783461550
13  10 1615174093
5  18 1924291797
0  17 1388281508
6  15 1756192751
0  2 1255629433
0  10 1443176411
8  15 1720518258
12  13 93527205
9  2 1258406647
17  14 1821047622
7  11 374598266
12  15 260165859
19  13 710538942
0  11 729144495
14  11 510824509
17  16 551461119
6  4 821350136
1  13 397002169
11  13 686329820
11  6 960839216
15  17 211540472
0  18 897447360
12  6 1216203273
9  6 1061818572
11  1 427764843
7  19 400285139
15  2 1088680577
2  6 1410988931
16  5 1650920386
8  17 806632092
6  14 1559647717
9  10 1016880999
19  1 1946219469
2  17 1742523551
9  11 838812899
11  5 1283219309
5  9 755279128
6  15 471971623
7  11 1992072209
11  12 1638353724
19  0 1234795093
12  15 1327744863
15  1 546183443
5  0 2186784
18  4 1265426180
4  7 2022374882
3  1 1192591432
6  9 30381687
11  10 1992821692
17  8 1280179185
14  4 1825242737
7  10 101427293
16  13 1682652909
17  6 1230037240
5  19 1643940953
16  5 1244070460
10  8 1587696883
17  8 1672000480
12  9 1694367718
14  19 752485157
15  5 134375288
3  6 1307536594
0  14 667728974
2  14 127079382
8  0 1554911239
7  17 1143021858
15  7 663843528
10  2 288587320
