100 20 12 4
3  10 727797637
4  12 1215930710
15  16 566881980
2  10 420867988
19  6 961911226
13  16 1557056185
6  5 1619036811
19  12 1720163599
10  16 1745715946
10  12 468746234
2  7 1497938242
8  15 125490035
4  19 1179249298
0  15 1176907229
17  5 1586861348
4  15 1510310003
4  11 923476445
9  4 699463796
3  16 1937325759
10  11 2140581361
13  14 386397907
7  12 1495534811
14  4 1737218415
3  17 1780024368
18  12 976803073
7  8 1756798715
18  16 1101627668
5  12 1767654159
1  15 2026305385
3  11 604778408
11  7 2088723107
7  9 575850484
18  2 1363680425
3  0 906226246
15  4 490744622
6  16 218599444
9  6 1285202385
3  0 983758849
3  11 559458623
5  3 424939352
4  12 142875814
16  5 1511447501
8  14 605292597
7  12 2085025098
9  4 594112909
19  2 1837002343
14  16 84529849
12  1 1901251991
1  0 1829298978
9  8 670521354
17  8 258404252
0  6 1329493342
4  0 1845720293
15  5 1088758410
11  6 1766764532
13  16 2046899441
2  4 2106777054
10  14 617893831
6  18 15747751
6  17 819484343
12  8 409637910
13  4 179633438
18  11 1838488373
9  8 951113785
5  8 1184889375
12  10 1848157753
19  7 1738672091
19  14 427155725
16  13 1364483636
15  1 1454509483
0  1 1336988981
5  15 1810983017
15  9 140352665
7  8 329580532
14  19 628980970
7  5 251890664
18  15 762520704
14  4 359859815
14  2 1951949409
19  0 186163989
2  12 1938127222
15  1 259173350
6  14 259367183
14  0 20577736
2  7 1082762572
0  7 1001788110
11  6 1380069243
13  19 231806830
4  17 1186756344
17  16 153307037
16  6 514067579
8  12 591619675
15  9 290600035
12  0 1242667214
4  13 1988915579
9  1 853724716
13  2 247286778
13  15 1776366310
4  9 1076577363
9  14 1126672890
