100 20 13 2
9  7 1743481192
0  7 418576251
1  10 1966478268
17  13 1555888381
12  15 487262121
2  0 2054852670
6  12 1366756437
7  16 1466147479
8  14 477380414
0  17 1916040546
0  5 187381547
5  9 331927329
11  1 1771622129
18  10 985863847
11  5 644405605
4  5 313244974
7  4 1146651845
11  16 1874086678
8  13 988146029
3  2 1812651005
4  7 391306857
11  9 595844197
7  8 1902198426
18  0 1653828647
4  12 1354925157
18  3 89581086
10  14 762319648
7  4 758506226
10  12 1409585203
9  4 1814703775
9  17 1936324324
6  8 658793988
1  15 1039202152
15  17 1332423574
0  11 1966335060
11  3 50649935
5  14 1566403632
7  18 680104289
19  4 1902270800
7  0 509067798
5  17 1809944147
16  10 689450630
9  11 2096374469
16  5 1878690450
5  18 1532495806
17  9 208932468
18  14 1887798704
3  18 1298306737
19  16 2131928784
12  15 1587054142
19  17 2079566013
10  11 2131423591
7  10 515848631
6  8 598550427
10  11 739943144
17  15 675437161
19  9 1247999932
17  10 1802904512
19  15 1823042076
6  16 1775440023
11  16 698562948
7  19 1804190060
3  1 43967106
11  9 1444093686
6  15 7261102
18  16 107016403
15  3 1493893080
11  7 494559379
7  4 293987578
17  13 525532790
19  5 2115405689
14  13 504733168
3  8 406776549
12  0 233955570
0  15 1877137118
2  9 1042985284
16  5 750801269
5  3 1448341809
2  8 82911463
5  2 561042292
11  8 334880212
11  2 1127211008
8  3 127353369
9  14 1518182493
17  8 43581121
11  12 988519359
0  4 1617312113
18  1 1877414189
18  13 323687688
7  2 1776369896
1  6 1663475003
19  12 1160207602
12  7 928727659
12  7 1326976906
0  3 1842786748
16  1 847114433
0  10 1702330624
3  5 1221532337
4  1 1077696480
18  16 2075868193
