100 20 1 7
3  14 1948349075
8  17 1729019283
17  14 154503356
7  4 1327135552
11  19 458166601
4  13 1102166160
10  11 1773373011
1  0 1709935909
13  18 539694513
1  10 1961327137
5  19 1630489615
3  8 1021112065
0  2 1973619955
12  8 568576613
3  18 1820634915
1  12 1924456516
0  2 2056987354
0  12 675793477
15  6 1168825632
12  15 1178826147
6  8 1169941919
4  9 1369987368
16  6 174254619
18  1 415808241
15  11 886661082
4  9 1338361250
12  14 802777700
2  14 1515336656
16  7 1886433896
1  12 1445898362
19  0 1132851844
13  10 1114965523
13  3 1245994929
9  0 1335218858
11  16 503929878
10  3 1244068575
10  15 1227945827
5  3 1794264375
5  0 1157265165
0  10 1577136698
12  6 1857744971
6  17 1648792000
10  14 1342847419
8  18 336853475
17  8 1348285983
1  15 1311222741
6  12 527696242
4  3 1351886643
19  6 1357617362
18  11 1169052425
9  5 1823636980
12  7 571409660
1  17 332826887
18  9 993427725
0  18 186281088
7  6 670416426
2  15 1178721936
9  13 2000954338
14  15 1514499805
0  19 1922468337
19  17 2020111009
6  19 59517130
11  16 940945260
1  5 1398506043
12  15 2104622591
10  2 383791775
16  1 16396451
18  7 1749312067
3  12 2032397626
4  19 751168562
13  12 999724936
6  2 1159576615
18  2 965986258
6  15 1290863054
14  8 622022918
4  12 1121411201
17  8 1351121724
19  10 319893256
10  19 513656320
9  7 818951100
9  3 1336588902
17  13 374439177
15  10 48631246
11  8 2115179496
2  8 605114469
12  4 1249766170
16  15 1392385918
14  4 2089696197
10  13 937656388
0  3 1849687150
19  9 1460525029
12  18 1812520636
11  19 1523367267
19  17 734582349
15  4 56755958
19  3 1055472112
18  9 889515546
16  7 1857874751
19  8 2068487418
6  16 494864829
