100 20 15 1
15  3 140383218
2  12 1037734295
3  13 516267808
9  0 720101083
8  10 534497836
0  10 1368925117
4  14 1300348390
2  14 1181187535
5  10 1868621352
10  7 217596695
16  9 14980883
0  18 1558625050
2  0 1193672056
19  15 706472313
12  5 418305063
3  14 13465095
6  17 1746066587
6  11 1318478789
18  2 775154148
14  6 742618493
8  0 526442749
7  2 1075898369
6  5 2025733967
4  18 311573886
5  10 1440888980
17  3 884307757
5  8 1055085779
15  16 1131368351
11  14 1193455448
1  10 802788424
3  4 1932615886
9  19 1129061987
14  12 1286092771
4  9 1600329868
15  1 556218730
4  17 1034842641
11  17 1410187233
15  7 1606492735
9  13 871314409
19  4 1416954608
17  16 1120257154
9  1 989347319
10  11 1254971015
14  7 291638021
14  11 900905998
2  13 93328704
15  18 2021630578
17  12 1749173275
9  7 92120195
2  6 1969453303
1  5 1657168592
10  8 1815775327
15  13 1210331149
0  9 1087800057
10  18 952029586
14  12 1176534160
12  9 1371168356
11  12 635800544
11  19 1018632267
17  13 1413030113
1  13 194257755
8  15 1746481894
6  4 966313350
1  14 2026228571
17  14 1568357582
16  15 618111163
5  14 761546730
14  1 903732999
4  7 633172730
6  9 333094580
18  16 759502029
13  7 50757661
1  7 145523372
3  8 1390377192
13  18 2078377218
9  8 1281964409
17  13 1570250655
10  1 1395732895
1  5 1629574781
0  15 1409339315
19  15 425297097
12  0 1625604744
19  18 2004557945
7  12 1374802590
2  5 912651720
12  15 1833206416
16  9 1430652866
9  18 1436347830
5  6 538478834
14  18 1222535609
2  6 1043522030
16  18 2058703237
2  16 593568341
18  11 2025283022
17  1 1399394939
10  19 80481776
1  16 1337635437
16  0 2089263083
16  14 1478591701
15  16 2005433234
