100 20 1 12
3  4 193212235
2  6 256999294
15  9 857766796
0  14 878388781
17  11 913899461
10  15 746900444
9  1 1912023589
11  9 729045509
9  12 560710618
1  7 264185858
14  16 573796031
6  11 23448603
5  2 373340758
18  12 806806167
13  8 2095220057
16  0 29228625
12  15 429309608
9  12 431290345
18  3 1917035566
19  14 294393184
0  12 1829983808
12  3 1018906262
19  12 1790225238
17  15 2013014497
16  1 856852249
18  19 1760314324
7  2 286346037
15  5 1752984556
0  5 1230914827
19  1 1205271514
17  7 692871542
2  7 1006871061
18  14 368146171
9  4 1803331198
1  15 401557689
13  2 548436686
12  0 637634473
2  8 766760553
16  10 1817629626
0  11 297177255
18  10 1956466205
12  0 1865896492
18  17 1581954314
14  0 715410874
12  14 1374341766
6  0 1134186706
4  15 161160477
11  0 1651885740
6  1 1708322682
16  4 1210524166
12  10 1223111080
19  9 34223379
12  14 1137787456
16  2 896262047
9  0 1328022982
8  15 328577315
7  1 489351183
8  18 682348613
11  15 1585016793
10  11 1267530737
13  0 884458964
17  8 852284353
16  8 1342812894
15  14 1936374421
11  2 748283952
0  12 621211353
15  2 99915419
13  14 265529856
5  19 1071689791
0  15 327569963
15  5 613330688
15  1 369035023
9  17 356250319
0  12 1727279550
13  14 1849375784
4  18 63070508
15  14 771577032
13  10 2077860009
9  14 1510011927
6  2 1297755437
13  2 908171343
19  3 1377148234
5  0 2038841860
17  15 1144035012
19  5 890178147
14  12 1501639729
19  10 83806333
12  14 2084836362
4  8 1124133194
3  0 1310798553
0  15 1429523832
11  12 291098457
9  13 118230084
1  18 831282867
17  18 1809481178
19  8 1221959603
1  8 1953257706
10  13 912013044
1  14 1757944144
9  5 1110323988
