100 20 6 14
15  8 729462348
18  2 170011274
18  9 303851309
13  18 1356253265
7  14 1977583784
14  1 1595487333
12  8 183206907
12  9 900222462
6  8 826467493
0  5 1691425097
16  9 864363130
14  12 1344092759
4  15 1723240070
3  11 815200650
6  18 1558006960
8  0 1203966997
2  17 233438372
4  5 1568283059
16  5 1755406933
4  8 376096237
17  18 856747250
19  3 1933361626
2  1 387783831
2  10 252625318
9  5 533723380
0  5 284625239
3  8 1617508232
14  8 946851950
16  12 416158582
9  10 432883203
12  0 1426125400
5  19 1794926280
18  2 376067723
13  9 2039984336
16  7 1289014749
15  11 1225866965
2  11 1824640208
3  1 293313825
19  5 959129877
18  7 1939614348
18  1 2018118511
15  11 24785897
8  0 1098441857
13  17 713998185
14  0 203419480
19  3 508093292
14  2 807347766
1  18 2042434685
18  10 1909356537
19  10 823351127
10  2 686760527
13  5 890303259
4  10 2027848715
0  7 1157241807
1  10 1165818107
15  16 573499154
19  9 515613883
4  17 1492225096
3  11 1443965909
3  15 1947385789
12  18 854580738
6  11 1023903380
0  6 862905090
7  18 1321621892
3  13 791534204
18  16 1213573671
15  17 2093272804
14  19 714550424
4  10 1767205889
6  7 863237529
13  7 1133742412
14  16 1354667974
10  12 38499881
14  5 1902253691
16  3 535865247
14  11 785011969
13  7 1721919234
7  8 1533669532
11  19 375706697
12  16 534803250
9  18 444841767
1  4 2028568823
10  3 1348642392
14  19 275295424
19  17 1740889125
15  11 453778306
6  3 896919050
10  18 1058211723
15  19 278229820
15  2 1722867631
12  3 1601797668
12  19 1718130553
8  15 609581227
5  9 2032528498
4  18 329044513
10  16 679692454
1  6 1727134336
15  14 1729619555
14  12 1761321518
16  2 1417825714
