100 20 1 17
18  1 1841187400
13  19 990312057
3  9 2064331300
14  18 1334478012
0  15 263498097
5  9 308219480
18  11 463530018
2  6 1762035015
13  14 1438409009
14  10 745962338
2  18 581705603
17  14 620317985
19  14 152332771
11  5 845159859
8  10 1767575995
0  19 1069565893
15  12 2128787442
0  10 129920244
5  13 576781776
13  1 870854717
2  7 876655919
18  2 2138388748
3  1 814558072
14  13 2057039069
18  13 630001392
8  19 1144286978
18  11 595073947
10  9 1450352809
17  5 443421310
17  11 858647441
5  8 159910098
18  8 1953718769
0  10 521737205
9  10 601757618
10  8 145792852
7  14 1126141417
16  18 724009121
2  9 2105091145
2  9 1471233127
17  13 1589441444
8  16 343550420
8  1 755968405
8  15 2013553563
3  18 153267472
5  7 197393805
17  19 699844116
8  14 376603384
16  0 1473890477
4  6 1006603563
16  17 1901852135
4  11 1803682855
2  14 103037607
13  17 2089002412
0  2 1350597943
17  14 1491496462
5  13 1095347611
6  1 912446877
17  1 251604644
6  10 927236834
14  6 1994794221
6  9 295952542
2  18 451039391
4  12 819123719
0  2 206434782
9  6 525210123
19  17 1093605187
4  3 327187613
6  2 352635737
12  1 1375272663
5  19 396850183
1  16 855603777
10  0 616043529
15  14 1799092655
9  13 1546024154
6  10 1297328427
9  14 1655617665
13  6 1081775471
13  11 1716614084
15  13 222082872
13  14 2101191267
14  5 891674396
12  8 1449381732
3  19 2088356510
8  3 1928688929
1  14 470224154
4  17 1694206970
8  0 774183761
15  0 238157328
12  19 1319237534
4  11 1717861729
16  19 20336461
8  7 1956131154
17  8 666473263
7  18 1115362862
5  11 1127718098
7  11 1570276421
15  13 1723617356
1  11 488245354
6  19 1266039192
15  14 1680448999
