100 20 1 10
11  19 452658472
12  5 1433241004
17  9 1085024885
15  19 217166038
15  10 975251645
5  19 1198490657
5  12 1013599213
3  1 257754571
5  17 849971177
19  7 1289594336
18  0 1053872518
17  14 1635190008
17  14 1393041126
3  4 536399874
18  3 709432061
9  14 6127625
1  17 300209490
0  18 1159588069
12  15 1484436386
17  0 1723513699
1  3 1288569527
0  15 274766057
14  7 1056571960
4  19 91082911
1  12 1910416669
11  9 1901159288
8  5 666999484
1  10 1465202690
9  14 1136965996
17  1 1361071321
12  19 1922274604
4  13 114841610
8  17 1290588193
19  0 190275714
13  6 1909952692
14  15 2082126382
1  19 1388327429
13  1 1699434709
18  3 688526946
6  10 796974259
7  3 1607988914
11  3 1660265624
9  12 1883020768
10  12 651168841
17  13 1297463917
19  16 564882275
12  9 1399320101
11  7 1860259817
12  4 1668778405
11  3 1328133280
3  2 443358069
6  7 2048853138
15  3 1335816992
18  0 1887090714
7  3 2023567072
4  0 931069480
13  2 2096092524
14  4 1892596609
13  1 1057379113
11  0 440952396
10  17 161338320
8  18 289469240
10  19 1838505037
14  8 1496943309
6  7 945991215
7  15 1115690562
1  14 971468797
13  15 670462236
13  11 1164509227
12  10 1137111078
14  0 1055977534
18  7 2056483165
14  8 90321955
4  8 549030967
2  17 1871010235
9  19 1748991353
19  9 1226007444
10  14 324791492
9  5 936169384
18  2 1470923451
14  8 1219784153
12  13 97859882
8  15 902577897
5  9 533005962
15  14 1102026435
6  17 1041220371
11  19 2043540620
13  10 888603133
18  16 834337174
14  7 168574712
7  17 312922391
16  5 1624376608
10  12 1484765693
8  7 667191903
11  6 1219663988
7  19 875777944
4  15 1607303365
6  13 3396820
16  19 2087066715
0  10 898409761
