100 20 12 5
6  10 2022306439
18  10 1145361006
5  1 1566282535
5  9 1547635854
14  12 1623349799
13  16 845253859
3  5 1673589787
7  12 383281623
14  16 146944457
4  12 444082623
14  11 888696394
3  1 94569174
13  2 385966534
0  11 1387428826
12  7 933646068
18  5 17724305
9  17 1350328464
5  11 878773181
16  17 188208382
16  17 836677335
15  12 391999229
0  17 1365083471
0  3 1561385992
3  4 58618804
5  14 991612977
7  3 1410206865
18  15 1896748842
8  14 766494265
3  12 1205353368
0  7 1580659788
7  2 1131449303
16  3 1153344618
1  18 2042279538
6  0 300731364
9  12 1022957266
5  17 1593087092
9  13 1731054937
6  4 456972991
13  8 300310703
3  19 1466559942
19  11 991681391
7  1 1981810739
11  10 657518111
2  10 148651687
2  11 952488717
2  7 12583848
15  16 1452687690
11  6 112802392
8  12 1273864514
17  8 1447415759
8  11 960882905
3  7 1638470096
15  4 509842200
17  1 1800995461
12  17 1220194987
15  1 78319212
1  2 1478563550
9  5 1179817124
19  3 839978650
0  14 1071565543
17  12 1082866265
9  19 1397632636
13  2 555521147
1  9 742848475
7  19 1055118140
9  10 1563467707
15  4 588058829
11  18 1455007253
10  9 1431031255
0  4 726098439
16  17 1321690295
18  5 1824677501
16  12 1125883711
17  5 1071934821
3  7 1371670108
17  0 966943346
19  0 353593929
16  19 606059336
15  10 1776296034
11  14 419314522
14  11 489011160
18  9 55676330
10  6 984344518
8  6 829861348
4  19 929264788
18  13 1581910502
5  12 2114001371
16  7 315130335
19  9 764646122
6  15 173065804
12  3 2143089582
18  19 1774059021
16  19 1679366981
13  11 2129216032
14  9 382243079
16  13 1222466377
4  17 1228717025
14  17 1777696415
3  0 70604022
16  18 1998171125
