100 20 2 12
19  15 26635404
3  4 1448529874
8  6 994627194
10  2 252190346
15  5 2043279324
3  13 561905583
14  19 1468930785
5  14 1732225372
8  9 1779591462
9  17 1417841933
6  3 887361344
3  10 1405124295
6  13 978484794
12  17 1499578620
1  5 156400978
19  5 524116028
15  5 402357039
16  0 1144555916
10  9 2024818240
17  14 1485078461
15  3 829264029
11  4 823113855
11  13 1222666507
11  16 1693612576
11  19 746517294
9  3 1403693366
7  12 529993089
8  18 1508363625
10  12 81760073
12  14 1714870058
8  3 652338437
13  0 1987406876
18  9 571634007
18  0 1111654756
15  18 566226577
15  10 145547654
6  8 1831068693
17  19 2040872470
2  17 1738503446
15  0 1120066525
7  2 462639393
8  14 972183668
16  8 766100084
4  1 796340072
14  17 127456088
16  9 2073494097
6  13 1523737135
5  14 1681357133
16  8 1222759456
19  8 1815525715
0  7 611970876
7  11 462028439
11  4 380670178
5  19 1480375392
14  8 2136929506
5  3 1041374861
14  1 1425572707
17  19 906028996
2  3 1352421892
1  18 1353509838
10  5 1088388984
12  17 594110615
17  16 781505430
16  19 225855678
3  14 972574634
17  10 523929997
2  12 1121041634
14  7 512958016
18  15 904687037
5  17 1518330892
4  2 929734690
16  18 935035256
11  3 2070462940
1  17 653597598
0  8 1339768839
12  19 1323233975
6  5 582918800
7  8 170193229
0  19 924905499
9  16 1250227684
19  5 374908456
2  17 61462392
16  0 562222041
18  11 1964191818
7  16 50135439
10  14 608886824
1  13 87151190
5  16 1201324794
18  5 2083154464
4  1 1581418444
5  3 991248835
9  10 1365220560
7  2 1594172203
7  15 1142897865
13  14 1518066291
14  12 1481095608
0  3 258558241
8  15 1703219503
5  16 438463345
2  17 1136005099
