100 20 14 8
6  15 53989477
10  2 1020076257
2  4 1997213022
11  19 1285670770
9  18 1146555269
6  5 885496223
10  6 227570
17  3 1930418431
15  13 86287845
4  3 1867305109
7  9 1336388505
5  7 1281758026
12  17 1305609779
18  5 159411341
2  11 1012523328
5  11 146455070
14  0 153197353
14  6 511795781
16  1 707295721
7  10 636108980
7  0 773129975
19  15 1000442705
4  18 13385915
2  19 1626507081
13  1 634190063
13  15 255428445
19  4 768346508
9  3 2085002312
12  17 1605378399
10  7 1060491042
7  2 259180550
9  12 1322853621
6  14 1726974628
19  7 561801945
11  8 2109599979
19  2 642897223
5  6 1271621043
8  9 154706570
6  7 1690457254
6  13 1201807309
1  4 1085623671
6  16 503164243
11  14 1541661191
17  19 1208051892
19  7 2038055116
3  18 1130366764
1  3 1974745217
2  8 1676298184
13  12 1621795051
2  14 1453053515
13  6 1583533075
12  2 1732428553
12  4 1827744028
10  16 398228597
19  7 653803919
4  0 1251981431
5  18 179509378
9  6 1120754288
16  14 1873845954
10  14 1345397892
11  17 17632325
0  4 1737005855
11  13 1708800294
18  6 1827176016
11  12 1011240347
14  2 661062390
18  3 529524075
9  4 92340910
8  5 387764779
11  5 1939532589
9  0 1745483639
10  2 953257887
4  10 1548477730
6  15 2064493191
8  11 203474190
11  1 1943373145
7  12 888593710
6  5 1719842214
17  1 885674727
17  13 1151224374
3  0 1069463378
18  14 1492169929
4  11 805634446
16  0 1771905842
15  7 250983534
13  10 120142893
16  5 14138325
1  7 2108470989
5  15 1054644813
14  13 306529674
6  4 489924217
12  18 170544793
17  15 98441902
2  17 1113063306
0  14 1721246345
6  10 1523996950
11  10 1677512483
1  15 1233000158
18  8 946644369
4  13 768852732
