100 20 14 5
2  0 179076873
3  16 402350353
19  17 1129546218
6  17 190528585
14  4 1139662244
2  15 1018224090
18  4 1622109681
14  0 1805415843
3  18 110104685
1  0 1724163199
17  1 1309448206
10  16 1676226275
11  18 689268947
5  9 1247242313
19  15 1683122191
10  3 1156951940
4  11 1874773749
18  2 405620519
14  19 119576942
18  0 1117745122
17  2 1171617883
12  6 1083510530
12  8 276375351
13  16 1337547559
6  13 1304107316
16  15 874515894
19  5 198375421
5  7 2102829826
11  13 1112769911
14  3 1535495534
8  11 652195150
2  8 784978602
4  10 530722735
17  8 34432939
14  18 324572628
13  1 1988890025
12  1 483816179
11  10 1471408338
2  18 1147853239
7  9 1409082358
6  16 2037080287
10  6 586151253
5  1 1178346034
10  9 2086009272
9  2 1578485583
7  10 1024565910
17  2 478884593
11  10 1197434156
2  5 1889316743
10  2 2048706163
12  9 710045529
9  6 1552240720
15  1 1611830265
1  11 1743991409
9  19 526533380
10  8 452647453
0  12 1980982177
1  13 121843938
6  17 740390772
8  1 343806643
8  16 258591281
10  2 839213178
7  15 1535573471
17  13 1605098589
1  17 1554299347
15  8 2014142180
0  8 954758266
12  6 468047025
17  18 444051877
4  19 802920157
11  0 269448340
3  16 1954949878
13  3 1682068376
15  19 994431952
4  9 1621765792
1  2 1296515984
15  14 1528691236
1  13 445245232
13  11 1973370897
19  11 20201268
9  11 763404024
5  2 360585823
1  8 1699273155
13  2 1366831286
8  1 1851903060
13  2 1161605789
11  0 655501621
0  3 1293677054
5  10 715165321
5  2 1073618902
5  14 683772348
7  4 556501431
7  12 269271764
16  11 919817203
5  0 223265635
1  9 1892818357
14  17 736408158
6  17 1745245963
18  4 1292647210
19  16 1492448127
