100 20 14 11
4  19 595371813
1  9 563453104
13  17 980059886
6  8 1855078597
2  10 1151340606
7  14 1946913276
15  8 1115777660
8  15 297472138
12  18 1276887479
0  17 979585957
11  18 1832796491
16  0 1160917823
5  3 1373043922
11  18 1423098785
15  4 1596119134
15  10 1665639468
6  19 304955237
2  3 839217340
5  13 783964582
6  17 504198227
2  17 1737041060
11  7 1942289992
5  0 786521381
11  3 2068670025
9  10 1071887413
1  14 1762817894
3  4 28462562
3  10 151995327
8  15 1374088571
14  15 213505875
6  15 1899175130
0  3 701063013
14  0 1245318292
10  12 1770339680
18  14 780924020
5  18 1603917018
16  19 1606889207
18  19 1132563520
11  2 456249150
1  5 1748835262
14  3 206275114
13  6 333613754
18  9 1189609581
19  16 347600950
12  19 1843831335
16  11 887653039
19  9 1960291618
19  6 953033194
18  6 1046130256
8  3 812679208
13  9 532889116
14  2 1113326532
6  7 2073762112
17  2 1791855275
14  0 1445721364
18  4 1342569745
12  4 299554657
14  19 1716090400
4  6 1245840188
6  16 854233703
15  17 1531381251
9  1 1174067846
11  8 2098042458
10  14 623458969
5  17 1026227481
9  15 1935810135
18  14 822894486
15  10 1887668776
6  17 1000580735
17  0 217026487
0  2 864568713
2  9 1692258592
11  3 1139638713
3  7 1250016532
10  18 701177678
10  9 657883272
1  6 693138570
4  11 236911294
13  14 672602703
3  15 1482784553
10  6 1445592364
8  11 2144649461
4  2 161197398
3  6 810547051
7  19 1200414921
1  11 1945509267
3  13 1414474039
7  0 509977768
16  3 2132170306
8  16 1384718052
6  12 1968935339
1  14 461979175
6  15 15908650
14  8 884018938
6  17 1277077942
13  9 16236237
19  4 1107058177
10  13 1039744223
6  7 983644239
10  13 454688153
