100 20 7 11
4  19 14597270
6  9 916333945
0  10 2136780810
8  1 516243272
3  18 1824104998
7  12 1865800360
16  15 1887232217
3  2 489593812
7  3 1643085070
9  18 1177716411
10  5 1203940268
15  13 284459187
16  4 1551166069
18  7 1206123694
5  1 860906463
7  0 1887708240
3  7 522730023
19  8 1880234567
18  7 1395996403
10  6 268696106
19  6 708588783
0  16 1249866335
18  11 177714615
19  5 999589790
3  15 129728685
1  10 376097921
12  13 408952747
15  7 1588309408
3  19 1401778550
13  17 833761576
9  3 1682398262
11  9 340480764
4  17 2001978423
7  5 1794957650
5  19 101478998
19  18 1861298291
14  2 262724827
12  18 1573911063
14  11 825428492
11  9 169274512
17  3 2137501043
17  1 1209022954
7  11 1185119583
12  18 934492317
18  15 1020799319
17  18 757899844
15  1 680423124
10  1 1525075657
7  0 827340750
14  5 1404416765
4  8 1513735110
18  14 1819163072
7  8 1953947586
14  4 1292746155
19  6 359633615
6  15 1124377680
2  7 808549526
18  17 903075106
19  15 1906369206
19  6 2105611508
0  8 93195131
5  4 468336534
16  13 909837072
16  12 1227960544
16  10 504311977
19  11 564044073
14  4 492084143
11  6 2128130896
19  14 610879359
16  13 1829826050
17  14 2108457150
8  17 463259427
14  5 585574597
6  2 1188121562
18  7 2129095035
11  8 356148661
12  7 803698982
10  5 522102350
6  15 1699143391
12  6 507711889
14  16 1103494686
8  18 1101306201
8  17 1041345351
11  16 1903709499
2  15 1702349047
5  1 1933273944
12  0 876841939
14  1 1897558778
12  10 231821713
13  18 1526995745
11  13 1670743010
14  17 1524577563
7  14 983384330
4  19 1852455064
17  4 537552775
11  7 2105313694
19  8 798344090
6  5 977806593
8  15 601568474
5  14 1095935588
