100 20 8 18
17  19 167747183
1  0 1610972876
5  9 360170727
9  5 1190480242
2  6 711990732
8  3 769133792
16  4 1844444039
4  10 1227400173
7  0 1065197483
0  5 544455914
10  17 1369821109
4  19 1165851838
15  18 694725185
3  13 381613231
1  7 257488502
12  15 1804204820
11  15 1153469107
1  12 882394596
19  17 1531064367
8  14 1966184776
1  17 1263520149
9  3 127189427
7  0 760958203
17  12 1485465034
6  0 605185741
13  1 1025595756
18  1 416146727
13  4 1854066091
3  1 524383196
11  0 779679612
17  3 1930089076
3  15 281337723
1  14 2136322015
12  18 643446548
13  2 1467258255
4  3 465798648
10  9 1345862587
14  3 996503351
0  10 1431331300
7  14 1584242557
9  10 168181767
17  15 1127843239
17  13 15238260
18  7 813128954
11  9 1919619348
1  13 425271416
16  7 1981278188
18  3 452741911
8  6 1616443419
15  2 871850082
11  9 325736531
4  1 2073381879
10  7 195797333
12  2 1309506832
2  4 1593262898
4  15 2116364208
4  3 1980187194
10  13 1907186826
13  0 95270956
0  4 1426133826
15  10 569615241
17  19 735699586
15  1 1648695302
15  14 1739447852
0  3 1517439607
19  13 1695464641
11  18 798683615
2  1 1799071003
19  13 267757288
17  19 15105868
19  4 1500138016
17  10 7003429
0  10 194633855
8  18 1577725832
12  5 1809412467
5  17 802484856
11  6 642839555
4  3 1074630896
13  2 659892847
19  18 1786964834
1  15 468805748
11  13 1165681327
3  15 1848364039
8  18 740504435
13  9 157086633
12  4 1496501998
9  4 1828896968
12  11 1132373738
6  4 101366942
19  6 1613534923
1  19 833340479
2  0 2124711810
18  13 817778433
2  9 1730799054
1  5 917319037
13  19 891331761
6  5 708046061
18  11 2238763
17  7 320514343
8  1 1480696185
