100 20 3 9
11  12 1098209953
8  18 1910884366
12  16 613048356
2  16 841384100
5  4 822813926
3  2 2035322062
18  4 694437083
14  4 379624318
3  16 835596903
6  3 128167555
19  2 222384596
7  9 776379441
17  18 38039584
0  4 108023737
18  16 472624595
9  2 1868059476
11  6 735436736
16  13 325453895
19  5 1236893156
5  19 689849119
18  12 1942178146
5  12 1083212444
5  17 1326170561
4  9 1699657783
9  19 1764446527
17  18 325222776
7  18 265263979
16  15 315950049
12  1 1414607005
0  16 2056676379
13  8 625073489
5  1 861327289
0  6 1767794660
19  10 300109122
3  15 466865283
18  19 1344400069
9  13 2114816619
1  7 1664693757
14  8 296700678
1  0 851088229
4  12 727823548
11  13 1177098999
2  6 597965904
17  13 2100738981
18  12 776182047
16  4 1819049714
7  1 1011487977
11  6 10956089
5  17 203621338
3  7 1383873723
3  1 247009633
12  2 1248786675
6  5 996952375
5  13 236396333
19  10 892822524
18  15 1545498018
7  8 997125457
13  6 1944603494
3  17 1617904126
7  0 1579649324
7  2 813651322
12  0 1752472488
15  1 1840501344
4  3 879168768
19  8 1099493957
5  1 307196768
10  2 1372888865
5  12 1094978118
10  18 866296017
6  13 1151410412
10  18 1386997432
19  10 612965597
19  11 1997456398
1  2 1670453021
0  3 1628563275
19  10 882753398
19  10 1617661141
5  16 658695332
4  14 311788115
0  2 1602676513
6  5 1211460023
3  0 185595655
7  1 2008722676
15  9 1917922552
18  2 1789024451
8  9 1843892641
7  13 2608226
12  17 1398172817
13  8 1126993361
12  11 151179288
10  1 99725263
10  9 259937278
6  7 549788510
14  3 303921073
17  1 1505851
2  0 1306983458
16  15 1045827284
11  18 903659829
2  18 1304717618
13  1 1927317621
