100 20 3 7
6  7 1241705943
19  3 1688168287
9  5 442313702
19  6 1662374697
14  12 1862286230
18  16 560581432
15  11 1518755431
2  14 263891319
6  11 1875130866
7  18 2042821148
10  19 1259064777
10  4 1396985918
17  14 439090875
9  16 1004775511
0  17 440750198
11  4 1034128258
18  11 212773011
15  12 951166499
18  16 1161896060
8  12 914517719
3  5 1545518534
6  11 460313381
4  7 1520800233
4  16 269204467
2  6 85332282
15  16 2058057750
12  0 820437669
11  3 519410685
9  3 2076296682
3  14 1727508133
19  17 1684841141
15  11 1144694300
19  2 1757160310
14  17 2132700903
17  15 55888039
1  2 2136032149
4  19 1071550283
4  15 1481294672
5  16 1067195449
9  17 312645334
13  1 451816
9  14 24503541
2  12 439578022
9  10 1800576588
9  13 542583231
0  6 1737180567
0  16 1258817588
3  14 728333284
11  17 2124182038
7  19 1793532518
9  14 702697300
1  14 1034160954
10  16 492679719
10  15 1802442817
15  12 1234675551
19  9 1379685035
18  9 1193933632
13  1 1500847668
8  15 1035864170
9  18 1503426474
11  19 509506352
5  12 1325582503
9  11 967929085
11  12 1943679701
1  6 661911191
3  4 1565053714
9  12 1034774337
1  6 409921466
10  7 1968485408
3  11 1883946935
19  1 1264895067
5  0 890930965
19  2 2037051988
12  14 999450750
5  17 1446093509
16  7 1563949600
14  8 948606641
10  6 1967839462
4  9 1669929311
1  12 1284336573
19  11 1080644804
1  9 1116367741
8  3 129365822
5  19 350744966
3  8 1073841693
7  3 1121719681
5  0 1152368065
11  2 1164391188
0  11 353362189
19  13 882666844
16  4 338927056
1  4 31277055
3  9 1856003121
18  11 1805406588
2  13 1329831305
14  19 916755799
7  13 1839902946
17  7 1438685427
13  19 421512020
18  4 1268400998
