100 20 14 1
4  11 1358232489
14  8 1251771942
2  13 459325842
4  5 1583053821
1  2 1211050950
9  4 1341729887
11  19 629091844
9  15 1756955388
19  6 1565020438
17  5 2116049127
11  19 1959338978
16  19 525091236
11  13 1651323156
14  0 64162107
1  15 1936619439
11  10 1913426640
10  2 1744712275
3  15 1893848033
14  18 2133880955
0  13 1672693181
9  1 1878452105
9  2 1374084201
16  0 1273324317
15  11 1340113009
19  18 880067320
0  18 682237120
8  16 669299930
15  18 99224280
11  6 314129131
14  18 26390075
7  17 625449356
0  19 367973579
12  13 1502350113
14  10 1826429549
2  0 46954522
4  8 949716621
7  16 1372436175
13  14 122289205
1  10 735922419
2  0 446329106
2  19 2113485744
7  3 1968690402
10  19 1895528461
2  16 1459125694
19  6 1241313683
8  3 1520010583
4  6 1044098
13  9 1974890206
9  13 1360267026
3  4 386944938
12  10 31729928
15  3 1066235327
18  5 1316988620
7  3 1183054439
2  5 637770214
19  1 910374324
13  2 414553177
18  16 862558165
18  7 1074491552
1  11 971150432
12  18 1515224993
14  11 754488866
14  16 1811269561
7  0 991674006
18  19 962816409
14  13 309302719
16  2 358251604
18  11 1078163088
7  3 1278061540
17  3 2011358656
0  3 1798941704
5  9 882597644
13  17 792705052
4  6 1067361116
16  8 469209386
9  7 1798392615
3  15 1427244507
15  8 1975186675
9  0 165166285
5  14 1431159914
1  3 1598931316
9  8 2008302991
10  14 1064682292
6  11 1318735917
1  15 198990609
4  12 1648178980
10  2 1926624226
0  14 2131772668
16  2 979014067
11  17 1517453375
6  9 166175705
1  5 1478736742
14  17 2085721872
19  15 551416924
16  0 1175459317
2  19 1916386951
6  7 1749149173
10  9 1429765980
6  7 1565785021
12  13 1443139910
