100 20 19 2
8  10 718422476
5  7 2080298368
0  2 1482298476
6  4 1159094418
13  3 142591054
15  17 48704506
16  13 1075295178
19  11 1235384016
5  4 144480220
14  2 722596615
4  14 181004522
5  4 1565391623
19  16 163346877
6  2 499263978
5  9 439627334
16  3 1321012022
14  2 158543305
12  13 899411891
15  19 603013081
3  1 1623167432
6  8 904180474
17  16 2129722184
13  12 306396885
10  6 78282312
17  11 1142903467
12  11 508061280
15  18 647899316
10  12 981001111
0  14 626287870
5  14 1788060614
8  1 1463988205
4  9 665220076
3  1 471912386
3  2 809514198
1  10 391850636
10  13 2037887187
6  16 758216800
8  13 243437360
6  7 93305041
9  10 1511894381
18  8 1960718040
5  16 938745765
14  6 1191547065
10  4 1698120003
10  6 1571408155
5  16 217437245
8  13 951667982
14  11 324783535
11  19 636976226
6  14 1010082053
9  18 306513837
6  14 1178455524
15  2 89437723
16  7 618064618
3  0 448402679
4  1 1828866080
5  11 669351721
12  5 779565348
10  13 1508375719
6  5 716400043
13  10 604926659
9  0 1415004225
18  19 181019850
17  8 1013689441
17  8 1381657393
10  19 828213095
18  9 1382904995
7  18 1731732130
14  6 1118554697
2  10 1387423648
13  5 771012290
8  19 489253967
4  12 1688070095
0  2 1573972793
14  0 158566303
0  16 1908432532
19  15 1012661928
8  5 1221579416
4  17 702978361
17  7 2012235745
10  19 1946451115
9  18 1973668169
11  8 1410134549
3  15 1792604737
8  15 2080250254
16  0 89388251
2  6 893073184
17  4 5790464
4  11 729625137
16  8 1363664328
1  8 76885817
16  9 987341831
17  10 203809404
6  12 917007190
4  19 1179398590
17  8 1039428893
12  7 1715578478
0  14 2071529689
10  11 903725552
4  12 46932138
