100 20 16 10
18  11 544818686
4  8 862021242
7  2 1595707964
17  5 437964685
17  11 422099817
14  10 1546575266
4  11 121984449
8  19 1089261662
18  13 1874830704
1  13 276173960
9  8 447073336
16  7 1453097324
18  11 1013861212
5  17 573228082
12  13 1486237854
0  5 2107564635
12  6 434231960
6  13 1808499195
9  7 1521512790
5  16 957085365
0  15 1555520204
0  14 1367923666
14  10 1782586953
1  5 941421493
3  5 1584750984
5  0 271470737
6  0 39973645
11  0 162822732
10  16 2062218341
19  7 787924974
4  0 321957598
19  6 187972071
7  6 504780843
9  7 264282862
0  18 2050845975
12  5 450814682
3  11 1703171699
18  8 1168085633
0  10 801690331
6  1 1870911348
11  2 1646902743
1  14 922710536
12  11 1150969543
10  17 1009034906
5  14 5781312
3  7 689644838
2  16 1732047623
15  3 815510090
4  12 1652789571
17  2 1322881742
19  18 87543235
14  6 476702473
13  11 1001547833
19  15 1382062620
6  1 786807081
14  12 1994136144
5  1 1727200926
19  11 389661769
5  18 558779738
19  10 1173628010
18  16 63935185
18  19 646884021
12  5 140596116
11  18 83957830
15  8 483175285
3  14 811779042
15  19 954339263
17  13 2036925854
2  0 1378410988
3  8 559158348
1  9 510251763
6  16 1569106950
19  7 749707036
0  7 1628308206
0  17 177325879
6  2 881879098
0  1 1389760905
18  4 1078164820
7  5 1736660043
1  8 1263850280
11  1 17920102
9  17 502323353
19  17 825628920
9  7 1186596262
9  1 553267388
18  12 201463035
19  13 908784500
19  0 1072008051
6  0 784211337
15  19 1581481638
19  10 1308612755
7  5 836501000
18  15 901138944
15  7 2085839268
11  18 1244927849
3  11 1074704440
10  16 303638264
1  6 1736356146
7  16 1350851568
7  10 1151635396
