100 20 15 3
18  17 294404858
1  13 258843933
3  6 527777927
16  6 6422866
14  7 1217349981
1  9 1923336123
0  5 1584480974
10  11 541598765
11  18 1661421718
15  5 819972778
19  10 1833916430
14  1 1723239190
16  11 1405972943
9  2 1269593588
1  6 1924899592
0  3 1295248807
0  7 970837717
10  0 958789191
4  12 741146582
0  17 561005094
15  16 1564985135
13  19 1568816528
5  11 819321445
4  1 2108991120
3  16 722861425
0  2 1436103392
6  13 2141390651
10  12 1315976812
4  1 1036275052
9  5 1196284136
10  4 626093138
0  3 9920971
15  0 281020895
3  4 23812295
1  4 1294878387
5  13 1821557898
19  1 1927883798
12  0 563620564
15  6 863274135
5  19 1393017601
3  8 1210967232
7  17 355409686
19  8 1684004938
17  19 569147461
14  18 382821479
1  6 2079406771
9  15 5195729
7  11 1074212148
17  5 256507004
3  1 813202962
15  14 553459792
4  15 1557880830
3  9 1408101500
0  14 2000333600
13  4 1519146224
10  7 582897485
9  5 456202600
9  13 983968810
6  18 518858848
3  8 2035257967
18  1 2123765525
9  13 159087794
12  6 1092485557
16  3 1131747364
9  1 890535957
0  3 1071320429
8  18 2030983381
16  2 864077206
9  1 1611720344
10  8 1729588912
4  1 279766618
13  18 1542648034
15  1 2092577543
9  12 1622263469
12  8 1309820036
19  5 1600678930
5  6 966840142
2  13 1741582543
15  10 2125532298
1  8 449879710
7  17 496520415
8  14 1335227852
6  7 264951197
15  8 2065671360
4  19 1011820375
18  17 1284295023
0  14 1396617564
16  17 1556780219
5  16 1120556958
1  7 452895942
18  2 92661370
11  9 1487006582
13  14 1431765494
4  11 226593769
15  1 187779459
10  13 1108211516
2  10 1877921622
8  7 823321354
10  1 1736530649
14  7 1156467492
