100 20 10 6
0  17 255322484
13  7 2071944723
14  4 781058573
7  2 1473800889
19  7 1899801140
3  7 1811445790
1  8 780670498
8  15 1289571587
14  11 976503971
17  7 1796523033
3  9 633140953
19  16 1955060929
2  1 136243419
2  11 2060718802
18  11 1367482762
5  19 1731163492
11  18 1040106809
16  17 559966816
14  7 1680128574
12  3 20376491
17  10 1844072779
9  16 132623396
7  11 1451187498
3  0 45637483
12  18 1775849152
1  5 123893161
12  1 539582485
11  8 1739667495
16  18 2058987856
14  12 1968240470
10  16 419342768
4  18 337638068
13  2 1939835397
13  11 1799446731
7  2 1155498721
11  8 2135891317
15  19 698641513
11  13 1672483324
1  4 899581083
16  10 1192620955
16  12 1263751305
10  3 1415155477
6  14 440532783
5  2 1105594032
16  15 738233189
17  0 686246110
18  5 970174584
6  3 982188422
2  18 1284888510
17  12 1089167577
8  18 1306567481
13  2 861594517
4  10 1365147449
7  18 1395703944
19  9 1361437958
16  9 1826370968
5  6 1743589351
10  11 1373470027
19  11 282986310
15  4 2007192158
2  9 1321944598
19  1 563296883
6  0 938182153
1  5 1458977558
9  8 989973492
15  10 1362155950
0  8 2025189164
6  17 466173575
2  9 704526267
10  14 602374633
19  5 1484563618
1  13 1502894372
8  16 987368827
16  5 702155334
10  1 471969951
2  5 885630726
19  4 192639014
5  6 1363663862
15  17 557588594
2  19 1366675747
4  1 1497477702
14  17 1070573027
17  18 2089599642
5  11 1916378929
0  7 770440657
10  19 439838307
19  12 599071283
16  19 1427842008
8  14 1180876032
7  14 557456323
19  16 806602251
18  14 1711561957
7  2 1930340586
19  6 282573556
17  16 1719489903
4  15 505085853
12  16 1888014236
11  0 1592274042
14  1 1449457303
8  16 268322924
