100 20 7 4
8  18 1698244525
15  19 2100572020
13  0 526943377
1  9 572335350
17  1 379598036
16  8 329277905
2  19 654960424
0  16 645769923
2  1 2004708439
3  19 225505573
1  8 893128006
11  2 1437402758
0  1 2042479928
1  4 1417974471
7  5 1568837950
14  0 1135546287
9  4 347004873
3  12 218898634
3  18 1401275866
14  8 2026836850
17  6 389481883
2  7 930123832
7  10 866021671
1  2 477861741
15  12 238673868
14  5 388842384
10  15 1885933564
8  16 1390964423
17  12 181497654
17  15 130256779
4  3 200359062
0  2 98192493
7  9 670307528
8  3 1803846689
4  0 2094191469
15  16 628269130
8  18 301512419
15  17 1499312619
13  18 1158563813
15  6 724741028
1  17 1671854026
2  15 2090603710
14  0 1715103683
9  10 790503773
0  11 320619371
14  17 200454221
13  6 891482535
16  8 1049943058
9  6 1677937272
5  2 1483320194
7  11 212877035
0  19 1040736922
9  16 2009236614
12  2 1276914124
18  0 2088112581
10  12 1404051089
15  8 2060205170
4  13 1984119155
16  17 1229256228
19  7 1795950702
7  17 144788436
16  6 1442921436
10  12 1341527290
15  16 990971063
11  5 401074856
3  16 637599364
8  12 1053556739
4  9 1004313718
5  7 1813398239
15  2 1240547240
17  8 940131526
19  10 343671169
1  2 1689896108
12  9 1168178765
3  12 1768795844
18  13 601662474
13  11 1688109130
15  19 1541019795
19  15 1899882858
12  18 1943578354
14  15 1952758057
7  0 1491713710
15  17 1176798137
18  5 724516793
14  7 181329809
8  9 1349270530
4  1 1375057587
14  8 467862824
2  0 1344671194
5  18 1554287383
1  15 1690645426
0  1 373974571
15  11 54159771
10  8 255898868
10  16 315837487
0  12 1637639685
4  8 915703478
0  5 1484860640
9  14 1879223030
11  18 589692976
