100 20 7 4
19  13 631432006
11  2 1213559414
11  9 406565524
19  4 442249161
12  17 345939731
8  1 1989291972
16  11 1089564058
19  11 1089210506
3  5 215625134
3  9 1011711905
0  18 181304264
3  9 709996770
16  13 833400248
9  3 747888955
14  19 1935137462
7  10 694650916
12  9 796610228
10  3 1007999811
17  11 608716962
7  17 851176481
8  19 1064620033
11  8 1244086756
9  0 183602413
10  0 1670789703
12  3 1531926037
3  11 429453458
5  1 504964149
6  9 1339692190
14  16 110784653
13  10 143153676
3  19 1174810664
16  15 1904627121
2  0 1432099014
13  17 269495613
10  17 655365705
6  11 524462295
2  12 649132237
11  12 865802386
16  8 131000170
11  1 1581525051
6  18 100602171
13  7 1899131235
10  0 1842218428
15  12 800930046
13  3 291415721
14  11 498545491
13  12 234805822
9  15 1334467323
0  9 598594972
7  2 370185753
5  3 1701322678
13  10 986754662
19  13 1057559325
12  13 1149849218
13  14 1799802678
4  1 102550616
0  17 2072524096
16  3 1877633397
5  13 1318340239
12  15 1156841490
5  2 1597141451
8  12 1182862380
10  3 1456489190
12  18 908827503
16  2 1435201856
8  6 603542818
0  19 1947257048
10  9 1921606307
3  6 1549921223
3  0 588206588
9  7 306624972
17  7 1370647493
18  17 982477647
5  19 1652111601
3  13 707684755
17  0 59304885
0  18 1310189030
12  0 1664262052
1  13 126682352
7  1 117205024
16  11 930827841
12  18 1855801156
0  18 1087346788
1  19 1190077799
16  7 835051929
1  15 1754061946
12  0 197576372
12  3 1428908398
5  4 493001429
14  5 1015752848
2  16 648288480
0  5 1156894630
10  16 853454372
17  1 523087732
4  5 1455332594
0  2 2007939446
0  1 2130837982
9  4 1395607942
0  5 252885039
5  8 686143563
