100 20 1 4
14  11 901981364
6  7 1076216959
6  3 1371804035
19  10 1250625512
10  17 609537020
3  14 181682691
4  7 883067449
10  11 370314780
9  17 1936354605
18  15 1410399912
4  19 2078227522
17  0 364299664
0  7 907267305
12  5 403824332
9  12 1589056003
8  19 2047409619
10  7 322092062
5  9 1753486709
0  12 1354756900
15  16 480235186
17  9 998750425
14  6 7272246
13  18 1388602158
6  9 921410279
0  12 409908717
2  0 1633418855
11  18 1065104244
16  8 668445175
10  9 526698031
3  10 1799163758
14  1 1854129496
4  9 19849149
6  1 215249035
5  9 439864833
12  19 551885790
0  8 1347441709
18  2 739587836
0  16 2118305856
0  7 856717828
15  4 677700024
6  15 544398347
16  19 842621677
16  7 17496316
15  7 656145954
13  0 1194194565
7  1 1587632266
12  17 133210693
13  11 757460434
16  2 1290936299
9  2 1188946958
19  8 429543023
1  11 1049682260
16  10 619707830
1  12 926432127
6  19 516035415
17  8 333553455
12  0 2115740005
2  16 1177500840
19  7 274689499
9  19 1584302707
10  17 1306975915
8  10 305692539
5  13 1447069257
6  2 1985397843
19  9 26678886
11  9 629369653
16  19 1296054076
17  3 1339153098
13  2 1012144908
7  18 1161527645
1  7 1200986384
7  11 908314690
17  15 1393475142
16  18 2116708705
7  1 1418402854
14  10 693285056
11  8 46497126
8  13 1534475452
14  7 1440319789
2  13 447786014
6  2 2020810694
19  17 921448474
2  9 590475962
18  0 59204501
10  12 1087178736
1  2 1893613110
9  6 1481192265
14  1 1532358260
3  0 1598693566
10  19 1651462693
19  5 795042742
15  19 26654613
13  9 22267904
14  11 49890929
5  14 1397871929
9  11 827094554
8  17 403504674
18  8 314477139
15  19 1501330153
3  18 2043978800
