100 20 15 0
2  11 68003087
9  0 519530398
9  8 474914819
10  18 1484211936
18  15 1134159575
10  1 1541313276
8  0 1177239001
0  16 1217194483
5  0 399993046
12  15 1381398984
12  18 900722172
17  4 1203746207
0  14 553634669
3  12 1442845763
0  10 244382197
8  14 1215626728
12  14 2012872168
12  16 1723912848
16  9 333993530
4  5 764013665
2  19 1099552531
2  19 1007199689
1  2 1001099072
3  0 1352879732
3  19 1703627008
4  14 484058224
15  18 6769548
10  17 1245991162
19  10 1936211489
7  8 340123810
18  2 2122061779
8  10 590611746
9  0 1184063817
8  5 91407219
17  7 1077736022
3  12 179530181
9  0 1226440922
10  14 205614534
17  12 1553349547
9  16 87977359
1  6 785572884
6  15 552223434
9  1 35289232
8  12 609255252
2  18 301735082
9  14 1994990146
19  17 1008734924
8  4 1978206269
9  11 244378865
12  6 1585967486
11  10 399903809
18  13 147884512
5  10 2022968422
11  0 1008320703
1  2 1681584201
10  5 1186922213
4  2 1276270791
12  15 680265155
15  3 1891445247
11  15 501731024
12  14 5413990
12  2 377344356
12  0 1608565513
14  10 1807739706
14  19 1238929431
11  12 561622204
15  16 1999037660
2  6 1920984251
8  1 1540772129
11  1 880804319
12  14 138963452
6  17 830931791
10  18 1927085840
8  4 1673785000
0  13 76432319
11  14 1297927476
7  9 353005146
8  2 779136923
15  9 2075800033
4  0 406128063
11  3 1195677338
13  11 457442
18  8 690813135
13  11 197369803
5  6 217224180
12  1 1517889749
11  12 286547611
16  0 1610315406
10  15 277788998
12  14 278294909
8  13 1611149685
8  5 1492855981
18  14 170169127
17  4 1458129832
0  13 423708420
11  1 1929045701
17  6 1980899434
1  13 1322689534
12  6 535470224
16  2 2030879782
