100 20 16 14
13  6 1681538976
4  5 353218254
19  3 1358651654
16  18 993913175
16  19 1265723662
1  16 1075280926
5  13 1334402550
17  10 124203032
0  6 54405729
7  12 1434109965
12  10 1692886613
15  18 1728518608
6  8 1370162796
4  1 1828870841
5  17 2064908990
3  13 1275739531
2  3 1265349004
12  1 766535283
18  17 232646497
11  2 2005996701
9  16 2020581011
5  11 1465359088
5  8 1959240696
6  11 1499637558
10  0 1003628923
2  19 736533976
10  14 76438201
15  12 1628225556
16  18 610851276
0  13 632733912
1  10 1448853929
2  11 1103645562
1  15 1670327501
13  14 628128624
15  14 323888417
6  19 210039783
9  14 2063375538
16  7 1646273774
6  13 133680492
11  15 881184641
19  18 445399970
17  7 609969595
17  14 90057864
13  7 673673807
14  0 1477560915
17  4 2144419000
16  17 584467860
7  11 273634354
4  16 759127170
1  15 1432073868
18  15 962925422
16  2 371864405
0  8 1521230800
1  19 1004049297
6  18 625200685
19  17 240804118
0  18 1142528683
8  12 1697787163
7  12 817560224
6  0 372327740
3  8 968142865
1  14 558716629
4  12 808749877
5  0 655593511
12  17 1944509529
1  9 1370447224
19  11 1594123924
8  7 1966565825
17  15 2114384716
1  5 1489321161
11  14 915245774
13  6 66602822
6  4 1870497749
2  12 556716631
16  10 2054089330
5  2 1820492852
15  1 1653825585
19  10 1678155117
5  11 1466657834
14  10 1409357927
2  4 2039284899
4  14 1202991433
7  16 840576038
14  16 43923810
19  8 467476936
17  4 1936721990
4  18 2004023695
14  9 174022960
0  5 1515546039
10  9 2143622041
0  6 1146307933
7  10 1699915367
3  2 1251686301
18  0 1265927358
9  19 27307767
10  19 1032712332
19  0 87555479
13  12 519469722
10  16 815578060
4  18 889605167
