100 20 18 6
14  10 1571115415
7  6 2129685030
15  9 597084465
18  14 2102944940
16  5 476111980
6  18 632766254
12  15 415336200
7  13 1090192537
9  6 1861412765
18  1 1636295491
5  7 1379040133
8  2 1351607070
2  6 1069271642
14  1 1116277047
6  7 906293578
4  11 735184631
9  4 1907858947
1  18 1725880892
16  9 783034998
1  15 1940501000
9  4 1715499347
16  5 677406130
6  18 1107249851
1  17 2018555228
8  0 1730183195
19  18 2131933837
10  6 634599569
15  13 735308795
9  2 1736961789
5  19 1691420858
15  18 835833998
4  10 99350397
2  19 805763645
18  1 1399033368
4  18 722373402
3  4 1918513029
2  17 1975389793
7  15 1991439055
6  2 1452931321
10  0 1956888097
1  16 289121626
9  12 1467285498
11  4 1423459615
9  0 1913133652
8  18 1982823795
11  4 81446495
2  17 2037066300
3  11 1325289951
6  13 1204773385
11  14 449609234
0  6 1944921995
8  15 102624879
9  3 577487855
9  17 1300456323
19  3 448077063
19  8 1618576920
15  16 808509008
9  5 1470560153
1  4 874821377
19  15 992320458
8  7 2129924751
15  19 87640394
10  16 1340973284
12  9 20085597
5  0 204400299
13  10 749801988
16  7 1417132326
15  17 1034997039
2  11 1398685480
13  14 1715224237
13  11 1584621390
18  11 1400993258
18  6 233920154
10  11 503523263
7  13 786714582
16  15 559748677
6  16 1645149688
15  10 979852967
1  0 142740536
12  17 906100203
12  7 1302930724
13  5 1869884303
1  15 1385110663
8  18 1481402822
10  0 1794753832
13  15 1834120143
8  16 1224027307
10  14 216151828
11  5 121261704
19  8 1267313944
2  4 291576064
6  18 1453075063
3  1 1638114349
7  2 1258927965
7  0 181805320
1  7 1343712592
3  1 1168839834
14  16 1047471787
6  1 475267319
16  11 1414232890
