100 20 2 1
15  16 976209779
5  14 1633393546
16  3 5581987
5  14 669869356
13  5 1872483800
15  11 654206438
17  19 1691200145
1  6 1253083208
8  6 1888467605
7  17 951249681
16  15 1237749150
9  5 577808807
12  9 294801892
18  1 2128500784
13  8 1273278485
11  18 1368317612
4  7 437190573
6  3 2043688878
2  12 1744742161
11  14 2088771997
14  8 171018006
11  8 1439100063
1  18 512964169
8  10 239711398
0  12 989317875
14  10 950456978
0  13 383995293
19  7 574464825
0  13 1104415190
16  13 315455163
0  13 578593396
16  8 800749088
18  0 435954524
4  18 510230499
11  7 191260821
2  9 921734228
8  10 820039165
0  9 25042336
5  10 533858368
2  8 2053623783
9  7 2073512905
9  14 928018906
3  16 1875431873
7  16 1567478840
3  1 203677582
10  15 643307605
1  8 1846998069
1  15 1605884073
3  14 312314891
13  16 629394404
10  13 460617643
8  14 1193893752
12  8 117571890
18  2 1444273656
7  0 25677702
14  13 2065976219
3  15 855171606
17  10 702738581
16  7 1928490013
12  14 1475027152
3  16 1709251743
15  8 1223214564
10  13 1437599775
2  9 76786149
7  12 105679955
9  5 640045545
7  11 1910742813
0  9 1026425220
19  14 1925511467
2  14 1076075724
13  4 2005937923
2  10 2109277911
6  14 305561768
4  13 1272013873
16  15 2088225715
10  16 75876926
10  1 781237860
2  14 282382400
11  2 1969056923
15  18 1434935919
6  7 1648088142
8  16 437434221
11  5 57058834
18  10 63019833
19  0 1107984754
12  1 1889266814
12  9 277915266
13  0 606700082
16  7 1186369284
12  15 474854249
7  14 189390331
9  0 1485438429
0  3 440739254
15  1 1459170213
4  18 729417260
14  16 328580800
17  13 1685280321
19  16 1042898358
4  7 2067415202
16  6 3213793
