450 30 1 16
26  6 222489495
27  13 1400222623
18  25 1879193106
7  5 1537025381
14  21 176631431
5  19 559025208
9  18 410908203
22  29 444531016
5  4 1379014443
27  16 1264363094
9  10 668787986
23  21 1286273209
2  0 938499479
12  11 1794347767
4  15 332970536
12  13 258025419
26  20 536343694
17  0 1797419897
13  7 863456280
17  3 1037835988
22  27 1458309385
8  21 498848691
17  7 1001399556
19  15 1306445208
6  26 1625998962
8  13 688373573
23  19 1691364640
0  2 1208151620
2  0 1268483891
8  3 130643948
2  29 958111771
15  5 804358070
29  25 266757842
22  25 950977028
11  13 194141011
13  14 833222390
19  2 1209545028
25  14 681457915
20  6 1186511993
29  5 666984384
19  22 1438775414
21  19 976300084
15  27 1283718849
19  18 751548297
24  9 32600098
0  22 1393711485
22  28 1032467881
15  12 1164887736
2  11 1686903880
5  27 1102167914
24  2 1613456251
4  10 1753634536
11  25 370026810
27  15 62613278
0  5 1198932201
13  19 538776177
2  1 1908580335
27  7 1060315472
8  13 340838948
28  1 209129219
5  22 728524817
9  13 266399349
23  18 1939057346
8  9 234111049
18  17 2114801736
1  3 1842672602
16  21 957460989
27  16 1294106395
5  11 1726260467
25  2 452547714
25  26 1994235553
18  2 1686645124
19  1 1565217175
6  20 826553000
23  1 1727461727
15  7 411776432
16  11 593446347
11  16 195506193
9  23 322178559
24  21 1675615784
1  13 1405139673
2  17 631064226
1  19 492609350
4  23 992448606
29  5 1779364268
10  28 386324386
11  16 1654925955
3  20 825327976
4  20 1667811468
12  22 537826802
2  8 100622737
18  6 1127544192
21  23 1790930215
8  25 1223897385
0  22 1101285481
15  0 1061607974
13  7 1945309978
13  9 188161485
0  6 780125355
9  14 459132557
28  27 535630793
12  17 99353253
19  11 2057871353
4  16 1066559082
14  11 1374087142
26  0 1444187720
23  4 87500060
9  29 1292868744
19  17 2007968106
23  6 883940293
5  20 355128842
15  1 475129818
26  8 1037444118
14  23 1112840018
14  6 119102294
24  13 1328655467
3  21 740035251
28  2 1884776159
29  0 727176540
15  18 634542773
23  16 225535794
20  28 1463812146
27  5 1694184383
13  18 1880762751
14  7 595660351
17  7 417289943
28  27 1688764048
7  3 1797500385
20  18 826309442
24  17 365658884
15  27 1989304146
28  7 206920712
17  26 2110383142
2  22 1305493020
16  18 1016897789
2  0 676206070
9  16 441765258
13  21 976606677
22  18 53426906
14  22 1320294159
29  3 1115143427
6  3 843013550
0  2 1758489115
14  27 1698515151
26  0 411923934
3  11 1481129064
0  4 1380294492
12  10 1716102056
14  24 1464446956
2  26 977658492
13  25 765514295
14  29 556502407
29  4 657257767
2  27 897374313
22  16 805876651
27  29 64541950
1  25 930727024
27  24 1098511065
26  25 756435771
18  26 722382211
13  18 1990136400
1  27 821433602
26  19 1475188750
25  15 637689702
3  0 1652377927
25  24 1583368594
10  27 965691127
10  27 2120002969
29  13 1421370620
8  21 1510517650
12  20 1598114344
26  2 591109680
9  1 302229405
26  9 1513901376
25  23 1402456195
9  26 1885937683
0  17 392948728
14  20 104460722
8  6 201387051
11  28 1353193414
14  23 366419746
7  16 1996694033
2  3 4152154
13  26 823403704
1  8 352246910
1  11 1707260057
5  0 698063779
19  14 2136188030
22  29 1909080800
10  7 1874049369
2  15 1119619218
10  15 998133579
11  10 1364135473
5  4 130719673
14  27 434014471
27  13 506411185
9  2 534857869
24  15 1611400775
6  23 200784734
27  1 66470269
17  25 701231579
3  5 1788051273
6  20 1489678668
27  21 987044401
28  13 1505171868
1  14 312569150
0  24 782193913
17  5 2144637550
15  24 626216433
13  10 382291708
27  25 7558118
6  17 218861564
17  21 1604800685
20  8 1501885938
9  24 371809143
18  17 361919543
23  25 1154980601
11  2 1802781710
20  16 1066778780
6  12 1420905340
18  27 1846175013
4  15 1619657135
23  4 1356922597
24  7 620959146
14  26 1464758495
19  1 106859539
4  18 1525223496
2  12 1204479861
26  19 553233766
9  13 696759136
25  27 1296477090
28  0 1906383799
29  27 1392397515
2  5 1135253365
7  15 1294813602
15  2 2044847008
12  1 304731310
15  14 2034533379
25  0 1546767597
0  5 665454684
10  28 1918983414
25  10 1556426233
7  10 908378715
12  16 152756101
26  14 919879191
22  29 1249532459
20  24 1903655380
13  26 971010888
16  23 1631771347
25  6 929703291
27  23 837426506
15  6 2088121305
23  28 175750534
16  10 999918052
14  10 1251073391
3  11 1774654415
24  23 694996100
26  27 503326458
24  21 713350747
4  6 1052814987
8  24 1285545788
11  2 1700992121
7  22 1873272525
17  18 1374788461
3  13 358719968
0  5 225232160
11  27 1620254971
4  24 797358640
26  11 928425596
16  13 1191866635
29  22 1081157666
0  14 1926518975
27  0 13920977
28  3 93794920
13  3 1086286020
23  13 1310191809
27  6 2033458787
23  12 1467330628
10  15 2024099169
25  16 689735311
25  22 366985332
4  22 178511780
26  23 1532707222
21  28 510292006
14  25 861711651
25  26 84683448
6  3 1516556563
29  24 1021089347
2  23 1307470778
20  14 1474959395
26  13 1468701364
1  19 1943017649
9  13 1476391707
20  0 745933037
8  5 1342470403
1  7 47531395
28  6 246400831
6  28 19162193
27  12 311638774
15  2 706605098
21  9 1309716491
13  20 1491932725
24  25 1624689892
15  29 1403044808
5  26 442614229
24  5 1100194063
0  3 2059486128
26  15 2117518040
18  0 1742052498
29  15 345469602
16  18 1969416077
25  23 1503962644
18  4 641278149
3  22 315134039
1  8 86820940
3  2 57949481
19  13 1487680069
17  5 1873705165
23  4 1277841452
26  6 202313394
6  0 1714414116
26  18 828179222
1  11 201784484
26  22 1149486235
15  0 520181210
9  20 1067163553
9  0 1245569712
11  22 1992763918
11  15 1879938159
21  5 1308051062
7  13 1834805787
17  18 1566292813
1  6 965606911
25  4 1692520142
9  18 1286206302
28  13 1816895470
6  9 1833405886
6  26 1527456983
23  15 1807980284
9  15 650015345
20  0 1087020842
21  9 170619017
3  2 629067713
13  26 1766019983
18  22 90792328
29  20 1532055685
24  22 2116262805
12  4 748771555
26  0 399063065
16  24 1301194438
10  6 283242296
27  7 1054505354
18  23 1020239379
15  29 11750501
18  21 578379725
18  11 20193664
13  15 1211393255
25  18 1318224160
19  21 1885683189
11  12 1605212844
5  15 1884610737
3  6 1901582317
12  18 1254099777
24  14 210817263
16  6 974637116
18  3 1752017927
13  25 1570493918
2  22 1548566436
10  9 1686519498
23  16 497531200
8  28 377946123
3  0 354778540
18  23 1436578574
29  9 1684361431
1  20 364921134
13  26 194283917
14  7 779528331
4  27 1851878655
15  9 1948334036
7  9 1535521168
14  25 232660143
8  7 750440668
23  8 363404064
25  11 1998515608
12  9 121900454
19  20 1917325847
6  29 1410282334
20  26 2067428122
16  20 2072317569
3  5 376184794
3  7 1259775607
3  11 974124146
18  0 956493215
24  18 39934928
29  3 1885050356
11  12 1724649097
5  13 1804245605
22  24 899319820
4  27 1839996352
17  25 428481709
3  1 1148382666
14  7 1398520400
24  27 1827968237
19  2 900598105
17  16 456189358
8  21 898503540
27  4 1989319605
22  15 1417781141
2  6 798792398
15  8 1765195192
17  14 784575902
24  10 1124653747
26  13 1405141912
16  6 377961136
8  7 823229586
29  2 146746091
15  22 1205786163
25  23 1176824392
2  12 102706043
20  13 1285413304
11  20 898720450
21  8 856578986
25  11 889918729
19  23 849772033
29  19 1187848255
11  29 1495571501
7  27 1154647331
20  22 1811948725
6  21 1891401330
7  1 1294028730
4  13 2145803001
28  11 836944142
12  29 1579907577
9  7 1963329582
12  9 798093166
21  9 32470777
7  4 940383095
15  26 743518347
17  12 1761677457
25  20 106010920
28  12 1306648726
4  17 1241425440
14  21 1304522482
19  3 2047563918
8  18 471195230
8  2 86799032
16  19 345526289
0  8 105472534
5  16 1269971001
28  21 1360652720
