450 30 14 19
0  5 1102892647
24  5 1543395352
27  1 2131478954
24  3 1416593919
1  24 268319935
18  11 279765415
25  7 132437513
23  17 586614187
12  6 454541298
19  1 481934940
17  20 1436634367
22  4 1917010798
9  8 1640523707
29  6 2142432274
21  19 948574134
8  17 1890580734
6  28 136596822
5  11 570796166
14  4 364916387
0  22 1985733104
22  9 1776627101
19  15 90061155
23  17 305100943
10  16 1461781500
15  16 951793604
29  25 1932009615
25  13 1372150323
1  26 1562342431
9  22 240415962
4  29 1735420257
22  19 930186568
15  17 137488951
1  16 2018805842
2  28 66609413
9  11 1889802292
19  23 1435069447
4  12 1013413980
9  12 692535701
22  4 1794970096
18  12 1517053787
11  2 420003651
3  17 13903046
29  27 192598562
10  29 142076179
11  3 1700741117
5  26 1930376779
15  13 1271328169
11  20 179211863
22  11 276502712
24  22 2058329396
21  22 812070303
14  8 507923778
22  3 1278214869
0  6 1258047845
7  12 566745117
2  12 2007822454
12  16 1020154706
17  24 507525899
14  3 1132968547
17  9 65313076
11  16 1866991180
3  23 1297190504
13  11 187608835
25  15 779920724
25  3 1717681080
13  24 1718974061
6  15 2143045134
3  1 1576201147
16  25 2035522509
26  29 41142542
7  22 4790919
22  14 136757072
13  10 991988764
3  11 1648866304
28  1 824531582
0  22 1222786305
25  23 157712363
16  28 961186260
5  24 516939004
27  5 1042737714
5  22 791998829
12  8 1882448142
1  28 727001870
7  8 745906820
12  25 1938495012
4  11 264758407
1  28 966502961
25  20 775019737
15  10 1871893043
1  3 1352399923
29  24 1156525431
19  29 1694191968
5  3 1021972109
3  6 1525846665
14  3 1556948009
15  11 1016716110
22  21 82749635
7  29 149603623
10  9 2090473960
21  9 44157981
6  12 26368427
0  29 285012713
1  12 600570734
1  16 1961666959
23  10 1896104742
21  10 1022496450
0  8 114400946
1  27 1311352748
29  22 573204600
6  25 1788600358
7  26 749418173
29  0 653109687
2  11 1532370725
7  11 1188094414
5  23 296756321
21  22 879496451
5  13 380880168
13  18 1399506650
24  26 31162755
9  24 1883461191
14  13 884976188
16  0 1846026764
27  11 1784057173
7  19 1494600429
25  11 389207162
17  26 1752523059
0  3 1693195325
29  10 2130364996
8  7 57845820
12  26 675731438
16  22 1848652220
9  6 829979340
29  18 839132219
3  8 1089423230
28  15 1124691630
12  11 899991872
3  0 1840507594
28  26 1261795581
27  4 1243417078
25  14 1149898789
13  1 1284449030
2  7 872524827
24  19 232179801
14  11 1120667381
2  7 1765403758
15  0 1618659812
3  28 197046344
20  11 784897238
5  6 763127306
27  9 207369994
3  28 1915223536
15  1 340865490
2  21 662529973
10  8 1988182108
14  23 934025748
8  6 1847749544
25  3 1122590807
4  3 1576990996
18  19 226544046
28  10 863922149
16  6 188167158
10  2 1731410471
20  19 461207155
27  19 1648002288
21  23 1390425858
20  25 2099438221
17  26 1484480848
9  22 18364733
9  21 1799894665
1  22 1518231610
2  28 1421245000
12  6 254690363
23  20 264485793
2  24 1018993783
18  4 830229393
19  20 772829691
9  15 816738857
19  17 65636033
11  20 1789461980
27  11 153897227
21  25 298908033
13  27 1507564160
25  15 353041652
15  29 950626884
8  9 1826034035
4  18 259021399
15  27 1252075895
27  25 851529588
19  13 1067290617
9  1 1572553575
10  0 745261270
24  1 1345301235
2  17 1253334159
4  29 692332984
22  16 171798885
10  4 696433605
27  7 1330873684
11  2 1401784729
24  13 1812572184
9  13 1714352577
20  14 1287138048
4  12 1276168356
18  4 284795197
14  19 1849517575
7  8 448856904
24  12 409280401
6  22 134420389
12  9 1514919096
10  24 346719029
0  15 1039113572
10  22 550921208
4  15 764357914
2  14 837460685
17  9 285527441
13  10 399106436
27  23 1771984703
14  18 201962059
29  15 1593106127
27  17 829234331
24  14 1929707061
26  10 1360821265
9  15 781099934
28  27 452319938
25  7 386101960
15  18 109398581
4  23 1193517396
7  24 980070849
23  6 755484773
10  24 1485211157
28  20 794399965
6  4 705652812
24  9 902160779
27  7 878796143
17  23 470912000
18  15 1635849476
21  10 685724139
1  22 932913353
22  18 2077550253
7  26 2071008525
1  2 1411037711
4  16 421322666
8  18 293961968
25  8 249541455
22  1 1613469475
14  25 393897427
8  22 769578704
15  14 1618446421
24  3 1478098313
9  11 1787525466
20  6 1461826762
21  27 1749573664
2  16 1017842677
15  24 908364990
7  29 2074550575
27  12 2011740214
26  22 1535884248
12  29 1616419294
21  12 787209990
26  15 1461911483
23  15 2045485507
6  28 2112611343
1  2 2104277353
22  4 752697143
13  15 1262386846
13  18 1610097692
6  17 15033810
26  25 1709817628
27  25 1980263059
18  0 2071429554
23  5 2110221405
11  13 110613319
10  12 584014666
15  27 781848687
1  16 1405419657
2  28 1630306957
5  15 455890556
19  24 616390938
10  14 564202845
27  1 981724373
8  12 2125676917
7  10 4726501
21  18 1123551474
4  5 3471703
15  3 370211814
2  10 756815304
20  13 1258859023
7  22 589314792
1  24 2139629232
16  25 479037679
22  4 237192144
29  5 2083762711
2  5 739381432
5  28 375685391
24  14 174426220
14  28 1002162949
22  28 1317198630
10  27 600451734
1  2 1028013504
17  13 394418063
9  3 717249370
14  28 1146224921
14  20 1907770937
2  20 1328320566
19  18 665949176
12  20 617942382
18  8 1330474345
1  10 94883579
24  0 643687227
26  16 1086652093
27  23 1795444296
23  19 1041379608
18  12 436514369
7  26 250648687
1  17 2112176551
1  14 63574694
26  22 105865258
23  21 1586707765
21  26 1966040490
18  9 369790163
4  10 452534913
11  18 982240512
12  2 1884038860
6  18 1227837323
29  3 415957590
15  10 1181020409
23  16 1034314444
0  23 617230931
5  25 1235103716
29  13 97710394
0  20 262528794
6  23 2117513743
26  13 163045766
16  2 1890124215
27  9 1412146625
25  5 1875404373
1  8 365108483
15  28 975630122
17  13 1245112012
22  28 1248434513
19  10 920488469
17  25 648139302
26  3 598655118
12  2 1225152887
9  18 1549382414
18  20 332851644
4  5 796612938
18  28 1441822897
14  1 840987214
25  19 731826804
4  20 463109435
0  26 1853096236
19  7 2060542009
21  4 1887599871
27  22 1181933071
28  25 1075712083
9  18 1475142484
4  27 378433543
6  8 1834461496
13  16 2145448699
29  0 977168955
2  19 2100338694
16  15 737545022
2  10 891883772
11  28 1155488992
6  4 1559390138
29  4 1617930178
0  15 1408119495
22  1 1556420809
21  29 1151234220
14  21 1319700775
4  9 1166630983
24  26 1008725342
11  28 1129161077
0  10 1563853837
4  7 167947910
9  18 786666403
0  3 1625434140
21  28 704605148
3  0 1584466548
22  9 129864827
13  17 333933769
12  4 459197163
3  5 460995537
6  15 1257764381
0  25 1420169018
2  10 556146582
16  0 623900786
5  28 747410454
5  11 1645185053
11  25 1341617201
13  26 1017878870
25  9 1084143992
14  16 826745663
18  2 1026093441
14  13 866256109
8  3 2013906894
29  19 1568434868
11  18 1496515092
29  12 1852044833
11  27 1105928704
18  21 914086459
29  28 1960610968
3  0 1591241996
5  11 931186742
28  4 835931634
24  12 452822958
26  19 63140823
5  7 1460313018
4  23 1161103506
9  19 266150819
23  13 400640908
28  24 1931446702
5  17 699100427
24  10 1563945627
21  29 2132754842
7  6 1868752341
5  10 918934913
17  19 1120947759
28  26 1371273052
29  6 700681338
4  16 1729001223
29  25 885791067
28  16 354728567
23  8 1703469437
25  10 497415217
1  6 120080943
12  3 167694000
24  8 869021701
8  16 102990761
10  9 380748354
19  24 1720032395
0  15 539383557
6  3 32841263
24  5 524458333
12  16 2001459398
10  6 1510253556
22  8 2068406596
26  29 1779233091
9  23 762166411
14  25 1276265328
3  25 289705883
29  5 1611119476
5  25 1888207254
7  19 1627090495
2  0 300330936
1  0 717228650
23  6 216779323
3  12 975298725
11  24 230568768
24  14 1173124249
