450 30 0 25
8  21 351921138
1  23 598369386
4  23 904926880
15  23 1769193916
6  28 1939367952
11  29 948923723
11  21 460383409
15  6 28386434
16  13 1248393491
11  7 43762776
17  18 1943446322
24  5 190520600
21  0 1996122454
28  21 678291127
1  8 2065240196
16  2 1655829776
17  3 107202979
22  21 1956042190
22  10 739196275
20  24 880418564
29  19 228344400
7  24 1858924599
6  19 551321531
20  26 1872553078
11  15 2035072351
5  14 1371946155
9  23 2065990810
15  20 1474063332
8  16 2130934104
11  2 1318220308
11  21 838481186
19  26 476586828
29  21 151402465
23  6 1250210530
22  26 1102118789
19  9 288131725
10  26 2002631870
27  21 106509673
11  4 1692883302
5  15 2120780888
1  25 2087873166
28  15 711510696
20  22 740775665
4  10 531720947
17  23 566189085
29  17 857907390
1  16 541419290
10  26 1436334406
22  15 1905335833
5  19 1233379813
27  29 603137453
10  29 1238254576
20  1 1560809597
6  11 1636526170
20  27 1875347142
20  25 1200862072
7  9 1009074142
0  12 1135764298
6  11 1868296848
2  14 1137146576
7  15 1935571396
15  26 269659391
18  23 1707390140
12  0 313792438
19  5 1052067190
4  27 897100317
3  13 1358788232
1  23 1850645159
3  7 747710083
9  7 1350219185
13  1 1350076690
6  16 2145207212
13  8 1134491709
13  3 1191456680
25  9 871532118
22  12 1583826211
0  10 1448554772
28  3 2144354844
24  5 1276834353
15  27 34551046
26  4 680252969
10  3 1915514568
28  7 1863082740
4  22 793922740
14  6 208640915
26  18 2078965800
9  12 889709492
11  10 989458194
25  28 1556775687
15  1 1151761955
19  4 906862240
10  13 164424840
25  6 853262904
7  17 314541726
21  23 289998638
13  23 1066344197
20  24 201489344
12  27 1352056071
11  23 954060807
10  9 1661609607
0  14 1976487228
5  14 483368834
22  2 1730120699
23  25 639322557
19  21 820777573
27  3 256296232
2  23 132921891
23  5 451118927
29  25 1968814656
8  4 1931968685
15  24 416431867
23  20 1627244005
14  3 1572560053
6  8 2142845413
23  12 1190533318
21  9 1740797855
8  4 1789083080
22  18 449988302
25  3 2062991057
26  10 329104575
21  0 227951512
14  23 578066055
3  17 1864923241
17  1 321809922
27  28 527163484
10  22 545575513
24  22 1918927034
29  0 1392683026
29  0 2045777293
25  14 1998212445
28  5 2112117738
20  28 1119410013
19  26 1716334422
22  28 1936743432
6  21 585967931
26  17 1098587580
21  25 79322269
6  7 1932404043
9  15 69258947
24  23 639710042
0  12 573240382
18  10 642256600
7  20 1840769475
27  28 1567625126
3  4 1766259520
17  26 1780304952
15  21 829841794
17  26 547108684
28  2 2095800290
23  2 818042308
29  4 1980480323
23  19 1538506859
21  29 1261042414
13  6 2026183989
5  16 1106716149
9  25 1749441666
22  8 992721841
6  22 1167115496
4  8 116498702
11  10 718843465
14  24 910692561
22  11 61359041
23  7 1626927532
0  19 640208072
1  29 1191011786
15  24 1618417537
0  11 2032557395
24  16 1378683021
0  29 956550495
15  19 480360309
0  14 564163107
0  8 1809856493
19  18 950007924
8  10 1546429333
18  2 1888350015
2  18 118923443
12  20 1215056154
9  11 1116091106
14  28 1295365941
29  12 254527778
2  18 1704447315
20  23 1561771210
9  25 325400477
4  24 144274007
28  8 1488658515
21  28 1066471464
29  15 2049757037
20  8 241757568
25  20 2111513844
24  29 1133484875
27  6 18720489
2  11 258246997
5  14 1089339662
12  0 134425725
12  23 672682898
9  19 1461681626
1  22 1095971082
9  2 39449819
6  12 1832958397
26  10 85396979
17  18 369217286
2  28 650630720
27  13 1006712869
25  12 1046047835
11  13 1419593204
7  20 824123017
9  2 1465815973
10  25 1030469112
6  4 1197781534
14  8 916805955
26  28 1028799841
2  17 1792098092
15  20 1886105305
26  7 2029621739
29  22 523096714
23  4 383930049
18  0 1300539195
8  4 1970090153
8  23 450549504
6  23 540966164
27  10 1133585258
24  1 1997237177
14  19 619433573
23  24 544676433
20  8 175974036
7  18 1478932836
1  24 1770322534
29  9 1924249152
8  26 1445829096
18  3 698662355
10  9 1717076355
21  14 205056171
0  14 308198961
18  17 863546638
24  28 1231078068
26  16 1091503635
20  23 518899273
11  10 1063853488
10  3 146429582
3  13 2024090826
13  28 1591648587
18  27 307860941
25  11 45603978
21  8 1352364817
10  19 1452282895
2  16 821195487
7  24 955050775
18  27 497185137
3  25 1926165221
26  12 2030347328
6  10 1507104225
22  21 1173766545
20  25 1262813926
2  21 1275571586
16  26 852688285
21  25 1945622997
27  14 211514776
21  1 1325876241
6  7 1192888120
15  1 1479205572
19  28 300102388
3  28 935801631
29  7 188175156
21  1 1610136159
8  0 496460948
9  11 1117286252
18  25 1543373928
17  11 1597422546
11  0 1254685779
21  18 1054126830
15  8 312280971
10  5 1784959166
26  24 43658829
19  13 752369634
24  18 711276921
20  4 429692148
17  19 1355738559
24  12 2020075268
26  9 322849739
0  11 1439838607
28  6 43696674
10  29 2042517376
26  27 1234250058
7  24 254111623
27  24 1093638747
14  21 87047498
19  0 845530638
14  20 427463176
28  29 1283056204
4  23 1131506591
4  29 72118912
21  25 1998921325
29  28 1512810051
0  11 2091442530
26  11 1545374413
1  10 1513474576
15  19 944741213
16  20 1362393986
23  21 377697773
13  3 75665883
15  9 1504467363
20  7 1503790481
28  12 1974355189
17  13 1213432217
9  27 1057146796
16  4 1771231727
26  3 990425318
29  8 1200351793
26  17 1818085590
18  16 1293770231
24  2 1923004176
6  23 680745453
24  15 384619196
22  8 1344274061
24  10 272330217
27  11 1813614623
9  14 830273761
7  11 1092395287
29  17 286563929
17  3 632306449
19  1 1511770361
29  24 341116446
6  4 1547596568
1  9 1211182590
5  20 1636292569
1  14 37693095
28  10 1793057805
7  16 699287139
14  4 1785203074
24  3 1271960045
3  20 1026625620
23  18 1313178088
8  23 1689014401
8  2 1744484935
6  16 1925063455
26  4 1533762461
12  9 190388564
8  3 1877234230
22  2 1399441559
18  16 1799632341
22  17 1141697912
3  12 305203686
5  24 1790083607
7  27 2093806704
20  8 1888709952
28  19 264538932
22  29 625273659
14  12 321055282
24  10 773332961
26  9 210727952
15  4 1636366576
1  27 1712531804
17  9 635748070
17  1 772104663
2  13 1877372710
13  17 741273524
17  25 1855460384
11  6 1181256935
19  17 1642488939
2  28 1022233226
23  29 721452462
8  28 472335458
24  28 862975514
0  12 359721474
25  1 1546990799
28  8 1083709048
22  24 1445121729
16  3 1585259702
9  28 1776372441
25  29 2023001506
4  21 1771759191
21  12 249828479
14  1 769579135
8  21 678155353
0  18 1313213966
12  13 1394733381
10  20 1467668113
9  6 1867061951
9  28 102293250
19  25 642957651
15  20 81026768
4  7 802537302
20  29 1991233659
9  19 1848355902
1  11 2076909986
22  5 987785489
20  13 1968842047
27  15 568368084
21  11 9791335
10  14 1443992698
4  27 326314094
16  24 824338976
29  3 998465831
14  7 1131676960
13  16 380096750
4  19 739719552
10  19 1590307517
24  5 836799580
22  17 537817303
10  26 1975458189
29  3 160301875
4  16 1828198506
16  9 1984868195
11  28 945051738
9  23 109932264
20  29 591709204
3  12 1547858230
16  7 659767747
13  3 7049066
15  2 625279301
4  0 2099864829
0  6 4809794
15  23 218369880
7  22 1897071099
14  19 98809068
5  18 63863817
13  26 2075528538
12  2 399908209
8  5 1016686258
13  6 2104483380
23  14 1665840122
20  3 949036799
2  14 5192826
4  6 608819879
19  8 132745726
3  23 425541655
17  21 1184352283
25  16 1256685968
24  21 1328403050
29  26 1537770940
18  6 1265969831
6  12 2023880834
2  16 1309027686
15  1 1879698411
6  8 323398385
19  9 1952995039
16  26 1207091124
16  11 2046926634
22  10 1197213540
7  11 421424601
23  3 894322779
1  15 1879344475
18  10 1934144769
15  9 766527355
8  11 388860045
9  3 338383504
14  4 400587801
13  12 1143696364
4  18 1742204962
17  25 1194878881
