450 30 27 5
26  27 66721856
25  2 1392299917
5  3 1784610325
25  10 1729639443
24  1 1385362829
22  14 2010169249
27  25 57944938
17  1 180275759
23  0 1500046489
11  7 1732805062
11  1 1737329963
22  0 1759657949
1  25 496925836
23  9 82366697
8  23 1428293035
12  6 1760910615
7  16 1528616020
29  21 2131371506
4  27 1364023828
9  25 921762262
17  6 1894321353
2  15 1093347567
17  15 2116058095
11  3 693053684
11  25 2089741662
0  4 463068751
15  18 1082155144
12  25 500890830
16  17 1213640572
0  25 1631207816
14  9 1742626630
11  16 1954946534
14  24 993390330
6  9 1392134192
2  1 425577679
16  29 1347487436
25  19 327240417
9  27 137873416
15  24 1361578938
3  0 2004093740
3  23 85250822
19  10 2043461767
12  29 269802124
14  8 993198029
13  21 2135988503
14  5 404637206
1  21 1233849738
7  11 1578271784
20  2 55358851
29  25 460620615
2  13 946821920
23  26 2029610797
19  14 59035252
16  8 2071794372
17  18 502238789
28  5 1401601829
29  3 1319044095
15  2 899761984
25  13 1692557284
8  19 1920728284
25  9 524493248
24  23 327479336
26  18 1212303322
2  15 162509950
6  11 229814560
0  1 567397940
8  20 389702044
17  12 434992573
4  10 64047680
29  4 645728990
15  29 472780885
24  29 1637487098
11  15 555052275
22  2 629326286
27  4 1377465326
22  11 773279122
25  19 557778976
23  29 1525588272
27  20 457656749
16  2 430278270
19  22 813657566
14  0 1312335096
8  9 2040314469
23  20 600213023
8  21 1521061374
0  10 1469242814
17  13 1134073195
5  16 1106646300
6  0 1934244128
15  17 945094673
14  27 300014266
16  11 1705880236
6  16 559795720
2  12 285824076
17  12 1591114490
11  22 79897684
24  25 2017376919
0  7 1715605586
28  4 1231024361
28  27 727674533
8  5 215526906
25  12 1144445735
7  6 3021176
14  18 372330891
3  23 1854614556
22  28 1500071650
10  25 1637826508
16  29 997604456
24  13 1326489948
10  11 1936131188
20  29 281448263
27  28 334919182
15  7 1242649655
25  1 42798061
12  28 1436865958
6  4 151944829
16  20 2028526151
26  17 249710420
17  25 2091364256
26  24 1405528848
3  12 1047745824
13  25 931114792
26  7 676462998
14  21 1609718281
23  27 348787763
27  4 2031880063
19  9 1251544735
13  17 1746467365
23  6 299029711
13  7 438267251
15  23 343748434
8  20 722563995
3  27 471112337
14  11 658072455
11  22 310003144
18  15 1563975015
24  28 923820566
18  28 925129805
14  29 1147146043
5  10 496568241
2  16 969597633
26  3 19843059
8  14 1362325150
0  29 686627647
25  9 2015345626
16  25 1330415123
28  22 2114419675
27  16 372671518
9  5 388038783
6  22 746917787
25  1 819723151
20  19 913977749
7  22 1566592547
17  6 2100453805
9  28 1138235966
15  5 1599087186
6  24 551033019
10  8 911891446
22  8 1168699094
5  26 756374427
12  5 2047149595
19  3 1388646061
2  1 1207451966
20  12 257623428
19  5 640928655
24  0 873402758
22  2 179960689
19  11 1501766614
16  21 1478330464
10  5 1087207982
28  10 829836388
26  19 1653495884
23  15 1054449496
10  29 2055196759
8  21 1209045901
3  24 2125841990
9  22 572626066
13  11 1280644051
13  8 992881146
20  1 178644247
29  26 358145819
15  5 2060870320
2  11 946359009
22  24 1782019967
24  25 149296633
14  6 36636600
8  23 498281690
13  23 876658680
8  10 1559663759
6  28 806142931
1  17 2098362745
20  27 133316400
28  29 307431061
29  3 477073354
7  15 1928012587
1  6 421107329
16  13 1824531740
22  7 1258430738
21  7 1230143418
12  23 300569007
0  28 1526495643
21  17 473972051
0  20 359037738
8  4 1990039240
15  8 860645011
4  14 676682978
12  8 1732023123
22  16 1744042593
16  19 988849835
16  2 1998704530
22  28 2091013623
19  18 352938686
22  29 417043177
7  19 522582188
25  14 1094662560
15  27 1661410302
18  27 466467641
6  5 1372247116
12  21 2041493309
17  24 1751872274
28  12 271451606
4  2 1466896544
2  10 1358011077
29  13 1318130014
21  13 1741638979
4  7 375143366
15  6 370100318
24  3 1952038724
22  4 1195168667
14  24 1043015527
27  26 373994281
21  18 1903319358
29  22 130611362
28  0 789084315
8  14 2000402796
16  1 110401916
1  5 859369355
16  12 1603305201
15  19 897124123
14  16 662374064
14  15 830935180
0  27 538152285
29  2 427116862
22  26 1945056983
17  19 667711621
9  7 320500004
5  16 163695442
3  13 788558687
28  8 165183491
18  26 361983214
15  19 2027552550
27  13 1597153843
23  11 1117272957
20  1 817325425
4  6 200591368
9  6 574357066
14  17 1069235489
5  27 583318118
15  21 1016733444
11  19 1038490475
17  18 1769685495
9  25 1750611591
27  12 1575642015
15  25 83640976
26  29 101960029
18  1 1783520884
0  10 762018383
20  29 1682030299
5  6 2081838448
6  17 969178685
25  18 2017994915
23  19 2081343781
19  10 1029734834
8  12 1480465794
22  25 1060805127
10  2 620735811
16  20 415679665
17  18 1428347064
28  0 1584267185
22  6 2056758496
1  19 1283550078
28  19 1816608839
5  22 1732729325
16  22 68939431
1  4 2074230911
18  14 1765547718
0  10 762395350
12  3 437954237
1  3 1978210404
0  5 1051168735
11  10 1383544186
17  24 68748855
19  13 1779445861
20  11 431323850
2  1 1298347147
7  16 844504597
20  15 1247091468
25  8 1027609826
3  20 729345824
8  21 1908138644
9  12 1232293309
2  29 924503951
20  4 154699598
4  9 685300813
0  18 621099230
24  28 1122678126
4  5 636674698
19  29 2106094225
10  5 412469698
8  22 678341064
25  27 331701042
29  24 1744524274
26  18 170279777
2  7 1544442533
8  24 1049293500
14  26 1412510932
27  24 176865551
10  7 1894118479
4  11 1270898231
2  9 458019434
0  16 853758232
27  10 1281406214
11  14 332585815
20  24 208815598
0  12 543169271
21  2 1192100489
8  25 1033658728
18  24 1249920959
26  3 910534042
0  20 645226024
20  7 1142266959
6  26 1680836745
4  25 1298932684
27  2 1552095372
7  6 951617206
8  19 108473069
18  4 571196001
27  21 596564791
10  28 16979934
14  1 863876738
11  8 1296919520
10  20 919846120
23  22 1867253923
23  13 794019885
5  13 489970843
23  19 1817159712
13  24 1219978721
21  14 1787119195
12  6 1131161981
14  3 1920040456
22  6 700544750
12  6 648192580
0  2 415350763
29  28 712014524
20  8 1873145709
17  4 1636770841
17  13 339535834
19  6 2110988841
4  24 175327198
14  19 959239274
14  28 1453566862
15  18 195560307
13  28 459091403
22  4 1902701573
11  10 2018398897
13  28 1693401599
27  28 705540409
5  23 915488367
10  6 940309917
29  0 1901651079
27  25 1536944940
18  19 1219593552
24  23 1992683827
24  7 1459828637
28  23 1075053361
21  19 164160098
20  15 509108217
3  4 2058176330
14  20 2031238638
1  13 1630877783
27  18 949335706
16  27 142616226
2  21 630744267
27  15 1890015892
15  5 1122936346
20  18 334924734
19  18 1101684588
10  27 1312987952
15  17 176454329
19  28 1026914059
9  0 833664082
28  18 570455307
6  22 1039455364
11  12 1299525849
4  26 1949884946
27  26 1217167070
25  16 1059564940
14  11 930248010
9  27 1308314766
10  22 574911990
24  2 1120556367
10  26 686578042
24  14 1537329036
12  0 1810638575
16  26 325719008
28  22 1828068350
29  4 914669172
26  5 165639082
8  14 1950146590
26  21 1808633511
24  26 142948098
1  10 2066219522
23  19 659127542
21  6 842621603
1  5 489558957
6  0 576542134
17  27 1529677011
10  15 796153019
5  8 815671224
28  21 365212045
0  5 565338835
11  10 1391782794
2  7 900245417
20  29 902771325
13  23 1682858138
28  26 1459545258
29  23 641626531
10  5 1693027609
0  3 141065254
27  15 745788689
16  19 1137800987
2  27 1166202535
22  29 1431144967
1  18 2054646847
19  4 896799162
21  22 322866826
28  0 939191777
20  7 208629408
21  9 1419499430
27  15 1660228868
12  13 314099782
27  21 985399838
22  29 634846680
10  7 1658092508
20  3 1523722987
16  28 1528403969
17  5 497388911
18  12 1262473007
19  1 1395870941
5  0 2129323310
