450 30 19 1
8  2 1741746184
17  29 1102750617
14  17 408997530
4  6 1719692426
14  15 1160406906
29  8 721439890
16  2 419952386
7  26 1402497985
12  24 313055158
22  12 1006136626
5  17 1877268749
2  22 283009877
16  22 605503338
24  3 1103509125
24  20 1161406618
8  4 2144821222
4  2 721858665
15  10 605551514
19  7 1464919658
0  6 1775859240
4  13 717238018
1  2 1764980040
11  28 842234362
25  29 827697761
1  4 1565564502
3  5 1173207858
8  27 1997840485
13  29 180826643
15  29 210307254
14  8 1389078035
6  22 1975771904
12  10 2129259522
17  2 1907487313
8  20 32949538
4  20 156097011
25  8 41958503
15  3 54561568
29  12 91923767
5  0 2130784371
15  13 1647543251
15  24 405965823
16  1 1973474516
13  27 1225269231
10  28 1955831570
8  4 1811450985
13  14 299181576
2  11 1214324864
29  13 1117596773
10  4 974663216
17  15 517009661
1  17 2018158019
9  18 563969402
25  9 1037110341
23  4 47400521
1  25 87936770
22  28 672215291
29  27 1957150670
14  25 1708455859
27  6 1768158961
14  21 773667783
11  2 1171761232
21  5 191387366
6  15 24282833
28  12 1987202141
12  6 1361980590
3  10 143936335
21  25 610891494
9  22 562005793
1  24 666809317
9  28 496845250
29  17 1302046168
6  20 1032250584
3  11 1974669614
27  28 1714099670
25  10 359721016
18  6 1150940362
27  9 1782808845
22  15 102050815
26  27 1222857298
11  24 48565150
20  15 1004104187
4  15 4039283
9  22 259006256
27  18 1263408109
24  15 1000351168
10  0 15218431
9  21 696566822
29  21 2077705087
18  21 1196231545
27  10 1019153708
25  21 279198273
17  23 1845578381
9  27 170762090
0  3 2106104010
8  15 984217281
11  9 2111132247
26  28 1600755432
6  10 1300053963
22  18 468801630
23  21 914058730
22  20 2031066089
0  2 349883491
20  12 1807933557
6  27 1774824206
6  18 1529492476
15  17 1273919248
18  25 1381849952
9  25 1972781049
28  24 222172785
25  24 1590152560
18  20 810467640
5  15 1951855644
28  25 908637612
13  24 168338874
27  0 717440445
3  22 1094388396
6  4 1880079424
15  7 690052148
12  21 754831887
7  5 975043887
6  12 828807925
24  19 1390303374
26  24 1653810039
11  5 1747761415
25  7 1176494301
19  24 1671602580
15  4 1868160895
21  15 1544250069
8  2 1390344550
19  1 1609212012
10  28 1587748670
17  5 254385518
8  2 2098358525
10  3 1175025127
24  3 69809995
19  9 1666635252
27  3 574392353
13  19 828407917
24  29 1340827372
4  22 497007371
10  3 734211116
14  27 603100495
7  17 812087118
3  26 1905934588
25  9 1788773447
11  12 1641180908
20  15 819826813
5  10 2094687254
24  5 1222161481
29  15 235235818
4  12 62458653
13  16 1277373682
5  8 1704108150
13  23 1825971388
9  8 1351477922
29  2 76097922
12  25 736495981
25  27 1012190464
8  26 881151032
26  6 1371112440
1  7 1504852657
29  1 1201522022
11  9 58681325
27  16 1004854678
29  15 1162207125
27  22 1042313346
11  21 1308219500
4  18 1513078404
5  13 1265933841
19  28 1556552923
9  16 1065439633
5  4 121640867
21  6 1350732622
1  17 1008661781
15  18 652442274
26  14 376083849
21  7 1985457266
13  9 1883728426
2  9 1950437827
6  23 1500351963
28  7 1982330703
6  17 173397663
3  11 764783971
19  28 1035490578
18  26 1579217208
20  26 930299199
18  29 1934002771
1  28 670874211
9  21 1410482837
3  6 1793626553
6  23 1897721858
4  16 725924125
24  19 350470850
25  2 1651377798
27  10 821513542
2  19 414669936
26  28 818401856
1  9 1053689328
1  14 1135120288
15  19 1212711101
2  25 1165655557
1  0 1552339321
11  19 604791975
10  8 325389031
2  23 1727953679
0  29 1198912621
3  10 1069798059
29  21 1048855650
19  14 671722731
0  2 267912425
6  25 1378726104
25  28 1039792459
14  25 602902535
13  10 1334136336
12  27 2112569619
9  8 2018451935
14  8 1173457929
16  8 369157555
18  1 362569508
6  19 1166259815
5  25 526326993
23  20 2065128335
3  27 46555511
21  20 1348131652
11  29 472657594
3  5 1845916546
26  11 2082093682
25  18 194614701
6  23 76166392
5  21 1528719749
12  23 288091018
12  19 342491553
5  24 1799644453
22  17 1707760434
22  19 1815093135
21  23 529310477
0  6 1225407660
25  27 564462628
26  4 1621645570
18  4 947499563
25  2 456661367
25  16 1740773691
13  2 1374064931
29  22 1879299720
9  7 1340765439
0  15 1513471509
2  0 1883839572
22  25 2077028698
7  5 1956045800
17  7 1308440125
4  1 823769875
13  23 1475956021
14  22 561656381
5  19 1881490485
23  16 902122043
5  3 1944170281
29  16 1651915079
6  26 1929303520
12  7 631766608
27  4 729831167
14  21 16248279
11  8 829472619
10  13 772324798
1  28 2097846842
16  4 843472533
14  3 242145214
10  22 482852092
12  4 1711520962
21  25 385957934
26  8 602846391
11  3 424435677
14  20 2034024838
4  13 1043769270
13  6 1063271582
10  19 164377558
27  18 1140229356
1  22 1772880817
14  23 865313048
0  11 2017238323
18  28 654282111
1  24 1256039149
28  12 1611243433
0  10 1340726881
12  16 1299578656
17  11 247867132
15  27 357115097
2  28 421585962
26  27 1710187718
1  19 62768139
19  11 1959844615
29  28 1537227226
16  1 840067592
3  20 1307630287
20  13 2046718565
23  21 2146098919
1  3 2093422636
4  24 740683196
23  0 1567366249
7  21 606732735
18  25 908006250
3  7 227178006
10  0 1464078211
28  5 1310143079
26  6 605898797
3  23 1887801571
14  29 405099092
27  11 672417908
21  17 1415386744
7  20 2024258083
20  5 1807429579
18  27 250657221
24  17 358567135
23  3 413326800
17  11 1520425456
14  15 1805937728
10  19 1226953851
22  11 212940644
3  11 1978253688
3  23 1476281209
7  11 1829028309
19  13 353295480
16  7 146717251
20  29 431967278
29  15 1461309245
17  14 1613780713
24  15 304028122
25  11 147979009
10  29 1212369696
5  10 293643279
19  14 454682094
24  18 1472115063
21  6 677053388
12  8 272569917
21  1 12711468
21  20 1435794390
22  24 18910662
0  14 354015275
25  5 1976077357
21  17 1156379129
3  21 1465525565
20  23 1946721834
18  22 801457974
19  9 1903853498
19  12 1261564034
9  26 21556921
10  12 1379669407
26  27 2089477452
26  28 161939047
18  15 746003887
14  8 2028385613
26  13 932377734
19  26 2025431136
21  11 504883427
27  0 1436986547
28  22 659400055
22  0 1903029246
22  18 1840284497
29  16 1283115562
18  2 1274463726
0  8 481102077
0  8 690443482
7  15 1287578140
18  4 1504788327
12  2 1806918342
0  28 1206908845
14  3 1406762449
2  5 516450086
18  17 2145062787
6  22 1825180971
29  13 812510506
0  11 1423042321
29  9 2112389945
7  1 118034842
27  11 612143245
6  15 532322398
11  16 967945074
16  28 1895619762
3  11 848773170
15  24 314859318
19  1 1031270681
7  18 227867462
16  28 573243930
4  1 1725980396
11  29 170923651
18  2 64927426
4  27 1135542856
8  17 1723761606
8  12 862011398
27  17 27279316
1  5 887805392
24  5 243209669
9  12 2145999606
29  3 258346386
17  11 279589123
19  13 1891807661
7  2 1095468457
11  15 293276276
1  0 1390916286
28  21 1577555025
13  27 80697679
5  16 1946551714
20  6 1722832868
16  4 1880192315
11  2 91419861
28  0 1668121414
21  27 2000074060
24  22 545334897
3  29 2032704333
16  26 483642249
20  13 1281485437
29  18 653388127
3  22 1075394330
7  9 1067332188
16  20 1563743099
25  15 2145963911
27  16 1639899145
24  25 806207606
13  25 1170997335
21  15 1613643128
16  29 308568345
8  3 1120952230
19  27 1176599295
24  21 305371485
15  10 2061166085
8  22 1356855051
3  4 46561891
23  29 1356870580
2  16 714716467
0  17 1340666764
6  14 494678668
8  25 124194423
8  19 619338636
14  0 1369234234
28  24 475999116
13  24 1892089700
13  22 2072967735
9  23 646569489
23  3 306396070
2  10 1660623182
24  26 860094750
17  2 1721710272
27  18 683811828
4  7 1239914276
23  3 1779108893
1  13 1660264701
9  12 2130224104
0  2 1659783613
17  11 387424268
4  25 1447872999
19  4 89788799
