450 30 5 0
27  17 2099339328
15  3 1464404253
17  11 2063072593
18  10 1985282072
3  15 1546900964
10  2 564063006
26  1 2014062059
22  6 19416170
17  9 1184172212
1  29 1984549632
1  10 75755907
14  4 1020533044
24  19 962388332
17  16 1499938329
5  9 101407249
29  3 1189957471
0  13 793237839
4  21 1604041009
13  29 1622757164
0  25 1590251407
1  6 1219623177
5  27 200093764
5  27 1246489872
7  29 2014737098
13  9 1367658676
3  14 733511768
12  17 606766177
15  9 922737145
29  12 1559058716
14  27 791376049
22  10 1743800343
6  24 1902192064
21  3 984110069
7  17 918748507
19  14 184491453
23  27 695284076
2  15 1983858457
29  7 649956515
25  23 1067203770
5  2 1520789709
13  27 2118137165
24  26 1082458041
16  4 155298516
12  5 472805192
8  16 1085511201
4  15 1739202572
24  9 1712866403
2  17 210273761
9  19 1726866101
12  17 715328273
27  6 1747083470
22  24 604042253
11  1 40193649
23  11 1212165794
3  7 966421635
5  19 618722404
3  9 1707857714
11  8 1821892990
3  27 1357858871
28  27 941586530
22  29 1142249726
29  18 1257034657
24  26 1757639927
29  20 1472082374
13  1 1722440777
28  14 992641140
12  5 845163041
17  11 1914916173
1  16 1364032828
4  21 37881403
21  16 605854614
5  25 1876140437
23  29 2020773197
27  7 2090710008
22  3 1754847760
3  0 682231352
26  5 1712347033
4  8 297645666
15  0 68686478
16  25 2041104167
5  23 528661440
0  6 253545864
13  1 1206273004
15  27 296833640
23  2 2120059583
2  1 1073414397
0  17 1677655147
6  28 700792962
13  1 38559672
13  23 148766545
3  28 1109272617
13  1 810812384
21  20 690850907
22  12 1643217965
21  19 1987619379
6  4 1313667001
7  13 2043901270
8  9 924789210
21  3 464750938
4  3 1072270510
3  20 762856172
19  21 1923490792
7  10 359761291
11  20 1289650167
14  13 1432042110
0  3 1447767137
4  27 78216539
24  17 220189046
5  4 577748177
13  17 901962810
19  23 904971125
22  25 2089855482
29  4 772125641
4  18 856641118
25  18 813817051
6  4 1450576618
14  2 1406103191
16  9 1737426373
25  21 771913630
26  23 524830433
6  17 377105188
4  25 2108933122
13  0 254675344
22  16 944016922
29  18 1808089445
10  8 25619183
26  1 1466814899
22  8 613530394
16  19 1817943160
29  27 904442479
10  27 1669843006
21  11 658800116
12  24 799186794
3  8 561622722
8  6 1366681701
5  7 442152864
11  0 1900984432
9  11 550604553
25  19 332714972
6  3 712725695
13  22 875243753
6  12 2024239688
5  11 953588980
20  15 668633961
0  19 918068668
8  19 1065532064
4  25 877257067
21  29 278339147
19  8 2040653111
3  0 520254714
11  10 1722537905
23  17 309828472
1  22 583435547
12  20 954378000
1  20 1379520049
10  17 2132681710
6  9 1866899534
7  16 1075398972
21  10 1120312287
0  26 1295644564
7  18 1644656014
29  3 611698614
13  21 1224492872
6  4 1345424247
28  2 1654423564
10  14 1253281252
21  19 478102627
28  24 1861430937
7  20 1763567480
10  16 151028647
16  11 540943644
2  26 1001520530
3  23 1650958482
1  18 1759722007
21  28 1792749143
20  13 233778042
23  17 1690961800
4  27 1300757965
10  5 426465134
11  6 602338885
29  8 9170135
18  7 1718853656
11  0 1759792421
17  1 1005491410
18  15 1448501434
18  22 430245082
25  21 421426449
19  18 19901839
0  13 301180177
20  16 668699572
13  27 1695895500
22  20 1436165037
24  19 799865415
10  7 1643636816
18  25 1424286973
3  19 439446039
6  28 784191805
2  27 1665676546
6  25 1080166589
16  2 1835291768
18  7 525594969
20  25 650610592
22  18 172014541
16  3 2097653063
0  28 718084711
6  9 1010442493
22  10 1033481729
17  15 1701141496
3  2 2042948498
4  24 1167445610
5  23 1497396067
0  29 54019444
18  3 374351117
22  29 920311072
18  2 420717962
8  0 1566676910
21  18 175885800
2  15 402055486
26  1 593278571
15  10 2144690984
7  6 1201852958
29  20 2130470551
14  2 965908686
28  9 928646554
3  6 318070314
2  25 185484577
8  24 1472608547
20  22 1276041011
24  2 1367952849
22  29 1032978125
22  25 344533611
22  9 1196348800
18  21 780452329
19  29 1765353381
14  6 2123628880
23  2 512564975
4  21 1201568736
6  9 168058728
27  24 300089766
20  12 1922012513
26  21 485152815
20  18 85815349
25  17 395371553
24  18 2034867256
24  16 2022314020
24  27 1765022657
15  11 722371068
10  23 720493709
19  14 798428611
27  21 1108352230
12  17 1552673617
4  26 1691990488
14  5 759368208
14  12 503852983
19  8 1330372063
12  11 1368695957
12  23 1583345779
25  5 1083934121
26  19 639119770
14  3 554643151
17  23 1782233003
16  14 1847823062
1  24 900012961
28  0 1105785314
9  19 505036948
29  16 1474284311
9  0 1506032662
29  0 360314316
7  6 1271480505
12  22 2095668639
27  4 1286325115
8  28 1680904512
26  17 1802910637
2  23 1917631781
0  12 1668355162
13  15 1128750002
14  16 291394056
28  26 635059119
28  9 613967204
22  25 912665423
25  0 360310626
2  10 404593649
10  16 1735788977
12  23 146355570
9  19 1382936725
17  23 672350099
11  26 118176025
2  9 712692021
19  14 388706031
5  17 1280958043
18  17 216519993
25  29 1000705007
16  1 1511938509
13  17 1097822930
22  16 1869247490
8  18 1520414273
8  19 222613216
2  27 104511231
11  10 1741715909
2  15 612250846
28  21 205116517
11  19 1880064308
26  22 1271132093
28  8 2037665295
4  28 932741458
23  6 134088100
18  8 883957206
2  16 101870826
1  5 761899301
16  19 55252151
6  8 2087476465
17  22 919060090
3  14 649806274
6  8 960218252
13  19 1813918579
10  21 748086277
5  26 748838194
23  4 848281151
0  28 1232848607
15  26 1156281473
22  23 1740698960
2  23 994560893
12  6 784824051
16  8 1500876866
0  18 722310355
22  10 1336832717
7  26 588648598
28  15 110505805
25  4 963334993
21  10 400864883
10  20 1667451100
5  8 850760299
3  6 1825337293
10  12 1412626783
5  14 1746292998
19  3 1118221826
22  1 2047567100
16  20 202512510
24  9 1254842465
27  20 1827314159
21  13 520357693
28  12 685719868
4  25 1666384240
13  23 1328527092
22  29 1637715458
10  20 268191728
27  4 246390677
9  22 521468799
25  7 993416871
23  22 1968075092
3  9 888212753
24  19 1297615919
17  16 349789835
18  6 2089622070
0  2 195054939
8  18 818742644
1  29 1021234519
1  20 189637409
14  1 526726425
17  22 1787910697
4  16 482964912
23  14 96772986
10  14 288156034
3  21 508711489
9  26 985283478
18  9 289681856
12  16 48643054
10  17 755890579
23  20 568020870
0  22 1068042730
20  18 670237862
8  19 684159815
9  1 235998136
25  4 907443456
16  0 1235510444
19  17 1143018481
29  16 891282181
27  1 790017071
17  2 51033820
5  19 326214312
15  16 1480632364
13  10 767246299
19  0 295266290
7  21 1489126768
15  11 1805640740
26  27 261731063
23  14 1149768609
0  8 1168679219
3  7 188608565
24  7 336554780
4  19 1261037670
13  25 300313629
6  9 1187713052
4  11 1995542445
24  22 1961625506
4  7 333958845
9  2 702675785
18  29 509375382
17  1 80871680
8  22 1615505798
28  9 734434988
22  6 1551972625
4  22 2007333445
2  8 1242285801
8  11 201748606
8  15 832691661
23  6 1711716228
6  4 137500869
2  18 189113870
10  22 2061938028
6  14 1486103548
7  12 1515515936
2  9 1249645429
17  21 50987270
0  26 177072570
24  25 918930166
6  12 1582585367
26  25 114058673
15  4 372043359
15  4 209736838
17  20 1165050758
3  29 1565895541
21  24 1397731970
7  13 907797859
0  13 525799451
9  8 87695158
11  26 1659458339
26  2 1980957118
27  12 530397104
7  12 687796896
7  24 513073875
26  7 73924495
7  15 413790298
19  2 1949879541
29  19 1796417972
21  10 1183638726
29  19 104322417
3  17 1244034323
27  17 2037403592
13  21 634456131
1  6 1854662246
26  2 846080526
23  9 379891881
23  5 192591109
3  19 1280299545
1  7 524027024
12  9 158931359
16  25 407700517
22  28 521573365
18  1 275604118
