450 30 23 29
13  29 6186191
19  26 1125408799
4  27 1733568595
27  4 205358950
0  11 1666898306
23  29 228175071
29  25 1864653680
29  0 1171377546
6  3 782710268
19  16 1171512680
6  27 1915918984
9  8 1283799703
10  20 445990129
27  2 837552927
15  18 1086663815
14  19 1914670950
10  16 298250768
19  8 1738678602
11  24 678485027
26  17 185309986
16  23 1124533080
25  13 156813006
9  19 705669103
5  24 1508076073
4  21 1571870985
5  25 2077714926
0  10 111037864
15  23 1636294962
8  15 1063096187
10  7 538234094
9  24 254979719
4  20 1070553048
23  1 1857739208
29  3 930238233
15  22 107082489
26  15 928700355
3  8 37965641
0  21 1363964757
22  24 652575248
11  9 717421260
9  24 1112998587
17  8 1042932913
6  26 1076006917
22  10 1702659300
28  24 203926075
4  12 207706969
9  11 857952637
19  10 60927629
6  18 1130444746
17  9 2048618080
10  2 282342058
9  22 304268767
14  24 1826252297
26  14 845943472
22  25 2117519703
5  20 1594901742
14  16 1929597492
10  7 1850310579
20  3 1642880892
25  15 542829802
20  13 502608239
10  4 741919815
5  8 1522240894
10  0 253919952
9  5 922654243
4  8 915976429
15  2 598398468
18  28 1729136819
7  13 847835612
27  6 1025845385
2  8 1243713021
22  0 1206224235
1  18 1062728259
8  12 134915359
2  5 194608850
14  13 961722559
24  13 1201796647
0  20 1234128305
21  27 334456371
11  19 1405008369
19  4 163370947
25  9 1340017054
7  16 1752777590
6  4 39588184
20  12 637468239
28  6 1205286471
9  24 1126475330
15  27 228935078
28  14 1871807714
7  13 624234521
18  21 437918031
19  24 1537999667
18  17 733435518
26  2 2106751361
7  9 625285836
24  0 137255635
3  24 457626878
7  0 1931934093
4  23 1761071742
27  7 1079172329
20  21 1686492587
16  21 22582633
1  0 1381994027
23  22 512677682
5  12 768424011
4  9 369478266
24  3 2131704541
23  28 91068660
27  7 703313636
16  20 843851341
2  29 565506194
3  13 1652166973
14  17 8550243
19  24 439172089
25  2 1585549125
6  3 1365566534
10  23 180924508
28  3 430559516
3  22 1388066451
18  14 2011445037
28  26 884462162
24  16 590912059
22  4 1208858554
12  0 1271253046
4  17 1630030983
9  28 748826913
26  21 121236038
9  6 1387327812
9  29 1795974449
24  9 2127949019
20  25 1098605782
13  19 948323721
8  2 1822306221
19  28 1212295806
9  4 1502577649
29  11 2003488628
19  22 674234771
25  18 719355073
12  23 1185540589
9  1 1526453570
24  27 525691218
3  5 304918965
2  25 2064046555
22  8 493776731
3  2 431838985
10  18 605851543
6  13 846456924
18  29 1687357912
2  12 1076520285
10  16 429513974
17  9 2019788314
2  3 2105151684
11  19 104821915
10  20 913851857
3  9 884720152
28  22 858240236
14  17 1330032415
9  7 1311448824
2  23 958353027
12  2 621627918
9  14 32978975
7  9 947903730
20  17 647777093
20  28 525172095
22  13 599063693
9  19 96273765
23  29 219426551
9  1 1492904001
7  24 1650418304
19  8 742015469
15  16 1776346683
5  24 1079526928
28  11 1514239447
15  7 1807620291
13  22 1256668304
21  3 249581282
14  11 13248519
15  0 736840271
9  14 1173952678
23  4 1744096677
20  9 627226542
13  2 543282049
12  4 436736634
17  4 1993427756
10  6 455809435
23  10 360660293
11  17 2083598157
13  10 1552425185
29  5 475343134
20  27 79227676
10  24 420347040
4  7 392398059
13  9 1629433326
14  27 1092620561
17  12 1064980795
8  0 437799954
10  20 878405011
8  19 677307088
8  23 1475083974
16  8 1905195683
10  11 1392623114
13  19 636175119
27  21 792315226
4  27 722427691
20  12 1881797156
20  2 48486868
20  7 1756447679
17  10 93530574
0  2 2036114075
7  22 521791528
26  28 876200983
19  5 1698096249
22  2 321874698
23  21 1176173296
2  26 1542983736
16  27 38910711
0  2 1776873483
2  8 639441454
28  22 589318028
23  13 836615085
5  26 1541563841
27  24 850860328
24  2 244168872
20  7 1424044915
24  6 1889052977
14  15 1834007859
19  2 1605331599
3  19 371130356
13  15 1556265745
28  22 1875531864
8  27 58114268
24  14 2078672214
1  16 1919645515
17  5 67681248
4  24 387922373
2  20 2114836779
2  19 1737226978
3  0 920990571
27  6 947801977
29  24 801417626
20  27 759642940
15  21 1458164507
18  11 1749363901
23  0 919917660
25  5 836536780
10  16 2052702080
27  24 2041598309
4  5 1724322406
4  5 340591974
13  18 626674402
1  13 1059335324
21  13 1020515908
1  9 1499205671
21  16 1340107926
26  22 236966467
29  24 1385280359
4  21 1835060261
15  24 1411509172
11  15 2132448204
13  21 990590857
18  11 872561757
10  21 1720900245
23  10 1551630951
20  17 1123088161
26  15 586417052
29  11 559197283
17  19 1843175685
21  3 1011911671
13  10 29013755
2  15 1117039149
28  16 963684875
16  19 170388074
5  16 786144693
4  11 1802116621
9  19 876994589
23  21 1714607705
21  27 520508392
11  2 1562422482
13  11 673337192
0  14 35127558
29  22 1211705791
2  11 1214535399
27  10 475498219
16  9 222983846
2  19 197576342
5  11 420697693
4  9 716846478
8  10 1288935601
2  17 800589232
10  11 2068216247
19  12 1361174480
1  10 192863287
22  19 1806805557
23  7 1887317243
9  23 332660991
0  4 1767226425
24  15 678523027
26  7 791923566
11  22 156082354
23  0 492502055
23  22 685816174
13  6 1937389501
29  5 816134080
22  25 1421886298
22  9 1513486720
19  2 1377455988
24  6 755242927
28  3 499425880
7  25 1176664043
2  4 1240260419
10  1 1978397213
27  24 423042470
3  16 291215119
22  23 1097851941
23  13 134334108
24  22 1722413393
26  0 742878325
2  9 1767399663
9  17 1707537722
3  19 993098190
16  29 431430439
25  20 1441876321
27  25 440973315
12  16 1352632186
6  25 454039432
14  19 1146588153
23  24 414327161
12  20 1370646764
22  25 971180111
18  11 1282937641
28  15 170552946
5  2 951524291
9  15 1746568380
28  1 1600155311
12  23 787056947
28  12 174263971
18  6 1478636400
28  14 1511266757
11  19 141174086
15  13 897228484
19  29 1546578522
2  3 1259186737
4  27 2113742193
8  28 797615636
15  29 187970382
16  13 1960857881
2  3 2098623798
28  21 1677506209
1  28 1181784858
2  10 582318625
20  26 530185098
11  18 774732643
9  6 338172582
29  7 525234114
24  1 1274616025
25  3 1823974713
0  24 1050994287
16  2 1280408375
26  7 246863836
12  8 1091127124
13  28 382447882
29  14 1474672217
6  20 439989288
29  20 1561136102
13  17 1245774845
28  6 352880340
26  19 355785993
18  2 287010463
6  0 426961977
24  3 1383247535
26  25 1781599038
20  9 343867292
8  2 913368727
9  16 1399205396
4  1 1343692193
23  25 1766162983
19  13 367547052
21  18 1771901267
1  16 1271295312
8  3 396454993
13  15 865643627
21  6 1780183525
27  5 2091014431
28  16 990980112
14  13 1345950902
19  0 1678168712
14  9 452277972
0  25 166915855
14  25 211303346
25  28 1122282189
26  15 273608913
29  2 848045067
8  0 532034230
21  8 221271287
17  26 555418194
3  5 1617159693
10  2 654073198
26  29 473530274
11  15 554098615
2  12 141343813
20  14 1460622953
20  23 2020355443
14  10 1465052733
28  21 515663546
11  9 59992792
20  11 1775646716
28  23 746356104
15  1 1432082073
14  8 1899666447
29  12 465100459
24  21 1575308789
3  26 1993270851
27  29 1606944494
15  14 1801634962
29  6 1961916526
11  0 1887178292
3  16 1051073917
16  27 792439598
22  4 993398052
7  10 421794858
4  21 499349991
21  20 415645181
18  0 1274297734
11  6 884542522
16  12 2084100773
29  11 676506147
21  13 1447798191
8  28 1615272382
0  2 477147713
19  15 1651592963
29  17 716375276
23  21 1092016152
19  29 1281224529
21  1 637206940
12  24 952852406
4  29 1786937660
14  29 556576428
23  16 1886619150
0  1 136203830
5  11 783898968
23  6 2003003592
6  13 1263608384
28  6 848377840
19  8 31870261
21  15 107969773
14  28 1555283817
18  7 1031480346
27  13 271813608
4  26 1773708147
17  25 1974834429
