450 30 15 9
28  24 163263383
3  22 344896435
11  8 563309150
11  7 78841368
14  18 1848550207
13  1 1016899916
2  18 1764979947
2  4 448629036
13  24 257723673
17  24 2087570126
19  2 340735341
27  6 630012222
17  20 852099967
3  12 461562733
5  24 173313730
26  1 700974694
14  11 1082870105
8  9 388668715
9  24 1560859258
2  7 46562328
5  25 1986705153
25  29 448055295
25  15 1550612037
21  28 2052502366
15  21 894855830
17  21 1646551343
26  14 1015632848
28  0 1129244953
19  13 981712252
20  29 747060462
18  8 174384158
13  2 1336877443
9  12 1813739492
7  9 121022712
1  6 588929951
13  16 1021678225
12  20 506322768
7  10 1469512257
11  25 1123783196
15  19 810027906
28  2 1355216147
2  7 499551823
20  14 1298134768
27  14 1228865222
27  24 94107386
8  5 1427423506
23  26 1007167473
14  27 1204735877
6  27 1403510973
12  9 1706220549
23  20 67909954
12  19 1093249854
29  14 156285960
16  25 1934233736
16  27 1609752148
12  20 1423526536
29  13 1683356730
17  24 1345101148
7  6 1195693814
14  5 989125531
1  25 708143275
2  1 395905411
26  7 1144672466
2  9 1208534153
15  11 80375694
21  2 545733397
7  3 570622664
7  29 1566716016
8  15 292828611
29  22 1158407657
3  12 1563249252
12  20 1470470979
25  17 1610696745
5  6 1958917450
1  10 1448196887
2  29 1429417839
11  28 760492129
20  2 2068472472
28  8 677363283
3  7 1787196658
27  21 706739290
16  10 844094155
23  27 1282809033
18  28 860382662
8  15 1745146142
12  19 1476649633
19  8 1492504956
28  27 1339711976
14  7 1889399652
7  11 759261841
1  19 995736199
19  7 158215212
13  8 1287601072
27  20 1762894721
10  18 1168240525
12  21 1883846227
2  23 1441917154
12  6 1155233874
28  7 1344344310
22  29 1892124671
5  16 1823638186
22  17 1904901375
1  21 649471586
4  3 899214890
12  13 408509549
20  1 9400363
29  1 1452108979
9  14 892615912
27  8 232904920
23  5 209976585
10  3 1855985346
28  1 776656640
19  9 1877515725
0  7 1065712292
13  22 1912786884
29  8 1098891039
29  16 1214746947
17  10 1531067522
0  2 1550591483
22  12 153945803
24  19 678378792
2  13 129555797
19  4 286793383
1  27 1692392352
6  10 1245016384
11  26 1743677984
24  22 916437941
28  29 1079860047
8  26 1164728254
14  3 1433880407
15  28 638934049
21  10 476349863
27  21 557153822
9  12 1226615532
1  27 38043040
15  6 282102221
16  13 851543988
10  17 714227550
10  29 1381831516
9  3 1184343210
0  17 720916028
24  23 1547884139
26  0 1764363866
10  17 679056258
20  11 177876425
17  29 1043576411
0  29 573737164
2  15 87777317
25  26 1957657850
23  22 189337277
13  0 1848601844
29  23 1906662045
1  15 7116418
1  24 1870271056
29  27 1398825662
9  2 625789444
5  11 133803489
12  28 1623443924
18  14 24077802
28  4 1747265795
9  17 1954759681
21  25 1494390245
17  26 1798420540
22  16 1375590389
24  1 129139226
9  28 867666485
8  6 1076382326
13  12 720091997
28  8 1239577092
25  2 192046449
3  12 920465060
22  3 829206173
7  10 1137676023
1  27 2044789502
12  19 788376745
17  23 1274769662
21  0 2128935445
22  27 199845353
1  15 379471995
21  0 863001425
22  14 513483161
1  5 1393419391
23  14 958917975
26  0 1826868858
23  24 1358395123
24  29 743456812
28  1 1841202874
22  17 38678403
20  24 1846398733
6  19 235238783
6  13 129196038
23  12 1760417010
7  0 753176959
26  9 1057902755
16  8 408840849
19  20 1234668208
1  6 553407948
6  4 592152024
7  21 1915153364
24  29 608815883
29  28 2089596883
15  0 1689808704
26  17 615152939
17  13 949569429
0  19 795613666
26  19 55546503
6  11 2045445503
28  16 1798276605
23  0 2037232787
4  5 409275030
26  11 109744520
19  12 1274045132
8  9 366801021
28  18 1108954991
6  20 1117523755
25  12 278720897
13  4 299801715
19  26 865523936
28  18 1985359702
29  4 2081613970
18  4 1228538464
4  21 1601722243
27  21 793594816
15  18 1739188028
27  13 582838688
27  10 684465661
15  14 838763795
26  2 553673618
3  2 632068
5  7 1569257587
4  14 238325286
24  13 625299676
2  8 552461633
9  15 2059009151
8  27 2104620789
8  22 1839597575
0  14 1725668674
24  27 1068535232
11  2 866533680
26  18 290131677
5  21 939524706
11  18 1965504446
17  24 1569456180
23  20 680683959
0  21 1665113284
8  1 2017422106
6  7 1182514099
1  2 1710480039
7  8 1711506598
3  28 1493592309
22  7 1104090176
12  5 1283818080
12  26 942604449
3  26 621335269
9  22 1616290126
1  26 992111599
29  25 2080388789
21  2 950047885
4  5 670309306
22  3 1872861694
15  8 1671571365
2  15 251646422
3  28 242558190
18  28 2031067948
16  17 821604861
20  23 1897777982
11  28 1345349969
24  28 1142967422
10  28 1933314139
6  23 2113166226
10  1 1702180626
25  4 376363005
16  2 2044247390
12  4 1736512574
4  3 937930018
7  24 2121274541
21  0 1375979353
23  10 335541527
19  10 201306566
8  12 170616465
7  29 1703552947
21  27 306174939
5  8 70360024
5  22 999614576
17  4 919228363
18  29 2016056274
29  16 39585185
7  11 1485278003
29  25 1477285961
16  3 557627345
27  19 1999994436
5  16 1547046424
9  4 794511392
26  9 1879611910
26  10 603326410
7  20 830414393
29  24 913684362
24  22 81617292
10  8 2089881451
10  16 279431541
28  10 2040273987
19  17 1662291878
14  29 159027627
24  9 1040951623
0  25 996497861
18  21 1108965739
13  11 1792733141
8  10 381176133
0  5 290361321
21  4 1846330936
18  13 617909076
8  27 218111105
29  0 421798611
20  17 2140912582
18  19 1745529495
29  27 1336295819
11  17 1321963510
13  23 223537616
1  12 1902137485
21  1 1801824960
26  1 1174498969
21  5 253691388
10  0 1229592287
28  15 1560146670
13  29 2078980332
7  25 1835608078
17  27 471112333
24  25 1407602470
29  6 148105196
0  13 1360123258
16  2 1735995172
4  10 739264795
19  1 861984173
6  29 90039357
2  6 1025084900
22  3 405389615
2  25 631163831
5  22 1955708817
28  14 117380764
0  6 321621047
14  27 515192573
5  1 1270371491
16  19 2092300404
29  17 985701507
20  10 1973869298
20  19 1229438675
20  6 1602448095
2  29 1209610465
3  26 607039448
22  2 1258476050
2  13 576641735
8  5 738569410
6  29 934003267
14  21 241480682
13  0 1511496953
0  4 1849872477
4  5 1382424689
5  19 1058482837
26  0 900519711
5  20 1616124787
22  6 827847595
20  19 1170805803
27  4 1871730180
11  20 1884972098
13  24 966195355
2  11 1473995025
4  19 1982478124
5  16 1553922672
15  4 905748451
26  12 1768764747
25  4 930037736
13  21 31371759
1  6 96255350
27  10 487368585
16  0 664678670
17  24 625350254
8  15 855548067
0  18 1632096961
22  19 1437481618
19  12 1599589894
1  25 1895050810
11  2 1440779836
20  2 1054002387
21  24 272638639
8  18 1219035526
23  21 933437204
8  2 2076267596
11  25 1634520544
19  17 1340501102
29  2 1415838117
14  2 6888254
25  10 1665235665
20  11 220441541
0  27 1725513431
2  18 1309918906
29  15 267863570
9  7 1970619974
24  1 490286902
12  29 1661273261
21  18 1117610202
7  26 1126672357
9  21 1895278966
29  0 2120169522
9  19 1510823939
10  29 437451399
0  8 1260174211
9  21 495281185
9  16 134109686
20  0 1260630913
14  27 327190241
4  12 657153232
17  7 1965477177
3  21 1903320985
25  22 1200064365
25  5 1890579720
0  19 205171986
9  1 294848672
8  17 1335564397
9  24 225759606
9  11 1645623372
10  6 129778572
20  4 1223146109
19  15 1497144045
16  1 389157177
11  6 1429667984
25  11 820464502
0  9 1337195985
2  7 391006313
23  0 500128239
22  2 962519199
19  0 465424492
9  19 1595167148
10  5 1861510705
1  9 1409847647
17  20 489507439
5  17 888489822
19  2 1983557459
29  1 622793272
26  10 1908502042
11  24 735670529
18  2 1701505074
6  15 267773304
9  23 394286434
9  1 33256745
9  2 405528338
25  11 1346406105
13  4 1601551693
16  1 1993819448
28  6 295339123
28  24 1352499323
