450 30 5 9
18  28 580193448
25  15 2125158664
13  18 1792486254
29  19 1552113644
25  7 65275921
12  25 31478136
14  4 466849875
23  13 1637658733
24  25 1113635096
8  3 2000562682
29  6 148331998
3  17 706358824
8  3 1161661176
18  29 967296770
20  25 261860813
14  5 1569133262
13  27 487146916
18  22 197819705
7  20 107898026
2  5 956897731
9  23 1331561711
17  13 672418174
18  24 2111864934
4  0 1897773827
19  27 248086987
12  19 2054616788
19  11 860674459
21  24 623827039
19  7 978168713
15  17 1382639338
16  26 1651710538
27  15 857517951
22  25 259133307
1  5 1206770330
16  24 1571718664
14  4 223744372
16  29 845644497
8  11 1387917910
10  13 761430189
28  17 1339028965
12  9 914778923
18  13 650873703
19  14 1609932445
13  16 2023928333
17  3 1959868531
0  2 1122090935
18  11 2633079
2  11 1971156673
16  17 1759939489
19  18 1846215613
28  19 1146096810
28  14 66009807
4  1 2136786001
20  2 169566371
12  15 986784874
4  21 977182495
28  5 1792449251
5  3 299216163
17  22 943262932
17  2 80572778
23  13 1746146786
26  1 295839968
20  26 639101416
24  16 973096119
3  29 1505724353
13  3 135520917
14  16 55893035
28  25 1399931305
18  10 39531255
27  14 1196248031
20  11 730069416
28  11 2014944386
28  13 830735914
9  22 1088531230
9  3 1222350927
2  29 1396983683
25  16 1735277307
24  15 118450213
7  9 645188260
12  29 1267885939
12  18 70280917
29  13 1923486925
10  23 1263837574
18  26 2077489143
14  10 2001667589
2  6 1403334867
19  2 1199354936
26  21 1851754601
16  20 2039147397
3  27 1918802746
10  24 1809614895
19  20 1435718427
14  0 138277883
21  22 1091044903
21  5 956311495
10  17 662068153
9  13 2050588629
12  29 294990729
21  24 766086976
4  11 789363128
27  4 779025365
3  1 45896967
18  27 1050907956
21  26 909963125
18  16 1511548192
3  16 992118938
20  26 1382539301
24  20 968947439
14  16 1791767922
10  11 1615799667
25  11 588363191
27  24 171041968
22  19 1579845622
6  16 1617927664
2  19 865756306
6  7 2094788578
6  8 1622055944
0  3 1302598829
16  28 734842109
10  3 732115056
28  8 1627541789
6  4 1038728054
11  22 297508401
21  4 857398546
11  8 1099920768
4  14 913632510
20  27 409824969
15  20 1308687414
12  14 677537869
5  9 186492891
28  11 493525624
12  9 1876459967
29  22 1029712274
21  10 938931142
7  5 1084978385
6  1 209452411
24  28 1264226455
7  3 1661695074
1  11 1546594711
20  18 1332378222
20  28 679392026
7  27 125588979
3  20 526168653
16  29 522984853
11  27 941937894
21  8 488351407
13  25 939938035
12  24 1256133717
23  6 489257141
17  27 1012565261
14  11 930622724
11  17 40066975
16  11 241820730
11  21 1671400787
8  5 795748373
14  18 245194924
20  24 214165166
28  4 901987619
5  16 1875806094
7  9 1470682803
23  24 460237830
7  5 2081868430
2  9 2060492375
27  0 181540967
0  7 136528942
9  8 1424991299
1  16 1813124864
10  8 525397327
14  8 1641155119
24  8 677508984
13  2 9116753
15  1 1235482653
14  10 34252856
22  5 98808736
25  15 114464800
13  15 804839558
20  17 2018521993
24  12 464760778
12  11 805754482
9  24 2082397318
29  9 1603422372
15  6 888512020
27  10 1030716475
20  28 1949024455
22  7 1415442165
7  17 1274645160
7  14 532861218
24  15 1557179575
7  6 1276000466
26  2 1970324410
19  20 1120477087
3  26 827390982
2  23 1794598160
19  10 1295164505
29  9 2108833566
8  6 437593108
19  8 281139175
22  24 804637321
12  28 1408171705
9  24 476908602
15  14 945949529
5  16 1481063222
25  12 2122168291
2  7 1255940764
15  7 702097224
13  9 975515412
23  6 1771407720
3  20 479656929
18  13 2098893967
27  29 506964667
10  4 985061527
26  24 1204705680
4  9 123351121
28  29 179700149
12  5 822011865
11  20 463832619
15  13 1755144418
12  9 1979330643
18  8 510214653
3  4 1338933367
20  23 1624774681
22  18 476363045
16  23 2137013620
27  12 1066485069
10  28 1744598631
2  15 2018822026
27  16 980230285
22  16 417033081
20  26 960176474
9  7 1688749550
4  19 356925831
25  13 858102028
15  25 588364244
23  8 1688389369
16  3 820415142
6  27 22501041
5  17 1842508847
10  12 530853256
6  22 442410043
21  22 210353407
6  16 255643985
23  27 230113207
0  13 320336109
22  27 354198130
25  21 1000419445
0  21 1855691235
27  23 231602874
19  7 1101500457
23  9 876390698
0  19 1586489041
2  7 177025995
24  26 2029715432
29  7 11918214
15  13 13883511
0  22 30928222
22  24 2137301842
27  18 732452670
10  15 1055648929
9  7 1887212073
26  3 2003959341
13  25 29514193
26  2 1668882602
3  2 1085008305
14  13 703994967
10  11 532852564
0  17 902757958
9  19 1027063735
9  11 1403165328
7  8 643734432
12  15 1529749475
5  15 1099749582
1  6 1003525321
9  4 146179364
10  13 1117150019
0  5 1001175975
13  10 1874946119
12  15 151311711
25  23 2132816514
9  3 829525991
6  5 588509537
6  29 1078763367
15  21 1130085466
7  10 1760793511
5  15 859371817
25  7 1320598531
14  24 1965668330
20  19 1191532092
3  21 1570427464
9  21 323022960
0  18 2048530990
18  14 776969627
13  24 1861821826
11  1 1982873485
20  23 384399464
27  10 70088352
4  18 1845322745
11  2 2040678506
23  5 2107385891
0  11 1139084785
6  5 658537054
25  22 1073724934
15  23 458677254
26  25 67256016
15  28 814138400
3  24 528406125
12  9 164199946
6  20 1695901481
23  16 1937135113
4  12 1627949905
25  26 2007901767
14  26 715489143
11  7 715939018
4  12 1459982749
6  11 528208928
22  0 1257071121
9  23 495132746
10  7 952865532
0  3 554914587
2  12 241594574
21  12 906384631
19  20 901559951
22  20 426606217
12  19 1851710367
20  3 450457334
1  5 852870653
29  3 1756974609
8  28 1464687396
24  2 269765712
0  4 1585597371
14  3 1094325363
18  9 1487688897
16  9 1732954015
23  19 458892724
24  12 1487487159
5  26 1825008293
11  16 1769281935
0  7 1576192311
15  25 325157786
15  17 1392431020
29  4 1171887243
15  7 1775825375
18  4 1991838129
14  4 1160536682
27  1 1361327973
29  0 1491827767
21  17 2055644242
2  22 1083892006
5  14 456533249
2  16 7867632
26  25 1440917904
24  9 535290859
17  18 116671054
10  18 681370463
11  10 886666098
26  10 1899555659
16  24 384438595
27  14 1956687270
8  25 614744524
27  13 2115397365
19  2 216478301
23  2 1851225154
19  28 654288048
24  13 2077688254
17  8 1080910692
21  19 1912117397
27  29 1940944347
27  17 1160466131
27  26 1300879997
19  2 1630041475
4  10 860026745
26  13 1700012245
23  27 620104108
19  1 1738175018
15  29 1152998605
23  6 2005382401
15  16 2078926883
24  27 1120521593
3  4 1122702840
11  9 945749903
29  3 1037343601
23  6 757664176
19  28 248291571
25  5 20526301
27  15 1383718886
11  18 1752695709
25  5 1519499140
17  27 1422633085
24  26 1822317955
12  14 1082240288
22  26 1595546230
24  14 520368655
18  12 470075655
14  2 333708169
26  16 2027960672
13  23 1604809071
20  23 1663587491
27  17 1696244262
20  1 678924665
19  24 286170767
28  16 1718264997
12  20 943242973
22  9 1915250571
24  4 1144902467
27  16 1560186812
28  14 1867736111
14  16 1268991128
7  14 1447311070
11  25 13095792
3  26 1678543728
5  29 1881529112
24  26 1071416721
13  16 881318240
18  8 661070550
5  0 793776227
5  19 944769865
15  14 992524348
13  19 1705339470
13  21 1989646011
3  5 1539459605
15  7 383873714
22  8 2044029828
27  19 1030926742
8  10 1547224063
1  5 933074947
20  12 1697572574
25  23 1393310004
1  9 179935893
23  5 1418975947
27  21 1168935242
4  5 300446600
2  3 1974445579
4  15 87255207
5  13 1057101620
13  6 178988409
15  27 1744143213
13  18 419498811
13  1 504984298
5  2 2132786055
9  23 2011577220
0  11 687139691
8  25 1411669356
11  14 1227914625
12  10 606234935
22  18 1432250212
14  21 522938780
3  28 1907105718
19  23 1570436384
17  15 1055516235
3  18 1351186177
9  2 1770495818
