450 30 15 7
18  10 1701554034
22  14 1695977157
5  16 230487451
28  13 1512134656
7  22 1386521114
28  12 132011032
17  4 1599302254
21  22 611740428
12  16 66212494
20  18 766034792
22  20 843380627
26  20 477588180
14  22 609490305
1  15 1530075540
27  3 1264574910
5  2 1167218205
21  24 33186420
10  18 856222735
27  18 1147222868
12  18 27269889
16  18 148441062
11  26 1248772580
13  4 1767848470
4  25 97675713
2  4 273508739
10  22 1281439259
7  18 657241833
23  12 687243467
15  28 72202794
9  20 1641724597
7  23 1458261132
12  0 558770366
23  20 2145979583
21  22 1667880334
29  2 243283241
8  27 275390766
16  9 345421077
2  15 232942092
22  24 792705793
22  16 950982300
19  29 899028064
26  2 1283401902
1  19 664061819
26  27 1401492559
23  19 632339060
11  10 1275567877
13  25 1728450361
15  0 1520657516
19  8 1697736335
1  23 1116407829
7  18 1881732624
23  10 1530816927
15  0 2028487323
3  6 1093512858
16  28 1454284804
15  27 77110834
15  19 348613135
23  24 515035721
15  8 950595860
23  28 389376368
18  13 265192218
12  3 692721931
10  1 1903577959
1  27 415405102
19  24 1405942412
19  11 189693942
2  14 1356129139
12  8 1084348252
22  0 935335730
16  25 19118219
21  27 1032565333
3  1 261753578
27  0 1069677561
23  10 384948200
26  4 1591578359
29  7 244881433
20  2 1467785966
23  6 563072872
29  8 1500489630
27  7 1682358951
14  1 926221060
24  19 898232317
21  23 142608167
6  19 1687226164
16  9 1711590477
12  4 337866462
16  2 922955447
10  14 296754709
13  5 202856215
0  15 1663382280
12  19 1050599305
12  28 307571972
9  17 1048926851
3  12 811945139
13  11 1710040208
16  14 999595615
2  14 99859908
28  6 1940929993
21  0 359034676
4  27 1404797354
0  22 451414931
20  27 1796064741
22  10 76834715
24  17 958786977
8  27 1838725251
16  3 116485826
13  10 1520935504
18  4 1470371481
6  0 641047981
27  7 1020691973
17  1 1149339815
17  22 1275340808
9  12 726757136
18  16 1221387360
23  10 1386374555
26  15 1717332652
6  20 1208131947
7  3 399874986
12  27 157963691
4  13 355012313
10  23 902425158
12  1 1090971452
10  26 2126545804
11  18 34383972
3  5 677063916
22  5 1110985070
3  28 1153038200
14  20 691879418
21  8 417529425
23  26 147545605
0  5 888471607
9  29 697188519
15  12 170787520
28  11 1140480539
25  14 235109745
28  21 665760928
27  29 1040410552
21  28 1217497084
19  1 130086988
2  24 1335135728
7  18 187407137
16  2 1844358131
6  2 329104384
2  4 758124423
10  3 417733397
15  26 890006590
9  27 373401405
17  19 2023050638
24  0 673439847
5  19 1430856777
26  16 1871322180
7  0 758878005
1  7 1715263190
10  2 940416515
6  2 863386297
4  16 1422189141
14  24 583327328
4  22 548370693
21  28 336191116
3  24 369578277
21  5 1747171803
2  0 1197772094
21  18 1783229956
5  22 356210045
23  9 562765120
24  9 956991951
24  12 1857139779
19  27 512493743
18  4 1044467934
19  12 2125589956
25  0 1821543592
5  27 383697457
0  19 1002540421
26  29 346435807
3  29 1654130209
8  21 712970965
2  25 216650647
11  7 145184268
3  2 318210595
5  2 1992552438
6  17 1683074152
13  6 39972986
14  20 1980623036
10  1 134886183
26  8 434901940
9  18 684219943
8  11 1857084251
7  3 1527056374
5  6 1930493856
6  27 223853940
27  11 1517614717
22  25 576666168
21  28 22233985
12  13 1244368604
29  10 364620393
4  14 940488232
8  27 1820528281
14  20 1802591705
23  15 197268137
18  1 453408346
23  3 1210399652
11  0 1792795346
26  7 1139544338
8  23 435057811
6  12 1376860401
8  21 1959798591
16  4 95911598
14  27 1043439700
19  6 145597129
15  28 1064108349
1  22 1599868270
10  11 609701712
1  9 896090401
20  10 1302238674
27  11 1690728108
25  2 180397240
13  5 578132081
15  25 185832979
8  22 1957348394
22  18 916937798
14  1 2125072715
29  13 1618264140
24  18 1151078473
24  7 849431537
11  23 470883524
26  28 798273564
5  15 499542632
28  22 73041127
4  20 194728551
29  3 1576172536
22  1 828763522
2  27 1299771274
16  10 1318980517
27  16 1531501878
22  18 1522524198
2  14 502769710
9  27 227394303
4  21 1922511164
7  16 98512238
25  19 547833801
10  1 262482541
23  22 481962947
3  10 1529542033
7  26 2144566006
0  24 568722069
8  4 1349106397
29  19 1800216488
11  4 1986112374
13  10 337726866
8  4 572473036
19  18 165377789
3  24 720488162
23  27 618230739
27  20 734183990
15  28 229092187
27  15 584994877
19  10 467983232
5  13 680665790
16  1 491423407
18  9 1799658254
0  15 330294310
3  10 479463515
8  24 1009976227
18  3 2730784
11  16 1143512625
20  8 1504805642
0  1 135821674
3  18 503963007
15  25 240576009
2  5 2020146915
13  16 251243944
4  10 2064606364
20  22 1130210886
26  9 62929196
14  12 1200562419
16  3 329248650
1  3 1463850568
14  13 533509971
3  22 1846695141
8  17 1054613820
18  2 460764396
11  2 641910271
18  9 378926915
18  4 1006128261
9  3 1761130820
2  0 609117406
10  1 1198945098
6  10 152878494
10  3 1213019662
15  3 470151254
1  2 191188307
4  0 1355026465
4  20 1958724014
17  13 1805231178
4  23 1365034351
8  2 1294339565
9  21 1353657194
4  22 1608850936
12  25 482041887
20  9 1265391410
11  4 203057188
2  10 1241147060
17  21 1258467617
6  10 2080865002
5  27 411041786
26  24 61854741
24  20 212864818
3  26 145974114
5  7 738456156
18  0 12117591
7  12 1911603219
16  8 1754968303
14  7 1099976379
23  22 1352812443
14  13 1747941123
21  22 1761421354
9  6 2117485346
22  6 561718055
21  20 929676623
22  4 1616295230
27  6 1536425249
25  10 231488699
3  25 707154217
14  17 1701598122
29  28 76798001
21  7 1555557775
28  26 1330462141
23  17 714864840
7  11 2082890722
23  20 295848890
18  8 1690096845
16  9 748305002
11  8 54440944
17  23 632406688
5  3 187705916
26  17 1516224234
2  4 1640888303
6  2 244845735
15  2 1829361751
5  2 1755024266
27  5 497955747
11  1 378656916
15  9 41669522
22  10 439160617
12  10 982609388
20  26 1558968086
7  21 1852465747
11  23 1799255390
1  25 589474045
16  23 1547822463
23  22 1494382863
16  0 1053854473
29  0 331999207
27  14 943861162
5  2 101867011
18  17 977093094
7  16 1739535734
14  20 1683722262
7  6 2122764358
9  12 1966824831
2  29 1985176977
2  24 1221745207
9  13 446455720
4  10 1909438959
4  13 1135322993
10  18 556818063
16  22 625580357
26  23 950574749
9  17 1966172134
14  20 2040690127
28  23 1368292860
27  5 1492466672
20  5 143838485
16  25 815630026
8  24 271875537
20  7 485717357
18  7 156257793
0  22 673717624
28  0 1642226815
12  13 1197184339
22  18 1392368944
10  22 624813596
13  15 2031820859
26  10 1394542523
23  24 664480843
24  10 1890604920
18  25 242656511
24  18 987269879
7  27 94017485
22  1 1025964460
11  8 849048905
6  25 936782322
23  17 2009389904
8  12 908571575
21  13 1531352890
6  4 1113823712
16  18 1924713232
27  26 1915531897
3  27 854281770
13  5 275773586
16  12 352033817
6  9 223057892
17  5 774307800
11  21 466823103
19  18 172715717
19  8 394252997
14  27 287540131
13  8 728980487
8  28 1111717541
4  3 121237837
12  28 1252415150
9  20 1295005135
7  12 1016759136
28  8 181132954
17  8 967206002
8  3 851519567
8  29 243687580
12  17 709608704
12  5 1865392112
1  5 1645522151
22  25 2004623846
7  10 153159273
13  16 1195008663
18  21 1048690839
16  5 1406115475
25  6 1898022314
19  5 1616694313
4  26 255826665
24  16 1048341481
5  24 155572058
8  22 1856668412
0  12 465856536
12  28 1728649097
11  22 1591934721
26  8 249122909
23  21 1350420956
3  24 829181104
15  18 1592652301
22  21 1515989873
15  22 2077480825
12  7 1252331906
20  12 354759071
21  24 233347528
7  10 1286431183
7  16 2122881440
18  5 894218793
12  20 1909370440
6  8 2098492694
8  27 1223566060
19  5 792179282
