450 30 7 25
19  29 757579577
6  27 1978585943
17  21 2037189027
9  25 1632898362
7  29 1365043002
28  10 2107386320
3  22 709891981
9  1 1735660751
9  24 314943768
26  20 194201867
14  1 1204741938
10  8 780135858
6  26 1134387403
4  24 484164769
5  15 1934072262
28  10 27525867
17  21 1315426194
14  3 676616855
25  23 1535879627
17  19 1325739880
12  27 656141105
26  21 139233046
10  25 823205936
14  20 271653894
18  1 1234722472
18  9 1502069717
9  27 109578861
22  4 534686381
22  13 521958035
4  3 1683979464
3  20 1324233419
4  12 2106595541
14  18 951882430
16  3 606612710
8  28 1571001874
22  21 37191664
3  7 1144687617
15  16 493674918
1  21 254275988
15  21 1716304562
29  4 1746100514
0  9 538491640
20  6 2129266897
20  19 1071814807
18  16 253617543
22  24 1744687887
21  1 736201361
21  29 1982054713
0  23 670831992
11  28 160519791
22  6 92462382
8  22 1693773872
3  9 472955756
7  9 2050870376
29  5 1764134114
23  16 1489570384
21  26 1569648039
27  23 1516373545
26  9 251877675
24  22 1777663729
10  15 378753928
21  0 1138993186
3  6 644109396
12  15 866848109
29  4 108317026
14  8 1651900195
26  10 2047933328
20  19 1766043559
10  21 830362536
0  8 30435367
20  16 2054216479
14  28 158872733
26  0 933834202
24  13 442182812
14  7 203171979
26  4 1928142703
7  11 742160106
14  8 1340992189
8  13 1649523122
3  4 152388403
0  11 492662862
1  15 947007059
21  2 1286155718
14  2 1876937663
28  19 543520421
26  24 1380722006
11  8 1558875364
24  11 785362186
12  1 317468392
25  21 2060103679
3  9 1078042940
25  21 1078910910
10  21 206720150
1  27 929600690
14  29 1395739609
24  23 1167614399
2  13 1431666083
17  28 1783583427
1  29 267240653
5  2 1469116708
22  9 1982110841
16  15 747660994
17  16 756165105
2  21 1497271948
25  8 340929344
23  3 1129922554
23  16 496240036
13  14 2082046985
27  3 278444847
15  10 605948237
5  23 1699414059
22  16 1274620891
23  3 429317129
25  15 437102857
27  0 1181729519
26  18 219525802
0  4 717854577
8  7 1098920769
14  11 1990546345
21  19 1310045718
13  10 427365367
19  7 841808226
3  24 1436711223
26  8 1070983370
6  17 1861435956
22  15 330761466
4  15 1233442693
13  26 80132016
11  12 1725702179
7  13 189642689
22  3 1983128287
0  8 2064346953
6  2 258516292
8  14 191638300
7  13 541277098
11  0 1185239671
25  1 717612632
10  17 76657801
22  14 1818362468
22  6 1476915617
14  0 1942586397
18  0 915404819
27  22 2014061656
9  0 204324159
6  19 164957613
15  29 647854657
13  19 608242145
11  8 35481280
16  26 60411218
14  9 1670413258
15  14 1456741045
24  3 827374957
15  8 1837138867
15  6 1746532179
0  17 283832847
9  18 56731965
9  21 882970979
3  19 1301087955
4  1 1933263867
11  10 23118569
7  28 2023816485
3  9 1491724176
28  0 398374775
16  6 675804195
20  12 256748740
9  15 1051297518
29  13 405049506
0  21 1193888252
29  23 598985670
29  22 478329456
23  16 338734975
2  27 1985157160
7  8 750400492
14  15 243261447
26  10 1420690872
19  12 1277088768
27  13 1363471596
5  16 753990571
25  6 748772301
0  28 78618470
17  13 958330864
8  15 459254197
7  26 1469353814
21  17 1676277147
23  4 1031011920
7  11 753921730
17  19 1706679327
11  14 415461594
0  7 1460203463
1  21 1995702781
6  18 852806433
0  21 408655396
10  21 382597027
12  15 1894480276
1  10 298537448
7  2 147512175
19  22 1204618085
21  29 615109024
25  7 813326270
13  7 1946380370
22  3 655107772
24  21 1954261015
12  23 497847501
7  16 1430616356
15  1 361540864
22  11 929844095
15  22 1801879718
24  27 1335836359
7  28 2078746296
9  1 92382831
14  16 1253490224
26  20 79386428
27  11 444871590
20  0 68831446
27  7 231214312
10  4 1375445325
13  25 702769947
15  25 1356805746
16  21 1036768246
21  2 2109769350
2  6 1844816984
8  28 1634452187
3  8 1137715603
7  6 1126190978
25  22 163559445
3  18 1157929530
27  24 1763129853
22  1 530573124
4  13 1608566158
23  14 1615067699
17  11 417653369
13  28 558163158
11  21 417261793
0  14 957449372
11  21 1736139518
14  2 1539384033
25  7 2118535655
25  1 141595776
16  14 1240686273
28  19 1203165991
21  12 805811783
1  15 1043240338
15  0 1385695986
16  8 944672952
19  14 1949031941
21  16 104925562
9  4 1999621045
0  17 637619430
24  22 1044668539
22  14 1222088994
3  7 413269850
22  18 908207701
5  20 407227696
26  17 1079725081
8  19 939844531
18  29 618599883
13  25 515389751
8  25 788855337
25  13 143595636
15  14 1894022754
14  4 699680150
8  21 2044074951
1  11 1900051007
22  6 728452882
20  28 1745336146
9  4 824220776
5  16 1211123310
1  17 1625260872
10  3 642248553
15  7 1738787091
29  26 415712894
4  10 1055417737
24  12 1907543304
0  12 1658240303
20  17 2130256513
11  21 1539263222
1  21 747203032
26  28 407585989
3  12 1588694281
25  3 1068615584
16  21 1084778413
29  27 1960813865
2  22 244336982
18  26 1713593816
25  26 741053116
24  21 1622269882
19  8 129841207
2  23 1614123831
21  29 484106534
24  7 326976448
29  18 45098812
9  0 317758578
14  25 1659886571
8  21 364439669
8  29 1839145629
2  9 1132433184
26  27 2065549563
11  9 1493179028
4  20 1756773845
29  28 1761757069
0  2 1797241818
2  23 1414758566
18  14 1068382595
23  9 985020587
16  0 1454057088
8  0 1592055289
17  10 488079488
29  15 1285397284
19  27 1672274751
21  23 1003043472
9  17 599070534
14  22 778924357
22  4 416062788
10  21 181597127
13  2 2146791343
10  16 886553705
24  11 1921606490
28  26 572770833
7  14 1965056156
7  13 180093304
12  16 274788888
21  20 645499246
0  5 1441966471
3  13 521109148
1  8 946660914
17  9 1717474191
6  9 113441454
18  19 389118743
4  2 2073505713
18  22 591493396
3  7 53203674
29  16 1269465230
28  17 135708018
17  16 1741076991
29  27 690013835
22  3 1766977942
19  5 2074071219
2  10 2039256646
12  0 1499632319
7  12 529333982
13  6 788378235
22  21 71455949
18  17 137187614
22  17 826395645
13  6 681121701
11  28 680452930
11  12 985983897
21  16 415926630
12  27 709012038
5  22 696071141
13  5 1218330542
25  26 571702104
25  28 1691589758
5  26 1186834784
19  27 1399546185
8  22 861548997
21  5 517608895
18  14 1922493939
5  17 160372094
19  24 1454089948
4  11 1157558734
0  22 1967106202
5  21 681305092
4  8 1564109629
12  21 371435821
16  25 107830456
2  25 68884650
14  21 242432003
29  10 455522192
3  24 881705146
0  4 1923745639
14  18 531139178
19  26 309004740
2  15 1089454946
8  14 1754344408
1  16 1876791491
26  15 1275057123
8  23 1470245849
11  22 1870046237
1  2 626001434
7  16 1858398867
11  9 2051004758
24  18 1359010500
16  24 1468166639
3  21 2137562959
0  27 53448377
14  28 1912568620
19  7 1524796530
5  11 1113081164
16  10 1281195789
25  1 389357498
8  1 105788484
6  8 1954899456
1  12 2086865559
8  28 1744708388
6  8 1567697817
2  16 686888441
3  5 1848868110
5  10 584916077
10  23 2042704261
21  4 1692257523
4  11 983610123
16  10 1200151017
18  5 2132769113
25  2 1865696818
6  29 712818671
17  14 1860662878
6  8 1995813558
29  23 196058195
17  15 531501502
20  28 1186120236
10  1 1117865848
17  19 1217462329
23  13 852011030
17  26 1025168886
5  12 541459032
28  2 346584125
3  29 956195283
23  22 1532885531
22  17 1719994484
10  25 1665025936
6  12 246883690
16  15 1073565968
26  17 240437498
29  19 2044792203
19  23 80968458
27  24 639735518
4  12 1689146946
4  13 267286652
27  2 1167964002
6  1 1879139120
13  29 137545388
8  20 2122357410
24  1 746578429
27  6 1321094092
24  14 268331260
11  28 98596796
17  0 1607846116
19  29 356938785
19  10 566559704
4  20 849272907
20  25 449718462
22  16 1122760943
2  18 380399829
26  19 1822684542
12  16 160446790
29  14 344362911
15  11 352244977
14  17 1884940592
16  3 687775501
