450 30 20 3
14  22 1435293510
3  9 967229260
26  23 2103691220
2  16 868540742
24  7 20225709
23  9 1711514529
7  18 564551959
15  21 997441772
4  10 853112526
2  26 1329902256
20  28 91030603
28  7 77297423
18  29 14784641
9  7 1143575711
24  15 167996442
1  15 6809738
18  5 202229373
10  1 1944979256
12  21 575348529
10  22 1543289632
27  16 1719267797
4  2 6384418
17  25 1572452999
25  1 27902955
9  8 96923316
19  0 1073127354
22  27 1864317910
5  14 439547246
17  4 132614845
7  20 497938760
1  12 480971946
5  28 414750324
4  24 1298103088
27  25 824115065
11  0 1819347427
0  16 1958725467
25  21 1339646056
26  23 1576329238
5  4 125167708
20  2 427084143
27  5 590751356
5  7 363350353
2  15 1859331399
2  18 815517050
2  15 1538039107
28  3 452527848
16  18 887921958
27  26 83402228
24  16 1074007754
11  6 282058371
2  28 1255706133
28  7 1719968571
27  7 696980441
3  5 1144442622
2  20 1350117946
13  1 1463376437
2  3 727063493
2  9 1641791148
13  24 736798627
24  6 2076737041
27  10 1105855786
23  28 1427353457
3  22 1030971435
23  10 694415349
16  25 18781139
28  7 1451314488
13  27 200688322
22  5 1972711343
29  28 1595048006
23  4 1993654157
7  12 1182346498
23  3 337783084
9  7 1080019437
22  18 1826572292
10  0 1593795796
27  16 230596340
3  7 1190620672
18  24 1792480698
15  25 179591634
27  1 2114336466
11  4 2142781437
11  2 804746727
16  18 1469685137
17  14 1606756775
5  3 186196671
20  8 987335972
29  23 1782122276
18  7 328290606
6  13 1667206097
26  2 1233293633
5  29 8086882
3  15 505432953
19  6 443910985
1  26 1104296144
26  0 1690847526
17  22 1019762182
29  2 1074539760
2  15 1869993032
2  0 1181581048
19  21 394226570
20  23 1754750314
5  0 1149021955
15  13 1477692861
8  19 981548193
19  3 1102659671
16  21 119288947
10  16 800413409
6  15 1418271670
16  19 1378524356
9  24 812029899
5  26 861345349
18  22 1680578194
8  28 1631478750
25  21 440690421
29  12 566162881
23  11 1428232462
17  14 1239751032
7  26 1339096196
23  4 1950690755
1  29 1531708458
9  5 762505519
11  4 1319574910
0  14 978558244
25  1 1142609057
28  4 349453461
26  28 1511455402
24  4 1422080100
11  13 1515531474
15  27 937993187
12  22 477643592
6  13 353254663
15  11 454438973
6  26 700378205
6  5 499025890
2  0 53119861
6  4 926177085
11  20 117999114
17  28 1564067575
27  1 543585912
6  11 1624725505
11  1 972954981
1  19 1442036816
16  29 402324498
11  8 1511607239
18  11 978851116
11  17 795062666
7  1 137340647
26  14 76490659
18  29 1162408603
27  2 947076528
14  1 596921571
17  18 526536570
26  0 593116759
3  12 588485736
3  18 1788095960
26  5 515187938
9  23 657776734
14  20 1823152838
26  25 1104310620
21  14 1625832880
6  26 223428415
14  11 2117558718
20  18 509784133
5  21 1520899867
16  1 1725346586
26  18 981994399
12  28 1218955360
13  21 18441184
24  2 184189379
11  3 362969325
22  19 1463042469
1  5 1961373769
14  28 1599828382
11  12 2011987859
1  8 1721960
21  10 406227764
27  23 2140946557
19  24 493282739
13  10 549445575
23  9 2107192534
21  26 691910665
20  17 417970805
2  29 454254237
7  21 395814090
4  15 1423756839
10  25 1574263069
8  16 1639485285
4  27 105459931
9  16 315460278
8  20 2102719886
17  0 1270099002
21  15 1386064105
8  2 2076024574
5  20 1019252331
26  27 1621145121
0  9 380733946
1  22 1329532639
2  22 1892465817
6  20 2059862620
3  24 599300361
23  13 1849486325
16  13 458746536
25  16 1680742711
27  20 232247910
13  29 1003567281
28  3 92713454
28  0 1844975244
19  4 2038580850
15  21 453606405
5  20 565028361
17  1 1133407377
14  28 1143049490
24  2 1025109798
18  7 1826629824
20  3 535623624
23  5 277669651
23  28 543790612
3  5 1680226012
8  19 1899094667
6  24 458634107
12  8 1228652205
10  4 965476052
4  25 683302973
11  18 875814760
29  24 938375286
11  0 1695349031
7  19 2067791652
7  24 2070644399
2  24 1939789277
16  0 1698329889
10  7 1096925353
14  1 1812167049
2  15 1791602193
4  21 221190922
22  21 30459008
22  13 192867649
25  6 1937895284
1  14 187416075
24  23 1202814119
10  9 881386525
16  12 1689540522
18  6 794731122
23  24 1536848350
1  17 285959831
4  9 1357464691
9  16 1967793847
15  25 799569786
12  21 199526056
11  2 764617539
28  14 859707743
18  17 465312617
15  4 1362977890
25  23 1483718588
11  10 301533893
27  2 124910911
2  12 1878198677
6  7 30502265
7  20 1276935904
8  27 161148547
28  12 433127974
5  12 781631771
17  4 1380847671
19  8 1459193379
23  14 347943919
9  13 354674894
18  15 379710306
4  22 519539408
6  1 703703625
17  24 1597275111
6  4 956536988
11  26 4252054
2  12 41405203
11  9 1820201277
26  4 271130806
10  11 78670663
13  16 866465479
2  21 1328220565
25  12 88646868
9  25 1802296645
11  2 1923316941
20  5 1239384205
0  6 430593893
28  8 2095196956
22  19 1836169184
13  10 266013224
15  27 835558106
14  27 896767113
19  18 2088660315
9  18 1858096096
26  23 887374283
12  0 1874760224
23  7 311544475
25  6 229621476
5  13 1511818809
15  24 1797750985
20  7 490734539
8  28 1972049113
18  17 1010643775
23  24 1114013140
4  7 1615657854
4  14 1341356475
25  23 1059554340
1  5 1047052184
15  25 1155269096
19  26 1304678687
8  15 51080825
24  19 1230923315
3  11 911124674
1  6 1795674670
11  26 992976330
7  12 2081649213
10  28 1762516406
1  0 1809927072
2  17 1432108631
21  20 376441701
17  29 1355908187
17  20 1814563781
12  7 2105997079
20  25 1382714999
12  14 488889830
16  2 1518778655
2  27 1100808667
16  17 907246596
28  18 547074674
3  6 402935036
23  21 1876993025
8  11 1203270104
7  20 435722859
20  21 1268241249
22  9 569314368
3  23 1427371415
19  7 1511423367
23  17 597191907
22  24 1424999247
23  25 2046509381
15  17 2114937649
18  15 1602866181
14  1 1050238245
23  25 1892024134
17  16 381476763
7  25 1732218932
2  19 895401042
27  12 1026665483
17  24 462457987
9  11 1758003462
1  11 1881457813
17  15 459525737
18  16 1312845319
21  9 359893350
4  28 1014958297
16  13 898822073
16  23 1231053472
15  19 457785552
21  24 1343816381
29  15 1156825328
27  0 480553497
7  18 1059460997
26  7 960322775
7  10 1558634504
21  11 1066118740
7  20 1198119206
28  27 168242679
6  19 370074727
1  25 1374756452
13  0 181007940
29  26 1773981033
15  4 1894817183
15  21 649138552
25  7 1797157589
9  1 82364398
4  12 2051966222
28  26 1979323228
7  29 325267092
25  2 680193184
19  23 144328155
14  29 125786957
25  1 265400933
14  22 138800588
6  2 511888620
5  16 490067281
25  8 1229856787
18  14 1741756985
6  15 597028166
16  10 589238619
19  27 1388057750
23  27 821185821
3  13 956001655
28  24 1544417480
9  4 397629513
12  29 718551368
10  19 44670927
29  17 283945733
21  2 681920126
20  22 1554708495
22  2 60964287
12  9 218739587
18  20 199289641
11  23 1046912686
0  1 1627835651
11  0 1776925505
3  5 312339491
7  2 1749654644
23  4 279380830
22  27 157217047
16  3 1396622223
22  18 1880657863
19  3 1656766582
5  1 132392546
20  19 82000598
18  9 532227985
17  24 171024387
10  0 1803302372
14  18 524109203
27  20 1429369786
18  22 381541249
21  6 208446672
29  14 2124896066
27  21 482771624
5  9 1823030614
23  0 1860153321
24  28 463693693
5  28 1512463132
0  9 626498448
6  9 1976802418
3  2 1734768205
29  24 1409824843
18  20 1690254850
27  21 1407229878
15  4 1625276992
2  4 1031093852
22  1 985751193
19  22 445875146
14  23 129329727
4  12 1824984280
5  25 1312766624
19  0 1911132674
23  16 418450094
20  6 2088224896
13  2 1656319324
22  17 671957142
28  2 1050675313
25  29 152352260
27  10 1212642193
28  1 1396697404
24  23 1699436001
10  28 771880032
0  6 1606586091
27  12 507015083
23  11 2067039855
8  24 32910028
