450 30 19 20
16  3 678875005
19  1 1896502777
16  27 378124665
12  15 1313855824
5  13 794675339
18  25 1758870522
16  11 120946051
2  17 1743804450
23  29 1129721634
6  17 1103428342
29  4 1022090043
24  8 1213369701
14  6 1821171019
13  23 1523156608
17  16 1097604477
11  9 1006673512
13  20 1175244178
5  6 1067544956
26  22 1601332717
22  20 732150818
28  24 1585454601
6  21 1779089580
9  18 432748888
12  28 315558328
29  22 2622773
16  11 1435854965
10  7 494021513
24  15 940139562
18  1 974485226
22  11 442282749
6  0 300716911
7  13 147512510
18  20 958394757
3  13 1803683292
17  18 387595618
4  29 1185116102
6  28 1573207947
9  3 1574182222
6  13 914061112
4  21 990693195
15  6 1845881794
14  12 335925208
25  17 705713280
9  4 1771347785
8  18 1909056404
28  4 154355358
0  5 794905044
15  7 1151475822
23  25 1091114841
3  6 112593852
13  26 1916006457
23  2 461349878
21  19 1425945435
22  0 346902962
3  7 1504477222
29  0 555444556
15  21 415453742
19  8 971112883
27  8 838002319
11  15 644201452
19  6 1191348302
10  1 1115626504
29  15 250030034
7  10 112045633
5  22 36862919
16  22 806155155
11  2 1912576483
20  25 277627087
17  13 348085224
2  19 1639990997
5  23 1983335789
22  16 785990224
15  5 1167842875
3  20 1613274535
10  12 2047391844
7  9 1077702397
5  2 226502483
13  11 179671562
12  5 1435119184
2  28 1028181455
15  19 21058433
15  25 567519395
1  25 1676168597
20  6 2131186647
20  9 754064089
8  17 941597577
4  6 959296936
29  2 683025279
28  0 2133964666
11  18 770050447
5  3 784219365
27  12 1997822378
22  20 101348535
1  27 729275324
13  2 1983639256
8  17 679778823
20  18 933127199
4  17 963480862
1  28 458963948
20  23 1248964031
1  3 1249578107
23  28 1798871920
16  18 637669378
3  26 1307910519
9  27 2096417352
12  17 612084057
18  19 1803277095
20  21 2139653419
26  24 1785408415
4  19 2067045016
2  25 445438010
19  10 778060227
12  6 470863576
1  19 1611916195
18  21 844917388
14  6 1078889550
24  26 349685405
15  8 584236182
8  28 164605359
22  10 767805826
0  3 1409452007
21  28 1643275123
10  2 952227564
19  26 1986340381
7  16 852688992
13  9 1602736130
2  16 1504365568
5  20 91022586
3  13 1491690949
24  1 724866345
12  24 1108530522
1  15 1726440924
25  12 641501372
10  25 1439528362
19  10 992534812
24  7 407840003
11  19 544738959
12  7 248756760
3  1 701133399
29  12 813463912
20  1 104550805
28  4 918956816
7  28 1769846963
24  17 1062017213
16  4 222312510
15  13 346817055
1  19 1598233358
14  26 808442707
23  4 1326756954
13  11 514470244
6  29 2072204574
6  1 2059960236
27  25 287265773
3  7 1109084142
12  24 1759095341
15  26 1273054757
25  23 622094371
0  26 1264941966
27  0 600934758
25  0 785124176
2  1 1990986512
22  9 1367377030
25  1 683916436
13  25 1622370700
7  27 884845032
8  24 124490932
1  11 1981003414
13  1 1275343553
28  19 319653749
18  22 899506220
13  3 1471413003
10  18 1348684853
22  4 627346237
27  2 1089740825
10  29 1643153857
16  9 671436394
22  14 568385827
13  9 1761625566
3  19 29494619
21  18 1317081308
28  3 1517870196
13  11 199468367
6  5 1117988825
8  13 1248212821
7  14 1383799213
14  3 395741301
12  22 2051679023
0  28 1551304129
25  15 47753516
22  17 1451695989
25  1 848075263
19  23 1426998115
15  11 700586267
9  19 1095503054
17  7 1070890601
2  16 299194142
12  8 1319641178
15  23 2140048002
13  3 1735336407
8  29 484212509
16  23 428421873
7  20 858387583
26  11 420141092
22  14 740950265
29  21 360416464
18  11 352707456
18  5 276323418
5  20 1831114889
16  1 1396590658
11  27 1345658810
26  16 1726351126
15  28 2143321806
16  19 50494974
12  26 979869062
3  22 1084658220
22  17 986458538
0  21 1888070969
16  0 1848520588
1  17 1749975927
14  3 1097048058
6  17 452713650
22  6 519953789
26  19 214566225
28  20 1396764573
1  10 1993638174
11  25 610321118
25  19 1684224212
23  13 2033015960
1  26 974474026
22  12 2110446971
17  28 766663986
23  21 1596597761
5  24 1711433208
5  10 979333990
5  24 2077323956
20  18 321844979
24  21 732542252
29  27 183277769
24  0 802182462
3  1 1409983152
25  20 1034785170
2  17 1696141043
29  10 871131335
0  13 928060257
29  28 408473553
20  15 1685823594
7  26 1980294873
26  24 1709700922
9  15 851381551
20  6 1930009792
18  20 1295425480
4  18 178985180
3  9 1589357661
5  4 1453658959
24  5 218615947
16  0 1640065231
8  10 1398557081
17  6 969649469
11  20 655054306
25  23 871828642
1  7 1853481810
25  27 156577489
10  4 1461665103
13  14 1501588015
3  9 1322819251
9  19 1870240787
10  21 1986283578
14  21 2017919115
4  19 1737616167
20  19 595341911
11  0 995692553
27  24 1267626200
28  11 1430488464
29  26 2095105208
15  20 237627972
27  26 1987466982
3  22 39487432
17  5 1036541303
25  19 1846056139
23  14 831195796
19  11 745010238
0  12 1099339295
2  12 377383277
15  14 762874872
16  6 423573275
11  7 434434158
13  18 694533343
3  9 1436932556
21  10 1265395407
5  18 1204311310
10  15 1454963380
27  20 737533109
13  5 1898122291
17  18 965935206
11  26 1960813834
11  2 1037000615
13  15 290636205
17  14 1428317696
11  26 22367510
24  3 1802767617
6  12 381764848
4  22 218263783
21  1 1633393201
1  28 1202131212
10  22 1004180905
4  8 597932480
3  20 2010301797
0  6 1156648743
19  9 1623162598
1  26 1183636344
9  6 1055320835
14  10 1798788656
11  4 1514379687
26  20 404159496
6  26 402260155
11  22 73576248
5  7 664960331
27  29 167147221
11  21 663753682
16  15 1283054270
8  6 853620930
6  19 228168755
22  12 1555111742
21  22 1059710159
3  4 1485108707
19  20 1584279222
17  16 526709968
25  0 1062639463
29  14 740975427
17  4 1859191475
26  6 179367540
12  20 1905836659
15  16 259702810
2  28 1330114864
4  5 754477697
10  17 1561655963
23  12 26718047
12  8 690368247
21  5 599967530
25  5 1247560339
27  18 2023803171
12  13 1993122845
11  1 837374725
2  0 1937580282
6  13 646060152
20  21 2082751690
27  26 2092232260
6  2 1524519147
0  19 1410470962
8  4 2065351597
6  1 22897375
28  12 1994765746
3  26 1753270733
14  29 787281346
1  29 768355252
27  26 156399055
25  4 460872148
28  14 1128996797
22  5 1333738647
29  18 405816272
26  1 601131056
19  22 1921330405
24  3 1197793949
22  12 1264153809
27  24 2004406242
13  9 2109581516
6  17 267906578
12  13 2061201158
16  4 1825333123
6  12 1853840514
21  18 170071369
14  18 224890985
8  23 197619303
8  28 673492145
27  10 945048511
15  18 619062047
26  3 1118299288
1  18 2066148528
14  24 916876526
7  17 1286714271
19  29 416857677
8  27 1939879205
4  5 1237354447
12  23 1121496093
20  6 88211478
14  16 211458270
15  27 5478517
8  13 1152084838
1  11 528225190
18  1 1717178524
23  6 674341571
20  16 997716762
21  2 1772150652
19  15 455516864
28  10 544825766
28  8 1688561910
26  9 124986671
14  15 1359956886
16  25 1630117447
23  19 93710988
28  9 172413706
16  25 741081364
9  3 1395124352
2  11 1580757538
7  15 1899911058
29  24 1370953063
14  11 434729357
22  4 121693765
10  16 1552896633
4  1 1748453100
11  25 916923353
4  29 1554790266
14  11 552017660
24  6 1646706054
12  4 1314602318
21  2 59585394
3  2 2033109670
2  3 1294417943
4  9 1057400417
26  12 1164410552
3  12 606044828
18  5 1761517892
28  4 2110314469
6  8 628827408
29  20 1431117722
22  25 1637522281
3  12 1062427411
7  0 147489525
0  10 514549737
20  5 1097511374
15  23 1656436188
20  17 1568211068
27  13 238019117
1  15 1015787051
5  12 1560954826
25  26 514971252
27  26 678979011
8  20 1876355770
25  9 609912162
13  10 1735931200
26  3 1877006141
20  29 514809097
29  14 412473594
11  24 84826214
1  0 2009675636
6  25 895602579
1  7 898476788
7  4 1342612772
27  16 631012683
19  27 50346409
