450 30 10 5
17  11 891869459
19  4 1594247543
14  9 1624462065
25  7 2021945393
11  28 642061126
22  7 1586120683
13  11 978210125
8  25 1809683431
25  24 251244058
11  9 1358065610
20  24 1141438970
24  11 663004956
8  12 2013678957
23  13 2143414096
22  15 1181255801
18  27 1453514858
0  13 1940332416
5  9 1567351448
20  16 1128544600
14  3 1532983882
20  16 330418428
16  15 370814443
11  1 501238711
6  29 912670149
2  3 901677310
10  3 289564379
17  15 686904753
27  3 1279839494
22  28 1504314471
18  9 457640652
10  20 1391151418
0  25 1355232824
27  12 667674911
5  2 1082367662
12  11 1894769799
1  24 1970034663
6  27 684685153
17  5 940518306
22  28 362100376
6  13 1969228034
2  3 1459507081
14  9 166579741
1  26 1673350716
13  22 1240510164
14  26 1425705519
20  4 604123923
5  27 757929858
4  10 57868615
16  22 1107615714
29  21 532485550
0  6 1660178728
11  26 1174200451
0  19 640820848
19  26 169808307
15  27 1676785268
23  1 1481506859
18  9 599531590
28  10 895830749
8  18 1917064668
21  9 1998507334
19  4 1962241464
16  1 1223262498
14  16 1975161022
25  3 1901621214
11  3 1783575772
0  17 409861657
21  17 1797112096
10  20 1813138722
7  2 1361272544
7  10 379331537
22  12 278624286
26  28 633516063
27  8 1814190409
10  19 1543624708
20  19 1681107133
22  20 309771162
12  19 1269242532
26  28 256186461
16  24 74501235
10  6 420628432
0  28 1506066425
26  7 269295722
27  8 2060320260
15  14 234253919
24  28 1040221599
2  9 1743727056
14  4 745249007
16  2 1839112094
27  22 771364612
14  25 955115943
15  21 229799893
25  4 1828716651
7  21 144309307
22  3 1056292512
15  24 1527807030
23  13 976043863
15  5 1854814063
14  0 553889703
2  12 428740074
13  28 1911553989
6  10 441817489
16  20 479911255
22  16 1255454604
27  1 2075336581
28  12 1647338590
24  3 1382436054
1  7 1481398126
2  1 1752640027
24  6 1098702098
7  16 1641355732
10  13 1325835153
16  27 559389784
18  6 1051840919
2  9 1603105631
24  1 420346705
15  10 51557876
24  11 53126798
10  12 748432929
25  16 699824149
3  0 1733616320
13  0 15430825
11  12 1280778553
13  23 1378455853
13  4 972229671
29  9 272633623
25  7 1282466063
10  23 1874000390
19  25 369705858
20  25 81270829
12  27 867623332
15  19 1793672687
8  1 274493709
10  5 334270192
20  0 1091139535
13  21 1765721912
6  8 1255573775
14  22 1947585411
20  15 781115619
22  13 1147109819
18  11 1736426317
28  4 570954405
13  18 164806009
16  10 1296286372
15  24 361337793
19  28 849294818
11  24 1712753666
2  28 1896397504
27  22 1459767093
20  14 1258403708
2  15 1430610139
2  18 1772543915
16  25 1656672587
12  1 2085931646
8  22 1908918469
8  1 47148666
12  18 1705265991
16  2 1754946295
7  18 1855166321
2  25 595366975
18  22 935126910
10  16 893384464
7  19 1401869071
20  27 1638076513
27  24 4024737
24  23 467630991
20  12 524313668
24  25 1824949277
11  10 718065237
15  16 1076144968
15  6 455990289
8  21 52929402
2  20 1714124796
21  5 1888856491
6  4 371063917
20  12 1430936953
10  6 1337590396
23  8 2014377212
9  21 1760797956
9  12 1988176064
24  25 1822401992
8  7 1164740934
24  28 1158259516
28  21 1400444312
5  15 946532104
11  27 1399684178
18  12 1656238295
4  10 1932484668
29  5 468558085
6  15 1006745940
4  16 557989480
1  23 877315217
21  24 2115080934
13  10 1678475375
21  9 1972380371
15  4 1563571002
27  7 1928004152
4  7 410498210
20  2 1497795069
3  24 991704736
8  9 668512274
24  15 498042523
25  13 2130368855
28  0 1402087328
9  2 1104182914
22  3 416225919
1  11 1921969471
8  6 374356027
0  17 23505228
2  22 2145933449
16  5 1862228178
27  15 2109241360
7  28 969556106
27  5 827190961
4  24 568823836
11  28 1883118609
27  18 1817682379
21  16 1041241558
29  26 30002087
14  26 369333269
0  16 1547361291
20  12 1077057034
19  22 1819389430
15  18 2121204209
4  9 1809383951
11  15 696266473
27  17 224807781
28  17 591341531
19  11 1911496054
10  14 102786689
6  5 370440833
12  16 1822792480
17  24 434468500
17  16 1277088870
23  9 1668711078
17  26 2100673529
13  3 1579947447
4  23 236705578
21  6 413944229
8  27 1088131263
13  7 542175548
7  22 151043914
26  20 1088806181
14  10 1216726900
20  29 1383833886
26  23 493990794
5  26 1288910792
25  13 2052706233
17  20 505573783
20  26 2059717022
6  25 107476732
26  0 2137598144
8  13 1959709952
23  17 1916422783
3  10 1311626124
9  25 389282955
23  10 867314456
13  8 1659139433
20  22 1254282889
6  16 924019294
19  17 735705290
10  23 1834221088
7  16 1019668039
13  16 1153072455
20  16 1019436796
6  28 438518476
25  8 1553901337
8  25 625752464
0  22 38081429
19  12 483361663
7  19 1847577200
2  10 878136700
2  8 2041650242
17  6 1940805652
21  3 2086594057
2  19 1625501909
9  22 1713697551
17  8 1702074161
21  29 262070329
1  29 1665764253
16  27 1571857077
11  29 976985565
9  18 2039988313
0  19 1272871340
11  3 1892952918
15  29 230033773
12  14 864546013
2  6 438383095
18  13 1833860442
6  2 1143698032
2  10 642283328
3  14 756647781
27  24 421097634
7  10 460886368
14  16 1717005373
24  27 84477706
5  1 351455933
13  25 1547440048
6  10 1938055724
12  21 242480804
26  21 1823835050
16  29 1004726219
14  15 1829946363
16  13 1470424226
2  24 1594592804
10  3 1343490503
15  16 1562554048
3  11 278668218
23  15 1413786854
21  8 1295238460
10  20 1958999525
6  4 672457294
1  15 371812444
0  7 2100582344
15  7 1512911926
25  26 756342771
21  17 1473434453
4  26 381748942
27  19 1130170347
24  7 287952081
26  8 13818803
6  12 1827783552
12  5 607277572
5  15 1881948764
3  20 966740860
18  8 755254922
15  20 155425494
18  12 701289941
13  15 35490187
22  23 1011157736
7  9 1378291247
7  0 1048264976
5  23 177176907
3  24 196414147
14  21 1436530360
27  23 635449053
1  12 886953529
6  7 1301855885
13  28 1287457406
9  11 1072274710
25  19 308134423
9  2 1863902660
23  16 39833491
18  23 673914310
1  6 1787874078
3  7 851072780
22  16 205633663
20  24 1239239592
19  27 1257001884
21  27 734907784
23  13 1195366760
2  18 805645760
29  16 1078321379
11  19 2029256677
14  22 1683349180
0  10 1762060460
27  12 1391716797
23  24 820107287
15  13 1762569794
13  14 860534559
17  2 2104501119
23  21 1509932444
19  14 1931696875
11  12 479888550
20  9 1507281651
3  17 285354571
11  25 756360338
22  28 68515188
20  26 666595762
7  12 296467830
19  27 1801437267
5  23 1951713113
23  28 208302730
21  28 609158380
19  26 1831781481
10  14 353915585
11  28 2112229921
8  1 183613394
11  5 256436911
15  1 1478893154
15  24 244948405
20  28 1646539115
23  1 53903812
15  0 935487530
23  24 876817316
1  15 1776118247
7  26 1348358535
18  27 12862118
12  7 452633724
26  27 2117557918
29  13 112244104
19  9 2056245802
28  27 849295342
17  10 2074900199
14  29 367761745
4  2 2133430855
22  16 1652924077
14  23 1138808528
9  6 2060385365
7  28 1167200438
26  14 151626847
0  24 41944212
3  10 963406404
23  2 1213689378
18  17 1941442394
0  8 1214697821
10  1 83449074
19  4 1820821126
10  16 1351403254
9  7 1184728223
23  20 1075806876
29  14 2006387240
7  5 2097174234
13  16 846194762
7  11 938305391
1  20 341361615
22  7 42326181
7  0 1698859529
12  5 1982777131
15  10 190358959
8  17 1168901657
9  24 674001362
28  10 1648814866
6  11 998248491
10  5 2018985945
26  20 907256844
13  28 2117196999
25  11 752027465
25  11 1075959861
3  11 1751073269
12  2 632500070
4  9 669563885
28  3 1437013340
6  29 1349381892
20  26 784309189
1  3 1497180826
2  13 605316870
10  11 16383365
12  5 1853922071
26  18 1704918221
28  24 1609830803
4  23 1550546962
11  28 1377611030
9  28 803357920
22  3 1794536116
25  24 642091904
6  13 1775773806
24  5 755663277
2  21 2005344035
6  21 537115486
1  22 1427302130
