450 30 14 19
4  5 1314710150
14  28 594333349
2  21 349803622
11  5 1949035623
8  13 1982560986
27  10 823405615
13  20 1601164973
25  9 228029949
4  12 74184237
5  10 1557743206
6  19 1173076440
0  18 1944984603
15  16 373702665
14  2 1488215018
8  3 215852808
12  26 1017799949
9  26 1379485401
19  26 1129921124
29  4 1272777243
23  0 2031984255
1  3 1206441747
28  10 1319127292
15  6 1854728384
10  9 201682867
21  1 1867487556
14  15 1605018041
21  5 515523614
27  10 586132475
29  24 273341516
5  11 1183557245
11  21 1134728453
0  10 1540275528
28  2 375183878
22  12 1969332133
20  22 1178476785
11  9 180934505
21  3 182159557
2  29 1248267735
14  25 827131221
2  21 1735683552
19  2 1210297982
10  15 1187986848
9  24 2118118509
17  5 1030566951
26  14 390541922
3  2 2117197696
23  3 1486916707
6  2 409469697
8  28 1833340168
15  5 210978081
4  23 562368428
12  4 477468849
13  29 1998739381
25  8 1711578577
11  19 1316145396
9  19 158865349
20  29 1253872766
12  5 2672464
10  20 554664771
6  21 931022048
26  0 1198310957
19  2 179263997
5  9 542532407
27  25 1659566192
9  24 1010345489
25  2 406380909
6  13 1102277363
4  27 1765143455
29  15 1050849677
7  10 1637411709
14  29 1697540933
0  17 2078982336
28  19 1788959761
2  17 1181249507
24  21 724691884
4  8 1069852103
20  7 1829576778
7  22 569429145
5  22 550247135
23  19 19824659
18  5 502974986
3  16 312848572
23  19 1973539976
0  20 661237049
1  3 382628968
9  25 2136267570
19  28 1182590598
24  28 2009104135
16  15 451544664
24  12 646065993
17  9 389060271
23  27 1143891889
13  28 409832354
28  16 1206671233
2  7 1796920950
20  12 1026023432
29  11 1067589811
1  29 565820764
2  8 1498937242
16  2 390489476
11  2 489570535
24  20 354469947
7  4 1021919291
0  14 1434379461
5  9 1651338596
22  15 1681899738
18  20 726297152
13  19 1046593717
20  24 313861979
5  15 1660873849
16  27 771117810
20  25 2047950698
6  8 1833758961
29  0 1233557937
14  29 2015485945
5  25 457599874
15  0 1505833362
28  21 1127974973
25  13 1972772504
8  13 1455746599
23  28 1372248754
15  20 751867498
13  20 1929634893
5  24 1430406701
20  1 348351895
25  16 787220515
18  14 502555588
9  29 2008889094
0  2 545427664
22  15 1674666317
20  7 82855458
27  23 1821047833
22  4 1253879645
9  7 1677425496
27  8 1241735034
6  20 1904315724
12  7 98524932
1  22 764028660
19  11 302370378
0  22 1271291048
5  22 1581570312
7  14 1019619633
16  21 984848148
27  6 343839761
10  23 125808000
21  17 1726734668
10  14 20954065
9  7 104479610
7  12 1905796014
2  1 984478311
5  25 1985130270
29  11 1847247257
0  5 1159283669
4  21 12645962
22  15 940419071
21  2 1932006657
19  27 684367991
10  16 321688541
11  2 366802408
12  9 1936853761
28  7 1189283171
13  24 1464946003
1  2 1360476913
27  23 1727650808
5  3 1554489721
12  15 313784743
8  2 1128567235
5  26 1056071842
17  10 1974257143
14  24 1529860056
4  22 1748640478
20  7 815986002
2  26 1003843446
4  16 1136079735
22  16 1554274417
16  6 1917632347
3  6 682848690
14  29 891396494
14  3 1635027996
6  18 160835280
28  17 1926123590
9  5 454731482
7  22 2121556632
9  0 1484493447
17  3 1491240059
7  27 841633720
21  11 265900987
27  10 1513933537
11  19 1047405225
27  11 1603373578
11  23 1829443475
12  27 1485726590
29  28 478869397
11  26 1736066174
12  8 1422044468
13  21 773829538
25  13 1554543390
27  12 1655793168
14  4 2089849066
21  22 1053619938
2  14 1870872517
12  23 1012675500
1  17 451878602
2  15 750979096
4  25 2087338918
16  6 442758620
16  7 413530451
3  2 461958038
25  10 290730616
0  12 717681914
9  16 451834459
5  19 1295735479
26  25 1944408124
27  7 1004281888
7  2 1053777413
19  5 126823918
29  20 1388392022
20  9 1607460878
14  25 1963745357
27  6 371786596
26  12 551557246
11  13 601067052
24  0 1208876121
9  10 379107306
27  11 1498150712
21  28 6327532
19  24 396177829
10  0 1520128415
2  1 219840417
29  22 540932542
20  13 1980187346
8  11 156907282
28  24 610751691
29  3 1368536789
19  14 1304778333
28  17 944983762
14  16 1506327980
14  19 1839042625
3  1 1937994709
4  24 807917645
21  16 52797507
15  26 99378768
15  19 423283805
9  4 2011885417
8  9 1191444579
24  10 2118309350
8  9 1890283566
22  13 2027716030
18  2 645409236
5  12 242231045
3  1 2050919946
26  19 475064156
16  0 1055186252
4  23 1207969858
12  20 219080224
27  20 373908813
8  26 582082961
17  15 159893809
18  14 372811943
16  12 2006439913
28  6 1558547037
21  16 1269390988
22  23 173582878
28  15 687327484
7  12 1756711495
12  11 574877068
14  22 1042285553
2  1 457088954
9  11 1212593509
23  3 1700397502
23  18 2080950387
26  3 571681269
22  20 1064261289
10  18 792999247
10  13 1365938212
20  1 401519848
25  29 281925443
2  16 365269721
4  24 355798588
0  20 2082235696
22  7 1596312868
14  24 2053782962
22  0 74887861
1  10 1251060320
13  18 1335684073
9  14 718534379
21  28 831927375
14  7 51156903
28  22 95601764
16  26 1894934124
10  8 1987600399
8  7 1774060436
16  7 615920185
16  20 1402493578
22  18 2110257979
13  6 1185108649
11  1 1279988047
7  5 145939385
8  17 1070306705
6  18 770901271
26  7 2062203257
3  15 492586292
10  17 102700301
13  8 1140795586
23  28 307723341
25  11 366703175
9  16 1872493512
26  4 1724594765
15  11 2008869061
18  27 1058337767
28  10 591232073
25  7 1431337353
23  11 1189910110
25  13 1283307752
25  7 1288671396
18  11 7955890
2  26 1250881785
11  8 2143328223
29  28 447232662
9  6 1094413632
28  5 656303492
17  20 1288156476
3  1 1133707432
11  19 75268836
5  9 489374756
28  6 1294391684
8  21 1153691377
2  3 1713280906
1  26 1865828712
19  23 487586098
25  17 785340622
9  20 103362599
4  25 1646302850
14  19 567910932
16  29 782409404
6  10 493940326
28  11 1407027899
7  19 1888334911
13  1 421081579
6  17 1582822399
25  24 941020957
20  26 1611115814
18  5 88122378
15  3 1259826186
3  12 505723186
8  5 1785446930
28  18 635076357
0  29 2094833599
23  6 1682563071
0  22 628664001
26  6 1859649679
22  26 131277483
29  28 754485883
4  0 1668110977
27  3 1884178019
4  16 63087311
13  27 720616135
25  2 1008051935
12  19 2081359883
16  25 1224752043
17  2 693052429
25  28 1100596479
8  3 86336701
8  4 1862718537
0  7 414500284
9  24 1338677429
24  15 1506680027
26  15 897070019
0  6 96798158
26  25 67923501
22  7 264372575
24  29 596552269
16  10 1451489187
2  19 683734663
7  26 1713813072
9  17 485129920
11  8 983228248
4  8 362123434
6  5 650037996
21  28 11847019
0  24 1001764737
19  27 586324146
16  2 1085628539
5  16 1222947301
1  12 510463657
3  29 1727267849
22  9 1077136062
21  5 1896502397
10  8 1323115304
25  11 1796590029
13  29 1432164511
8  24 1739102353
12  6 1685653677
15  14 1707618583
27  26 401491066
23  11 1555780116
9  25 1117678803
0  18 799110437
12  1 328509507
3  0 358500844
27  25 2133414985
0  16 1035134400
1  15 1737480878
4  5 427562796
28  10 1095415663
17  9 1610933231
2  9 898516945
26  13 1354840724
7  14 1020442004
22  13 2059412840
10  21 489059882
15  27 785023809
3  12 1409021089
16  15 337022914
4  28 1957008287
26  27 813637059
2  1 1544228438
4  19 1325587035
5  19 1426123609
10  15 212550353
21  27 2089933860
0  27 725169330
2  14 642909286
2  15 566576330
6  15 1847226866
22  2 637283270
21  20 329404192
5  12 687404359
22  12 2008357971
17  4 169996220
20  12 378909248
0  13 158108331
28  19 593299111
28  3 1308363544
5  25 475785282
6  13 1737790881
27  14 1519556554
2  20 2129690652
27  18 1276223510
22  6 49389570
23  26 44775414
12  17 1334961492
0  9 1183545726
1  21 1191564561
28  20 117948044
28  20 673977158
5  28 178299050
8  26 1920112484
27  22 93672051
21  0 2075524441
