450 30 12 20
17  24 171026937
5  12 597548321
14  19 601895276
28  4 446728878
12  6 260312046
1  22 233838509
5  20 740070065
26  20 1609578649
2  10 1980856571
8  1 1007325901
12  20 592218694
9  5 990059693
16  6 101338293
10  18 579133453
16  6 282475949
27  7 589995135
27  17 1475786994
26  22 1341162157
3  1 2021952121
20  13 2068021280
19  20 71314869
16  6 261062620
4  5 1171307155
13  16 1037743784
1  20 644961740
1  7 1806613275
29  1 519667213
16  22 106125086
28  17 1157644259
13  14 1002168382
8  9 863957280
1  10 1493024785
1  18 821875223
6  27 1664265658
29  11 146376704
3  17 557877162
28  0 1815506532
5  0 1452519789
19  0 675700754
8  22 679611507
13  5 826603668
11  12 809630166
21  14 1746577353
12  8 408895958
15  12 274221877
19  5 1051808587
25  6 801858175
4  21 1820317916
26  2 399691607
20  18 1601358103
18  21 1838571239
13  16 520064330
16  25 1599798063
1  18 876237070
15  18 1768676169
28  6 1699735922
23  11 962709200
12  25 1251712347
3  0 1659737487
17  14 907707144
0  21 2027415963
4  28 1755771902
22  21 1335232635
12  6 2024319579
10  1 33801600
3  15 7573591
1  18 1380323625
23  20 926059422
8  7 290890701
13  7 1079927909
27  3 197061972
10  14 771178762
0  12 473234530
19  23 8275469
20  11 1646162688
6  9 1695339462
7  18 669158572
23  19 520743125
14  28 476983866
4  15 1083473310
18  22 1498230050
13  23 327252222
25  12 1427662813
16  15 1376945148
11  10 584265473
1  23 1693315319
2  18 541560412
21  28 205647865
4  23 240483023
0  24 981181862
6  0 1157544081
27  2 1842078340
19  12 1185398363
25  0 320498810
29  0 1249172385
26  3 978591878
0  21 31190236
8  0 1305433699
18  6 341077101
17  13 23388869
10  20 691609597
29  22 807558789
28  25 1506234711
7  28 1962457185
18  15 1803315340
7  1 978499927
21  7 188742290
12  3 664010051
15  21 1566839942
28  7 435263210
10  17 1229069620
16  5 2127011369
2  12 1418901478
16  19 930664609
20  22 2102955004
9  8 1165634714
8  1 1550927600
17  29 1108337319
12  4 973626620
16  17 1090500823
23  8 1278490926
1  5 1320065676
13  19 1065417609
20  0 180727397
14  21 907219375
9  24 207176542
8  17 610925796
16  24 1553083341
21  16 1981951770
21  6 1286038108
1  4 1832482424
25  15 1305570331
17  18 1945312453
27  23 1750896528
4  5 2015732122
14  6 101312031
25  19 2066097711
5  17 1952729430
8  12 901863500
18  17 1219372307
23  1 471848734
10  25 1592102059
26  10 1970170072
0  15 1046177449
0  1 31380801
10  13 1162058189
6  19 914684684
0  12 1007848995
5  2 389803970
23  4 1230341176
27  16 152728635
0  6 1305961398
6  3 1479410689
24  25 1100451344
8  19 1949981083
11  13 206710521
18  15 1776324263
26  1 1414474615
24  29 1126102716
15  27 2129034674
19  2 2131421223
15  4 1227975531
27  25 1862373837
24  27 46530392
17  20 2127999646
2  11 1610139496
6  8 1102330800
10  9 831604399
23  6 752095903
15  2 931651174
10  11 163328659
12  29 824574302
11  7 213304604
11  12 1089204850
27  3 1200042776
12  3 252523851
11  16 1743752374
12  15 1453429687
16  21 190330769
22  15 1255172343
24  22 1842584484
1  19 1601753178
27  5 1008053111
7  26 2043460403
1  3 1974243929
12  2 1207647148
19  3 1246788223
5  2 623870783
21  2 893306923
6  17 1977699357
11  23 1845559871
7  25 120414327
3  24 1118201946
10  18 1573663791
17  26 153234444
0  24 162571286
7  24 2037725336
8  12 1998034353
6  13 1153575186
19  26 2060425483
25  3 274113667
0  29 49961413
16  21 737747781
16  11 1908545461
9  13 246837045
7  26 142721880
9  18 1238624269
24  10 1789858333
13  22 1745077539
11  21 527203671
1  27 1646816995
17  11 1721044168
12  23 1410203629
17  23 422877690
7  10 568137335
13  16 1006695719
18  9 1864788812
28  0 1803566648
20  18 1207676660
24  8 1150114145
21  28 1816138418
15  26 1918349899
20  23 1506730346
21  10 592020224
5  19 128127034
26  1 1776091238
20  5 1157552178
8  3 1660364433
1  16 583458590
13  20 975749067
22  29 1841164547
26  2 213840650
15  17 1799750966
5  10 84216577
14  8 432336960
5  22 1925973489
29  15 1883757164
17  24 628169462
15  16 1548912107
16  0 2048176401
7  9 945338415
14  25 1240931875
1  10 454188146
7  21 1665914965
20  12 1669158294
15  17 297092044
29  2 981018071
26  12 1140935190
19  29 857501047
19  22 835305267
21  7 1233564763
10  24 1410461499
15  4 1929561221
5  25 312951363
16  1 799276491
8  6 965124184
24  22 791800357
17  25 1823102504
5  18 468580789
10  6 1521835969
27  17 682277578
26  0 261556651
22  1 1605128154
24  26 1288809168
14  18 261165196
29  27 2133268048
12  4 1312415451
27  18 1860506174
21  1 1204512027
15  11 1861954463
23  3 1171180716
25  22 1898274289
25  8 1549752665
7  18 1128896267
9  8 1932438752
10  29 906891641
24  25 766751755
6  19 1816257760
7  28 671632350
27  15 394221384
22  12 735731960
18  15 457053423
15  20 307128678
13  26 443744317
9  2 348481702
2  27 1025426951
12  25 949304811
8  28 1721351639
10  27 462346375
20  24 2110641284
28  6 1199591850
21  23 564396318
17  9 868644204
29  5 126899048
0  2 2145630192
5  24 2083596635
4  29 2049977547
12  25 1049250563
6  10 1064649745
27  24 251726037
27  18 1482269263
24  14 2070282290
25  1 1302792807
19  22 528419904
2  24 1058859904
22  11 1222141745
18  8 489199586
26  8 1516287266
20  26 1373102601
2  7 439617905
7  28 1229475828
0  8 896513715
18  1 2078551927
19  12 1384196957
16  17 354343700
12  6 935689552
3  21 1648078153
13  9 917171103
20  2 1977254553
3  19 1898153526
11  12 645947097
29  27 1203146144
12  17 1403327679
12  6 742925977
1  13 689301728
20  6 583156828
29  15 1356240658
17  6 780870161
23  13 332307988
29  10 869611742
22  20 1355383220
21  23 1069380665
6  0 972131544
22  14 1694405071
27  29 659390591
25  6 1099207162
4  14 968312430
10  24 1892463506
1  24 1424756656
29  16 858034850
13  9 792088375
7  1 1287006256
2  21 755629822
0  7 2004735002
25  14 1922638360
3  20 1799596823
16  11 670940931
20  28 498004083
19  3 1027606734
20  7 992832970
14  7 382601078
12  6 1168453987
7  23 1129604129
21  6 1395663752
10  27 1257792267
29  3 1783391308
13  5 1423005364
19  25 1988308953
0  20 84130805
14  0 1585268687
21  26 780829693
18  10 935039820
11  12 550299307
10  19 161338752
15  6 1402460278
1  7 247606989
1  8 1596529683
26  28 2131724813
17  23 1092839900
24  16 734898544
26  16 585094369
28  9 1014319086
19  6 1895679535
10  11 1213683379
9  3 433649349
13  4 1817807904
11  10 1860006348
13  15 964682714
12  0 693689238
17  8 1044067115
1  9 747129345
10  0 1986401441
5  21 820217830
16  8 908571634
28  14 1572098544
0  23 2075913286
16  3 411606369
29  27 549190809
11  21 1493189309
23  15 1789485356
27  9 982617720
21  25 876309909
17  8 2014831185
29  19 1771854414
19  20 1809603429
18  14 175488398
7  21 1253971082
25  0 2075095024
2  6 922470134
23  26 328808217
26  4 1046810670
29  13 592572106
29  0 1120577988
18  2 606721437
5  0 231613993
3  5 875619388
9  29 1442064918
12  21 1016908537
17  11 1704348092
17  10 588082517
3  25 1248856779
23  26 822152359
1  8 1828625345
24  6 408562371
12  28 435889893
7  3 2105816690
17  19 360919251
20  28 1055277209
9  13 1457790456
9  18 771393388
7  11 873718459
25  20 1502097871
25  12 148758305
22  19 1400097605
12  21 1814811495
13  28 2103069448
15  11 394772489
25  0 1926618869
21  28 672536229
4  6 206115979
0  17 605596230
16  0 394078493
21  23 424654228
2  6 292245599
13  1 164703109
14  6 1386630920
9  14 1026725912
20  24 1600897826
13  15 1537134537
16  28 2125502768
17  15 529655975
15  18 382192510
16  17 1610567854
28  3 356312438
10  23 64546880
20  25 697953547
2  10 674220498
6  4 1590469855
6  7 222082100
11  13 2052148410
