450 30 29 19
14  1 979938863
23  1 1143626813
28  18 1438510010
6  15 1877522021
4  11 337622276
10  13 1954666056
26  21 2095901620
10  3 1231303223
11  17 121207835
22  8 1754972994
8  27 1870115409
10  26 1436948816
22  6 1238741631
20  27 610521822
7  2 1783266227
3  9 786885985
25  29 977425125
11  22 568019660
18  22 1491022170
23  9 978120863
3  8 81489419
15  4 853299708
18  12 1114523745
18  1 142457265
16  20 2008777176
23  20 2001462664
3  27 88039474
17  12 839663657
12  29 384826020
11  20 22456787
18  2 862657135
6  2 1278258562
27  13 559819734
18  0 1047428096
22  13 1108891538
7  17 109571340
12  3 1015114838
5  23 1635607730
16  15 1158290243
25  12 1861727530
14  25 1474818763
12  1 1946461504
27  5 1943824341
15  9 1430506750
22  4 1485939171
12  0 1394409265
20  7 1092655053
9  17 1715683328
13  27 714449029
2  15 1538567952
2  19 1647297085
9  15 963251980
9  1 238448324
0  25 2082154123
1  21 1499039048
23  15 146408370
14  9 1665878458
28  7 792377749
8  19 1188941766
29  2 1450419106
7  16 1287473077
20  3 342906886
7  2 1211419966
13  18 1492068945
19  21 1598860228
20  9 1464970966
27  10 1255838851
26  18 506694127
5  1 301977844
1  10 1066999981
25  22 1609451524
2  12 1177624254
12  4 321658720
13  12 657585287
17  1 2131866290
7  6 1727081176
21  6 1230691134
1  17 1408068439
13  2 148444608
25  4 362620965
26  23 1233076596
22  25 334650709
15  23 553284352
23  4 1393414622
24  4 2009871671
28  15 1471501878
11  9 1863562615
28  14 1986293595
2  12 1419167205
22  8 1558565444
13  16 1128386399
18  3 711739389
19  24 1385178398
8  9 685833028
2  12 1502153218
11  27 521848896
15  3 174356153
14  6 760541438
7  26 1327084357
20  7 335263019
26  3 1661630829
14  17 1053531250
5  0 854702587
14  9 1410941839
22  26 115966846
7  10 788616457
16  1 1820182666
20  7 2057495212
12  28 583449603
9  24 1483723229
19  15 1987283748
19  18 24924743
24  9 1440133440
14  17 553107044
21  23 1505598106
8  26 789328402
16  4 2103315649
27  17 624563112
17  2 434228165
19  14 1006476377
15  17 1192769465
8  19 2058107289
22  8 989750429
10  15 992615327
27  1 1193851543
18  17 1443465804
25  9 1046452469
4  14 1609316281
9  22 541454706
19  25 1324715346
3  4 2050244495
13  12 780240334
0  6 1950272995
26  15 828602386
3  13 1279669828
24  2 157363463
20  1 1352707213
23  9 380674513
9  20 747161108
22  20 2014316422
24  18 539590559
4  11 784226428
17  25 1763739255
3  9 1992544612
14  22 1109997338
10  14 415765119
20  21 1806243541
13  1 1507898656
21  18 1573304043
17  14 1701115943
15  19 644018268
19  18 1864961320
25  14 1715774576
9  19 659291438
25  21 1640275278
20  18 544727815
29  8 1472638802
25  10 1677864336
10  14 622622886
0  1 1893720935
19  11 468744152
9  18 885631416
9  11 1317565725
19  18 25640100
23  11 1597579947
5  27 108174194
23  3 1385818134
4  5 1429725154
24  25 2140227297
24  26 880060658
9  7 2095484496
18  11 1216195433
14  29 284247545
16  28 1237936725
15  0 791590060
3  8 486077766
14  1 1620131420
7  6 2062539267
23  5 341594007
29  10 182638749
19  2 2036567989
16  12 275657703
2  24 1181389886
7  16 230123630
4  14 984800257
11  27 247242650
22  26 151707370
20  29 522382734
6  18 2059937451
20  8 503891113
5  8 1900388889
21  2 996682322
14  15 1170304833
25  7 348330269
21  28 549786369
10  13 533912896
1  3 566505954
21  5 2095487074
13  3 105267474
17  26 1951175
19  18 572173214
18  15 1117065318
23  19 1916238036
9  29 241338746
7  21 2120816112
14  6 513049315
4  17 398745795
13  1 2070657075
14  23 170368324
28  14 1892271497
28  0 369214750
27  28 2100454827
26  25 243639514
18  17 2070107045
27  10 1084871960
29  5 326878365
6  20 1111052981
18  28 1950658381
22  14 1483221222
13  26 43251345
8  20 1609195697
21  29 652107205
20  19 1810749946
19  21 65933258
14  8 2101910320
15  18 1436672301
26  7 1156112390
11  7 2034213546
3  6 1910603350
12  13 1946767544
13  22 989700232
6  21 261035652
29  10 306624985
1  0 1756241916
18  22 1248582440
28  10 2006614369
26  5 1998348305
23  20 867629987
12  16 1939612816
4  17 1574559523
4  5 1176435485
6  9 1053374343
7  0 2053587389
15  9 717697912
0  27 224619345
0  4 1557226795
11  16 1276547758
5  16 276699925
13  11 1972805202
25  2 783405186
15  23 1977034139
19  15 447620355
12  19 2139503163
7  11 1943916374
15  25 1992037029
14  20 257165779
13  18 1951479619
15  9 2121053032
13  24 2004386559
12  14 925711496
19  18 1268299283
9  16 1340411088
0  29 310291891
8  15 534847291
22  23 1715244723
20  0 658438024
15  8 1264240115
14  8 887369787
16  26 1065766894
7  1 1922700778
6  4 812448611
5  27 974427707
29  9 49867600
24  28 2127487783
7  4 1080088333
5  15 257393969
24  18 329955763
12  28 1252005173
0  3 1240330607
26  19 357357502
13  19 1127659942
27  19 406104299
25  13 1370319905
18  17 2083794293
25  21 1066041284
8  3 449569317
7  17 1837536058
10  7 1188874354
7  27 378713845
13  0 332013781
27  8 1871251750
19  15 232198440
18  0 1754221573
25  15 1495504450
12  0 1952078930
14  4 1257355325
9  10 1183552804
28  2 1095909223
21  18 779477146
28  20 1155448192
10  16 1447684347
28  13 354291820
29  16 459833365
27  16 845869128
10  15 24502657
24  18 776928333
28  25 236339559
2  1 1872933801
8  24 570757145
25  1 490013367
2  7 1068674571
12  16 1699386626
2  22 624040766
21  10 524463182
9  17 1461992125
24  7 1244527091
5  22 206962488
18  8 2000192973
20  22 599284796
3  1 1007393774
14  0 1098072423
17  13 1011345700
0  8 1886993698
18  4 1759429891
20  10 1177167010
21  3 449359499
6  16 1874142515
2  28 593485747
17  24 753233811
22  11 874315601
28  8 369633597
5  19 1291366612
7  12 66428102
23  25 1399828198
8  4 1772951959
11  28 580969040
2  27 703710028
16  18 968898058
18  26 1667457892
2  10 1006804163
29  25 1094098661
3  20 922221028
10  16 468111959
2  25 1424460072
4  19 633609201
10  0 2051417550
15  10 883149786
28  22 1643773500
8  5 72631318
24  2 1815693274
26  19 656435629
28  21 2110445713
16  4 800949550
19  22 1093313938
27  25 544556223
13  29 71928684
9  18 852418117
28  19 1059218414
20  10 922617482
12  1 2108313020
0  19 1054749982
28  12 1482571121
21  7 1910665694
6  18 889101634
24  23 1593018707
2  16 1310897001
18  15 2098177773
17  5 1892255319
29  0 65786952
20  16 629300601
27  13 1350909296
23  16 1200569815
1  23 447609034
7  5 46312804
1  0 1624780230
22  15 1903648873
8  9 2058077993
19  28 883456955
21  23 911505811
13  9 166691482
23  6 1295528764
17  6 2063041407
23  6 794649851
21  5 88728492
26  24 307504258
14  10 534614189
28  24 1011945335
4  2 1551044966
9  1 1303721426
14  12 20294872
17  28 227222757
8  11 974839076
23  10 126813779
1  9 363580638
15  10 150790950
17  28 1957505791
29  10 299914957
26  28 358843185
0  12 879637064
10  13 1090711487
16  11 1488658442
22  24 1118277617
20  2 1873907458
13  27 882912582
26  21 1487560952
5  3 37588773
15  12 1927182497
10  15 1822725342
23  9 1575447465
1  6 413077410
17  15 2145910055
2  29 1582553226
26  5 1739645028
28  7 1051123656
8  24 302029700
9  7 795150671
3  7 476275733
25  4 1352919318
12  3 1063000369
16  10 1526912313
3  18 1155389787
24  26 1024022468
3  14 319520773
13  10 238554326
0  9 176260777
24  21 1676913762
21  16 1112267899
5  7 467560801
12  26 649850109
25  2 468600094
25  27 1049486818
7  2 380436276
13  26 1983986618
22  21 41798276
28  5 1983343164
23  29 468890711
8  14 1615669635
28  29 1987586876
9  25 282544569
21  4 38337890
15  12 1345306380
0  13 1794226021
1  10 434178657
24  15 1659555918
29  13 1340271913
28  14 685200690
0  20 136779173
5  19 265581728
24  15 1000468618
9  8 1287568529
