450 30 2 5
20  11 437731528
23  4 701191694
12  9 216351114
17  22 301400151
15  27 1800825625
9  6 1863266379
13  19 1846577413
15  6 17336797
16  21 1888196762
17  6 241973563
5  16 925006575
3  26 1301951313
0  6 359881082
27  4 633950628
9  19 1703825682
15  12 290264048
9  23 494004053
25  27 1265815734
4  21 731491430
6  20 612752232
12  19 1809262825
6  25 467476071
8  18 679906503
6  25 295016689
8  17 882798713
13  2 202971815
27  8 476357700
0  16 2089354889
7  25 911035949
25  3 480360742
22  10 1582335054
17  23 1197502343
16  28 269217139
18  14 799019536
10  1 766300219
14  4 807615634
16  0 313523600
18  10 1694518156
21  6 1626083840
23  11 460919963
26  14 1644304761
7  24 1915958646
17  3 2066376103
5  6 1950820899
21  26 963364656
23  3 1009727207
6  1 1244058465
6  17 479607003
6  23 719920110
28  9 1322685859
8  29 1196583697
22  18 538874736
4  5 1728424295
0  2 335771976
9  14 1449413219
17  28 645192289
5  24 380600846
18  8 1726769071
22  20 1506176148
14  13 139655169
6  23 1217079778
22  9 680749734
20  1 95558445
27  26 1274454676
26  11 1563210173
4  24 1958644605
16  19 533098678
10  23 60580331
4  19 1426331026
10  24 1611195685
3  24 1548715985
26  23 626805772
1  25 1192446754
0  28 676379164
10  8 1750807417
6  15 1172990741
25  3 1870679290
28  7 1367218806
23  9 1026506197
0  9 56701146
29  16 258275223
21  12 734016556
20  13 498308717
9  1 59940754
15  26 1603458124
15  6 712180322
25  4 549139575
1  26 707314202
20  2 760164913
11  0 1439877801
17  11 932247150
1  21 1593237214
14  1 878561185
10  0 1829200457
4  2 1409440075
6  24 2038832531
29  4 676346840
21  5 1162207314
15  10 1436429147
20  8 180425544
18  4 536110880
22  12 1392353551
8  5 593970863
17  10 873267457
8  10 176456085
21  22 39082711
0  16 1568444548
9  22 1136690325
13  3 1681238440
8  2 1410743959
0  27 372995317
23  2 1429465724
20  8 1478211443
4  29 1042220491
14  2 735989776
3  19 628873546
14  15 866692961
4  29 518983793
10  20 1718091619
28  27 1689515088
25  10 107686314
25  21 1043576041
24  23 1621009300
9  10 804047236
28  29 1132614010
29  22 662393597
15  28 525349192
28  14 124820391
22  1 1216567852
5  19 1914053396
11  4 1330065814
2  3 94608868
9  17 1551294743
5  18 522111133
7  16 1865223422
25  27 1475997531
28  4 38951832
14  26 1799465661
15  3 1762013538
25  13 1255201189
21  14 1472563500
20  1 10438184
19  28 1906080572
4  8 1016940460
27  22 1770890134
29  2 984737966
29  4 1144435475
26  4 1632208610
7  18 1477880293
19  6 499102566
4  21 748032787
17  24 427786830
27  5 141746196
29  22 541759836
12  22 1596545576
17  25 940047984
24  14 1478152154
6  22 2066463109
16  9 811693153
16  8 1208597743
2  15 352953672
17  23 1147690966
0  6 1267988598
18  19 1408716849
26  29 164009167
9  24 1012707785
16  15 1774740748
29  13 970367655
18  1 1359045365
25  6 1416064674
25  4 725263783
22  18 1538337849
12  29 316349848
1  18 1571818180
11  4 611498872
11  23 2081083302
17  16 84565339
0  20 388500987
20  12 1220429269
27  28 517668891
19  8 1313505872
27  15 639127838
15  18 15278516
23  5 1546349158
14  21 631365735
17  1 633564952
25  19 306990476
19  12 155370995
2  8 1940276508
0  9 961025408
18  1 2034894112
29  21 638699242
8  28 1903278664
28  22 1013429226
28  27 1606910120
4  2 459423782
2  11 804077434
14  19 1245743945
19  7 497282059
7  21 1898796569
28  24 1478722496
21  18 745248235
8  28 1821050071
12  17 1178121775
10  2 2074231306
25  3 1150655375
12  24 1239270585
17  26 130173951
25  7 190332789
29  15 939729419
21  25 509411717
11  22 651613612
11  8 1952764711
9  15 1427398356
3  21 209935495
16  8 1372405219
15  12 1962105698
13  29 1285274002
27  10 954033649
7  1 2016511439
11  29 349816245
2  10 1282772
18  13 1714312508
27  10 380687980
13  27 563633500
11  0 1062416902
6  26 31420234
12  2 75908154
6  29 305178096
6  13 583410719
9  25 657086641
19  12 975318355
19  11 90849734
6  4 1895889014
10  26 158281099
7  29 354517638
25  27 357547949
7  18 1684343309
6  21 116724075
28  13 2099595480
22  24 1282680069
18  14 1895871719
23  12 99020859
14  3 99338627
7  5 2143162607
22  11 352847547
2  13 2129267804
7  2 1488552072
16  27 454275012
21  16 1663939261
10  6 923212511
29  2 629725412
23  7 1027213458
13  10 194995466
21  2 557743864
9  28 684332151
4  15 1819673348
1  23 914151062
23  4 1870727708
20  0 190535667
17  24 968024797
26  16 1128851445
19  16 1127914306
2  7 1102766315
26  7 990744050
0  19 1093671445
10  15 1391537210
14  5 330093016
11  20 2125596271
17  20 1168050829
9  24 228429160
27  17 1601290878
21  29 931113089
18  1 26224498
0  10 1713565767
29  15 103496971
13  5 2096568774
7  22 1843575170
19  20 1128612918
11  3 760403536
14  2 265579261
9  25 655089707
27  8 2095299794
0  14 563657522
27  6 1866812788
22  13 1659513488
0  9 732669849
25  4 786754675
18  26 1789732343
29  21 157112118
10  28 1834367405
10  16 955413961
11  17 1105222658
3  8 290520064
18  8 2135169307
24  9 1977987011
25  28 754672947
8  14 893966832
11  26 1600992581
1  25 2077561906
3  23 1623763566
20  15 1834369536
0  17 1601162236
17  0 1883232739
1  23 224994129
28  15 943835242
3  1 845353685
4  25 177123307
16  12 181018721
14  4 1828027595
3  17 1408796236
22  12 550683093
11  25 2078731502
11  0 1441360761
28  22 1035280123
10  13 109006644
15  6 609084994
13  2 1190472133
11  3 968937226
2  11 54965305
10  14 31244344
13  10 1350886965
10  15 1842877156
19  24 449790254
25  15 67567565
10  11 1532512703
18  0 148736098
13  20 1530485624
10  19 1421923667
19  12 1887145826
17  11 1966013431
16  15 1834165754
23  2 315015198
3  5 1888962302
20  22 1300209783
16  19 1252296357
0  27 1684320530
2  1 965864427
26  4 1014516867
22  15 651320644
18  4 1201396754
5  25 1345790703
2  5 1740797603
24  15 1947200418
27  7 612993345
16  22 1760536394
3  12 1816756996
24  6 865796453
9  27 263142239
12  17 180677658
26  6 77566308
13  14 782426817
15  29 80259749
15  23 1368827047
5  24 114734688
14  6 288247778
18  8 307623220
16  8 297801355
3  7 417862574
19  23 1170358808
29  15 1929480540
13  14 1348336847
3  21 1472417150
4  28 1279258543
27  29 1278204474
4  10 1948845918
21  3 240069769
2  15 993452067
20  14 1280546439
19  21 61398291
24  12 834551626
27  11 956752850
15  17 1250085388
15  10 839001378
28  16 1118539860
13  25 243189480
27  23 2143480128
23  5 1485787063
15  25 2055177962
4  12 405313132
0  21 987771592
26  4 452877224
3  26 719868892
20  15 117424133
23  14 285557433
20  1 548294737
9  22 460859983
6  25 804104259
13  26 99617986
9  26 1906025088
8  1 1683916859
16  21 1651263902
13  14 1137906976
11  25 1183452702
27  28 281648627
20  26 1211765868
19  3 1149077542
3  21 1446598855
15  19 72948238
8  18 1302542446
10  27 1644790429
9  5 2116629673
24  7 1483827201
21  13 545823534
0  23 374813249
13  25 2030210158
13  3 392207455
23  25 316231594
27  15 1072460393
5  2 1310760773
12  6 81453932
4  13 1893091143
4  29 395608449
0  1 818928237
11  3 1015278068
22  1 580911175
24  12 250876908
1  13 419514181
2  1 140142287
0  2 1232399472
27  4 1616510262
26  15 1154389923
9  22 1663292267
9  22 558153599
7  26 1184965899
9  17 1047882864
15  28 478168596
20  16 1520021373
26  14 261451094
21  27 1597485776
2  19 531005097
20  6 1433487197
0  1 2054356569
16  6 182345223
8  24 1423706485
5  14 1890787164
15  25 1550795343
26  16 1043939037
16  10 1640081434
10  3 1822936851
0  27 319798611
1  3 1400573476
20  21 349765271
3  9 1489396555
3  25 1778742507
12  18 751556195
29  25 1935278487
20  3 948351576
5  10 2135957131
18  22 379734669
