450 30 7 15
13  12 1532102345
5  6 1552682154
29  9 950432353
29  26 479001035
20  4 413014762
27  18 251944949
29  3 2066958180
23  24 2014779399
15  3 19935276
8  29 569374178
21  9 255163353
25  11 1830347272
5  0 921906792
22  7 1903264604
22  29 1196565075
9  17 248870945
2  13 1164385857
17  0 1057543524
4  20 835019465
26  29 1801836499
24  20 1430785593
22  2 2078726342
5  7 1887460699
19  11 836301110
11  16 1770336311
7  17 2049467498
11  7 1200680077
16  24 1916189416
22  29 779886240
19  7 1122425243
28  26 1691402628
8  16 1287838726
1  17 1096016324
15  27 1674028392
11  15 619873948
9  13 1353205698
27  23 1714685510
5  28 426027874
7  5 981635958
16  6 1978963405
19  28 94450858
15  18 454695766
4  16 1396175147
23  26 1561490463
7  19 156028855
10  23 1930612338
24  29 1932475632
20  25 442476443
5  26 1794650317
1  28 2088763927
23  29 2053353077
11  22 1932055540
10  1 1393499744
19  21 1205075069
2  5 751859954
6  20 460405838
2  24 1810486754
9  2 964858844
27  21 1791484031
12  24 843239004
29  19 1486278568
28  11 1761368721
28  12 2102932824
27  12 1212389624
16  10 184708405
12  20 2073142383
27  26 1104547607
9  8 1190872353
6  7 1785393779
1  7 687773751
20  16 664770523
5  26 18582255
8  28 638383273
14  12 595296779
23  14 2059765402
20  13 1193165197
1  6 1561647389
17  19 1129612550
13  17 970821600
12  17 2005335510
6  4 1172115057
4  27 1638372503
28  26 1092243944
27  17 1662281612
18  28 1649619327
1  17 755959337
1  16 1134529848
16  20 1701083625
10  6 1047725498
10  14 122347739
16  13 1731513012
15  10 1469333355
24  11 1066488907
13  0 1436942192
29  2 1892324135
13  15 1298345756
10  11 2134758098
5  20 1769846343
10  7 1310251859
15  11 1475164108
13  15 84633806
5  4 803390530
14  0 712199223
19  9 1621976431
19  14 875878256
4  19 257436065
25  1 158672232
7  2 458741974
11  4 1480355440
8  0 212216131
4  29 753138926
20  2 1839577604
24  16 214651879
22  28 736408248
27  16 1614552510
3  23 239938362
19  20 1436213942
9  29 1219851196
25  11 725544346
21  12 1599448526
29  13 698459139
0  3 908327404
15  29 1812502445
5  19 49997753
10  27 1266967540
25  4 468009734
26  6 1834297394
28  6 1053280701
26  7 41908465
9  22 1702022224
22  27 429080783
22  12 716070102
22  2 749705481
6  14 2054548424
6  2 1509198903
16  14 1745295243
29  28 748650391
10  2 1889175004
11  20 505120636
23  14 1535526519
1  3 2024086589
1  28 1511147699
4  29 452910142
22  10 869030788
27  1 1424864066
21  20 1382299139
29  9 129620320
2  6 657575491
25  4 443212363
1  8 1599447405
29  16 257404473
14  5 292387459
19  28 563534875
25  4 1740318876
4  23 1800698504
27  19 555922502
12  15 179157226
1  6 1902881226
6  1 507071231
1  26 1779158637
8  27 1262604192
27  20 1890151890
4  24 677779127
22  3 441999279
11  25 254885445
22  11 1347212670
18  22 1690289793
9  3 2097936064
9  0 1925818071
9  2 1811496287
25  5 1507741521
19  13 1761104854
7  20 1335554018
9  16 1653981144
17  1 338585679
25  22 1314928140
18  1 1565330645
6  2 1294302835
22  7 1031825158
0  8 326349325
2  15 1192479697
25  16 1210757573
3  14 174768494
28  6 470627746
27  9 721656925
6  12 294359942
23  14 1628416527
0  29 1832968962
24  23 1683839620
14  18 1848559237
20  24 2089820768
16  27 588579524
24  23 1901269174
0  13 1343360806
22  24 1333459778
18  25 1082273865
9  23 1427928048
0  10 1546700780
14  7 467916838
9  16 1200383423
0  13 1616965519
2  23 1373470034
8  24 755098355
27  26 1610816392
3  16 247836771
28  25 890571108
9  5 399581973
0  4 802124854
13  27 336680982
0  10 1334538687
22  12 1487140236
26  11 1987114082
6  27 1476049569
7  26 2025487059
25  11 447430368
25  8 150496623
17  14 1129340085
3  13 336357736
13  20 1313159524
27  10 1046681300
14  5 1872954704
27  16 708764703
26  29 1798561687
10  12 1958691315
13  21 1495750877
0  23 496964797
2  24 1114258122
3  8 1455460698
10  13 1459782273
28  0 396016623
21  9 1327515510
21  6 693110736
23  9 1645246279
9  22 1719652358
7  15 1270050419
6  8 54998458
4  15 1410517998
20  29 1376830137
27  8 2055889550
21  7 1457393309
17  5 404453644
19  26 817995973
9  3 807214306
19  8 694638899
23  16 472267284
16  15 1879753923
9  8 933702424
28  18 236642511
22  5 853669853
29  15 367690732
27  23 1155200215
16  8 1590636871
21  9 565066662
8  22 1238314909
0  20 194670220
20  11 468833326
4  20 1802031724
0  1 1712555861
5  9 316832615
12  19 93185951
15  22 1996374248
23  12 34363319
29  4 892241113
19  11 514958045
29  25 1038297239
5  26 2033346294
17  1 506826818
9  12 2096944901
3  24 1518565457
18  4 1333366171
1  23 293293835
21  12 331912745
22  17 656122261
28  20 1746944756
18  0 1139066985
7  19 1920178811
20  0 1126130852
5  4 60954129
18  29 615824368
16  28 1545335352
8  6 350130768
10  27 1323605792
24  19 1534627199
29  11 942743278
14  28 1453605077
28  25 1017198651
11  23 455942843
10  24 1146840240
2  14 18176952
19  0 248084238
28  18 536916720
25  1 516849286
27  13 540835200
24  8 763620773
28  1 1978417601
5  7 1772507326
21  29 1018712136
24  29 1634170018
2  3 1894483015
27  14 1661264794
11  15 284738887
2  10 1444637937
22  18 662780061
5  4 979947990
1  18 1860310957
17  4 618693091
7  20 612774487
9  4 166247389
15  2 528271348
0  7 468109361
19  10 903837457
23  11 1881894776
13  6 1367126571
14  17 274628736
25  18 1262025115
23  21 1272822644
17  23 1250025012
12  16 2100729575
11  3 397023223
25  18 1817135254
17  15 880802199
4  15 548071822
29  18 2065228499
16  3 1544271779
22  4 1724208537
29  2 1212501920
12  17 525600063
1  13 1728637704
5  3 2086582624
29  7 221625773
27  25 572658516
7  9 1708053859
23  21 647311377
23  3 558198944
6  13 890207844
5  27 815054247
10  16 267478133
24  19 115519939
8  2 2129200063
26  23 727578241
27  24 1613310892
7  23 102333217
4  10 199791729
4  6 1642596264
8  17 1599351831
21  10 1673226132
13  24 720361655
8  7 127489554
8  23 1774019952
13  8 1157717002
13  8 832409570
9  8 1870722193
24  11 1812302893
25  1 1987515916
29  8 1402877978
16  14 1569034532
26  27 2145034580
18  12 62533404
20  29 376921497
18  5 1785238094
29  2 485697016
27  28 1315978514
26  17 1909291441
27  20 1317770086
20  23 1142529541
3  9 1800526986
3  27 2146655617
29  17 1687456536
18  2 662968677
25  9 2088554964
1  20 1389508133
12  23 2135315193
12  21 1001396486
10  13 133003507
12  23 1396970399
6  29 1328789041
29  3 813193528
20  7 2090475812
23  2 686170987
20  23 473339407
28  3 1380111869
26  22 1854285829
6  16 15393917
21  4 1178823006
8  13 2105101371
26  18 928048007
14  26 230067079
21  8 746657000
19  17 1623844278
15  8 1612697876
6  23 479786906
16  14 1658957067
16  1 398350519
24  3 399269806
4  26 1458980563
0  27 1042548046
28  21 513441431
10  27 572418959
5  27 1518242178
7  27 1445922537
7  14 1936349808
17  28 1405050485
23  10 1172653362
15  10 496573469
24  2 1653659230
27  11 1882052427
9  17 929456703
25  29 1323792476
9  17 644708393
9  1 690287018
12  13 2000780358
29  11 2123233777
29  24 1791419924
4  12 1832186466
11  14 1064239812
17  4 836111118
10  13 1771073921
17  11 748461089
27  22 903909476
25  10 1810927933
6  28 1371063546
14  4 1151763683
9  22 1610247714
3  7 2060270436
5  19 84560387
9  26 272404979
21  13 1551350318
18  17 907257780
19  27 1895530267
4  2 771443880
24  26 974036987
14  17 1738130387
10  2 1117186527
2  10 1341028452
7  17 1126217403
19  2 1812829037
10  2 1216883852
25  20 305978757
7  16 1843541094
5  12 1604623820
9  19 267783145
1  15 1250060976
0  14 170647191
17  29 954062022
29  25 534609894
19  8 884055478
7  28 133001139
13  17 1533003412
14  26 802573642
1  29 93780491
