450 30 29 1
15  22 1962065579
28  22 924347485
23  0 397775034
28  10 957041471
1  26 146259688
11  15 1383306525
2  7 1137477345
25  21 47668270
23  15 1798041392
22  10 1898027489
26  22 594161883
24  13 66300110
22  3 136089246
21  18 1300746794
4  26 2094543862
22  12 1721359191
8  15 1159449981
23  24 606680418
25  20 297780898
15  14 895468398
9  5 167297314
2  4 1907275012
9  10 711224477
5  18 231868796
15  1 354980825
29  23 317222405
2  22 622241703
22  19 1239299262
6  20 2075602409
16  4 218569399
2  12 2106231699
29  1 1767440799
3  17 1460772890
26  17 2050327969
11  18 1221421865
7  4 1123350238
13  27 1058237620
24  7 402708227
28  6 748226008
27  5 1286455943
16  8 47336273
15  18 764802694
17  5 1534692529
14  22 549931517
1  27 854182170
0  10 1473693956
27  5 74484936
19  24 1168937997
7  12 1764685055
3  19 339628130
23  1 6136450
27  11 167168754
10  4 1254174152
19  25 86771813
23  12 1294324171
3  11 1552183808
18  8 1956354453
20  25 444139719
28  6 1022321704
17  2 701971257
4  24 327923298
9  10 360275440
9  24 71016928
28  6 1172008609
15  13 569731504
22  10 1292507111
26  0 856256623
14  6 893340376
29  13 1432332910
8  7 1130941735
6  27 671952517
23  20 1254601968
9  6 831072760
12  21 224607199
4  21 900203825
4  13 126978002
18  8 1237716494
5  17 653588204
14  24 2108292126
6  14 1236446416
25  12 271162992
22  2 869673630
20  17 793779801
6  4 608138727
28  22 1734459788
8  23 1734487906
7  0 1565374916
3  1 67330551
0  11 4959546
18  10 1089288666
12  21 609589846
16  25 1963926457
4  11 1415530509
23  17 746873611
16  21 1008187670
10  15 1163089627
20  12 1358695184
26  12 325476344
18  29 1498355784
18  29 1926304467
6  4 1679028754
16  29 1338254858
20  13 1333081762
22  12 2007515420
12  10 864341351
10  24 1957992790
15  14 855643299
7  11 180871663
11  6 1695303959
1  9 1351560520
12  23 1573609724
4  29 1616263896
8  5 1917179030
13  3 281165351
8  11 2133263107
21  14 156960191
25  8 886108885
24  12 2104705298
1  4 454485474
21  9 801961692
4  20 185538817
0  17 2142375891
10  14 1549303091
9  11 468222322
5  21 718914604
4  24 439908560
14  20 186362285
2  10 1063566102
16  13 1688056463
9  21 937765825
0  23 144733315
3  12 171680789
19  3 911467987
26  4 1647806689
16  1 1309552478
26  8 402424648
22  21 581482979
17  14 686066182
16  14 1938804971
1  8 1889994253
4  11 1817308619
15  16 1392600823
28  13 1393974154
20  13 109192493
16  21 585912630
13  10 1518288961
13  28 281147639
13  28 2062477520
24  21 936366863
20  18 1630053630
23  8 387456257
10  2 1647360193
29  28 471710335
9  26 22640950
8  1 1517604690
5  7 947774104
27  3 944347676
0  3 531181054
15  9 1222070119
11  16 583182271
11  23 1936747412
1  19 1053806216
21  19 1306471021
15  23 928173190
29  6 554209108
4  21 1280763431
12  26 1932604880
5  1 865160459
19  23 988975077
3  11 1645143715
15  10 2016664373
13  20 942164255
23  10 1805334900
22  20 5767335
0  4 2110484741
22  26 2136490205
17  22 1659683689
21  17 247336465
6  26 1920689144
10  0 1232451918
11  19 264763429
3  7 2138089852
15  25 1004299923
19  20 1767009368
4  19 972649072
22  2 1140411301
24  29 1309633954
10  19 680842830
26  24 1629864615
23  14 630914356
24  22 1207272200
24  8 1487732165
13  15 1524515764
12  26 172568993
21  24 324327032
14  29 950325899
13  14 489217286
7  5 1492896930
17  16 1617250592
12  11 993869556
0  10 1773217673
20  8 1064031686
9  23 39851141
7  1 1811976282
21  14 642249351
28  4 48838165
5  21 566132869
3  5 2078395412
0  25 771927038
23  26 477070185
20  2 444168398
1  23 33752304
4  13 816375570
16  20 422839865
6  18 744969011
18  15 174498938
24  12 1035506752
28  3 1297147845
25  4 743231855
6  11 649441628
8  4 172385215
27  24 2145515671
23  19 227619124
4  22 1872377388
26  16 2007413924
23  26 1127291839
19  29 1745512524
25  24 1713622618
2  25 814581220
6  0 610877122
5  15 884142840
24  21 148278623
21  4 1056594808
15  8 566126783
1  3 1289709930
24  7 411322305
20  15 1712069370
6  15 1806277698
9  19 1858523578
26  12 1529230905
17  7 1623900327
11  13 1933044401
15  13 970250459
14  9 1093340029
17  27 2142934634
14  4 581451276
14  6 823917835
10  26 654976864
28  10 110302948
18  7 2057776631
7  4 2042819300
17  7 2123087019
25  26 291522566
15  14 488052127
5  12 1318252092
26  6 77245584
18  21 1464317999
10  3 1906078550
9  19 208309240
23  0 277727937
5  20 1968661300
3  29 807865265
15  8 133456745
21  7 447204593
21  2 1717747662
17  28 513021209
25  21 891411631
8  20 1538636428
23  26 1200015990
9  12 1648889327
27  1 1565790938
5  26 1086844169
20  14 1297616416
12  11 609264543
17  14 497865834
3  22 855947097
23  10 785619368
24  4 2014130451
27  8 2106964964
16  21 1734626760
24  10 1733801957
20  28 2020900715
4  17 1471710735
12  14 633920127
2  19 1497429416
23  19 1815256868
27  29 684799682
20  17 1624273959
14  0 195443827
25  4 1896828053
24  21 1139938462
21  7 1833715108
0  15 1724054793
14  15 442242535
17  8 59802705
26  15 1580906915
2  26 1278060973
21  18 431740384
8  10 487550374
0  15 820521838
5  13 2134886178
0  16 1207304998
4  18 1876079417
6  11 1904528516
1  23 1317856193
18  20 343529586
10  27 1727356495
14  4 181517422
24  28 237964212
12  27 2136903166
20  19 1566438833
7  9 959686359
11  5 1124876499
7  4 636071882
7  13 1005782258
21  11 1638768763
13  20 1661062684
16  5 1099000492
28  7 483268639
5  12 1919508840
4  23 961863309
1  15 844511684
18  24 540514476
14  12 1841275464
1  26 862589335
1  29 140240489
26  27 1795160213
10  21 1766221899
8  24 1864820335
18  10 1067572952
21  5 632646038
4  5 100755012
7  14 1862833665
21  11 1635387281
11  9 1986596922
28  16 1783196997
22  29 457114040
19  0 1681341030
22  23 738326181
26  23 2106094442
7  23 626974445
11  3 280026855
14  16 487226514
23  0 1113784774
11  24 772689679
23  12 1192032069
24  16 1235903351
21  23 903833957
0  20 1705277278
5  10 732224947
19  9 1372380558
24  21 927314747
2  0 1841336228
21  18 577761166
18  16 1952854907
11  12 596332085
4  28 922287945
14  13 870376383
17  9 781475064
8  0 1406763353
3  8 1797340780
28  0 512312416
23  26 692313437
12  13 184923502
26  2 362654291
9  3 2050193448
21  12 489620715
3  15 2082383662
15  1 2037945199
25  7 1962811249
8  16 70762455
16  17 739064937
14  6 766987393
2  28 1151740645
20  8 1771104235
21  23 1976718550
13  7 1504926731
27  3 1278422553
24  10 1864600856
2  21 1633027080
5  0 94878020
22  24 999431502
7  27 1882004529
10  20 1822192004
26  18 1224053939
19  22 463607844
2  23 1723304957
4  11 1683096237
26  6 1974975236
15  23 416742227
3  27 676631590
29  0 203789619
10  2 2092049840
4  3 163212241
28  4 388152342
11  18 1757830322
28  4 1524449128
17  22 407957717
11  5 2089420325
28  21 704843622
19  20 16803036
25  21 944055459
9  28 1080269945
13  9 663395354
0  29 1838350366
19  9 1377883684
1  0 1699689047
25  24 1703645763
3  0 24666642
24  20 1556564248
11  15 658582071
20  18 118827019
11  2 305530938
26  25 717141709
26  29 857675963
23  14 1499573171
15  7 1809151527
13  24 1915522033
20  28 1723034738
19  13 1527924725
18  29 1480539404
7  1 2089650764
17  26 349968993
15  29 1933156731
21  15 1691590884
6  0 981850830
19  0 364948911
25  2 496410659
18  10 330449957
4  9 1198755904
13  2 529248658
27  14 1432828812
11  5 1778880003
17  8 247006533
28  1 1398804055
12  8 5707083
5  24 2118683813
25  11 975059343
23  24 588729541
7  27 1551652520
12  28 1484553319
28  20 1266061331
2  24 1039364588
24  1 2079741180
17  19 1470905986
12  6 1211920308
16  24 421712076
12  10 360836812
20  27 261772440
16  27 1881555204
