450 30 0 24
29  3 430781685
26  1 748916736
12  13 1692951369
4  15 1967047738
22  5 460558859
17  11 136823028
15  7 18115761
21  6 158161682
20  18 771125368
11  21 876850696
1  10 1271686087
2  24 1940017224
26  12 31005228
3  19 1961911641
14  2 1638490925
27  15 451164032
13  11 1831726933
28  19 803543685
15  18 233359760
16  13 1819814798
1  4 2111652176
22  18 589196544
1  3 915403654
22  23 1179394941
19  17 1246809567
22  21 979713895
28  26 1021010487
2  1 191693665
21  2 1463684379
10  0 1554226875
1  18 1859588193
25  0 1636456173
19  27 2101766642
10  5 2146170692
7  9 253430228
22  13 423180214
17  6 2135569930
12  26 849400944
4  9 97417465
28  24 75576514
27  22 1818853919
2  1 466462857
5  19 2105651424
2  7 600119842
18  4 692068623
9  17 385785720
13  5 662075037
4  15 480930431
9  29 1813779887
16  26 490433365
25  21 1516705264
11  18 2113001319
4  1 2002748786
5  27 2068571184
4  14 76435353
2  29 1674968379
10  14 234358533
4  6 11365758
7  14 619074293
9  0 957497887
20  27 780270776
26  28 1554683403
2  5 723103500
8  21 1756253613
5  2 728296798
18  25 370087496
24  7 596297965
29  22 788308405
26  21 2073489288
4  29 2110024572
13  20 1208729755
18  24 965854717
18  3 15112011
15  24 693650258
25  10 1856303265
23  25 591397704
8  13 121847112
5  12 508589892
20  12 1157436106
18  19 349957521
5  26 1745423873
13  11 864632959
20  11 58119162
28  29 1577014130
0  16 1119654148
13  27 573526238
6  10 1864500008
24  6 1046979361
0  17 1447788057
5  20 1944759487
22  5 3552140
11  21 1460766286
0  6 1697921149
20  15 531678762
17  26 1844461336
4  28 1805553749
17  23 1933802623
1  24 2026005405
22  28 1410530107
29  8 826121714
3  17 729955572
27  15 1539291526
7  1 1136009754
28  0 799015970
23  13 146288652
6  13 1054959136
7  6 860361062
12  10 708478328
25  11 627658410
28  21 1299712130
29  12 69911070
16  26 1514726624
0  18 2079341418
16  12 304104847
0  3 2032004236
24  15 633008789
10  23 990456461
25  12 726681479
15  22 623184353
15  11 1319277616
9  23 1517722653
24  14 1884109609
13  2 108986875
11  1 1090486161
9  1 1295685708
27  25 1320118308
23  11 181732619
27  28 1430835366
4  24 661125343
26  12 315407878
0  27 666102558
15  17 290181079
10  28 1604291771
29  22 1290747955
4  6 190678502
13  29 527389422
10  3 218856929
1  19 94939513
26  0 401072076
10  20 1388518227
26  21 244217928
20  28 1483843508
13  3 796824712
21  25 693608958
28  10 1003833764
17  19 1535976967
8  4 1770361506
9  15 196583417
7  25 221582011
24  28 728665141
18  11 1113707438
10  23 460204643
4  13 1999694312
1  18 1573261418
15  18 323901325
27  3 1501962636
0  14 373028244
2  25 955269205
10  23 2050538013
27  18 510985624
19  3 1185572612
6  2 1658337664
8  6 613397934
8  21 2028460635
8  24 1189705958
15  26 96149361
6  3 79302484
27  22 442029145
15  4 1241972591
12  15 1611809926
0  10 1873038135
18  13 34766627
20  1 1287529619
25  22 1867597108
23  28 433889266
25  29 548196410
3  26 1575075240
17  8 311857249
12  28 975949044
27  10 2128485659
1  28 1092552946
22  16 2009441996
13  8 1206191551
12  20 1153839895
19  28 354441082
26  21 586286950
4  7 2001137122
29  19 1481982825
23  9 786416458
7  19 1570799815
19  15 386636040
12  15 1608423695
4  19 1088765710
27  14 1274155057
21  6 1402437686
9  14 538246593
6  27 1434096439
19  3 2077025834
29  12 2123746685
23  20 1544053894
19  6 234770371
2  5 1316005480
14  15 532214425
25  19 1230563058
7  15 1558643670
3  28 1760088790
18  10 498522858
27  29 2040949546
22  1 1359953783
20  28 93589408
25  23 652179476
27  17 1157650265
27  5 984752065
20  15 1916334448
17  5 1759997080
26  17 28898422
21  17 1885771377
14  28 1238658687
6  4 643314448
15  1 168917239
20  16 1519296467
6  22 1709214767
4  22 618506106
28  10 804676031
16  25 1622147422
16  11 259161354
10  15 1960668071
10  14 438146861
15  20 1812059175
7  5 1683665815
20  26 1497529123
0  7 2076298576
8  21 636544747
3  14 2131623705
10  24 150495027
11  24 270854227
23  19 1281649303
24  23 324128695
19  2 200394226
11  4 1642149110
10  14 643201671
12  3 2020547588
14  26 547934842
19  26 249418280
6  5 1523091825
10  29 1125008790
18  22 1749621637
19  22 604257804
15  27 1844492002
17  4 33405228
17  25 577816528
9  6 1410835229
10  25 295550463
12  25 120181178
17  13 344704718
2  13 88644295
4  7 604958178
16  4 566116456
11  18 1254925354
11  2 347373626
18  28 887298303
26  2 702665123
1  22 1086589850
29  8 1907379007
0  16 535389332
20  5 669591041
15  25 744921355
22  11 1302463308
1  2 1679782980
18  16 1112552234
9  7 586666381
2  14 618046912
9  22 569311453
14  23 2040753979
24  23 457046161
10  29 854216769
1  16 1864925965
13  11 578725356
1  2 2123417555
12  21 1514322054
28  7 189086308
2  17 1365177042
22  23 783081007
26  25 221010107
23  5 761261407
29  5 2136318944
4  12 1136181268
26  17 1813503606
10  21 938214225
6  27 70538455
16  3 1343375813
27  6 121885414
17  21 1218753263
10  0 1424797837
15  12 132835906
13  21 1333511311
22  27 729207833
13  15 950076031
8  6 1251026794
11  17 671648289
21  17 1856502881
19  8 575253095
1  16 1483356040
8  14 1842728822
12  8 1227084772
27  13 1110836623
13  23 1150829910
22  15 907074973
19  28 302938376
3  13 1034467167
1  5 933898232
21  1 2079930264
3  25 1375951017
17  6 628264431
28  0 862837564
22  8 112145885
9  21 539201125
24  23 957295587
29  4 66413039
14  2 1389041785
8  0 615406268
0  11 1848600250
16  22 2114589323
24  2 1342809950
21  9 292277874
14  20 969503334
28  0 297586236
16  23 1106528012
6  24 1649355125
21  1 1704895490
28  9 931940845
6  26 1321318235
23  6 543379269
10  25 569778730
26  14 393757998
0  11 2110466960
7  20 273276734
2  6 1968860430
7  23 431143458
19  17 1243533216
6  29 57952602
11  3 1664845527
10  7 1690261212
19  17 1341818964
26  19 1860644240
4  28 1285285722
29  28 820030878
26  23 2040388100
1  15 87584152
7  16 24267836
8  19 1440667599
20  17 935404014
26  19 1260266817
7  27 434698199
18  9 876173071
24  0 2108256162
1  29 1271526005
15  7 830840088
4  19 1926517603
2  16 1415721005
9  11 635395360
13  12 803535376
5  26 1370723765
9  22 262473986
11  10 662637582
27  11 1504911853
4  18 1377044966
2  5 1709592673
26  17 1364386280
29  19 1909654900
8  4 336576295
12  3 102084242
12  10 1333772803
18  11 1494366235
15  29 1849236843
9  11 510511967
11  22 1513257459
8  6 1373921529
9  21 857051244
13  5 1372382546
4  7 1725142203
7  23 1389703598
8  18 914906412
13  15 1052036521
8  26 1321288473
22  5 1619106635
19  0 1263534918
28  20 1162376655
23  10 1571649752
28  24 1633136581
4  3 2004379262
4  5 1266669612
17  14 1245851355
18  14 30927169
17  0 986132597
3  18 1228192957
9  20 2126240633
24  14 79365960
15  21 1280587383
10  27 355718188
4  1 816200144
0  12 1208736067
4  0 1814228959
21  11 461915379
21  2 1685282800
12  25 1430084361
18  20 1435748057
28  17 346901108
1  21 300083089
24  17 1166331762
6  25 279310660
28  13 1598470613
25  21 1913849661
29  11 811094387
21  17 1731000046
1  5 1834466129
2  11 485186043
5  7 1812146343
5  16 1125815498
3  15 1401943766
2  0 1307457249
15  27 1553196424
16  12 844501545
22  14 1193970663
2  11 1692218287
6  17 1199879556
11  14 1064734075
25  18 789953463
7  0 1654162792
22  10 1745621180
28  1 1182834893
9  4 2123085153
5  17 1625589003
6  24 414136661
13  22 1746187119
17  0 1299891353
24  5 1190110910
12  22 1098376759
3  5 1829464948
8  27 2006530770
7  10 1515744572
18  15 971836676
20  14 776336830
18  29 2029805985
21  2 993894762
2  1 502591934
10  3 1161376156
2  9 877596787
7  16 553290544
17  27 103609846
