450 30 1 12
6  28 436219161
4  21 1963169537
16  7 2035119226
5  23 1984086648
24  17 1881867534
0  27 2031490211
17  15 1098008258
26  6 640437568
19  21 900203063
29  9 53083687
2  28 467513089
27  13 2113608118
23  25 1934608557
23  14 1708984622
24  14 473847215
19  15 1288880072
28  0 1426776818
29  7 1094569121
0  11 1529368636
7  28 1028155097
8  26 236811195
4  12 1357131769
1  27 1898451954
23  4 172295720
6  29 1936653263
16  9 1261909469
8  5 497877784
18  0 1716545144
7  5 181956934
20  27 734321288
27  26 403646266
29  2 192906111
11  5 170106064
27  1 1862831233
10  5 212095231
20  0 1936409563
3  9 2052655030
9  23 1430321442
23  27 2108572878
29  26 1425244201
23  19 1641824368
19  14 402595242
8  3 913458857
3  29 1865047174
5  27 987675102
5  19 1854074297
24  13 1034960070
26  20 359756811
17  25 1857003293
23  1 1837620357
22  10 978751041
24  11 1938051553
23  16 277046953
23  27 1654040160
18  19 221004943
27  0 316047056
17  2 1026141035
3  26 303263818
16  2 300442458
12  18 316785789
3  20 1223719706
23  27 110835418
15  27 611002857
18  23 1003060065
1  11 1791504105
21  24 333361312
3  18 1198105586
4  12 117770668
21  19 537759139
22  7 519737972
29  14 803772341
22  3 1467395028
4  19 855519098
13  6 835054697
7  0 1143925321
10  1 1903466453
18  9 1330007669
4  15 540493832
3  5 1804911455
16  24 1313371428
24  25 282475027
22  23 1162852117
28  18 1852747785
14  3 1327275423
20  29 723958458
15  28 948543410
9  8 1564091005
1  22 535850848
28  27 1611139043
7  16 1649327818
8  10 981149652
25  23 306796657
22  8 1319785802
22  17 707287391
22  20 1823102909
9  6 329348104
12  25 2089050797
23  25 1724919875
1  26 902033166
15  16 533744610
13  25 605399327
29  27 1122128998
7  15 1749784886
18  7 455513096
12  27 1141899736
12  3 143795066
21  20 62921281
8  15 1275583102
4  21 121808353
9  23 1421523870
28  11 587054164
18  6 1072237046
8  11 1224863433
7  28 1476987240
6  13 916663621
1  27 1261611122
25  0 1830847423
17  6 592793520
27  18 1124070287
14  9 1280917514
10  8 1251022460
13  24 1749546718
23  25 1855996174
22  13 1097907717
0  18 2076952890
10  9 1362851601
12  1 67220981
12  4 1772767805
3  13 964218474
4  14 852851917
19  23 1917245318
14  9 881729499
9  17 133341452
8  26 1192931906
7  26 1302604539
23  25 603330153
21  4 1225323983
12  5 1489756910
18  24 241559016
23  15 1916741361
24  21 1226845751
13  20 1475940821
19  15 280111107
29  13 1303274886
3  14 42098903
2  24 764218643
27  6 664011457
25  7 2135453103
25  1 1273135948
19  12 1576899804
8  29 800772637
24  10 1385553828
10  8 312096699
29  1 1158185538
24  22 1233206366
22  24 1769690579
21  10 941679085
12  5 1539465518
22  2 686324836
3  4 1635737888
2  28 1638887089
9  3 148481404
14  2 1282568736
2  21 541943201
2  13 691293379
13  19 1078535638
27  23 101404438
9  20 402503739
29  21 1354539578
16  11 1261584549
11  22 911517997
6  7 1474688441
24  1 1594849963
25  20 1813379664
29  21 410652953
4  26 2099411030
0  13 901975221
23  21 1395850366
27  2 1731832391
18  22 2039999
23  12 313850411
19  13 1961310158
7  13 1774947716
12  18 1599563090
29  28 1528797290
11  2 895911320
8  24 1805976692
16  12 2069450258
22  23 380249721
4  1 1574182236
23  2 899865275
20  29 659140528
29  23 1624516029
23  9 1479634043
9  18 899790302
14  2 792397091
15  18 1294196143
8  16 971237985
18  12 1779554672
26  1 1298091525
25  5 836137957
5  16 1509120460
20  27 1292771605
23  12 843523821
21  6 1710500659
1  7 1420148356
27  20 1298893479
1  15 833910798
15  23 416242324
25  17 1628031178
21  2 1462211413
25  13 1346291224
29  10 260118653
27  0 1904077550
23  27 1282802877
23  0 1794484545
3  11 36231892
4  18 346396341
20  23 1652967153
18  4 1662133695
8  5 502093151
10  23 272462757
22  27 989998280
23  14 670920092
27  28 885472882
26  9 1627806793
2  12 1197266764
25  17 1340370
1  2 628572429
20  14 1879938151
29  6 1985993783
11  4 265187998
1  5 43528377
10  6 866522215
2  8 475454844
22  29 518832512
26  10 1392442947
11  8 541614260
9  27 145750387
15  0 884865673
14  24 1405195336
14  15 51041107
3  2 1209166984
2  18 1118866630
28  5 12413281
15  29 505867495
0  25 700305550
19  11 1994490303
13  18 1305779024
7  6 438853080
1  24 1049449909
21  27 1726209257
5  0 1843320315
1  10 102127160
16  8 934641596
18  2 2093974195
13  20 1519494354
25  2 776104251
8  13 735981546
0  6 1187953946
10  25 2096658878
19  12 287720884
18  24 2111648695
6  28 574949449
6  13 1014728502
17  27 296420483
3  8 1094664522
17  22 1977284228
9  5 288812273
26  21 666403592
9  6 506482548
7  12 1105990089
5  0 2004086040
5  12 1527162858
19  4 204804677
25  24 1207536982
3  28 574576464
18  19 1275479249
4  26 1686717645
0  17 428402662
17  4 887571973
7  6 324299040
4  27 1419830437
20  0 890526182
6  14 192613079
21  9 2036459323
13  12 439346445
23  8 617103439
19  7 1155642972
11  27 1863714309
1  21 1532473698
20  18 1147264555
6  4 1702199001
16  10 149379330
9  21 21760851
3  22 1663383965
24  26 1142874701
7  21 748368895
28  27 2103968469
23  27 1294247125
13  9 751854282
18  5 1654765863
8  11 1596006215
14  20 613371166
1  24 735122597
25  26 758328337
12  17 187794288
16  23 460953080
5  3 763058424
18  2 1683400624
14  7 1813055176
7  12 1726316933
7  2 2056857903
12  8 390357941
21  8 53955745
7  12 1346551930
5  7 32911339
23  2 1267842222
2  13 700033732
20  3 1382900139
23  18 1288517515
6  20 1948509541
3  27 1296781546
5  17 184395228
15  6 689186765
14  26 731313828
18  27 1076640438
14  25 768387224
4  20 183111069
19  0 1307494660
28  26 1633158199
7  21 73252442
0  1 1469341572
15  20 1023932512
23  14 1696901219
10  6 2000655763
15  13 1228965707
29  2 1746590100
11  10 1850536574
9  13 1663758138
6  27 1219043963
11  2 907042844
29  22 234686372
20  11 1175883994
28  12 2102543289
6  23 1067147419
25  22 7400291
7  6 1062019401
27  4 1711257517
17  22 292444807
29  7 531769232
5  11 1391222365
8  17 768930180
0  8 1812344305
3  9 422029983
8  9 542118954
11  23 640631109
29  0 23327744
22  21 1096674000
5  6 1259136478
8  12 1067802933
4  14 966981202
26  9 1119293595
6  20 1218673307
2  0 452116050
10  25 1686595916
0  25 661981409
24  16 1879454912
4  13 268824271
17  20 1055255381
13  26 1575079957
7  12 1298916570
19  2 1453634340
4  9 1453442821
22  24 1997376487
24  0 1813883059
21  1 1058223392
11  27 1793636094
5  7 901567009
0  19 1078484472
26  5 637037385
19  7 1835137323
27  1 2034069688
11  9 1725851416
4  0 667626947
3  18 1898624395
14  1 1629582363
3  21 1199803796
17  18 571081882
15  20 42765898
24  21 1027748231
24  2 1994193872
19  23 1483379009
27  16 107002028
15  18 1836117607
26  18 841387471
7  17 1183614888
14  8 1754669927
26  22 313564611
23  10 1184501619
8  18 1317680729
11  29 184859998
26  6 859013406
29  26 1283342131
12  13 1321599535
28  13 450522665
19  20 1127644016
17  1 149464615
22  21 1383670540
27  25 331351717
14  13 332671268
5  6 1333972495
25  20 1035311353
11  19 400326209
24  5 602990259
11  0 1401169611
29  13 834134366
23  4 2048382732
27  19 1610800487
4  13 1926178956
6  28 250151593
9  26 202343527
23  29 2053626890
24  9 1462295120
16  7 1274082838
27  29 671946401
13  12 1546423869
28  12 1808719613
1  10 637925592
13  26 468261545
3  1 635345655
11  21 1675145283
19  5 1867992901
11  25 1180324636
19  2 2124764409
24  2 402519631
23  26 242454763
0  20 1334578790
26  12 2079319512
26  22 1348736889
0  10 1955215217
23  22 1761702144
20  12 2147282513
27  14 200826152
1  23 1213850633
13  11 1992325362
29  6 1054747955
17  18 2059106745
22  14 1363339905
24  27 491968443
