450 30 9 17
13  10 449919881
29  12 1751901504
3  7 1514367018
21  13 1548296459
29  8 238410553
0  22 408367493
10  22 1939903308
27  18 72311682
15  3 1408119990
3  14 248326572
4  27 1123444402
0  5 705081917
27  28 148193463
25  10 207122961
3  11 1070435477
18  10 811387573
5  4 419784727
11  5 1180630159
20  12 273301100
24  2 382957739
26  22 1025301622
12  5 840790588
3  23 339396787
16  18 1881492809
1  7 1096138052
12  13 87793968
5  24 1451408901
4  16 1349227689
12  20 791982100
8  1 1829597365
19  21 1353173548
19  7 1768589120
27  20 355806067
27  25 1126883038
24  28 373079809
0  23 1847135114
12  20 194771855
2  26 908674437
21  9 2032243375
18  0 1259575953
1  12 1177783841
19  10 942455696
2  12 2058813196
15  11 1493872688
8  16 2028132114
2  4 1982754198
16  1 659212882
22  5 1122823757
8  28 571565568
20  12 1621729526
28  4 228652777
4  8 1481347996
0  17 146407436
1  22 5507317
3  13 563747807
27  25 739178289
0  1 1806698521
11  19 915585597
7  16 719655727
24  15 1503682685
24  10 2096909030
27  4 1485562506
14  17 546616825
16  19 1849190760
6  17 1797796831
1  29 1682493411
7  17 902191293
10  2 907963385
19  25 1519265223
23  14 1484936728
23  0 1317787165
2  18 2014429409
26  20 1326750390
18  15 1256005006
12  20 465179049
15  7 1965506058
28  5 1939543270
11  5 1964261506
9  21 1236999883
22  10 855800721
3  26 1498643184
3  1 1910653619
28  2 844331877
0  18 1435002562
18  13 489602184
4  11 857120542
26  20 1046098656
10  18 1603930395
4  29 2010101965
5  18 1406173523
26  6 1955848901
11  2 2046308501
9  6 1343447320
3  29 1171269359
11  1 330428389
16  0 132389030
25  21 1309283835
27  12 1827682498
10  25 1597665527
12  26 910738738
22  15 1818609385
21  8 1011139475
7  24 579341690
16  15 1584969472
26  23 147515338
3  6 1239805745
0  7 81932054
15  26 1966854693
28  27 991617821
7  17 873947299
18  11 646414776
3  14 567424443
25  5 645476940
17  16 1150841
1  14 1486235619
8  17 1586681926
15  19 1600494284
23  27 704898541
20  19 255518777
3  26 862812487
5  14 1962808179
7  0 88727874
27  19 852701527
20  13 1996148197
8  22 69834401
18  6 1668083944
29  6 955817563
13  1 1234786987
7  29 499046828
2  17 693623681
10  23 2006341461
25  11 1253257351
28  27 1904677536
23  14 2079615505
17  5 971959154
2  11 1929459245
21  0 45499844
21  18 534375955
21  6 1412212232
24  8 806611894
16  5 914450268
9  20 1874583218
17  13 109275973
26  18 1065354012
11  18 797493435
13  8 278678702
0  22 1827378328
13  14 62665505
9  6 692386867
1  21 1461973440
7  11 1407205520
27  2 144746257
3  11 99886476
19  26 35966284
0  10 1087784348
13  1 931649481
17  11 955751653
28  14 261679740
6  20 17679627
6  27 1839465443
24  14 1503485206
21  5 1470371365
18  26 127396684
15  29 147880955
18  8 1173991850
22  27 1769481321
0  17 1779793517
7  24 1632872315
20  12 1153007767
18  20 2039164068
22  8 1328074860
20  8 2146716633
7  29 577666034
22  24 2107191550
25  29 884042606
24  17 306549573
11  5 1198265653
0  4 589928192
24  0 1686761711
28  9 1390971929
22  24 868783749
19  5 31070017
11  3 967532248
27  4 1713956382
27  8 173482513
7  5 906693285
17  18 904652707
3  17 123635842
8  1 1282855639
29  17 1054119542
19  23 306130277
29  27 2005090053
17  28 1547400975
13  22 1695969627
3  22 531293411
27  26 201697424
19  3 1043983287
20  3 1372324958
5  14 1129539439
2  16 523013303
19  26 886785119
12  0 851320252
9  12 1100633372
14  2 1013676023
20  1 398121255
13  2 925275025
24  5 1861605946
4  26 675116367
15  0 782990446
1  28 692760793
4  17 703695468
9  22 518754830
0  9 1899862858
29  11 259152016
3  13 546287805
7  4 162338933
27  21 1822175040
21  4 38731798
20  27 737117634
27  6 1685625544
26  10 2105452262
4  14 1238349387
1  13 2132949026
21  12 2039464037
9  26 115141682
21  24 566823696
1  18 1143871588
11  19 758232246
0  18 1959893365
19  20 1670286678
0  26 420513053
27  1 2078681489
28  23 1760407826
28  6 1909499779
28  0 461039625
10  18 1808856683
28  22 1274619058
12  13 1180397724
14  29 634699972
16  17 1040749198
6  8 96853453
29  13 590487138
26  23 906637510
13  7 1488249761
0  6 81040995
8  2 122721000
8  26 1499192862
29  15 609578133
8  24 506660463
28  27 1913816360
21  22 1429882584
5  11 1544698517
24  2 1118284612
27  9 1724389735
26  7 1815745883
18  12 2137311659
6  19 338538057
7  20 134090054
18  5 595915226
15  3 1217152567
2  12 1700276936
2  17 1091105241
3  13 1697266260
7  2 451261345
7  23 1646708245
10  12 571519315
8  20 1244323628
21  23 1729319294
28  14 416761695
0  4 125445567
10  8 1671585582
28  22 1107193610
17  18 950660609
13  29 388084062
22  18 1373053912
22  16 1222970912
15  17 309940294
11  24 1373600454
25  29 609370441
3  12 1274147523
19  4 1027538404
15  18 1971802179
25  6 702760700
25  0 611958623
12  24 1958041003
17  24 811610554
24  29 1716554247
22  28 2028593776
29  10 2060730042
18  25 1031605358
18  15 698144206
20  0 1262068474
6  19 1438203600
20  3 1450650473
22  7 537372239
12  7 1716981046
25  16 199300002
14  26 1377815560
1  29 31983110
15  26 890567908
2  28 1564669563
9  8 668261664
25  5 1208448225
11  4 1621524648
11  4 1587365640
7  9 771425735
16  4 1171693048
16  24 1134375687
16  12 1668770111
7  26 1566069089
5  9 446080175
29  5 1591553734
4  8 1333252491
8  10 25338940
14  1 1605765624
6  5 939293869
22  9 1660933731
28  24 1137563471
4  28 807719457
2  17 93268017
20  26 180491462
22  0 2142375080
15  5 1365633873
28  19 590268723
13  16 172228992
4  24 2012590544
8  21 1057667355
16  2 795141263
13  25 1328810460
12  27 1116751140
12  16 88127292
6  18 337885252
21  8 104969288
6  14 1749554864
8  7 1964281120
13  25 1465185710
18  28 513396526
7  12 152416620
4  14 1776941984
19  18 595438928
0  20 596306713
20  13 1739997763
8  3 1306410115
15  13 1940417172
20  4 715662210
20  29 1588234228
19  21 1919878757
24  15 381976224
8  18 502710494
24  15 858045129
3  22 3284707
0  22 1516162649
15  4 22126050
7  17 886573631
9  23 406533122
3  1 112638618
28  3 1954189247
14  7 1022238733
3  1 1109841554
7  16 1551387539
24  28 29128520
9  15 1081630007
22  7 132590620
23  7 1417493126
18  22 1530203300
3  12 1080393774
9  21 425472372
12  16 1754474593
5  17 1082330042
12  3 872984145
27  24 165903870
18  6 207232224
1  22 769754303
25  12 831203202
14  16 1629184913
27  12 1873170454
7  15 1168282289
11  0 355920941
23  5 1011275683
23  5 1910394364
1  29 2129872684
4  29 94443316
1  12 1959233725
9  17 1975497818
26  11 1404811391
2  16 711941448
7  13 896572533
10  20 1760058785
2  24 1590541504
23  12 647247358
10  25 1588178299
7  4 1950452982
21  9 1860348453
4  10 327522315
28  23 1716423535
28  23 379518076
18  26 1619560388
25  20 1760125377
15  4 2142913474
22  24 219746956
26  11 911310550
14  11 1329149135
3  2 1063293688
22  14 125287794
26  9 1051795860
13  20 188440720
24  4 262449091
14  29 343204390
10  21 1219293112
24  26 215346224
24  10 1106539129
4  11 1323040470
17  10 950839851
7  4 2004549327
10  16 1556846221
0  8 854309552
10  27 789979518
27  7 1062075253
7  26 462472386
6  13 806956963
13  21 1605439757
8  29 68362820
5  14 840828779
9  3 1083326605
19  21 401050695
9  13 655309699
5  24 1447611375
17  15 758402268
20  22 1307778088
24  2 147401507
25  4 417130920
24  16 920134509
18  5 435678093
14  21 84201326
12  18 583404282
25  10 538765518
7  13 1935072488
23  22 1820041276
6  20 1320789787
1  22 772202121
23  20 1405330924
12  18 2115103752
15  18 1502982679
20  5 1040667912
28  11 397768983
16  5 249121713
18  7 1651849922
22  3 1156538698
24  29 1242785616
28  20 1189212639
