450 30 2 18
12  26 813178923
22  3 2008449219
2  1 370315508
5  0 646866925
22  24 1084250934
6  15 859287528
19  20 1812999605
5  23 1650119634
28  11 1644643792
11  14 1172009259
15  19 1212027993
8  23 1886018087
23  22 293769806
18  15 928008022
22  7 1855599778
27  26 241034611
6  7 286467176
25  26 1618586827
11  25 168669222
20  2 34007009
0  6 190739911
2  17 446251994
27  26 385036405
24  20 603936228
0  1 1408611495
8  10 710961178
4  6 518439698
6  19 682572445
21  29 537897568
1  0 467402041
12  9 712969027
3  9 69545442
15  6 1314026431
23  12 937331876
17  21 998888048
3  0 1414515235
6  22 1096381432
1  24 1588602572
10  26 614798798
13  2 1590007930
18  10 439627502
7  17 1571178699
24  16 1208870143
23  1 682339798
9  3 1684492232
8  22 642175485
6  15 1951912863
25  26 989206447
13  3 698056405
5  0 1461523519
7  18 709524200
17  20 1695333416
11  26 374475217
11  16 287288130
26  18 1576373
9  16 573203217
26  29 92366875
15  27 378249551
11  21 1758559468
29  22 288608871
24  9 1022348768
1  15 827376622
15  10 100351768
20  28 1395259809
19  3 488412989
9  29 1250892993
5  27 1445772285
21  10 998123220
6  5 936872506
24  29 1917538694
22  5 589238369
18  12 1380950268
11  4 865869279
2  18 1378880776
24  6 2104747325
22  21 708100050
1  21 1233712154
21  2 1929178695
6  14 2011203536
7  13 127038139
15  13 1074973870
17  5 698137734
1  9 1989075586
28  21 881961950
3  6 1779685698
20  16 180709150
24  10 2116902168
14  12 1874433492
26  9 765651759
15  6 872030732
18  28 640406192
23  28 298381547
17  20 685137701
19  2 1449389734
6  11 1891775187
9  19 569504650
8  22 41675192
5  6 917320403
13  25 1251720620
27  16 1597575420
23  14 1519808182
13  11 753078113
18  24 2043345390
11  14 47816373
5  27 1718593950
21  29 1431873166
26  14 340201803
5  25 678748172
26  18 806314355
26  20 823517756
9  1 308845937
13  9 1515044891
14  25 475556119
15  5 2121449358
7  11 796974319
27  2 244000471
21  16 892471533
21  4 1747269635
28  12 1759018988
13  27 101144728
18  1 1889587584
10  20 101937107
29  27 1590999217
2  26 1327996796
29  13 1998409008
16  21 2040923895
6  23 1178522049
24  17 1726392292
4  25 1782103180
0  6 488523629
5  11 1049551246
7  2 1168581506
24  2 799646166
29  12 639266064
9  8 1065493502
2  29 1668970053
26  11 189759219
10  2 114094640
21  16 323152209
15  27 780649368
17  23 533595090
7  28 396569147
25  21 1224124902
27  5 1591010951
28  26 871435176
13  22 613449953
20  19 1068082280
17  24 1547750568
8  22 1405667368
8  24 906048913
15  6 198721771
16  13 361946247
14  4 2007789125
6  25 298933557
1  8 1952559507
8  29 1719370287
1  9 1019872801
19  26 373515997
27  25 1201940366
25  22 1445817888
16  26 881808785
9  27 381097483
4  9 1930217482
28  4 1806521398
16  15 686289985
2  20 1170214868
4  29 1159510824
10  16 640535398
25  21 636788982
19  27 619090371
4  13 1078812114
20  7 1927803680
1  7 1642650246
19  6 1378861551
28  15 1571502433
7  12 640571781
27  8 479407824
22  1 1068544684
18  26 570244200
6  4 1194936350
0  5 1237518699
12  9 1531682804
15  3 1114945284
12  29 901907516
1  5 1832995146
23  3 2081958554
5  17 1811048300
29  24 1639650182
13  18 1090963005
17  18 403873486
17  3 1066677753
19  11 474331477
20  28 1625167837
23  8 808535667
28  25 1469703860
27  2 1386277521
26  29 1241176697
29  17 565722112
1  13 137533241
2  16 1797465613
22  16 1999565443
18  3 541746986
17  5 481115133
3  14 1143016655
22  0 1834624531
3  29 1456378667
26  12 1338911046
10  24 1466943013
27  6 659751470
10  11 1892952272
12  5 1844384697
22  28 1197853658
11  19 1224904267
22  27 1674718138
26  8 755702396
6  20 1061678802
12  11 947357397
25  24 764394245
6  21 847576142
22  27 541244022
18  4 1135012535
29  11 757130408
25  9 88760540
14  25 689794685
12  7 774880329
16  15 2128365562
16  1 1911764730
2  18 1502623611
27  7 527197358
1  12 771214037
6  29 516798358
2  22 1235551640
8  2 177834993
6  26 1844856454
24  18 1714738143
12  24 950452306
20  10 780144597
19  5 128590922
27  10 1085200296
13  10 1534504302
22  11 157082452
16  0 994266575
13  28 1197028007
11  6 1700455429
29  6 995491665
20  5 1606538221
26  6 1978100630
5  6 1909355630
6  29 1162600720
8  16 953750614
5  14 1971030893
28  22 1312582571
24  17 1898217361
13  12 1982548926
4  28 94502578
24  2 1468150266
1  21 1164291432
4  23 824400619
9  7 165217372
6  11 1361946761
9  10 1077937951
18  15 581773492
5  27 585594071
23  24 1207537940
13  7 1454009810
5  26 1987037709
6  8 168792702
12  28 214509040
10  14 1012361123
18  23 2139314757
28  1 816132675
2  13 1083199373
28  26 1316708996
28  29 1897940627
1  14 798375722
23  0 636982923
16  24 1108314759
6  27 1656066291
13  18 2077727682
14  24 705921976
19  12 1033267360
8  20 563063456
15  3 633438457
29  3 576031703
20  9 1825513719
5  9 1972347629
18  4 769435727
15  4 1617219440
24  4 2110224507
13  15 1051621712
17  29 2132183296
13  11 1451101695
25  26 1197217766
16  4 954745833
10  15 1887461891
18  10 780876100
6  11 1266945190
7  12 1385204410
10  0 1852259623
28  10 1596082704
15  13 402247482
0  18 1478859160
8  16 1610131469
20  19 1722411253
18  22 238860709
9  5 2023325866
4  5 270792658
10  6 981598777
15  14 599064965
0  16 1052124508
12  25 598082389
19  12 1994340018
12  4 422229391
0  21 434040255
20  21 957686179
29  19 1302945158
5  27 336640212
9  20 187089768
16  9 1089270611
11  24 2127758073
15  0 1108280979
18  10 875575855
8  10 573732578
10  4 889734441
14  23 1569929213
4  13 285732767
20  5 830300193
17  23 1953093296
13  28 1213027397
16  26 1611169722
24  2 1491551527
0  11 1777701585
12  2 458593644
28  6 710379508
23  9 1429047445
12  15 707809919
22  18 1528303404
29  12 804031912
12  22 705335925
15  18 1682113935
9  10 903396390
18  17 447738011
1  9 718271408
2  4 1174576019
1  17 1725003422
4  21 2131629539
23  24 1748547677
26  11 401696048
3  21 296696597
5  23 1627952463
27  26 1053619741
10  13 568349803
15  13 872702943
20  16 2062523604
7  9 799606147
5  25 2130522642
18  16 1890646971
17  28 605995125
6  7 844980540
7  1 500526590
4  15 1021748022
17  3 1692322224
20  26 1366336411
19  2 1021452010
14  22 447839423
28  10 489620235
0  12 878562325
8  12 1226471392
12  7 509521400
15  25 720878918
1  6 314790087
0  1 709856790
14  16 260824968
5  26 1093648597
9  14 2143513186
23  14 1119609274
5  0 869127240
28  27 1788261179
5  7 595919139
7  21 1418364018
21  10 1009012515
11  7 69525033
1  13 819842801
14  10 635351405
2  16 672623572
5  2 723620652
23  22 1459509568
11  2 683744628
10  26 1914408413
29  9 243415611
24  7 387975013
1  11 1602376281
21  24 517477040
1  15 468266460
20  1 1273389914
13  17 80619028
17  23 514058726
9  22 59201382
29  2 132096751
24  11 214969386
4  26 1781965637
1  11 1737895233
7  4 1765056391
15  0 1231846524
29  4 825654574
13  7 959171858
16  24 1432982529
23  15 637242738
27  20 1886737992
25  13 2056503334
22  16 1049834114
2  12 2043679503
22  20 780389519
22  19 311302665
6  20 306955954
17  18 432372992
13  3 527544771
15  21 500791778
24  18 117487254
14  13 136001825
22  29 1295013778
8  24 337636467
12  8 646431463
17  21 1196960932
1  25 928910708
19  8 340518993
14  21 1492903512
28  15 1435029265
6  19 518907224
0  10 1071180941
11  27 992216651
23  21 1911758303
1  8 1560341440
8  1 312487758
20  13 926939297
7  1 1925986548
19  0 2049290919
19  15 580129408
22  6 1782476933
10  14 2083705677
22  12 1328616066
21  17 1414320842
2  28 509382750
14  3 485143460
17  27 427094772
5  4 1190837262
7  21 1678044986
24  29 713740773
6  2 65810692
3  2 1486422994
