450 30 15 4
17  5 1732383801
17  5 1539351843
15  28 630540709
11  24 246369660
10  0 1783183554
13  6 1044944804
21  16 1946223740
1  29 1122985948
20  15 1597332162
21  8 369654646
11  29 1822612889
13  0 259962618
14  7 723988559
29  26 1315371817
14  23 1507640950
23  7 609725357
24  13 164625506
17  24 1743323710
1  8 674424145
13  23 1902999042
14  26 1675886871
14  25 1781500663
28  10 59740546
24  1 1376544085
4  18 1118675205
3  17 685648031
21  29 1468808974
18  11 816340426
2  16 28081396
16  14 1136241685
20  12 269004003
10  24 657282432
29  19 406738502
7  5 1325417492
12  21 1062401177
24  8 569634080
6  12 165486242
20  24 547522035
8  28 1064211075
18  8 1964091589
3  16 1310143559
28  25 1387948316
27  10 1167537674
8  27 222322912
5  14 1139130681
21  2 1912641314
21  19 1095285270
4  5 1986870233
25  3 328750653
2  10 662401106
12  29 957470303
22  16 768933015
4  2 212345030
27  4 1460016824
6  27 945071147
8  16 1932057880
11  9 1472294932
19  6 1748308287
6  29 974587667
7  6 225566081
19  29 37950240
6  4 1760028260
24  16 1737074666
6  8 132183237
19  28 1395093475
22  10 852727388
2  25 172654652
4  9 155879732
27  6 1973928663
6  0 1580971832
28  29 1836367631
3  11 294400310
9  0 632568100
25  1 238105761
18  28 826515466
29  5 104789585
8  24 575168754
21  29 417708500
23  13 1028564900
29  23 389541110
3  27 2088696891
22  19 740353757
7  9 1715197794
4  12 1848746055
9  8 1365793139
8  25 889140827
3  20 10597226
5  3 443333102
0  20 1640954546
23  3 257544252
28  18 171569796
0  10 1570935443
13  20 544445431
16  26 1371931597
15  18 964774100
11  21 475996266
2  13 218088546
26  3 1793403138
16  20 1309230330
0  9 428847998
5  15 1428069222
22  0 575553508
21  15 1489769007
25  18 2051746219
15  7 1055886023
26  3 1247807928
1  19 804737486
11  18 1560201204
10  25 329712209
0  4 1009802044
19  13 864930132
13  23 131371897
8  25 1782190058
13  1 99856862
23  13 325241869
10  21 1727175086
8  27 2108845850
17  22 1404924511
28  4 810757808
19  5 1940338953
29  9 1527719342
23  4 1767270166
23  14 956982747
29  17 332604698
28  5 985410131
6  24 1870798044
17  23 1018760917
18  2 1271845110
22  14 543095653
8  5 1082858697
2  27 2000052929
4  24 826568255
1  28 1934607120
14  10 470854926
20  21 1764185192
16  20 1545932533
1  18 1509989754
21  23 621293110
28  11 1739437621
28  17 1317085188
4  15 1360423362
3  18 774627674
27  14 122554752
21  18 495485040
28  2 133193448
5  3 877586453
18  13 1575803429
19  24 2000846421
26  11 435064196
5  20 370968235
18  13 2041034111
18  5 2107795460
11  4 1237624228
7  13 410842865
14  12 1739085804
0  26 848483376
26  3 2070279595
24  9 514554318
2  29 2953343
9  24 2035229023
24  10 497082070
9  4 931113387
25  24 1064479508
23  20 1032352582
6  18 712670177
5  26 408052537
22  18 1080614257
11  15 1214774750
9  29 1287449764
14  6 481544363
16  19 1757403358
17  13 1803313976
18  5 1875508430
7  6 610145487
27  16 484492537
1  28 1333706152
27  5 274637464
3  14 827266643
20  21 1969087971
29  4 1053722942
5  19 180340138
12  20 1278748288
27  20 1747740523
7  26 756086230
24  26 1595641378
7  11 697266953
4  19 366483138
1  6 1170507038
3  13 1043623623
15  24 654163903
18  27 17137741
3  26 2062538215
29  3 1546331517
21  25 647584576
25  29 220573437
18  15 52167383
3  23 1600927746
20  21 1417127791
22  19 1417920681
28  17 167702170
14  3 1008261981
28  29 644903754
1  4 1767901650
29  16 409064616
8  22 504519219
12  4 1448916070
28  1 73551819
8  7 336310081
23  9 1407947091
11  2 2116942394
25  17 1050127131
19  16 1968136643
2  25 1976759074
11  26 2063236727
11  7 543705101
16  29 901697807
4  25 521092156
8  29 919448018
10  26 1310707556
25  10 1554919130
22  10 1786182267
27  4 2060171968
23  0 2140120765
3  10 514076963
21  11 2005020569
19  6 557043549
17  12 216763209
12  9 1062752025
12  19 898720805
8  26 1293545737
13  7 613653225
23  1 469166098
9  16 1042837057
5  22 894442703
0  11 1792764381
29  18 1785414084
1  13 1651387127
19  27 1001774112
17  22 1495759261
3  19 1882612863
22  4 1714313901
23  17 2111216920
8  28 1568372479
27  29 1878100909
12  20 780279916
4  12 569664928
8  14 1757736405
25  5 1665055158
25  19 201704495
28  2 528751503
3  14 463459757
6  21 991280372
19  21 399510729
7  1 628034266
7  19 1030791517
22  7 1577181038
4  27 2139627696
16  12 58831551
24  16 1152053820
29  22 1096187688
24  28 318168193
27  19 558371355
25  10 304977477
12  9 1746123208
6  1 574995309
3  11 918270234
22  21 2005118593
28  5 1311142001
17  27 1044937716
20  24 181343144
24  18 1000680063
20  28 207469759
10  27 350695734
4  9 1757974930
7  19 683095302
20  21 367966923
15  19 1482721498
26  28 1406817300
13  26 166330145
29  15 149835726
17  22 1867692844
6  23 1781866677
11  28 1988322760
10  29 1848313254
2  20 241818546
7  22 1180357176
18  24 1539598891
26  3 1079262451
15  7 733405708
1  23 1893603185
29  17 917042608
2  12 2033588710
3  8 26058002
9  24 841070526
20  27 1015931311
13  15 1966013278
6  2 1874348838
27  18 1548140426
27  10 2031374636
1  29 890753428
4  23 2140358118
19  23 1137546752
22  27 1432696511
12  22 1881010732
9  8 646885409
26  19 1514817139
6  21 2058369038
10  12 322636839
28  25 1254004581
1  6 1990145980
0  23 996017811
17  4 1820360479
22  7 597622852
4  9 455413170
17  23 414014817
7  20 68481267
20  2 403311539
6  16 2010878595
19  29 856769028
25  8 550171422
19  3 1256256828
25  2 162545447
4  25 1630772503
4  19 130057815
2  8 883463470
10  18 122114763
10  15 1525717854
0  17 1343318775
7  11 909953425
19  2 208029701
21  20 1066423685
7  18 1959087459
22  29 2013168719
10  7 1453301539
24  1 2006397519
16  21 1310496631
6  4 1271322377
25  23 904538407
23  6 1410825020
11  26 526839702
3  21 1918930898
7  15 294672678
16  19 1927875884
20  1 1652608218
7  0 794273956
27  17 2050367858
5  4 1759786342
26  16 866590330
25  0 46272880
0  17 228923834
6  20 1367410166
10  4 948588654
16  10 1077067749
23  16 59397523
17  2 526034814
11  9 1351066969
28  11 833538633
5  11 956798044
14  0 1778935427
22  24 1698038101
15  23 1461412161
11  4 1338434986
1  8 1610975169
3  0 2069204728
29  21 155055817
25  10 287828852
26  4 129823343
25  21 1938983404
19  21 67488627
3  13 1070872597
2  17 1069985766
29  7 1935522704
5  13 1640250727
3  4 335746063
3  26 1675900635
18  16 545041425
19  2 282557574
16  12 1475995664
14  15 455170573
29  23 1754820668
0  21 1396620637
25  15 2046007302
21  15 967289325
29  24 1827178896
25  2 1942616654
5  9 975552169
4  14 2083711334
13  16 1196029527
10  11 1572100517
24  8 929542959
0  22 989283525
3  11 507327321
19  5 434875690
20  27 803601213
21  22 992061019
1  21 348977093
22  4 301992147
19  15 960655201
28  19 1674102284
13  19 946628311
2  11 1838948228
12  17 436675851
11  24 1853581036
24  6 1858509823
14  10 173705870
9  2 307690734
24  23 763217822
5  24 2067711712
19  18 1876648615
20  6 556981917
4  23 2068000804
13  21 1164539696
2  11 1546082675
2  22 1479851529
15  22 1346970672
3  15 1617386406
0  17 1009456305
12  17 988488312
10  7 860570685
29  23 968452419
12  19 974689006
18  21 1492406884
16  1 850154580
7  6 347151473
29  22 242713673
14  16 1629176594
12  25 1703005140
23  17 204323015
24  25 437189120
29  3 1700890319
9  17 468520709
8  13 377594785
8  19 1621101538
25  26 682208609
6  19 1353418050
25  10 310189532
17  20 15416029
0  13 1427489883
23  27 274390900
2  6 1809870359
29  20 956810010
14  1 1277824493
15  16 954025822
26  23 1781731900
17  7 1881615846
2  19 1228131484
2  12 362211804
19  16 1253345077
14  27 1224869661
12  6 1204046163
