450 30 13 15
8  28 504965005
15  5 1673033370
7  12 965225794
2  11 2109254014
0  13 1751349040
4  9 1497039833
1  15 639224307
9  19 509148472
4  20 1453267500
18  26 589606591
26  2 1095667063
18  16 1864066416
18  17 1078069825
15  20 495198370
6  1 1466598551
1  9 762367819
19  8 1813382767
18  20 470309422
26  0 133602829
19  25 401878896
18  24 1022629136
16  5 2132052886
2  29 76696522
4  5 1058434064
27  4 1868505040
29  7 1080200292
15  21 373481081
24  20 1046471820
8  27 1937124044
23  6 734075267
17  13 2021408369
7  1 1399195640
15  10 1899025274
10  18 1230980250
25  6 1843442405
1  23 18700646
29  12 134848608
14  5 2002644463
3  8 1285684751
23  10 665024395
17  19 280039900
24  29 1196678199
21  0 854642578
23  9 1337572095
18  21 1494941589
27  7 1613352192
8  13 1815248482
3  7 1789196584
17  7 1681145378
12  29 1440530324
26  14 328500672
26  12 61738496
14  4 1273661934
23  20 796163211
29  14 1344964973
28  10 401103756
0  4 1950251626
12  27 1573651858
24  0 1840178310
21  20 159635407
20  24 633575944
8  18 1348356512
24  14 651811012
16  17 485135930
29  27 1305618969
2  19 595168063
16  1 1772138213
21  6 1525786251
12  1 252566825
20  24 967966760
25  24 1105159481
12  1 1830851036
17  25 677055676
2  11 1897910688
14  15 2066288595
26  24 1722133394
28  18 240408652
17  25 154214200
17  14 2048920513
20  22 1298034837
2  18 59282636
11  2 868560510
15  29 1252082446
5  22 155992719
3  5 1778783939
2  19 1273325341
0  25 1854913229
5  27 2034127659
25  17 1339339156
20  24 415522148
5  9 580183559
20  14 268931045
13  3 1550491521
18  5 1944740657
24  22 1139213862
28  17 1935839731
6  5 784375858
3  9 416758631
11  22 232993481
25  4 915226758
21  24 23193822
9  11 1592192735
25  13 1381682398
12  27 925819324
18  19 1483245078
6  5 1631580092
16  27 175705343
1  4 511135836
18  8 86756533
20  13 1025327199
0  4 588674234
27  28 1694644983
18  12 1071812362
29  3 538256006
24  21 768182886
15  9 701355409
7  4 803742879
29  11 672227101
18  7 825828773
3  14 1534393411
17  8 1666539509
5  3 2054673408
9  4 1380166649
15  7 956926037
21  28 392600210
16  20 851340294
17  29 508782036
24  19 159901426
16  22 1143459567
17  28 1422130369
22  6 948194218
18  17 1838750470
28  5 787496317
20  2 1848369466
5  7 106107241
7  21 1230369827
7  10 1256479850
25  9 1884508136
22  13 1449461368
4  24 552570720
15  27 1257862912
28  26 922036929
5  9 1451710854
26  27 1182807194
1  19 78655869
21  18 1433003313
18  8 1015549802
23  18 161619224
5  23 811319176
3  15 1568864526
8  21 1447752405
20  4 1626872842
23  7 1829743704
24  17 519469976
17  16 396583010
22  2 461214643
19  15 462012475
19  13 260371318
28  15 1143773672
23  24 200788461
12  10 1582851509
19  18 708037535
1  18 1013282426
13  21 324892970
18  10 1362942488
9  4 782297305
16  15 307166204
10  0 1648946950
8  9 1211593719
0  4 209196000
16  3 1117977600
6  10 528874778
1  10 229668425
12  15 1142234502
4  2 527812501
22  16 2108147751
9  24 2119035456
8  4 1399003133
26  11 30795889
12  15 64514547
29  3 1483438542
8  18 587008147
5  8 572768860
28  4 1913309028
14  3 1502811845
18  10 602921818
23  16 367517085
2  5 449502637
10  18 2023231016
21  17 1070517004
20  27 1297435818
12  23 441236999
11  7 344584589
24  14 233414369
23  2 540931452
14  27 168118249
18  24 866517414
18  29 615592668
22  14 1900309298
19  6 1339151068
4  14 1470708763
7  21 886225819
9  0 335368242
3  2 2098179428
17  5 442318675
3  20 1701245864
27  22 1148920184
8  21 2015504529
12  21 1296936969
22  1 2110764502
14  25 446393727
26  25 1207796645
27  10 545697725
2  14 697636876
5  0 1672039653
10  15 375905658
21  11 912876544
29  14 1766012158
21  7 1921310514
24  2 1192243023
20  17 1388732987
29  25 2015703647
10  23 838088280
5  7 2009994513
3  6 222087570
19  1 1925817145
7  29 1299825750
20  24 1220818229
12  16 523628497
9  21 829989108
7  12 13442829
21  19 569716823
3  9 2111558068
19  3 341565616
26  14 199999473
0  21 823976097
20  10 1660315949
10  16 1381451252
18  3 920385331
29  2 1140458932
29  12 2104850468
10  23 2004312193
19  28 2081954121
29  26 1345531611
11  12 556670237
0  15 1025614393
12  22 1719252484
17  20 912193453
16  9 352411342
24  20 329824112
14  24 477638103
17  5 541345892
8  14 1548492640
0  1 83073540
20  9 338992248
18  8 146167478
14  28 890594276
24  20 633404696
23  19 729604498
13  18 1122567892
9  0 972830789
23  27 1244900405
26  24 858780431
24  21 1101176740
17  4 1083451831
25  13 1798260165
12  13 1671579374
4  29 913453057
29  1 1074243716
29  18 1323658229
14  24 239689964
14  0 1186998061
9  16 917137572
2  27 666169275
13  0 974735246
14  0 1311871873
11  16 1892095461
1  13 1063546154
23  9 638396989
5  27 460975542
4  22 863518478
20  8 500404538
7  1 2043391043
20  6 272283207
22  17 605818965
22  26 1133625602
21  24 314931869
5  12 1788775469
5  3 500695751
27  2 814075480
19  2 1507876099
4  21 1590014394
19  23 1597320982
22  27 914593413
18  11 2100580172
16  17 1874836537
19  2 300195939
9  11 647959131
7  16 1590500593
27  11 1766951482
21  14 1137596578
16  21 1842708978
7  16 1000551009
15  5 112015617
19  13 1206641603
0  11 420022934
24  29 866868845
14  21 1151371449
28  16 1509856990
28  21 79422490
24  14 1129969160
28  22 1976312278
27  28 1853446523
9  5 2094690670
8  28 909300018
29  14 618068282
10  7 431828157
27  13 887112943
13  15 1880904877
7  14 17614241
28  4 171589460
11  10 1864503323
6  23 1398280170
15  29 260760729
4  5 1065768706
23  2 582116207
29  21 1563350070
9  21 18505829
25  22 1212882061
25  18 1020627972
13  25 928656381
17  8 1024507091
22  13 773136635
21  27 1931312366
8  14 587742264
10  5 968261834
0  9 1627366257
2  23 295340336
14  8 1412414210
29  12 1003506549
27  22 1956562538
13  23 970618274
29  15 1459967269
29  9 1901740538
12  23 1629374853
29  27 1779088897
8  26 958293333
2  9 507844875
20  17 981063477
19  18 1993035874
23  19 693597724
23  3 932162777
26  23 961503059
9  24 1593332698
25  20 1706318931
7  0 1196057127
3  24 225127276
2  18 489068100
20  18 1662409867
3  4 1839699727
26  5 1928409566
3  11 407177240
26  6 1519569217
4  13 1658673862
13  21 2077478710
17  5 1339657536
2  26 173466194
26  27 2030306113
1  0 1829170590
10  23 427773545
18  26 1214855763
2  29 1078503867
25  27 610662273
16  23 612004504
4  9 406999020
20  27 824445679
3  28 848967881
22  4 1165104023
2  1 99324018
5  4 1950138832
13  23 438213585
6  28 2093036696
22  6 875431968
19  11 825851782
7  13 1060129565
23  9 1162991668
8  19 1617021212
8  26 1085333943
21  5 1407620341
21  18 1627714055
5  6 1595662964
20  18 617213011
3  23 1777263053
25  29 1442920724
1  9 441797257
21  22 1150589554
10  15 763512016
5  15 573829336
20  14 1014194068
18  27 508395426
21  28 1222730014
3  24 1734818251
26  9 1056686905
8  29 1532788572
2  18 1992257046
24  7 550413077
22  24 1295640147
1  9 1829375687
23  14 1368924942
0  12 1564881343
23  22 938923881
29  7 1513399658
1  16 115674161
8  20 1830486504
2  7 1954093522
0  3 1581713289
2  23 108404000
20  14 340865990
14  24 732353942
24  1 140637873
23  14 1853469661
8  25 1793062240
7  27 1915661648
12  26 986462889
1  2 1036614110
12  8 445351557
12  18 725655340
7  6 1364064505
0  15 127334557
29  4 541941832
10  17 320762574
2  24 2143571538
29  2 935057957
28  15 793150189
27  15 1370115803
18  13 1840765087
28  13 1743125225
0  21 938085003
13  7 2078869671
11  29 1537514068
21  10 30379804
14  27 1576839917
4  14 1026664386
4  14 1172072189
1  11 1795848856
16  0 1202005894
17  5 764838852
25  26 587177629
24  10 299504318
15  7 812698874
