450 30 1 5
3  29 862408893
20  25 1338835460
16  24 181691747
6  7 565724670
2  10 1200296380
17  0 1058733427
27  1 656560174
5  26 384340058
25  1 1164810493
18  28 590761477
3  5 1860535087
2  29 476408908
12  18 1027404430
27  29 915150224
23  2 24228175
23  20 2131260093
14  20 1597157131
26  0 1137763660
0  20 1541703684
25  18 1836474388
21  6 223056393
26  0 88708394
7  24 1089514886
23  15 1298641260
26  23 1600603710
9  5 965137858
10  2 1701750081
10  21 706916813
2  0 825358979
19  25 209332775
23  5 826591184
19  25 1531062074
21  13 1877657149
2  28 180998279
8  28 282847258
12  25 125857093
20  5 494248024
18  15 1986830810
25  3 1380053062
14  9 780451775
28  18 329151296
16  8 1206858635
20  2 1333229081
15  4 575261759
10  17 1729656860
8  26 104048933
18  9 1925928214
5  21 241607634
4  27 1782109361
1  27 1700825168
26  23 1264284664
0  3 1514583197
20  25 2008782294
27  6 1526480787
10  19 40999673
3  9 1862613361
24  17 1308076104
12  11 2050174276
16  7 822366182
3  9 790138084
28  14 666012045
13  14 436418708
9  14 2106035180
10  21 1178797351
21  27 1195417797
4  5 414451637
7  11 663709191
27  24 1831007202
21  28 1917307251
11  9 2119848524
5  21 186418570
5  13 1084260913
16  19 1353993680
15  9 1851454447
1  14 962441964
11  25 1703547458
3  18 441440276
16  14 1345248936
25  27 747911157
24  7 1015814257
5  19 1041743758
21  29 1183569591
12  1 104853268
15  25 1103862803
5  20 1186337621
19  3 472215214
16  1 371322429
22  3 291070894
13  19 2131166386
19  5 213248028
2  26 439225269
9  6 963641908
20  6 1595332653
24  20 112574307
19  14 197458557
4  26 1538294000
12  9 1527393005
25  4 60292556
29  4 709472814
21  22 91838240
11  15 752032343
24  15 1327708139
14  22 226457798
17  28 700547537
7  8 1200303739
13  3 1355506420
29  5 1944063415
19  23 1085861130
18  20 82277783
18  10 1662769852
3  2 872245301
2  27 247746566
23  6 997553477
11  0 2059901789
13  0 649296024
17  8 126618089
20  5 1661817311
10  19 971105424
13  17 1925660776
22  21 1140318179
29  0 466175592
3  16 1286943650
8  28 1026742421
7  3 329637371
27  9 190830421
19  18 1089104654
15  13 438908960
4  26 183088565
21  17 2019925108
27  19 1295516965
16  7 1321448464
27  22 1206133747
26  3 898662762
5  15 1518552386
1  17 1953248789
17  9 605518460
1  20 1839067261
14  25 1536771714
12  21 366458073
22  1 920588117
28  3 370497127
3  2 151574790
15  0 589985006
11  16 145991622
7  19 206682316
10  20 894520269
1  20 986337472
13  1 421119643
26  8 2102469749
5  25 743739758
21  15 346807028
14  19 1153752025
18  7 556782256
28  16 1498771716
18  29 1223083519
15  3 1713149098
3  7 415997607
18  15 234980772
19  4 662929967
19  24 1670070428
9  8 520820411
5  14 116900216
22  25 1146912514
28  14 1852264373
23  8 665103603
13  0 655736820
0  6 1427351237
29  4 55240602
11  24 2128410221
9  21 1668438384
12  27 901543650
2  19 853703
22  28 24569072
13  9 1415291097
7  28 1281603932
28  23 1370774495
10  11 1509665888
5  4 1618250445
27  13 473283988
1  0 831994931
17  1 666466220
11  21 122057059
21  8 518409013
28  22 1058780135
27  24 422411713
20  19 425492562
21  26 602502690
20  28 439392625
4  13 383059677
26  29 1249943850
2  20 1967905050
3  19 789682105
29  4 50202584
4  29 1163579514
25  16 1367547873
22  20 27036333
12  8 852655302
14  20 1191979892
21  19 1231907077
10  29 1153951398
7  1 946184392
8  27 1390924486
7  14 1442784994
19  28 1555219872
4  0 2048488658
22  2 1039565007
11  1 355208679
16  21 1489030300
15  29 202506303
2  23 1655154950
9  20 1056512011
8  18 1523017180
8  13 1516010627
15  12 31628423
11  28 1773495304
19  9 1641356490
23  10 342039337
24  20 1915533263
4  24 2050042043
25  26 1411305265
19  18 1464753220
24  2 379857134
1  2 80371686
4  22 980324961
22  1 1933950446
22  26 878320238
23  16 1090206114
21  19 1352830500
21  12 208659431
8  23 2052552968
12  14 176064824
1  14 1006414263
16  28 235849166
26  16 1449744340
15  11 2112357983
6  8 1539316692
25  16 1015094416
6  14 1133901388
26  25 31878693
1  24 2140088772
13  14 138526558
22  1 1004761754
19  1 1455204626
2  8 993465029
22  10 1827184378
5  11 239391174
12  11 1310343401
4  13 1757467373
21  7 1621236856
2  8 151940376
1  7 1892129151
20  5 2029122912
16  12 769509104
16  4 598821656
18  17 327820977
2  5 2023133522
6  14 1548825158
14  7 393372810
22  9 725385951
1  26 539827438
25  13 1580965036
22  14 1368831929
18  10 8524673
29  27 636302225
12  27 696611082
17  10 190177083
11  16 675641140
11  19 94200228
25  12 752909368
9  27 27197075
26  7 121052306
24  15 1889922326
14  26 1828056308
26  19 1288826915
25  0 640114335
16  22 1160001844
18  3 218382383
18  13 1784993935
0  5 367933768
20  8 791305762
11  12 806337956
11  5 1816934341
14  8 1637397723
3  24 391271556
17  1 363163421
22  12 1967723611
16  19 2142614493
6  22 2069919191
20  24 125009933
0  5 660963142
3  18 828963568
26  16 1971340235
9  11 1142951375
8  14 905794199
17  13 516261520
15  5 1667065633
12  28 854248187
24  17 215015820
1  26 1494965686
17  23 102273459
17  5 1343947616
7  12 1866451810
11  5 685598212
24  14 1187275301
16  21 2137205665
27  28 719662372
24  18 484786386
14  18 349913590
13  24 1420179905
6  20 708528844
28  16 1942145593
18  23 335974829
22  15 25412755
6  9 1138696647
21  11 928983089
3  10 635972134
2  26 1519053637
26  23 1657708791
26  27 1230092298
22  9 91777901
3  25 444388539
2  23 235992705
2  14 2062567099
15  1 1252216499
8  25 1213469132
5  19 384314683
29  22 310847483
2  13 854608110
0  23 332033493
20  5 1383920922
20  11 331936708
15  10 1278513623
25  19 887619848
2  7 934029085
28  0 1045457183
15  26 2017112747
11  0 770111126
2  7 781299861
8  9 1716298695
29  8 1221938769
10  21 1299269474
7  17 1663411595
17  16 990302075
29  28 947737239
3  0 2018202713
1  21 2130824123
6  0 178451076
10  20 267810864
9  13 1859619643
3  10 1419562370
20  5 1800453965
26  6 2022593106
2  18 521438634
27  23 125726410
23  18 756082927
1  7 1347825179
15  22 837915199
5  8 1433252194
20  17 1973639491
6  20 1297634117
25  12 993350666
4  29 280824251
15  16 962737746
0  15 193923410
6  18 2020593156
15  5 1445176770
0  1 1665488352
20  21 1916226836
22  11 506424423
11  27 105299433
26  11 1636222148
4  8 1755607911
26  27 1621539796
10  20 82663680
29  4 1119599173
25  26 37452226
13  27 1273278472
1  2 1710105917
25  0 762947541
0  21 412090137
17  18 2099062706
16  15 763821407
1  28 1882442593
16  28 426326077
18  3 3271414
22  1 919126126
20  28 2118314102
13  12 197247771
3  12 1270157908
14  17 1570287389
13  7 282177249
0  22 366783609
27  19 1962096929
1  16 679406075
3  14 1406017331
13  24 1048330423
18  6 1910820498
8  19 1268214683
9  29 1179623045
26  27 1272037982
0  2 416997619
20  15 1668537559
25  17 1277310524
4  26 515611178
16  28 1642174365
21  28 1471990372
18  15 240710824
4  10 311569545
29  23 1523099215
25  28 670344164
11  23 1291257150
9  14 1275235325
27  29 412654431
6  3 1994551300
9  2 788875959
6  2 1266818274
9  3 1270267665
27  7 1362691766
15  18 1679073079
25  26 848164226
25  29 1940999975
2  17 1790589085
7  12 1196720760
11  12 315918158
5  23 1616240907
1  4 1726104372
27  16 384844495
2  29 2114980378
24  1 2065344095
28  14 236616291
24  22 2099802797
4  0 1089343968
18  28 777689518
25  28 1909522261
27  21 2119357418
0  17 1900216509
20  10 829201553
2  18 1852713892
15  18 1599349341
21  25 1690062271
12  28 1035158150
21  10 610464616
25  27 1280771132
1  15 2123194913
9  16 94959414
15  4 2026675758
8  9 1084566858
22  21 1094969971
29  7 758605182
16  27 923135222
