200 20 10 19
9  5 1109366241
2  6 1749793872
8  13 975946964
1  0 1708717715
13  0 475037850
10  3 339203933
0  13 1027844974
1  17 1154117555
19  11 1084734629
6  0 410515338
6  5 147263343
0  9 1987626608
15  2 1347984244
6  13 135221092
8  0 336532788
9  1 1114237936
12  10 1867246446
14  5 1781005345
8  5 575072586
0  16 2053854781
7  5 484643972
10  4 1422824477
9  3 698775141
17  14 471458887
8  15 1714244024
14  13 289000622
15  13 586182215
7  0 1731319748
14  8 2066248714
9  14 1307807053
19  2 2129520369
15  19 272954671
12  19 413139850
14  11 1048715498
1  0 1219984534
13  19 1147700467
1  19 1040229066
8  11 301766227
17  2 152238114
15  8 243157975
13  5 1266671041
3  9 1181455742
9  7 911541011
18  1 856834198
6  12 2077118417
18  5 1601736161
17  9 541880056
3  5 1400521054
15  11 1796381823
18  3 1867987652
14  4 1053952614
4  8 1727323199
16  2 1982895319
7  17 1668113684
4  3 639648327
14  17 1669992849
9  8 2110575260
17  14 1943889503
5  9 1375805042
4  18 1070406063
5  16 2109802560
3  2 2078551330
15  1 737943232
5  19 1017396446
14  13 1147432957
17  12 457743136
8  0 453994619
5  0 2071775671
19  3 1841360149
1  9 1213645921
3  2 1340765968
13  14 1343907924
8  5 1576559058
0  2 1868979007
19  12 1396412056
15  10 741669062
8  0 1960377324
19  9 1679181733
11  15 1923283926
14  12 2034922828
8  0 1039757182
19  9 1583887583
8  9 1241471211
15  2 1156992529
18  1 1835419021
4  10 1335899086
8  2 80335387
19  3 362782122
15  17 1628431230
3  5 1616600399
3  17 1809663059
6  18 352823317
18  14 2055585317
4  16 65362982
10  11 1667036516
14  19 1913284496
16  19 1572732966
0  3 690848163
0  13 1950190817
3  1 1260176508
7  12 1324818108
18  2 321905256
14  13 504955683
8  14 1782396819
13  11 2013351175
5  13 662204601
0  12 828678781
2  19 527379090
7  14 1139057841
10  3 1184329836
0  19 586650730
0  18 731198517
8  18 224443457
13  3 1702628329
7  19 1220657508
7  10 770500186
1  19 1268214874
15  9 1854832092
15  10 130919071
5  7 174849689
13  2 858797421
7  17 1524646959
13  2 1010320601
13  9 727850779
10  5 257459476
7  13 685061431
16  18 1275903440
3  6 794609001
18  10 1025566497
16  4 546893131
11  19 934138300
15  12 230315834
12  16 707658371
1  16 1117666104
4  10 288514808
12  11 425992970
4  16 1810662361
0  9 540743734
13  6 2124498788
10  1 727642773
9  1 1546624372
15  7 1554620985
2  6 872331914
19  14 494974103
6  16 786553425
11  5 723654730
0  18 1001502544
6  8 19757423
9  16 795575890
14  19 1399037581
15  3 1677537120
17  13 1559408419
18  1 755511124
5  4 96380471
5  15 335199050
18  0 983068008
1  18 547266978
18  17 1943873408
13  7 1153940287
0  3 861173480
7  16 1067806308
5  16 981008500
8  3 1414177614
15  0 625401612
11  13 430203646
10  12 1757014275
12  19 66821502
9  1 262417449
18  2 1381991969
18  9 608864333
18  2 109881346
17  5 1261571848
18  17 417100737
14  6 1014948193
0  19 1193278035
17  18 1679953279
14  19 2107877584
12  14 1433501821
10  5 1518271709
8  3 411782873
6  7 1174000418
5  14 917185444
18  13 78028180
12  2 744588617
4  12 1870740223
14  8 2035240839
6  8 1618572938
8  3 1707344198
3  18 776003946
13  15 306348233
10  11 918163895
0  1 2002538195
15  12 1212616797
12  9 1299390065
1  7 1373003980
14  5 1973843440
9  0 1056219477
5  3 1189961511
9  19 1839481770
7  3 1928042930
