200 20 6 16
7  5 2121818736
8  0 144984966
8  0 1608613043
16  8 1996098284
13  6 1282410881
10  3 286274849
16  12 1094806151
12  9 1402849899
1  8 669493833
16  5 887188844
6  5 1520693362
18  5 1440475988
8  18 1986085610
4  5 512299420
15  10 449017306
1  17 970721492
18  6 586214355
7  10 1452159672
18  16 1208151484
16  8 838399797
5  17 518496630
4  7 1081503331
8  17 156852236
4  16 1433402825
13  16 930768537
19  14 1959860700
17  3 1784253310
11  9 1733708163
6  13 2041008645
6  5 245588718
17  10 372578041
14  17 1007784152
9  1 1884301137
19  15 1209970989
11  17 5537385
13  18 1432224915
17  0 135356496
11  7 1566423592
1  13 1973070450
5  7 53745346
14  5 36592157
10  9 1834431631
16  9 1099981570
18  16 2130096551
13  16 836089605
13  8 1865035975
14  3 1799684258
13  10 1147362724
0  14 1397339526
3  10 1361205074
10  19 525446102
0  10 230621832
8  4 1425371277
4  17 1911563346
2  3 788969770
17  3 2054417079
16  3 500178035
16  10 1749935197
9  19 1493160878
2  11 775263600
16  8 19791520
1  7 1215423999
12  4 199956754
8  13 476792783
3  17 865842943
9  1 489570088
3  2 1886288681
14  8 234778937
8  1 1811139771
4  19 411789786
15  1 1953406101
14  19 1445072604
13  16 1747720932
6  8 1800986775
18  7 2108525538
4  14 1966396610
12  6 1474797376
10  0 1538602962
13  10 114581735
16  9 1690862100
0  15 553142630
11  14 281029919
19  4 1498655433
17  15 729074261
16  8 370397604
12  19 547504014
8  19 387059235
8  3 1113023777
13  4 935816150
2  15 1860259156
4  6 2083291531
17  7 186484113
1  18 1789502735
14  16 917360764
3  15 542187268
0  10 155613270
13  9 648567204
4  17 1263991187
15  9 1715475138
11  9 1375260302
15  2 198403559
15  6 928996852
19  10 2122933501
16  7 1979693145
14  6 218641803
8  1 438711007
5  0 1038754446
3  8 1994960178
5  9 78601245
8  2 1971839749
3  6 18448916
11  3 491265027
7  9 749578609
17  9 424827102
7  0 993162028
7  8 290796671
12  2 1620033178
1  6 99894073
8  7 613644533
15  10 577127370
15  12 1297130500
17  15 915285480
6  19 19080980
4  0 1448032435
11  2 753216662
19  11 1969912207
12  4 1406227527
3  18 1248906937
5  14 1084632619
11  18 396173775
15  19 494646969
15  16 1064279986
12  3 1311021278
8  3 1992909127
12  14 1741064882
10  0 2052807911
3  19 1910175085
3  14 682346221
4  9 2132652175
6  2 1561305504
16  9 1706906476
11  6 1072933412
14  4 1058911813
4  6 1642488661
3  17 123838346
9  7 1192187690
5  4 1997485072
16  0 1514972414
4  17 2138497170
8  11 1941428797
16  10 2122759119
3  0 696556160
7  10 1730468224
0  9 917830706
12  2 778304977
4  10 462827645
10  5 75592213
0  8 423104322
9  11 1868465617
8  18 359676054
2  14 229324458
0  19 1456826300
2  12 988467619
4  2 1809059194
6  4 1361220277
12  11 726359418
3  1 1288488282
10  11 775430759
16  8 1637918639
13  18 1216228916
14  6 147992149
16  18 754836140
1  2 888957889
6  7 1760771829
5  9 1036653893
17  18 1521179367
3  6 1233126464
17  6 823135454
5  11 2012342792
19  6 551316354
8  11 117971176
4  15 307370802
5  18 844668731
19  18 450885240
10  11 652965261
8  16 1761117012
16  2 412164189
7  14 251423909
14  5 1494311522
12  6 412920767
15  3 1522685103
2  4 923598864
11  17 763989595
9  17 1338225062
9  2 1284011479
13  16 790970797
9  1 1568368106
4  12 1035808510
10  1 1490055483
18  16 1038755467
