200 20 19 17
19  17 1516650369
10  17 1263471382
16  5 462043640
17  18 1715553027
5  3 138655848
18  8 1050642175
5  12 64385043
0  13 790102472
14  15 1608237605
1  8 415459353
5  17 1490101421
5  1 220234038
3  6 293272285
17  2 479740371
12  15 942908002
6  11 1573649234
15  9 892625241
4  11 1764181964
19  6 228612859
14  11 2139073341
1  12 682534745
16  7 1127485026
19  18 494516954
4  7 891139796
12  2 987010330
14  1 1435628918
14  1 898440427
5  16 1967484020
12  14 536070788
17  19 399989279
12  16 945000011
8  2 567712608
8  19 1412915891
3  18 342114724
17  0 1822693625
12  10 1891504315
13  17 428571395
14  13 1597308448
7  15 442955634
17  7 913576841
9  14 975926354
11  4 1344011354
13  10 1708877188
8  7 1135831329
6  11 807652602
15  3 1515497968
15  11 1652523473
9  16 2003796059
15  16 68938619
3  6 610306536
4  12 2104742009
12  14 934477479
10  19 1784456771
7  15 1288653423
6  7 1424911123
7  15 1692153727
10  7 623716257
16  18 1401671917
17  16 2048112760
10  13 1936230731
0  9 160199218
13  16 1117407713
8  0 1089861456
19  18 1671527251
17  2 2033465522
19  4 942574388
19  18 1883939335
11  9 323518151
15  11 643372330
19  10 610187376
10  19 1657691342
8  0 1209202210
13  14 212635632
17  7 1084682911
15  6 851051310
17  1 120194137
13  8 1809960654
0  11 419887796
12  14 874090489
6  13 117815032
12  19 933163591
12  15 2099590904
12  13 48574252
6  1 1180321523
7  6 1294743936
1  17 131380653
2  18 483171197
2  0 1971942742
18  2 1311297233
0  13 547299508
7  9 787307654
0  4 639212505
9  4 298755426
5  1 1558779363
2  1 1955382977
16  0 283990572
10  3 540850187
3  2 1132712166
16  19 485695137
11  15 482348787
1  15 1332486002
11  0 468509398
9  2 1156073789
2  16 1144939722
13  9 1074422770
0  9 1649665422
8  3 319955698
11  5 1686645755
11  14 349048360
14  6 1477404023
6  18 1980624465
4  16 1038147378
11  5 194235678
8  5 680247839
12  8 350511435
2  4 1768268783
17  12 1257550847
12  16 317402275
3  14 179118486
15  17 1519875764
0  5 133517173
14  15 1733439209
8  18 312293097
19  13 1757688558
14  5 714998176
2  19 1382146761
5  8 2046207393
12  11 2011471180
6  0 1329927952
19  17 807197932
3  14 869665783
16  19 1061227054
1  9 1792206963
5  6 774582998
8  12 541239690
13  14 900845469
1  16 1378800601
1  2 1866852296
8  14 2123858015
4  2 1723700060
8  16 1322389286
10  7 2114079514
11  9 280357980
8  2 894256057
19  2 1505406434
13  6 1446668340
13  16 2036002029
13  5 976806979
11  12 2008187269
11  15 1247338764
5  17 1506359940
2  8 1361635883
3  1 1250085792
0  15 1116540835
16  3 1241963758
3  2 2055301937
18  15 573679575
10  0 1042953560
16  6 1349608433
9  7 151582480
16  0 178038478
10  19 338907347
10  11 166523715
4  13 692251687
18  12 782610898
8  7 376518989
13  14 1060504155
1  17 635493749
15  8 1355595668
4  8 484684564
9  1 354776056
0  4 2096808432
19  1 1214986862
10  12 1357897216
8  11 1945229580
2  15 1437891496
5  3 1560033541
14  19 495111605
5  4 291568177
13  15 1186587993
14  17 1213363406
12  2 82821457
12  0 1131569063
13  4 1816254931
18  4 407638135
10  19 656909080
13  8 11598963
15  7 1543610275
8  5 552554984
19  12 240027402
19  16 1558735048
18  1 892188737
8  9 1479696420
18  11 1334437896
1  6 2105264863
18  13 2141577345
2  6 1286113043
14  4 1405262295
1  15 611959443
5  4 1971015635
