200 20 4 13
4  12 1330941010
2  19 595371594
6  15 1910394938
2  4 211283681
0  19 1835780916
6  15 854798614
16  13 1078220298
0  7 277723651
2  17 326673542
12  9 1210120826
12  3 20222471
11  1 1371437389
19  3 10290984
5  7 1550262955
16  0 903038083
16  11 1142636415
10  13 446678174
11  13 1789475243
15  5 1675374088
10  19 1830419142
4  9 547760962
0  4 975092595
11  8 1376333339
6  12 738773421
2  5 1674325947
8  0 226500363
18  10 1285573743
17  5 220798615
1  7 469418283
13  17 1686471397
7  19 203703998
12  3 2026773331
2  14 1938862893
14  5 904334901
0  2 1059257190
2  7 1733676359
12  6 1309218719
0  13 1209760143
8  15 2002842607
9  3 1250521954
8  19 1873317194
4  15 1540201561
15  2 122762096
7  11 173131255
8  11 1577643425
13  1 454316327
7  17 857893451
15  7 296322957
17  4 1979630246
17  11 2134037602
19  13 1260708070
10  19 568194046
3  4 1934205732
10  0 1664331740
12  8 1298513087
2  11 1390494758
18  11 1739006944
19  17 1039981662
11  6 658019581
7  12 2018678498
11  18 1523771652
8  12 1519717138
17  9 1500385844
5  15 1061503455
15  5 404815667
9  19 2140350578
19  5 1069679658
1  18 1152027286
19  15 899173350
1  3 1554286083
14  12 814402617
14  3 885804832
15  8 1100053924
19  3 1995521940
5  15 590405515
1  15 666539679
2  7 490696787
15  1 1831324178
10  17 733877594
5  9 1586306026
16  19 427436459
14  13 1387091860
11  18 852799904
12  10 720892675
13  9 1101522717
7  11 1102509206
5  7 587875999
7  8 1823721859
11  16 1394912958
10  5 180497997
1  18 688753360
18  17 1671603655
1  3 1695321100
5  0 859642408
2  15 1758849594
9  12 816070787
11  3 523698257
3  12 650780438
13  0 998427028
11  19 191162784
13  18 1882071800
6  7 90981085
4  19 332446435
6  4 1607235182
18  10 872021218
19  5 1253404823
7  5 2067693778
15  13 1513638282
6  11 2117197075
15  0 2058272692
12  0 1675183192
2  16 1817795313
7  6 1872443171
14  7 178592057
11  9 1223233737
9  17 551326378
13  2 1602412860
19  2 2042965921
4  13 95797073
9  15 646167719
6  13 1299653099
4  7 1612204981
17  14 899115470
15  0 839699027
11  8 854670874
15  13 811951614
6  8 1635376480
2  15 1278742676
13  12 739222488
9  8 974210115
13  4 1945813356
19  11 84481511
4  10 91934560
2  5 546330553
2  18 399679716
7  14 392477097
14  7 873690255
15  13 861069400
8  3 1008613355
5  7 2050779425
13  1 744058346
8  9 2078847328
6  19 1333715136
10  7 567480815
14  8 1144274446
3  9 1028549510
18  9 2036809380
6  8 1168588593
15  19 1902686571
14  12 1932009724
15  6 1907002230
12  8 417926095
17  10 700786192
9  11 1041133296
3  5 1448894556
15  12 1478545386
8  4 2108080166
19  1 340003289
3  14 542150090
16  18 370094346
5  10 691056562
19  18 756057432
1  4 676089480
8  0 343423290
13  19 158371966
3  4 797938554
5  6 99558121
6  2 2018499598
1  3 222492716
14  7 1343444204
13  15 1122468184
17  10 1980350387
8  12 1749986182
19  5 2080034404
5  7 1947583047
0  8 1457108283
15  12 306767395
8  0 1273067371
11  17 741476691
0  2 986575480
8  19 11783403
13  7 1868789526
9  4 963621530
3  12 1897373723
18  6 1952646708
14  6 1205027185
13  1 625508726
12  2 1091109365
7  9 1731600986
7  1 823569486
14  4 2099395165
13  7 1660042663
14  15 1399006255
15  17 404886923
0  17 619464400
10  15 1131176721
8  11 730935424
9  2 1595389068
11  19 63482718
19  6 524738947
