200 20 16 8
4  12 1027455175
2  14 433769383
16  17 118818910
1  17 103217819
12  0 1221821095
11  3 239211445
1  7 1827739515
8  10 1012899320
0  9 1564353877
18  17 1694365593
5  8 2063515427
16  10 451208275
9  3 2099259396
7  19 883782319
10  16 2001992360
9  17 887851707
7  0 424023726
19  15 761946741
7  19 340261460
15  8 1567650234
1  12 1624756591
9  2 849696613
7  19 1861943725
2  8 1473529312
18  5 1366358418
19  14 2132958781
1  9 941270395
19  10 853469368
6  12 1789964836
17  12 1558684605
13  19 372050239
12  5 302621886
12  8 1943514733
10  14 353907613
11  7 857963138
0  3 1649526295
12  8 1567506391
19  15 366633561
17  12 959087202
9  8 951583606
10  19 893963012
11  4 383012715
12  4 237036689
15  17 751851889
10  12 979373286
9  12 663108264
9  19 51882662
16  14 821109230
10  12 2051583856
12  3 1304235267
17  4 892330740
7  19 643574581
1  13 1862626528
14  8 887462355
14  0 357357082
16  7 828311170
17  8 1675250062
19  14 1467204906
8  11 1069357754
1  10 1527047863
18  2 710039067
18  15 2020027613
9  1 2131378279
8  7 1309329676
1  7 1728889245
5  3 1561290747
10  3 2084051719
11  14 113320528
4  7 1873022189
13  11 1419973463
12  10 1554684034
17  12 1186445598
6  4 552140641
18  9 880472907
13  14 34722386
0  3 1193485453
9  19 756139939
4  17 1573483169
4  5 2049869177
13  11 1649008782
17  9 1329437750
4  2 312607128
12  6 1451561888
14  18 1988383041
14  13 1833952179
7  12 1058181802
7  0 145447762
19  0 1567876047
13  2 1025742067
12  14 436058557
13  11 509808838
15  4 1248519740
11  12 1483519789
7  5 2099884120
9  2 1109123960
11  19 1541766047
8  19 1738914347
2  18 352595607
19  3 1876028556
1  4 989403398
2  5 876767817
16  10 681508649
18  16 958545899
19  10 1171276729
3  16 1180842428
12  4 1585384441
0  1 123198544
4  2 1848245222
17  12 677049952
4  5 84315545
9  16 1974401505
4  2 1515333338
12  14 1602018577
16  10 1196214054
4  14 66664204
11  16 11379966
0  18 14203586
12  3 903446547
16  5 1415402869
8  4 834473767
15  16 1406414110
19  12 1337174002
2  3 818984299
8  13 1615738169
17  8 470532095
15  11 2050433594
9  1 1430533162
4  6 1224149869
9  13 219749352
7  5 1591195345
12  3 1225429458
18  10 1166257997
6  2 1895321363
11  10 1592903945
3  1 1070937893
11  7 959444552
7  12 518832006
5  0 173917619
14  17 758025346
11  4 354912729
10  0 1297273178
1  8 2056016224
15  19 589020304
6  2 746653870
1  5 2066386596
1  9 2064094214
2  18 140967169
8  18 196661764
12  9 1316649552
12  13 1896529583
18  12 1633153847
10  17 1632044164
3  4 60366067
17  16 1383152721
1  0 2093447369
13  15 1972635221
3  16 1405720266
9  4 2115262646
11  13 369818030
2  0 1667855259
4  12 167242931
19  7 1811143419
4  13 653984693
15  0 1075625891
0  13 1506758180
4  17 1872927793
1  3 989699996
7  19 1603482452
15  16 1551302702
17  1 1805752745
4  3 1217392234
9  1 949900315
6  19 1025864122
15  19 1772192063
10  1 49395281
5  0 1213586906
6  12 399839529
2  9 1511494493
11  18 191620763
19  13 1166767024
2  13 1987168979
2  15 1254592844
12  9 486245809
14  1 1580831331
7  11 1081191906
11  17 115914683
17  2 1189931243
19  7 1179769393
2  0 310482302
6  1 1551446903
2  0 1208155576
11  3 957294060
16  6 1896526719
6  4 77803946
0  4 1665722473
8  12 607312613
8  10 2035814996
13  14 1722952010
11  1 1469997317
7  12 588700720
