200 20 18 2
19  8 1112515245
3  15 1515434335
3  7 799142614
7  9 2122284683
0  14 771918147
17  18 573876138
3  15 1830293157
17  3 345718163
18  17 1941617218
18  16 1693333085
8  15 1294021415
18  4 1288679780
12  15 1690233296
16  13 744029758
8  7 1244103170
2  15 2147051601
7  2 533052038
6  8 1449972040
0  3 1588299783
8  5 1441629888
0  2 36432493
6  18 675989401
2  12 919748667
6  16 393417727
4  17 1398756074
13  3 388764071
13  0 611287099
2  5 33259870
6  9 1720599565
16  18 428344420
10  15 756974332
18  19 133503744
8  9 114566788
4  14 1796955159
18  1 2027818694
3  0 71554846
6  16 1200610638
14  9 91242456
8  13 552651814
14  1 1731407724
7  19 639127694
4  17 66537542
8  18 221518521
16  18 516743431
18  4 905544682
12  0 207176138
11  12 2136312944
12  11 110536319
12  14 705235662
13  0 1856123033
10  15 1582508427
7  17 1542508370
9  13 703221176
18  10 40728882
19  15 1700349311
11  12 512898555
15  8 1947753304
10  5 142533652
5  9 2083218707
17  15 1875889496
13  7 1398766558
19  5 1196757658
13  7 1985002753
3  1 2006881986
4  5 1782417400
11  16 416993818
7  8 1759116116
3  8 1350379659
7  0 945610887
11  14 91626026
4  14 1451263071
18  13 1583096698
3  1 1650163577
6  5 500735254
12  9 1642036314
14  1 724073001
6  8 1241540422
8  9 85166606
18  17 2049710717
9  13 2109004374
7  16 2085012161
6  4 644915841
3  10 1060711395
11  12 1456359183
16  19 827600331
8  0 1025585526
4  1 2146837178
17  11 1379851661
13  8 1617690078
18  5 2099064468
4  5 502982884
5  18 296092315
16  17 359915925
1  8 1592533120
2  13 627045480
11  15 2116552039
10  11 1190299771
16  19 1049324569
15  8 626774395
7  2 1859481072
18  15 563070111
7  3 1620574048
18  10 2126988882
9  2 1743360522
9  12 1895987466
9  14 459590170
9  7 2097704880
12  3 1684543965
3  17 366065665
7  11 1602825498
0  2 1704513617
15  6 1521988763
8  10 436746655
8  10 1763676838
15  1 716407671
8  0 1022537530
1  7 780178368
19  6 1517473905
2  16 1226153632
19  3 1428757878
0  18 784828104
19  3 1933602473
2  19 1374183003
13  6 1745417351
10  6 1900304991
19  18 1630302869
6  7 1991240947
11  13 1862682909
13  7 27143526
13  2 816888631
6  13 2081800874
2  19 948751252
17  14 1150841465
10  1 1629681689
7  11 520971660
15  0 599417288
10  1 101013823
16  19 1379306600
3  9 1339380870
7  8 408419912
18  3 1007370156
12  6 245809868
0  17 62395707
17  6 1763195528
9  8 1361392290
2  11 46971050
6  17 2081648051
18  5 726497519
10  8 1553529925
4  2 1708289116
9  1 75314109
1  3 647724500
10  8 1762934205
4  5 72595121
9  12 1045552307
8  15 2076994286
18  2 305487143
18  12 2015454988
10  18 1364810818
5  7 648393855
17  1 1332432488
19  2 1985812648
2  1 908929540
19  6 81621329
15  0 1202852934
4  17 682781320
6  17 483658131
6  18 1309048945
17  10 1896949754
15  16 897914605
11  12 2022093287
3  7 853687650
6  0 1924360538
2  18 1939457101
11  10 1022520693
6  19 1239159598
4  10 818635662
3  12 1483239023
18  2 101208023
13  4 1818055503
3  10 1692491870
19  16 1938983847
14  13 437286998
10  17 980052136
16  14 1458763760
2  8 484589238
13  10 63303830
3  9 844723820
7  3 1954792537
15  14 431232232
15  16 1481789990
8  0 1052083829
11  14 1892049803
1  12 1911897696
4  3 1567974222
0  8 720225121
14  6 616582113
1  17 770294342
2  1 599358437
18  4 563159168
