200 20 17 15
19  6 1140618201
6  1 1174654096
11  0 1376832888
6  1 1518227983
3  14 1503657511
0  15 1058245705
9  5 1636230582
16  8 1668543959
0  14 90312721
16  0 1890107118
15  5 1181934944
19  1 1167096317
11  19 2027537485
1  15 9341945
10  1 1078578347
15  3 531085688
15  19 439618604
2  19 1684072178
2  15 1575026470
0  7 1175313264
17  19 1171579223
17  18 1366303741
16  9 1724711680
0  15 1127966462
3  12 189679646
15  7 128691230
13  9 1487403983
15  17 895926042
1  14 2067795955
11  12 1638613809
8  17 1744542599
6  18 827300030
14  13 1856048070
18  14 2059453853
13  8 882912127
4  11 1228439584
17  14 656794666
14  11 1216144917
15  3 587226830
12  18 1191137364
4  19 1070005737
11  10 637432316
10  16 545276648
4  18 765680040
18  19 788366060
17  16 1760732934
3  7 1072874389
0  5 1982096775
3  8 548179186
18  3 410673569
4  7 566618190
3  0 1354070916
5  6 1751951281
9  11 124420590
5  7 94980327
1  19 1559624092
3  17 1786359566
5  3 1522805425
9  14 678137233
8  9 439237525
17  4 849817301
8  3 905677853
0  3 459545394
6  1 539307477
18  9 219133567
14  6 344216063
11  19 264363607
3  4 387463896
15  5 1760562638
5  6 217550536
11  15 538879879
7  10 1485737022
4  6 1961534440
7  11 2118134703
7  10 1874618048
17  0 1582839505
1  3 240628821
4  12 138351260
11  3 790568963
18  7 885544633
9  12 1637829853
7  8 2060566129
15  14 487824994
7  17 864126962
19  18 2021282879
19  7 526549909
17  12 1847503640
18  12 1859174758
16  14 1258028510
19  7 337700049
18  10 326763368
14  2 152915770
9  6 268976755
13  6 711117181
5  11 847772266
19  15 2096439537
12  11 548404013
12  17 2082029329
9  19 742007909
4  2 612328796
0  8 707233639
10  16 556896679
6  15 731450247
2  3 635970158
10  18 656382497
0  1 2130639164
12  13 334403036
12  13 432387323
18  11 236705710
18  19 1222699210
2  9 1337528458
13  4 1620129413
1  11 1877520640
10  1 945869618
19  11 249090703
14  7 163480640
5  15 2147375633
11  17 1137317165
4  19 1407223510
12  1 75592944
15  4 358153280
0  15 1382298738
1  11 1024948216
15  5 1381262870
0  1 726023576
7  4 1767478073
13  12 1550521618
11  1 1136893040
13  14 73150459
12  14 864971504
13  3 1310797897
7  10 1487452645
10  17 400185012
5  19 1153665531
12  5 461150357
10  2 69898550
18  10 297512085
7  11 612771390
12  7 1885931175
2  10 1393327540
3  16 222311335
9  15 607826151
5  19 2009469329
13  19 1686007500
2  8 525787827
19  12 2122769633
3  4 1878609331
10  12 1684640894
17  19 212302305
11  3 209066325
6  3 407422769
12  3 93220633
6  19 1232828076
19  15 1657879292
0  7 1223230395
18  12 1622751852
3  9 1933950470
12  4 1346152464
1  10 286696916
6  7 1100946518
16  14 998029996
6  19 1673689507
8  0 703820793
6  0 993972911
19  11 872288602
3  19 942345029
3  9 456804390
9  15 530990674
15  7 7619763
9  7 1790125852
13  6 1606441238
4  13 1889204938
1  8 1546065303
14  9 1714799265
3  13 979356336
12  16 1246581162
19  4 2031303441
16  7 532552714
6  14 233594820
2  12 489927679
10  13 109790595
17  1 522494897
0  9 486823146
12  9 1952523373
14  15 1733507937
17  9 461565372
8  1 1768078486
10  9 817458157
14  18 577915209
1  19 220838310
15  8 1122057707
5  18 1198823469
12  9 882310852
7  6 1356178505
19  5 388409926
15  18 706317246
0  17 176802852
12  18 491313025
11  15 6104738
2  19 360705552
