200 20 6 1
16  6 1387702401
15  14 128428822
0  16 1394432500
3  12 543525375
0  4 1795857879
5  4 1021003116
5  14 1377164790
8  0 57788360
4  7 1328573030
17  14 1382931994
11  8 848304041
16  1 1397979603
14  3 686141552
18  11 1963201083
6  9 252011878
2  13 800976095
2  4 175816483
0  6 1886648159
10  18 2038266138
17  10 1404920361
10  7 1103482780
7  16 1720125091
16  5 1047458800
13  12 484309809
4  14 474517086
15  17 1501696130
3  12 226779412
4  1 501814795
15  16 1127448401
3  13 940139582
5  8 1525857562
3  18 670191478
1  14 1407230191
13  4 538641760
4  10 2056356069
10  8 1520645549
5  19 383620052
14  9 1921240388
0  11 122902215
4  12 142172733
11  8 584977615
5  13 1047101849
14  3 1294977518
9  11 584124326
11  4 828360742
7  17 2131024458
8  4 384660559
0  18 8284670
13  17 2111385025
2  4 420138559
0  14 1047346134
13  5 1582028169
3  16 59479361
18  9 628837897
18  11 338100488
14  6 1715642648
3  16 836670430
14  5 744310298
1  16 380045098
18  8 1204508009
11  4 1554806628
17  18 602072106
3  19 1741011934
4  3 285520584
16  14 135587152
7  16 1019000952
16  18 1332376422
15  10 467447762
11  16 1186519461
9  5 1142085344
8  2 1149118798
14  5 965237204
12  19 948706194
15  8 774199794
11  19 373646170
2  6 1675749117
13  6 2053027362
11  15 1697880365
2  14 488329684
9  10 1370305277
11  16 1757256132
15  2 1162135295
13  11 1303503340
18  13 1512270677
4  10 1086934806
3  14 1014051280
7  9 9157724
12  19 176130410
2  13 1725374081
17  10 2123695818
19  2 1604973535
10  14 2036231861
16  19 1346387554
3  16 484541776
5  8 1857758971
11  10 1815952225
3  8 1068149604
18  16 234684143
16  19 2052432331
3  19 1840965275
6  19 889922264
2  8 2034805019
12  3 1125008091
19  13 1335349284
4  1 833659948
1  17 78488432
11  4 244568176
9  0 282412830
15  13 855835998
15  17 348710013
11  8 1401564270
2  14 62896752
16  13 731590532
13  6 1739257571
6  7 538210755
1  8 1003268143
0  11 985984724
15  9 1125746391
6  4 1427055848
9  16 1354186789
16  5 1870955514
10  14 2144995553
18  8 919419373
15  8 2084936423
18  8 369391965
7  18 1685306554
1  18 216429432
4  16 539304227
0  15 1085535367
6  2 602537760
17  12 1272366167
19  17 1894992833
11  1 1538548873
17  5 883296759
5  19 62541964
2  6 962736270
8  4 671160301
6  0 192061780
8  7 1923009229
7  3 196657749
9  0 2013081126
10  16 1050086896
7  19 1678821681
16  18 869007042
12  9 348261297
16  9 617380467
9  1 475750990
3  18 1544140663
4  1 1291517531
7  5 1944015367
17  4 418082605
2  1 1325953701
15  8 647965922
2  17 468149249
5  4 1227814121
9  8 643651311
9  8 1367971092
4  14 1364214782
9  10 250425815
1  10 1728867039
3  16 680746662
15  6 1232155201
4  9 424403724
9  15 947740299
12  14 2001819743
4  13 1484614228
11  19 1255419039
14  6 1616059918
0  19 674030944
2  15 363045926
18  14 1281683004
5  12 2037291314
14  10 456466458
2  5 1836382539
10  7 1770572753
6  15 1066233111
0  17 1810649427
16  6 1115576787
2  9 1531856729
11  4 382619803
11  8 413280421
17  4 1050434736
11  4 1932347502
2  7 1788677112
10  13 689327255
14  11 7629247
6  4 366617928
7  19 1073164161
18  4 1824328105
18  15 732982223
9  10 100870643
9  1 1775121061
11  13 493155125
19  12 1706936591
18  16 1226640785
2  16 1383752880
18  5 661567078
16  17 1490889917
17  7 2004216711
19  8 1375140630
