200 20 6 7
18  14 1316591169
2  4 376488097
2  11 1570742015
4  13 2060531477
14  5 1478861700
9  11 1904512356
17  4 1155803346
9  16 1654655447
9  3 1441118023
17  2 1864391541
14  13 416614955
13  8 729479303
8  2 957290716
15  12 14201771
7  3 1016659075
11  17 889979157
12  14 2016880208
0  14 1813224892
12  18 1729321348
5  13 380137443
4  5 218851318
9  2 1502422880
2  1 1101058991
19  14 910504825
10  4 628726550
11  7 528438148
17  3 1401750387
16  4 1268579763
14  3 1692115252
11  16 58570646
13  7 715863314
19  1 1328607422
16  7 1500701143
10  11 1180189975
9  13 565559791
1  11 927576668
17  5 646586405
6  11 269152100
4  7 1711268288
6  13 2129044241
7  16 669471304
1  10 1491254128
7  11 1935215112
5  17 1403855546
16  5 984324404
19  10 1035009804
0  13 1793151829
8  15 1581567408
6  0 1924565876
11  8 956144876
7  8 1262472354
12  10 880026186
13  5 558454726
16  5 173765563
3  17 828821905
9  19 684721785
18  13 809066867
1  16 1686694365
13  18 1587049095
4  7 1322758383
2  11 380622639
3  12 983100672
11  3 1924875081
13  7 191555852
9  17 63474394
19  2 1560866401
0  17 235431980
12  19 1103007422
4  6 442553265
8  11 729986994
12  0 1538243178
8  3 1931490703
16  3 972412954
10  8 2001730811
18  3 1687624342
5  0 2029725114
14  19 1407179631
7  19 1172653694
17  11 1794422149
4  16 1924702936
4  13 663982559
9  5 608935421
2  8 948047005
0  6 1236886323
7  12 1952856622
13  10 400669375
8  6 232257183
10  2 273086412
0  16 601386711
2  19 899069044
3  15 298286966
11  1 1381737204
19  15 1349555553
0  6 1459491760
9  10 1081987832
15  16 625947620
7  14 1907387369
2  4 1356304225
0  15 1141050472
7  12 355065565
5  6 1322696362
17  5 759815813
18  8 1874911389
2  9 1420530631
3  2 774063913
10  3 504694800
1  6 1098971346
9  10 1532535505
11  2 911614683
4  6 1566618762
7  8 1424754397
19  4 2068847987
13  17 1334745310
9  16 1896091698
7  9 771460495
10  9 722010571
3  15 1745402152
15  13 2080112164
7  3 209326887
9  4 1983932771
9  0 1871840076
1  15 373879790
13  7 319174994
8  18 1045289851
7  13 785186655
3  6 461244929
19  1 916087098
15  17 340742577
10  11 606740744
8  7 201476480
17  1 806041247
2  6 2072932957
4  17 222621367
8  16 518256249
0  3 2090909313
7  6 1020847895
13  14 679366729
16  8 535683148
14  9 755346334
3  14 1523142757
12  19 826872807
12  10 616349356
12  5 1858124882
2  1 1893069750
16  2 1704010195
14  2 1889912966
14  5 1764027389
15  4 2051291267
9  17 1504814112
17  16 967133633
2  6 595763817
16  15 1025329366
18  4 1146739178
3  19 136118605
2  15 33122389
6  5 1994868699
2  13 789937008
3  4 1018765611
19  6 269101109
0  5 1069535243
5  2 87426606
2  11 712321056
17  5 513995311
1  3 1745792073
1  17 419370437
1  3 81941033
7  14 1741692704
11  9 1165690813
12  2 1219333611
3  13 1890824410
18  7 2065484614
11  1 817763566
3  7 1400661286
18  13 397838719
11  17 609061069
2  3 1334285114
16  19 1984057748
4  11 835852797
1  17 1350273170
17  18 355129530
3  13 1020030310
5  6 2101084364
10  17 2112001535
19  16 604313213
9  15 395427457
10  7 544893452
1  5 1265581085
2  3 183078484
3  17 1535464856
7  16 1750342598
12  18 463519313
3  4 1673900425
6  2 1521643855
9  0 1169795967
18  11 615398267
16  3 295141654
3  19 615361722
11  14 1452056807
0  3 780174611
18  6 1287951486
