200 20 14 1
6  11 191458783
10  16 1312389031
9  16 26827396
18  8 126365042
8  2 1333395168
3  8 408734394
12  14 1084401072
2  1 462873193
12  14 152465694
5  7 1634429134
12  10 1313008098
10  12 2040196001
14  3 1680691116
3  13 145826364
2  8 908785051
14  3 917867183
10  15 661289342
14  17 1198043260
0  10 2139144718
3  9 1714296630
15  14 1623133371
19  5 1299676411
0  10 859401371
13  15 528809672
2  9 386850440
8  13 608344303
2  13 1241229351
4  6 623206975
2  16 1878070111
15  12 1577165715
17  11 650249286
10  13 493551548
7  14 1413788125
7  16 1601523571
2  13 1856509973
18  10 1891965796
14  8 1210981521
19  17 1688943893
11  14 572440248
14  9 1305991651
10  17 873440827
1  16 695022736
10  15 696587569
11  12 554106590
18  15 1134036852
1  0 1343097081
16  9 877367814
3  15 1402407849
15  9 1266076788
6  4 1130624795
17  3 1334120506
2  7 1983047062
6  19 359448112
1  3 2035335036
0  13 1685288828
7  9 1066740912
0  18 1576636580
6  15 123070194
4  2 1557356453
11  2 570849541
9  11 919597744
4  17 2070855754
2  5 417264402
1  10 446493082
1  13 1732071642
9  2 65841090
10  19 318532812
7  3 79959277
16  12 1135620386
14  2 258588273
12  14 1510476540
4  17 1313240216
9  12 1954764698
10  18 1160806022
14  6 931851339
18  13 1955346635
17  10 1715748482
5  0 601952516
8  6 576277342
19  3 1471213640
12  15 1962241681
2  5 1807673904
18  10 21428121
2  9 233143303
0  1 1361680654
7  19 749773044
0  10 1985065217
11  6 1806625367
9  10 928348279
5  10 707682110
11  17 613553179
17  10 501634331
17  9 1155991952
19  0 867742642
4  5 2060559403
8  10 1461487902
9  2 1092268639
7  4 451029217
17  11 1418430824
17  4 1779378172
4  8 1583935632
16  17 1682112136
0  18 1620327974
0  13 504302456
10  11 820345772
7  13 1560092681
7  15 417838404
1  18 428078211
4  6 1738672137
7  17 551769502
7  14 726541612
14  12 226878071
6  5 1232721035
14  8 144659805
3  13 1395022599
9  17 543367233
12  4 1105429829
8  3 1005316343
17  16 364957916
6  11 1626932598
2  4 816381866
16  2 292471706
3  2 1438925027
8  19 1343215690
19  4 1240935403
13  7 2100381564
5  4 1994415831
15  14 465620135
1  14 898830521
10  8 1853036261
17  2 578705464
15  16 747462543
7  16 1656713713
14  5 746901445
0  11 279931204
1  18 208606481
4  13 1736598382
4  1 494433586
3  5 1456177048
15  16 1297007171
12  4 1820548506
19  4 848704759
12  17 1028610967
19  3 1480155255
4  17 132494345
13  9 2004273040
1  14 203383928
18  1 438028390
9  15 2133890252
17  2 1471101045
10  12 2079702248
6  12 1270186208
14  16 1421223660
17  1 132824746
5  3 1919958171
1  15 1701317620
5  18 18832192
8  15 816526188
6  16 750595588
12  17 76353134
15  6 1848310660
10  15 1917629766
3  17 1542645822
18  3 175639412
1  5 654479876
3  15 605765222
15  2 130336103
1  15 1228526500
3  7 1737020085
8  4 892060169
13  0 484882809
6  14 490821319
10  6 1053919669
6  11 100969940
11  2 1517228994
18  13 1575727262
9  5 1409220564
11  4 1260106348
17  11 1892274082
19  8 1100618913
11  4 664848035
6  8 966312129
9  6 2126879848
15  14 2094549466
19  10 1104870828
7  3 1236710133
10  1 2089017609
19  9 1618082382
10  11 933887250
12  0 182700107
17  4 2083362607
19  4 502773784
12  19 1168572648
18  7 790154886
15  10 1395381953
19  6 1632097436
10  14 1675135613
1  15 1436187975
1  3 848872204
1  18 2005733231
