200 20 17 16
7  17 1053599415
18  12 864568886
10  0 231421885
8  14 870349691
9  6 9044434
2  8 795064244
14  8 1317358038
5  18 352349859
0  7 797363174
8  9 1184701957
5  9 624595996
9  12 631182953
7  0 1736271910
14  17 484837905
9  12 868159740
7  9 1553795636
4  16 1154159048
3  5 49597575
12  4 1596832822
9  17 2097279858
5  17 1642398876
2  13 135106229
0  18 1899893539
14  3 2103165520
5  17 1602195012
14  16 1946746296
15  14 1030311357
13  12 511558714
3  8 1865478656
13  7 1150682016
18  5 1983391980
11  16 1909910078
4  3 1539219585
11  8 496006396
12  8 755493197
3  18 1242364349
8  14 566630407
19  3 109687134
14  3 443787347
4  8 55645506
7  5 453615892
0  7 1787617364
9  6 1282601253
8  2 617907107
13  12 1958366193
9  19 338196530
18  16 719742266
6  5 1357555091
4  10 91168395
5  15 201587966
3  15 1779680747
14  2 1904225078
12  9 915995475
11  6 1918253904
12  0 1702315905
17  9 1342449152
1  2 667629691
7  3 23114424
2  5 1296119475
12  8 2010483080
14  5 1710255723
12  13 483146045
11  7 594166791
9  5 295022639
7  0 1365028532
2  19 93284161
7  2 1662482076
7  16 1130774754
17  6 179169723
16  11 1005342675
15  11 1773139024
18  3 1045101899
4  11 20232695
15  10 1867443072
18  8 874760015
3  5 1665661980
6  3 1804977073
13  1 2032748022
14  9 1569301428
4  9 894206789
15  7 1986490562
10  18 2138008018
8  11 483988657
10  9 28460963
3  14 352347934
16  14 43641928
15  8 305167918
17  0 14856827
0  13 1511369301
18  10 1670411675
1  10 1804911511
17  13 682125225
13  19 1046772281
13  2 1006366407
12  9 2096907374
7  8 1442859224
5  15 2132517219
17  2 29500127
12  16 1345202243
18  0 530579451
1  0 491113378
16  1 1691218778
14  1 1993893499
14  0 1706941307
14  19 370911015
0  17 1505560349
5  3 117555422
11  4 1572233391
0  13 1363851157
15  5 950545193
16  11 1213728123
0  13 1705126313
7  3 663932327
16  0 1648162218
17  2 809797931
12  4 297094187
8  18 769821666
5  0 1055583310
11  2 154846632
8  18 2102196016
5  14 763658280
3  7 188882047
1  5 4708179
14  10 474939830
7  6 826760121
18  9 1845657971
0  16 388189082
18  1 1844977604
3  14 1892229057
9  17 1539830431
14  6 1927320802
18  12 1548660665
3  16 1495902043
6  15 262150296
11  16 917023680
0  10 1835418448
16  8 971856227
10  7 922821290
17  14 1844033852
10  6 1694343939
6  19 346608530
2  6 489272682
14  0 261706050
19  3 1075588075
4  10 1441433301
3  1 647006538
19  1 1835586022
9  14 1746392355
16  9 768339672
8  12 527599918
18  2 476411293
6  14 1634096803
16  17 1098254670
18  15 918712566
12  19 314515321
9  13 36411397
16  19 69725255
6  17 1143004517
6  16 1118834994
9  5 1197470844
11  12 2135008860
4  1 1580256829
17  16 958919719
18  19 2061280997
12  6 963343954
4  17 1335074618
19  2 880100677
19  10 2116014744
19  1 125337077
6  16 1073946402
12  7 1568473392
17  12 544543933
18  3 242827444
18  11 2101970028
13  4 976321072
11  15 1312197391
13  3 1129087835
6  14 93184392
17  11 1740927179
7  1 1021173924
19  2 707058074
4  16 1833076400
0  17 364889418
9  8 1846728156
10  6 459480312
16  14 495993878
8  19 1100366811
8  6 1244882580
15  5 2043573390
16  7 1555001339
2  4 1544116292
11  4 1708068223
8  11 1640732899
7  17 1732007888
15  11 1953325066
10  1 32770884
7  10 121037152
17  1 1167723341
12  10 289402060
13  18 39338348
