200 20 7 18
4  0 260989188
7  15 538846123
10  13 1642526793
4  0 1296823144
12  9 231473120
4  7 1649760725
15  12 1289947258
7  8 240817128
2  1 6531878
2  18 85698521
16  9 613644197
18  4 1482391022
1  9 271916074
7  2 1008247332
9  13 962824907
16  13 1376688686
12  9 1596247292
4  17 1908590763
17  10 1380601698
7  11 1930006289
18  17 143271597
18  8 1261117240
19  6 240047509
9  16 1002283099
2  6 223629752
16  13 2050558017
11  9 614144707
14  15 368718866
13  6 698729304
14  16 561525990
11  14 316675369
7  12 1643929073
6  9 1934678135
9  4 954482979
12  0 551805757
10  11 1970313006
5  18 1314143209
8  10 557057742
5  7 1590779787
5  0 27409165
16  4 528448964
9  8 1926694854
13  7 1163003196
12  8 1311735803
4  9 560612537
4  3 583581979
8  4 1365390920
5  16 1235672767
14  6 1624463545
7  14 146893950
8  6 637712232
16  12 556552206
19  8 514443888
4  19 1450987270
17  13 600575464
9  10 1795530691
3  17 1359647149
19  4 1410261010
19  7 658891639
15  11 1475313298
0  3 1618381809
12  13 16670054
19  2 493021194
4  19 1797220133
6  13 147717941
17  13 718505067
3  1 812372337
0  11 2091768526
1  4 1228394002
3  12 123004887
15  19 1820899046
6  3 776671221
1  13 1213443896
12  19 1308264800
2  18 2089757752
11  15 1296060079
12  7 1848143449
9  5 523780193
4  1 696734461
3  0 387492366
3  13 2113995930
0  14 1737676702
9  17 1628455269
14  17 334153573
12  14 2020619753
5  18 4639608
8  18 1539632001
1  2 297851164
8  0 1531043402
10  19 990909427
16  11 159096122
7  0 291387042
7  17 872575862
2  17 228311954
0  9 193265955
11  7 423422579
16  0 2121703723
5  1 894491359
7  10 190238416
14  8 709261896
3  4 190821676
17  14 533429460
3  12 720692228
18  8 1499691661
0  14 685982169
19  2 1841850315
12  8 24275691
1  8 941735345
12  4 43999501
8  0 2123378847
9  5 108456094
10  15 745677193
18  2 511543189
5  1 184858989
4  17 464752250
12  14 690989123
9  14 1256072578
15  14 2106173034
7  13 831991986
17  4 949072561
14  0 745971002
0  17 1450019856
12  18 526430441
10  12 573529981
0  17 874720617
7  16 1774459441
12  6 1599468240
4  3 1681234447
5  13 1649322799
2  17 11377819
18  7 1875745598
13  3 59568201
10  2 844625865
6  3 714508149
2  15 1181672783
8  2 1714739414
9  14 1234923369
12  4 1534752133
19  18 22508753
17  14 907469786
11  4 440382474
13  6 1824588920
10  3 1926507207
17  3 1642145581
13  7 2052687816
12  19 1366657146
2  10 454957277
18  13 962310659
8  1 1405999320
9  15 351829251
19  13 748122602
1  3 402311383
17  9 1593096777
8  17 820614813
5  10 1166464540
2  14 1037959599
0  15 1693328407
10  7 1783668743
3  18 1172108377
10  0 2029552141
8  2 1165724312
12  3 1016431
7  14 2072749475
5  8 1074440800
17  11 1610322100
15  7 1528691446
9  6 1860575527
18  12 480162769
17  18 1495034411
4  6 1491876987
9  3 1955008880
1  3 1732106904
3  1 2128989524
7  5 636108432
8  3 1236621036
15  1 678002737
8  0 410999101
16  11 882938930
19  3 888434303
18  4 280715705
19  7 1188769782
10  0 1441618929
10  11 953961521
6  9 2091747701
6  9 1560549110
13  3 1390873115
19  3 1422923601
12  16 870432387
5  1 1744047368
9  19 1937509476
16  11 879317601
4  15 1746296259
11  8 267510199
5  1 1977723783
12  15 1572273697
18  15 1616821847
2  10 499470802
13  18 1941344863
17  2 385898775
2  6 642532872
