200 20 16 1
15  9 1502560292
17  0 642459122
19  12 145125147
1  8 469379444
9  18 565007052
0  4 333323140
8  15 171290555
6  17 991658954
12  2 1835961057
9  10 969066856
17  9 834188583
14  16 1417148719
16  3 680775722
10  14 971382593
8  14 230997861
16  14 1146292951
7  1 1932555455
14  18 437997161
5  13 1989375527
10  12 178184430
8  1 1217643459
19  8 1261556838
0  13 360842025
2  11 981758379
1  6 1248186883
16  9 1927771348
19  13 1997840512
18  19 769796979
16  7 2027050321
13  6 144942315
13  7 371535191
4  16 149420185
8  14 1874720073
4  18 419706774
11  13 481843862
9  3 1779804851
18  11 677616202
15  3 81142142
0  15 809403838
13  6 1615337034
3  2 987804075
18  5 1649093529
0  13 184933220
4  18 1220734739
15  9 1734634057
10  14 301430985
15  5 1109996818
19  16 1462422845
14  8 1721101862
1  7 811992324
0  4 1264953638
1  17 1505822260
14  4 1293691849
11  0 1411044082
9  11 449525036
12  15 45368652
8  11 1102986262
6  5 1489523177
10  12 1702072304
9  12 2014823482
13  17 1996880608
7  5 1961407677
1  17 547676639
13  11 1224887771
4  3 1718071004
17  10 534478454
4  14 310393583
1  6 1979709943
6  12 888946516
3  10 458024322
2  0 237780017
14  18 1247619826
15  4 1721489942
1  7 842895856
9  3 1666052786
13  14 1513903208
3  11 155431625
5  4 1163163710
8  10 1324663382
12  3 1282710252
5  1 1966727160
7  3 1022975415
15  19 304907133
0  1 1875603920
10  16 1185338626
12  0 119382703
3  14 234951520
8  19 2034457283
14  1 768709297
15  7 297641754
15  4 1932317608
14  10 1884282554
16  5 2021188523
1  11 111477423
16  17 1493639075
9  10 1345425473
16  13 1449921510
15  3 1545114557
14  10 1560830996
0  6 1746277548
8  18 556860944
3  15 771880983
13  12 1827665365
10  4 1012512769
7  16 1039293579
10  13 1119260967
3  10 1120047739
10  7 1449934486
3  12 672374036
9  0 502106276
0  14 899885071
6  9 1480766253
5  7 794816677
15  8 78736592
15  2 1178388172
13  15 58220063
0  7 865593179
13  11 1931470266
1  0 1326512825
16  8 1211314219
13  9 1940413216
9  12 1176573184
18  2 934517637
2  13 103882505
14  10 764322214
18  17 1864054354
3  7 1950852527
6  10 424524356
13  8 1824447174
5  10 1051960608
10  13 1241780423
0  7 1619697820
8  7 1407222486
8  1 1967895948
14  5 1605374888
18  6 785545050
6  12 1859192359
0  13 645763920
12  15 1046447357
15  11 878191940
14  16 450202201
12  4 1047495874
6  9 1609016778
9  11 1530488152
14  17 1553458414
13  16 417930465
8  4 1211319178
10  9 1904098619
16  11 267691478
12  8 1881255866
15  17 1031397627
2  11 540638783
10  7 1496977303
19  13 1328795837
5  14 588175426
11  12 1850149226
8  6 461577879
9  18 770993031
18  4 625491612
15  13 1389359754
5  14 1970215715
14  7 1301498144
3  15 153783633
13  9 1472560620
9  12 815522822
9  12 1568464652
1  2 1394332024
10  4 637748569
19  2 1912392926
6  17 818964211
10  12 1475289515
11  10 546035139
14  11 790465858
2  12 792024537
4  5 190187894
12  9 1930793365
9  18 1451685653
7  9 997411633
5  11 1952052549
6  10 66389963
5  6 2090519925
16  12 1035502652
11  18 43631250
11  10 1474277579
19  5 808432194
1  8 454072974
17  3 192962891
15  13 492719866
12  7 89158701
3  2 944642586
15  10 1409587730
1  16 153229298
15  17 787751824
18  2 1111316043
14  12 1038974217
11  18 896419672
1  15 2050166318
18  10 19080920
3  4 2042509814
0  3 711908218
