200 20 13 19
2  17 695781879
13  9 2100529336
10  9 1582408988
2  12 1983538653
11  12 1915386118
2  14 1817935092
0  2 1975113995
14  13 2121851337
14  0 2002867107
4  0 2046546955
14  7 507851159
9  5 2030804266
11  14 1333697054
8  7 1244722903
0  15 449815815
17  12 1538450518
3  14 1469079400
3  8 883191872
11  2 1757175194
8  18 340280277
5  11 454509070
16  0 2116066539
12  9 861439643
15  14 963269474
1  19 1880233382
18  11 1254620155
1  5 279766566
12  9 97450408
12  19 1251159116
12  6 610377773
5  11 492012424
1  11 191480330
12  5 521751130
9  7 1618267502
15  12 2012769455
6  14 1664068973
15  9 316633751
8  0 107653652
5  9 1067669544
15  2 1754293144
7  5 71793970
14  11 1359832052
6  18 1243931851
11  9 1026144761
1  16 865105154
1  17 1263004405
19  15 625542513
15  8 424821869
10  16 344781963
6  13 699187458
15  1 721967620
4  11 162833927
1  19 1685573693
17  2 1443253909
15  14 37757901
13  1 284837991
8  4 1972826992
8  10 1209793671
18  10 315104198
16  18 1028029676
10  15 828073416
1  3 862389137
14  4 24622387
10  4 1977090455
18  15 1365602870
7  15 963051461
13  7 1195180736
7  19 1470698305
4  14 373274857
1  3 999730647
7  9 147373780
19  6 1620366054
8  18 797101692
13  15 215253402
1  13 1676657918
19  16 285328290
2  4 1500066199
7  2 642023986
10  1 990936021
2  16 1804947586
0  12 1611666281
17  18 194180837
15  3 872256768
1  19 1516381354
17  11 1504822032
17  12 150185957
3  2 228012173
18  14 485543810
11  15 1254640898
18  16 1622431427
10  6 1592012322
1  6 96821577
5  9 1366948588
9  15 672709355
3  14 743266740
12  5 198740982
1  9 1396975781
13  4 635167332
2  19 589145267
6  8 1815687693
19  16 353222891
2  12 49690059
9  2 1625891328
19  15 40083966
12  16 1091825364
7  1 1353911768
16  10 782910382
4  16 79337825
19  5 1844188616
18  15 2126131286
17  19 566860609
15  3 1822825688
2  16 865825864
16  3 1016585723
19  13 547331671
8  10 156735214
3  16 703858243
3  15 2025847952
8  13 24544825
0  2 856261345
11  9 221123057
1  3 1241438475
11  18 384372476
0  14 1306061096
0  11 155889663
10  6 490314878
19  7 797768210
17  15 576040049
14  16 2140413789
19  14 1325932563
16  10 1858015501
12  6 700696159
17  14 335735205
14  6 1812255790
17  15 519665863
3  6 632813394
19  18 1039112977
2  8 158858024
19  13 951368093
12  15 115793960
14  3 1588797623
9  5 1607054982
7  17 341226447
10  11 1832594171
15  13 1997786103
10  5 1151414778
2  1 27174808
6  14 1569673898
19  8 741693071
19  13 1071015218
18  2 449650206
14  17 276504755
8  15 1978988662
5  9 13778413
5  3 756619159
19  3 834109410
18  2 123462524
19  5 1419928737
3  6 2113448353
11  7 1394392293
4  15 266779447
15  10 997362196
7  3 1175358376
14  15 1190915852
5  12 1432731656
8  18 1183965110
3  18 753632975
15  1 485156988
16  8 1484590389
6  11 174438926
18  11 695462057
8  15 460810786
7  19 186745042
11  0 330636217
4  18 1636411066
1  14 1329331044
17  12 2014982598
3  8 1662242649
17  14 1684400052
19  12 1751696782
16  4 652516872
17  19 1633343573
5  4 1960297588
0  18 741990455
2  14 1556062115
12  1 972923884
17  4 391706334
5  18 884905870
19  13 1272012828
19  6 641333468
8  1 1728606019
6  7 1893709327
13  17 1157263486
3  7 748036190
15  19 1857881397
2  8 193914944
2  6 310218412
15  7 202329433
8  3 780713598
18  16 925532976
