200 20 19 16
10  9 1071016687
5  6 1082147825
6  10 1284635618
18  13 1949267228
18  19 386970274
10  5 1883463480
2  5 1341414721
1  2 904492278
6  11 1753830927
10  1 252229892
15  7 1769804475
1  13 1389020293
1  19 1328140451
14  5 462574295
10  12 1481530586
12  4 1720669750
1  14 353869272
4  0 1239291159
18  2 1158517819
12  10 660354415
3  0 1826450478
4  0 1011723259
3  12 101330132
14  16 624820181
0  2 755906017
18  1 851857092
10  6 1286277613
19  1 1452787685
1  12 1719609968
4  6 1006993116
15  12 1746741589
15  17 1092678275
12  7 1387831843
2  5 945975756
13  14 1999694667
1  8 214665941
6  10 1830054874
9  19 660273500
7  8 1974396017
7  6 807554948
17  3 1499925723
11  5 561419944
12  14 272542335
8  3 1522844387
7  4 2018462231
16  9 2086093468
7  18 922821469
13  14 637998345
9  8 7242872
4  13 919661891
14  0 505832352
6  3 27891346
16  12 840688955
15  7 771265399
14  17 639837422
11  7 1830900050
13  1 98771346
6  7 941041364
14  13 152335128
13  7 667663169
6  0 758787514
1  3 1188102900
17  14 2046092105
8  16 1207858292
6  16 600665166
13  6 679653358
18  4 140896157
1  6 1711372796
10  11 1576411740
12  14 1067943891
6  4 1981779355
10  17 425133412
0  8 1009555144
0  3 293184938
4  11 1863974119
9  0 1484189452
13  5 704377228
6  7 1697102958
0  12 552052608
4  0 1958428154
5  19 767359985
16  9 1864023548
1  0 1690371007
5  17 2116713638
17  11 274637511
0  14 1489636711
4  2 219144483
5  6 1465762399
7  18 729541629
5  1 495828669
8  15 1615666573
18  0 656939280
19  3 1308115227
11  1 1428253807
18  3 2069698224
15  12 258783923
10  18 1503313566
1  3 213357300
10  18 1911873958
18  0 1075737853
17  4 136572979
1  16 534838714
4  1 1700616008
6  12 1776307821
13  3 1433969073
0  11 1031737617
15  6 474196896
19  15 1111172034
3  14 623385074
14  3 296897504
13  4 1603598908
4  0 1338432965
18  15 486662822
17  11 1643234513
3  4 752944638
6  15 254761575
11  13 1435266543
9  19 1431344734
17  16 1395936813
17  19 1325095485
19  6 716300742
3  4 18621502
10  19 386564898
10  9 56074674
5  19 1201470271
15  8 663697608
8  15 1785837235
1  17 505983236
19  6 1543599362
5  14 751624311
4  6 701771694
10  9 654865115
18  3 1909190080
6  2 37618724
8  5 1708575107
5  11 808656022
7  9 1581241618
5  6 219563526
1  7 164574804
14  4 586140137
2  10 229931484
8  18 1476131807
15  14 618093681
15  19 765140432
14  18 1097668122
7  4 36249955
16  14 927153116
17  19 2129799613
18  0 1440545514
1  8 1733232977
0  2 11599725
12  19 1886068257
7  17 38129175
11  18 263409589
18  19 106738233
15  11 790236413
16  18 78661440
6  19 214270386
6  8 547061329
1  11 1025191733
11  7 2122015998
11  13 1435504600
17  18 46125639
18  17 1155820146
18  1 1491193981
13  0 850386077
19  4 1021637191
2  13 198258709
8  2 1101031188
7  15 1428191220
8  5 665225993
18  13 261991337
19  18 137395006
13  8 1172629493
11  8 1264823814
17  18 1552398707
9  18 328662849
5  9 1353495119
0  19 791118140
6  4 672174209
8  5 1295067956
14  18 1961007225
13  12 272512353
15  5 1922062242
14  8 1040563381
18  11 439952539
14  1 1075727256
9  8 435262766
0  9 556640277
3  16 1765278037
1  8 1599032545
13  5 1625876945
8  17 1488752484
9  7 751851664
17  8 1833118753
5  8 911582429
19  13 935629502
0  16 1088257203
18  19 2058547117
8  18 1738452177
