200 20 1 6
15  4 265258322
14  9 1318072009
17  18 502844920
1  19 1325727329
9  1 1706777606
14  8 88522986
10  17 1268793822
18  12 1556543916
17  0 1970281893
12  0 1293989820
16  12 157798202
5  19 1099164216
10  4 131466972
1  9 392861901
5  8 1690131031
19  12 807858681
2  8 56657895
17  8 2034773913
0  8 709113742
10  12 1833672144
18  13 1791053639
16  5 1599004155
4  14 1228162580
16  14 1279944894
9  14 864681243
4  5 666100032
14  4 229852337
17  13 416342909
0  3 1309216921
19  5 228828157
7  18 562798838
7  19 754017943
17  10 83374635
19  10 1653027365
11  13 495627496
12  13 1102176360
12  4 2056089461
13  16 820381324
2  0 1515655213
18  6 1010495357
7  8 1369808145
19  7 2080449819
9  15 1660947103
16  8 487258764
3  4 1198158967
14  1 1223263068
0  14 2112842935
12  19 354504028
12  10 454562796
18  11 860696691
19  13 1664325268
4  15 203263488
16  6 1056713477
7  4 2102135305
11  18 386085285
9  5 677143139
9  1 311540244
17  16 1181634992
15  7 563081667
11  9 1373572980
4  17 1589722752
8  3 601569975
3  13 1240738281
3  16 2099963790
4  2 561612599
10  9 87138672
7  15 495307914
10  9 1283639308
8  11 421436960
15  11 1303973917
11  4 1521446443
18  5 2111296423
4  12 1793475573
2  4 1029871006
10  15 1140770745
12  14 1873733439
2  14 1344058936
4  18 1323204731
9  11 430596215
9  5 1203350158
2  12 1522340736
15  13 517460100
0  3 630610808
1  3 271072382
1  19 1957195103
14  8 6408019
11  16 1395285736
0  7 618866179
14  10 334828136
17  18 1652418410
7  15 378341836
0  1 1356736767
19  6 1881900644
6  4 1923578095
15  18 839483880
19  3 1490437056
2  6 1318978264
2  1 358707746
13  4 131282164
19  18 1320969204
12  16 245746353
0  19 1533570671
16  13 1554204216
17  3 903037402
3  17 352745263
6  17 1946913285
18  14 1558903116
4  14 1054367473
11  6 1105232460
15  10 1289551116
12  6 675398531
8  3 1321353883
14  12 265192148
11  1 327298215
17  18 1726087213
18  10 1107637214
15  17 1623926118
1  19 452176211
8  13 423675955
1  2 874400020
11  7 1980876594
19  18 157797530
17  12 1636254382
18  1 1057861265
10  17 971978595
1  5 1521716284
15  16 1642772663
15  19 1620749819
9  0 1351932446
13  2 825640044
11  5 239448494
9  0 1530555143
10  5 1678767833
11  5 1095922249
11  12 277716854
11  16 1901398960
9  12 1416113118
12  10 2056589950
3  16 1298662131
11  15 754979836
3  13 1528854582
7  16 934273583
12  11 1106959087
17  7 799657822
16  3 1676501928
3  4 236031795
18  0 148504215
3  6 425113819
6  0 1452520356
5  9 794820721
5  14 2022473389
1  7 42067407
7  10 2048318799
14  15 2034036010
0  12 2001190353
17  19 402175339
4  7 1351102085
7  18 1297133446
10  0 1550588833
17  19 1216585779
17  3 843705075
0  1 1815117309
8  16 517278036
8  11 215924208
15  0 1670272044
3  14 1627055031
13  0 742450552
11  14 896756236
6  12 60931754
9  2 81040990
7  0 2057549182
4  15 947531003
14  10 950795381
7  10 1643309198
1  13 640345881
16  5 347827309
4  7 597631472
11  8 90786949
17  12 1991876685
3  6 371744972
15  14 1686811918
4  16 273724954
18  5 1040872499
15  18 1005463494
19  5 1244870784
13  3 263926859
7  6 1020847646
1  15 1447992366
14  16 515825187
17  11 65602849
13  4 1424440688
9  8 965165874
19  1 841663758
3  15 1432388570
12  18 1084919471
8  19 1574173133
11  2 1502361130
16  6 405611573
13  14 40536292
7  10 1593254332
