200 20 9 15
15  8 603736485
18  19 1054676821
2  8 1022754908
11  2 1947489126
14  1 1661585068
14  7 1918915639
2  5 591672436
16  6 823131973
1  16 2102812119
8  5 1450494315
5  0 1250470991
5  3 2132105883
0  19 1232601671
9  15 164706939
13  14 1844940439
13  5 1640521807
18  7 1570935732
6  1 2132587472
10  14 869710652
17  11 374753580
11  0 671753676
16  5 835204559
19  6 1410910541
18  5 1896080476
15  14 1781392342
8  4 90888281
14  16 1888509846
7  17 1845256
13  6 1049946666
9  16 1042002509
12  10 2058784034
9  4 1713934826
17  2 1536204672
11  3 31810651
9  11 74677277
17  6 1837035641
17  7 1487753686
8  14 265300024
10  13 1501206115
5  15 545121984
0  12 891863029
16  9 1443287456
9  8 1337327872
6  10 387603948
10  1 1984831105
17  9 1415551692
1  5 540772438
1  2 667667001
17  2 789015171
9  6 1983878369
1  2 1456112547
1  5 1295374444
9  7 408689159
2  12 337433149
0  14 152200359
7  2 1853076596
3  6 1851715475
0  19 766904337
18  6 477979991
4  14 865511016
7  10 454534326
17  1 669780780
6  3 650826711
4  11 231834355
13  10 185535518
9  8 1146824602
16  4 372195621
0  15 1012050739
19  6 83762552
3  11 605027205
9  18 1780486213
0  11 1572280793
19  12 913671659
14  6 1551080500
10  14 1732783885
11  14 909093662
3  1 1008907539
8  14 1106941586
9  3 1779080623
19  9 2134493741
8  7 1005691512
5  4 194092438
9  0 803893187
18  11 482012024
2  5 1361999121
3  15 1897702093
3  12 1092633923
8  5 1063109899
16  18 809954171
14  11 1721324427
5  10 592842091
3  13 1262742287
10  6 1475864165
6  14 56539846
0  16 1951456309
8  19 1993310644
8  9 502362919
6  17 466570058
0  13 2121981583
5  15 416709468
7  5 1680421888
6  7 1155845277
8  2 337440566
2  17 1696234489
14  3 688092709
10  2 643116146
14  0 702784718
14  19 536608867
1  12 1887872451
16  15 1332296963
18  3 610505307
13  5 283162227
4  18 451419081
12  3 2059291662
13  2 955281278
10  18 617818264
13  8 209910402
6  19 1388953356
11  19 1049650667
14  10 1764093770
2  1 1627312076
15  9 1891607209
16  2 944807851
0  17 348490330
19  16 237686165
15  2 1801098843
14  13 1671842028
7  8 800567400
3  7 2100524191
8  17 1331554440
1  18 1321241667
7  0 1720023468
0  5 1188309078
4  7 1945063775
12  0 1862542234
4  19 662482191
2  19 791784229
6  17 1196078300
14  7 640495268
16  8 1410027649
7  0 1939699034
3  0 1206451994
8  14 2132284594
4  7 1299715266
13  14 1193608393
11  4 656159362
18  15 474192321
16  2 1255914861
10  16 640337433
12  8 765587052
5  16 1472325423
10  1 1446027263
0  10 450771879
5  10 1885967065
4  3 1480757025
13  3 1618838954
8  10 1846174450
18  10 629154413
15  3 211824649
14  0 445051199
16  14 1076603771
17  7 1075633838
11  2 681123418
7  18 1242435794
0  1 1897976595
3  18 1266353893
14  0 1068296404
15  6 1757790971
4  2 2093030929
17  1 583325350
19  1 1494799045
19  18 504641360
3  14 928079477
17  3 54188737
19  2 1609052114
0  2 1783997309
19  12 676632210
15  16 2014158004
4  1 1093181059
19  3 1278053901
17  3 2017276239
17  3 757459746
13  2 771675301
17  8 230484154
18  19 603157469
8  2 1791878020
10  13 1310856094
13  10 1632824209
12  2 693380101
3  7 1705273683
17  15 1907877627
11  15 2118118969
19  7 1922040943
4  14 306384578
15  11 355500301
0  19 1225009615
2  14 2101310613
1  13 548689552
13  2 359734768
19  18 1191797994
