200 20 12 14
9  18 1048458297
12  11 1626692047
17  14 1534378086
3  12 1330680481
9  4 627195607
9  2 745030400
11  15 485838071
17  3 631120557
12  2 1142510305
3  4 403693252
3  17 1513036640
11  17 408731901
17  19 2087986019
7  0 1268483426
13  15 159756369
0  6 984559599
18  19 2009544517
15  10 1852122242
7  17 746558414
5  15 2059090304
16  3 1929280325
16  12 363982269
12  19 1174903579
18  0 593889448
13  9 296355712
6  13 2001154197
4  1 1236229797
1  17 206911822
15  12 644113337
7  10 1099481716
2  0 1402134870
9  4 1127847463
1  9 1851510749
8  17 1111097482
4  10 1694618213
2  10 1326957968
12  19 102618136
12  3 2139895451
11  5 775795120
12  16 739231547
11  12 1326815690
2  9 611055082
5  10 49944624
9  18 1695581721
0  17 1378406921
13  6 1971859370
7  18 997937346
19  12 1497868758
8  7 1372841393
4  10 1864201153
16  15 1821048340
5  12 1226713078
19  18 1188695536
4  8 1088208319
2  1 2079523982
2  16 806156309
10  2 1584364903
18  13 1111995694
15  14 736796958
10  7 878443402
15  0 1762095251
5  14 1134724319
14  17 1613509550
4  14 753612261
9  18 991672394
7  2 1009723070
1  3 1601654879
16  6 1583391730
10  7 284249254
19  5 1834910670
16  17 496097306
18  6 487065816
3  6 1497875759
8  0 732593392
4  2 1238387121
12  7 803041629
15  4 1157054723
8  4 555414499
5  15 229050594
13  8 783429621
14  0 112463998
1  0 1887253453
2  14 1620640181
8  7 1113004978
4  18 1835436723
15  11 100145791
17  14 1737609828
1  7 1653843620
14  12 1223222115
9  14 908614422
1  13 569763413
13  15 180927600
13  4 921838626
19  1 159513909
12  14 2036910454
17  5 1021674226
3  16 1493340182
11  17 1850271681
15  19 1202701049
9  7 2109745205
2  18 1224290935
14  19 1734825109
10  3 203169127
15  18 36703923
13  18 1893284120
1  18 510481561
19  11 2112663243
8  6 1405724776
4  16 1140328577
15  5 1601472867
13  19 996027897
11  1 212167151
0  3 302474960
14  11 979277641
1  6 162770392
8  19 916295068
4  10 1688665600
14  4 860856298
8  11 1160897598
11  14 1387245553
6  9 1378095821
8  14 177620355
14  19 1356528070
3  5 1242941869
10  12 1487832283
11  6 220648831
8  0 362824075
7  14 148294165
10  16 1656235312
12  17 894731730
10  1 447779282
8  1 2141738878
10  1 510911104
9  6 635641049
6  5 1133459387
16  7 46195319
9  16 619757201
7  18 997492217
9  3 2142643995
8  2 705501352
16  18 801574753
17  19 745719667
0  14 1358076459
15  12 373032938
17  13 448196737
13  9 1710305122
16  3 840417694
9  17 1851035807
1  16 856259601
3  7 623235086
11  9 1368521783
7  19 247977266
5  7 1531618544
8  12 408085185
4  2 1241799692
5  2 1293984425
11  5 789263428
6  1 1025975164
16  2 380640916
16  12 221840866
11  9 1631551225
18  9 1281149289
10  14 893006864
4  2 392186724
7  10 849486751
17  9 414887976
5  6 939652984
16  14 823454851
6  7 255219578
9  13 2090570715
19  18 1470741717
14  11 1292335313
0  10 204623674
19  13 1202140666
6  4 1133212717
6  13 812122158
13  1 1966333471
13  18 1330634534
1  5 1133701557
3  8 2120848974
1  15 617760969
9  4 373783400
10  11 2119465488
2  19 721117082
3  16 438529318
17  15 1456817724
6  2 787977556
14  6 406219408
1  16 352081285
13  19 719612510
10  13 1639473793
13  4 400183992
2  1 1137973595
16  0 872452604
4  3 1136089728
1  13 1207753671
17  11 2090456701
5  4 1859527992
9  4 1104547290
10  19 839692005
