200 20 6 15
2  19 956107415
8  9 2137839042
2  18 1854731712
18  14 1710031564
17  10 1221418061
13  5 1966182872
7  12 684839313
7  11 1288901478
3  15 1095785228
17  10 1471614585
1  11 1871018940
11  18 236581539
9  5 1782861890
14  18 927507087
19  5 1259374781
11  14 239200395
1  2 1127390658
16  3 636419788
0  14 336842663
16  4 2025629116
6  9 1161584992
10  14 234195902
15  3 1387950907
7  3 2059770274
16  15 869256885
6  18 857942850
1  8 392641506
17  4 888579865
10  7 313776479
12  10 1035880350
16  5 1060533323
16  18 625422362
13  15 1312800806
19  1 1925867245
6  18 1747941504
3  0 1332190114
9  14 1906433894
14  16 446450302
9  14 1326951553
6  9 301117305
17  11 1254158829
11  15 1861919708
7  19 1887631422
10  16 1358173613
18  4 98220723
9  11 1366878813
5  13 1615957035
1  11 2143281052
18  16 747792600
17  14 2000202028
2  8 1063896659
10  8 863651436
13  7 1908936929
4  1 1022893554
1  5 1925419469
8  7 1025166077
12  0 1324555598
12  2 709447760
1  0 1874974695
5  13 160112014
13  10 669118753
18  3 55182513
7  5 1437109242
13  1 2022239830
19  5 196728716
16  0 1820670132
16  7 234789082
11  7 2002275979
1  16 2119446183
15  7 1171466886
13  8 174349688
1  5 1663790744
5  15 184552947
4  3 781527054
7  5 1515597124
3  4 568726379
0  13 1909236523
11  7 1673232712
12  9 1356983438
3  1 1163955950
17  19 6065425
18  15 1525008938
0  5 433425432
6  4 495840264
11  6 2050575850
4  13 224617800
1  4 1906464175
9  2 616442251
15  17 1063464892
7  13 173777021
4  12 2012995500
16  1 1287066911
19  14 225950799
8  14 836795716
10  17 1644205888
3  8 1637295153
6  19 311276227
3  14 212584831
15  16 789301180
8  14 230197475
15  3 981887833
7  3 1392520295
7  9 356985790
10  8 588831364
18  17 2091842309
10  4 700266809
16  1 154072892
1  11 631073642
14  3 1668580496
3  16 415916065
11  16 1885743176
4  9 1821774316
16  19 57047679
16  6 846941856
8  0 1320939874
2  5 576533755
9  5 297011508
13  12 1750223217
11  2 563413940
7  15 1924397688
5  9 1805754188
18  14 14533458
7  5 883636018
2  7 224882568
11  10 1862135066
10  17 841112221
11  1 605589075
16  14 123784032
3  13 98072146
12  17 21870560
19  6 1659295479
2  18 1657355121
7  0 463374622
9  15 1211008153
1  15 1457193402
2  12 2015215269
18  5 1766343546
11  14 1393892170
0  7 1208313687
6  7 1876401098
11  18 819218314
1  15 2021260537
6  12 507863001
13  0 502423418
13  17 1623368296
0  11 572044469
18  7 992337687
14  19 1286959344
17  14 718459130
3  12 1837948113
3  9 1063175828
19  0 920991806
9  14 1494644564
19  8 1275030064
14  17 1008112882
8  12 2065162142
11  0 482814627
7  13 1087459709
1  6 1695890224
12  2 2105341272
8  10 1207264156
13  2 629557946
7  12 141753130
8  3 772538252
18  14 1060015762
9  3 332920064
15  4 1697372141
8  11 1988112026
2  18 1631563522
12  10 995494145
15  19 1179728905
10  17 594858775
7  9 143514089
8  14 582508028
9  15 1590256776
1  17 1291068277
5  8 1288091802
12  10 1202503714
15  19 422208499
19  17 2046800601
1  14 321318826
14  6 60226327
4  7 1811877378
18  15 326977600
0  12 838727416
9  16 1600137242
18  13 624108944
5  2 945659181
16  12 950255124
14  11 1082032863
18  17 238442317
13  10 1990342665
10  19 250249691
17  1 1943950363
15  3 462453205
13  8 2110288677
9  8 219647604
13  10 1496535326
4  8 553598573
11  7 2081067464
