200 20 15 13
5  8 907018096
4  16 321265529
9  11 153290107
15  13 2107450800
15  7 1192745012
18  7 563492995
8  7 487854849
19  16 687071098
15  11 2048658344
7  6 1369527444
4  5 323821291
19  7 1473911403
8  17 675056342
10  8 940123441
17  9 1424876659
4  0 1226842443
2  3 1690661169
18  13 938625284
18  8 171999614
4  15 281217216
3  1 2119637304
19  1 1919779726
18  6 2087067466
12  3 579822544
12  0 1141692934
17  3 1772403338
2  4 1871474989
16  13 2114710031
0  16 25884588
10  5 1209301770
12  18 809350451
13  3 1719333883
17  7 463112445
12  14 1370138928
10  19 1792701175
14  15 1324621810
18  17 503577818
9  5 325552599
3  5 513707405
11  3 315650821
3  5 131324737
12  3 734027384
11  3 937747167
10  6 1579447572
0  5 2013211801
14  19 562091720
19  12 1172396408
17  7 1966253891
15  5 280511592
19  4 2066001817
17  13 100268840
7  15 1681654779
17  19 854639052
5  8 154172352
11  1 1985291235
1  7 686641252
12  18 910272106
11  15 1362167148
1  11 813836477
5  4 840788597
6  13 393887888
16  15 823905183
12  9 2069981843
6  7 836213625
16  6 804026051
6  10 829978729
15  13 1137695405
13  4 772475293
18  12 1514018027
5  19 2087613657
1  13 1123793520
9  3 1485359616
4  3 208401113
14  4 883174354
13  14 498063419
2  13 1156854383
5  17 1035418274
7  18 1545762426
6  1 350407537
17  3 2057345178
16  0 355711087
17  14 2076130399
11  13 637251448
10  2 1351894776
14  17 357990512
12  10 1579041028
3  8 422647273
0  17 780027069
10  16 2065436266
14  12 1069567765
11  19 1182041624
18  9 1236260370
3  1 1915529058
3  13 1726645107
1  9 1236669925
18  16 352611014
10  5 1468867544
0  8 1397465780
8  3 1474717867
6  18 1199888865
16  18 1819389929
16  7 1267341101
14  10 303764502
2  7 267610621
5  11 908132504
6  3 1314819687
11  3 1611753981
15  18 887905060
19  9 880233890
3  17 797475121
10  17 90373882
1  10 534580561
19  7 2023194202
17  13 776027807
9  17 820336532
19  16 1378645312
12  1 2114081068
14  18 657105053
3  13 1907703090
17  12 1142333930
17  9 49267981
10  6 382442954
0  1 2100690441
6  17 1029326646
5  3 1322827977
1  18 551081010
18  14 523007861
7  15 1321078328
16  1 16156701
16  17 1013254629
5  2 1354779296
1  11 1236239462
3  18 73422535
2  13 1803360066
8  9 2041104992
16  5 1274598083
10  5 1358936366
2  14 15248168
13  7 1956971334
11  18 931858807
7  15 1355462111
13  15 952668462
0  9 1264376369
10  0 943853926
19  0 1083890067
13  12 1165634232
8  9 1515850499
16  19 1994683630
0  19 1716114508
7  19 1926637085
3  19 1039703207
16  1 1465395545
18  17 193310273
7  5 1653772005
15  10 1874937986
15  10 1787680034
15  1 1475681715
3  8 1450399236
8  18 427424707
5  13 2002601477
0  17 2057961407
0  11 33512492
18  6 1130854891
1  16 757045573
6  0 191325774
18  12 361707236
4  13 12967811
16  13 1854114961
11  2 1197971719
3  16 1294321514
15  11 1989339523
10  17 348936077
6  17 671168444
9  7 1014246616
7  1 1266592073
15  19 1624468789
19  18 1584709048
8  12 1511073511
8  0 1152429863
10  0 529494627
16  5 173877511
5  8 1292962537
13  14 1240290321
15  17 150089501
3  0 1984738841
16  2 1693558644
19  13 1686015309
15  6 684636916
11  2 1547212203
13  4 1506240591
16  3 262770995
19  4 98623328
18  14 1014918228
11  15 1380049324
18  3 103148319
4  1 360724522
17  9 1961594592
10  13 1380365274
18  19 702903444
17  13 661359473
