200 20 6 13
14  1 745195159
14  18 2144239570
13  16 613156404
15  7 511832587
6  8 1993361541
13  19 1998870057
15  10 1924572129
12  5 1367220892
7  10 1989180408
12  0 547944053
16  0 94965669
8  10 1897061649
16  8 849750334
17  0 712628140
9  3 47229970
3  8 1050580516
1  5 368502647
17  7 201546360
3  7 704900743
18  0 1095588706
8  3 1535994323
9  3 1422132214
0  13 1323712427
19  5 445223476
15  10 1644655414
6  10 181345005
6  18 625797760
8  4 470362501
17  4 923785358
4  18 1157291583
0  5 1890987877
18  16 146922013
9  2 1114055316
6  13 1270695021
13  19 174627161
2  5 49227462
8  1 116441242
18  15 1855301931
12  15 490721323
2  8 1711464294
19  6 2079721502
6  13 1824023747
10  3 1732591507
10  4 988627307
11  15 113912055
16  7 1401493535
4  9 899760219
18  10 681217792
8  11 1398851565
0  12 1043764372
9  5 759090820
15  16 1270045920
19  18 10802346
8  4 550719215
1  16 707442342
6  3 1334643593
7  15 1095101886
6  7 930362254
3  16 257394643
5  10 1919544165
14  9 1133433680
12  8 1692028137
15  18 841882832
4  19 2049864930
19  16 788149552
12  15 546408713
14  6 49299799
9  8 2050956500
18  2 737240090
13  9 601830094
12  13 791133440
6  7 749907633
10  13 1104856893
14  18 1175683033
12  10 627759140
13  3 118318021
7  13 1808433109
4  10 2009662525
15  3 1406756785
6  15 1821753940
18  9 1085214858
12  2 53688487
4  3 13637304
11  15 1842188427
8  11 838720135
9  10 552694867
19  1 928213447
8  6 326065553
15  2 545897012
17  5 1052796713
14  13 109609688
8  3 326698841
3  4 1227412089
16  15 1966907845
11  17 1742378666
17  10 472647370
17  5 1567917020
10  6 1803770957
6  16 1230357136
12  3 1886995340
12  6 1746791114
0  13 1802009342
0  4 685250037
9  19 652876077
11  7 1101538397
4  10 1429883060
11  8 256535263
7  17 902037785
10  18 741260547
1  4 904054222
13  16 259197617
18  10 631938857
18  2 670980697
6  16 1653998263
4  15 2107950443
6  10 1929893538
0  7 1482349536
16  18 617950295
11  7 759594895
8  15 340335004
11  0 47063908
1  16 1580422092
17  14 1049097875
15  14 242370687
16  4 346115453
6  4 1025226774
1  15 207510342
9  17 512205210
12  0 632614264
4  1 864589509
2  17 932956309
10  18 832497026
11  0 1985308535
8  6 1529480034
11  4 1767206988
2  1 614711502
7  6 1217080010
1  3 2116474858
1  19 1508397155
11  16 838264087
9  15 830383564
0  5 1761777723
8  15 374088378
14  19 545209140
15  6 242858944
9  12 1606562946
6  3 1819737506
9  7 1727896608
15  17 1125547432
19  2 2014922472
17  16 445535810
8  2 1797876806
0  1 1229720514
7  12 1305806108
12  1 1332843826
15  10 32138783
10  1 786555487
8  18 2127099678
2  4 1627439764
5  16 1945593453
2  10 2098454700
7  17 565855294
10  5 1584131355
2  3 2029188459
16  14 1454970417
8  15 1549588226
3  0 312391956
6  3 866548222
18  6 622320524
9  4 62943520
8  16 522352902
9  4 603338895
17  4 1878433969
4  5 1758862344
5  0 173597809
0  7 2130988284
9  4 1931970272
8  16 696333156
13  8 446631737
18  19 1356860433
1  2 1502073342
19  4 1850852590
10  0 1031636158
14  1 1909460802
7  3 1211993610
1  5 816378317
17  9 119476148
18  0 621506388
18  13 1849511150
10  9 1359902581
11  3 1176512384
16  10 2062689032
7  11 2127171649
16  6 1385786600
10  12 199024058
9  10 1510838741
11  6 1447103099
2  3 179791242
3  11 355578444
14  19 391447802
