200 20 14 12
10  13 668818553
1  2 2031504426
7  4 1932972146
10  3 1016455939
3  0 1304628004
14  19 2027668279
16  18 1745625068
1  11 976234095
10  3 2102092596
7  13 443252999
15  19 171225781
19  17 186035148
17  19 715098856
6  11 24370259
19  4 812800177
11  19 1501570602
5  9 1184487551
13  17 241348626
13  16 1072312659
4  13 362105156
0  13 1382957283
16  1 1813298422
15  19 546294557
9  2 2131400014
19  16 103332357
6  11 602598626
10  18 88477055
7  2 1142148727
17  12 1020912530
16  2 848380418
16  13 1939573803
17  5 1309367045
3  0 411443527
8  16 1939612988
4  12 615499818
17  16 1792484212
16  10 2064840772
8  11 287273944
2  3 1587442244
10  13 1994176544
12  9 1587861148
5  13 664312440
6  4 1471093381
13  19 1693920512
6  5 633079386
6  16 964385008
10  12 1158034234
3  19 577917444
1  12 1312722365
3  15 1799336342
14  2 71152174
8  9 719431510
11  4 534481565
13  1 172196490
3  6 49476195
11  19 2074985047
0  18 2063744435
13  5 526007553
13  12 801781202
3  1 255427930
5  8 300563676
4  11 280951455
15  16 1819164713
1  10 1005654411
11  5 1329741902
4  15 1753932439
2  14 196592064
9  12 1918778551
11  7 286396636
10  17 951898354
7  18 2081208998
6  17 2050756376
2  12 409767414
18  19 1803312193
9  5 734556472
8  5 1577817731
17  12 635024904
1  6 802681819
16  7 2021182829
6  11 60681608
18  3 735630187
16  3 353544095
2  15 2013714940
18  4 693761958
18  3 1252933171
12  2 183237784
16  5 117627002
4  1 582617467
11  14 1549340496
11  10 428054825
14  1 1182235200
11  18 141151836
7  19 1072864465
19  10 992133153
5  14 1690099924
7  6 1355626146
11  18 919892389
17  4 1196241827
2  7 130157686
15  19 604895544
7  16 2099649575
16  19 295987421
10  12 471585047
12  1 1980463392
13  19 527036716
17  8 1396521564
4  15 1767717864
11  13 52975929
2  18 166420024
16  6 2081609292
8  15 591201915
18  19 2056689261
8  14 929403964
9  1 1772139528
12  13 456559698
16  1 1971464979
1  19 2066893554
11  9 855558675
4  2 797487948
16  14 1729275311
0  2 863297538
3  17 239000955
18  6 953697907
15  17 1002452641
2  0 616561186
10  13 1824280792
11  16 618303857
2  9 1783758477
5  1 147720408
18  9 1209730773
14  11 1399201096
12  15 2129269031
6  19 734940034
15  2 2082359346
3  13 1709101034
0  18 1195609835
13  8 1947570627
17  1 15326989
6  15 1455336215
6  16 1038700090
3  13 332209288
2  8 1279282556
15  11 1527545117
1  11 149221975
9  0 878323546
1  16 1976983398
6  11 1146837419
5  18 1905558968
17  10 936467673
12  19 85939234
14  18 529574658
13  12 424807719
4  1 766480402
3  13 2130848255
6  18 1157096066
9  18 529369286
7  13 983660340
18  8 193711710
15  17 328195781
8  1 221720189
11  17 2091647488
15  10 831678128
16  19 953194221
4  7 2096802513
12  10 1896089922
14  9 1357850059
7  2 408915287
2  1 220590496
3  10 1667667732
10  11 444944077
15  14 75583163
1  14 1995514004
14  19 1986034849
5  8 836521664
10  6 511898706
18  19 443342305
17  15 522327804
2  1 1904557907
6  4 864979911
19  17 1092993268
6  13 438932228
2  16 1365432043
8  0 1722784814
11  16 1803133313
16  3 1800014780
9  1 1339324931
3  15 769174625
4  9 1326498790
16  17 669274897
2  19 590692372
16  4 110320133
12  13 134173583
12  17 2017041107
6  18 712023648
0  10 1556993863
13  1 622454194
15  18 181059740
15  18 2125192287
17  9 202340359
7  5 1591152611
