200 20 18 5
15  2 1871766612
15  13 1841098072
8  6 277309368
11  5 718716926
14  9 1557737692
13  5 1927571395
5  12 738372401
1  11 1557643393
9  12 1171173579
14  12 1041629712
18  16 695392741
8  11 813090955
2  7 88054446
16  6 666918594
4  10 786424907
5  14 1126950790
0  6 1585879417
5  1 1290622450
16  15 945189531
18  5 657801293
4  10 1356004379
3  19 585690082
6  3 2087768753
1  4 1300743875
10  19 1795570686
10  5 1951765977
11  19 650128648
15  11 279593612
18  0 165206257
10  0 409575926
7  8 429008024
9  13 1223141183
2  18 1881640152
7  5 1215373382
14  13 798997622
17  0 364797384
1  14 110887169
11  2 393721079
5  7 543083089
13  12 1615371580
0  12 256237775
12  1 1308492784
0  10 385315469
18  14 837915127
9  14 2087103316
17  2 1505760172
18  15 208544368
12  19 2145717532
17  6 1260991941
0  12 1643124961
12  15 371921851
4  7 651325075
14  18 1537639704
14  19 248541138
14  18 650396843
18  10 371934283
18  17 859135806
13  2 1449759894
13  5 1602934196
8  17 1801930988
2  17 2081297275
13  8 1895538580
11  15 1212679394
16  19 1247469278
15  8 4601753
10  3 122004832
18  12 1865895984
1  17 1600396374
6  7 76668155
17  5 842521045
8  12 1638627474
15  13 1744414355
6  11 1357415841
4  12 1653636271
13  0 1374911215
16  13 1674670721
3  6 1074071563
4  2 1660578460
19  8 648389285
2  17 598933783
3  9 1743084832
19  13 1833249560
0  2 237038924
6  17 480463343
8  15 754086200
15  14 825769335
10  12 883218465
6  3 481524966
9  11 1298205450
15  19 436412672
18  11 618936205
11  2 1805436158
16  14 931192318
17  11 443444920
13  15 1981467132
13  3 1680815338
19  13 1185326720
4  0 190810065
4  11 454383870
12  2 1495213769
15  4 734234243
8  4 2143908369
14  16 1826658316
11  5 652785019
11  13 1550977393
7  19 530529767
7  0 684463522
16  18 184048604
16  2 454154194
11  0 4490245
2  3 1708622856
7  17 1066451049
12  4 984653890
12  7 1389059652
13  0 277973397
19  17 1113599880
18  5 367020576
4  14 74207791
2  16 507984665
19  8 1429961312
0  13 1249883174
4  15 1387160441
19  1 2141760302
14  17 86825879
0  18 1880560892
15  0 1683966341
7  8 1129220762
0  11 14855345
2  8 410865769
12  14 2034436661
16  10 545781297
6  16 770545153
16  17 796167699
8  1 1641605202
15  6 1477471709
17  10 118911061
12  6 1973384622
1  19 1159537313
14  9 284676873
8  15 447153064
19  12 611919291
8  4 87878363
5  15 2115556726
1  4 3018618
5  14 925914319
11  5 498216180
19  16 480698436
10  16 1539850826
2  17 1249081710
16  18 907597124
2  7 429747671
13  14 558328214
5  15 1718392754
14  3 768328350
15  10 964968199
18  6 975601077
13  6 2056116749
13  18 609363765
10  18 673347823
10  11 727858359
17  14 1184842523
16  1 1510930619
5  16 921060242
3  14 575052671
14  8 2120703956
14  7 1612055825
10  2 1526840585
2  11 753500945
4  17 1212992011
7  0 65196653
9  19 1493831459
12  0 606942951
16  19 1446898156
9  2 235480994
0  8 211692410
15  14 385563420
7  0 955644728
16  7 1484546173
4  7 1768148042
12  19 1628667171
19  7 313727990
12  5 2112877224
2  1 1979053348
3  10 1176519923
15  10 209265089
9  3 462275009
6  3 243214851
19  14 2111840644
16  0 1357428823
0  17 75994041
12  5 885371675
12  10 1060176452
11  16 702656209
16  17 1441149620
12  2 1121140794
3  12 453239111
17  2 1080853228
8  7 53218676
11  0 32503527
10  17 1096804332
