200 20 7 14
12  0 2114406736
17  6 387300491
4  7 1761942356
7  5 1298535137
13  3 1408797739
1  16 1499597644
12  6 1358298739
1  2 924001293
6  8 1083909283
13  10 117603389
5  16 523932808
7  17 345149411
12  0 1959638685
7  13 146324544
11  17 1261512149
13  10 414006476
14  10 1188600960
12  10 1401116830
0  17 409195318
1  6 639526023
13  3 241781739
10  13 1992405949
13  19 1057925925
9  11 1622422908
11  3 1005321784
3  10 1049067927
12  8 1811531890
19  2 2060103746
11  2 2120038703
19  13 544655532
7  5 758595012
19  11 464082804
8  16 1772725072
6  13 1080657947
17  12 1552446190
9  0 1296274072
6  0 129544330
0  1 1290479481
8  9 1598005112
16  11 548529758
8  14 561759359
7  9 252537908
6  2 1039465840
3  17 253013086
3  2 333386328
6  15 1755160828
0  2 1597454614
9  17 1164529775
7  16 1871855868
17  7 1817973657
7  15 1059196004
0  9 1521309994
10  17 780652106
12  8 231468753
13  6 1155148065
16  2 894940864
14  9 1105405815
18  5 1728788002
12  0 1499344493
15  5 678750836
5  7 1944027133
0  16 1963162424
1  2 52968280
7  16 87922159
9  10 1321803450
11  4 1879527013
8  3 881330133
8  0 1498244632
0  19 1114520019
16  18 1892194532
12  17 151457978
19  16 1592903159
8  9 2123653631
14  11 1145235101
10  15 292066880
13  0 1438292565
6  2 2125161457
6  2 1304197709
11  18 1544085718
19  18 42684903
1  15 1712392834
6  17 1516821798
5  9 1655989972
2  1 832422013
12  13 2036136628
8  4 54505494
2  10 797620109
10  15 315151522
14  1 500614721
8  11 1018665641
10  13 1604581416
14  4 2081233403
13  10 674582210
17  3 941624176
4  11 1136499151
19  18 1483718515
9  14 2065432169
3  5 361309084
18  6 2010111051
13  15 215019310
13  8 280528707
3  4 188848976
8  18 1766616528
5  16 1469699621
8  12 515645154
11  14 824847718
19  7 1826091196
5  7 1511846165
7  17 151007827
4  19 2049192600
1  18 737015630
14  0 40418010
13  1 1337402865
14  16 543298516
10  18 1166986158
2  12 328521175
0  14 277344465
2  4 1469709605
3  12 345664659
3  15 1088687663
10  13 294622551
9  12 1492948002
2  6 701559012
6  14 433933403
12  0 1899363901
18  8 970962762
17  6 81663498
7  0 304281154
11  18 720136388
8  14 23143104
2  1 419013969
11  5 77849410
10  18 352003831
3  15 1466339343
15  10 1058285089
12  17 689528151
16  13 1940793465
3  17 1155125822
15  3 734138740
3  4 1596296609
9  7 100775113
4  17 1398290277
0  16 618780987
8  6 1922468759
7  11 856925058
1  11 1662278291
15  6 586972674
4  15 1956092378
16  17 1452077755
0  2 506209749
10  6 258827646
4  0 973255222
6  11 635121277
2  9 1381773175
10  8 1985177379
13  7 859337861
18  7 626112665
5  13 89305538
4  1 1468247503
9  14 606298774
7  15 1398012883
9  12 2034454640
2  7 1445510261
6  17 1878915981
3  8 749326605
7  14 245806716
4  5 1341795749
16  13 1826634326
15  2 1902918995
10  4 1105099189
12  8 1988465247
13  9 971787588
18  11 1504529608
17  15 266288212
14  3 924221427
3  17 1594305497
1  5 453954654
1  11 464501286
10  17 1212601815
4  7 886334965
10  3 1090242653
4  6 834605075
6  17 556789499
6  1 1050622204
18  15 855237350
10  17 2041767753
17  18 1524243152
6  11 1245438167
15  19 1427860568
4  8 722867529
15  3 2064832364
1  13 717799859
10  13 625864262
7  19 1941561610
3  8 1744020282
16  5 96152461
12  10 1387952608
9  3 398033243
2  8 1820748729
17  7 1024898341
