200 20 13 4
7  9 1779249631
15  16 1593441772
17  15 1638856269
10  15 428555560
8  14 805086290
9  8 245852482
12  9 666224729
10  13 664673993
12  13 624134387
17  12 1773334396
2  10 1573001157
8  14 1708409598
14  3 988556711
9  5 1095922001
2  18 1433017177
10  4 1759527348
4  2 125799280
15  18 1935003479
0  13 755410786
6  18 1828607736
15  8 1756180683
1  18 2045910050
13  12 732871013
15  6 1069217516
8  9 1404864982
11  10 730992481
4  9 850362639
15  12 1463292743
19  1 1092307074
18  10 1860398118
14  3 1261657133
5  3 741645579
8  12 1371794274
13  14 1674385700
6  4 1796137557
3  11 2113847482
5  1 959400746
4  15 1697477940
13  14 1658577426
7  2 625226833
12  7 520161525
7  14 1303328625
4  5 280597129
6  13 208214237
5  17 79824358
16  11 2069444384
2  10 763377282
17  15 1547687222
0  3 154727550
7  14 366481314
2  15 2006588512
16  19 1275872815
9  19 1128555230
19  1 1654095977
0  16 1622527640
5  10 200401294
4  2 1809468906
1  2 1363338568
13  9 893892890
6  8 854791123
2  9 434341127
3  17 2070411361
9  18 134959853
4  8 1966704027
19  3 1283392019
11  10 80186746
16  18 81799129
2  14 1366486235
7  9 14769385
7  14 1092906510
9  8 2024070423
12  2 1891036834
7  12 8584556
19  14 669047626
14  17 1994261861
2  17 2025264711
19  3 276931157
9  0 730025678
12  13 837809148
12  9 1959972822
8  10 564699775
1  4 2072958858
7  5 187593784
14  4 1032362247
4  14 841784711
16  19 484997167
16  19 1734382142
1  14 1383521120
5  17 918016997
7  3 982788614
7  5 228674984
15  6 1957887598
8  13 1131370403
10  1 574873741
14  4 126268187
17  3 1457299785
18  2 671189512
8  5 1674645375
9  15 2139813377
14  12 709201467
17  8 280522088
15  9 1589692886
12  13 1762147296
0  16 1764917934
13  15 471009538
5  18 837882970
6  1 375962995
19  8 899798187
15  9 170261995
8  1 1583324185
1  15 612423201
19  13 120237418
5  8 292394071
1  19 1009731876
3  18 193370977
11  2 939169508
0  3 1353753915
1  7 883866903
3  6 903825265
6  9 2101523095
18  13 664920559
14  2 592355924
16  4 383348427
11  15 1765452920
1  16 1149539463
1  6 653153285
10  9 1915311564
16  1 1958838835
0  10 89151871
19  10 1874547001
17  16 1059509839
13  1 47080233
11  4 1210877778
11  19 1616365964
15  10 2086120659
4  8 1085146592
15  5 1711526805
8  16 179866647
17  10 840248111
4  7 702740226
7  14 1115712954
11  17 1731243156
8  2 860132805
8  15 2136863922
14  9 484829211
10  14 34735865
4  10 148710920
5  4 238685103
8  17 197076278
13  10 2022331042
17  18 53292593
5  8 758062004
7  8 881516663
18  1 254107799
18  0 398910906
12  14 2001092485
1  2 2082898081
9  13 647253955
9  10 982865220
7  9 950131564
2  15 1604818779
4  12 2140387336
17  1 303237905
17  0 1765681231
18  6 1620656988
2  10 1656420305
8  12 792184217
12  16 1486088078
3  17 550984870
12  15 1154920079
6  14 1342679703
1  6 389647374
8  12 411641370
16  5 1871537850
18  12 523182488
2  17 1218560939
0  12 1771407587
7  19 403128990
18  4 73709039
6  18 2132228603
5  2 577721191
0  16 2108344090
11  1 1492328135
8  17 1268932046
7  13 1415725611
14  11 1833870675
0  16 665439655
2  10 1091250493
17  5 1944793025
3  5 1887297831
9  19 172757484
7  8 1936246163
16  17 924545677
2  6 1567861767
8  14 951285905
2  3 1813508211
15  7 280858216
2  17 673082505
4  11 1939104740
14  12 263339521
