200 20 3 4
5  8 1240961127
8  13 1891670786
7  17 1463341328
11  13 1808751328
1  2 1911825535
17  13 1878814767
17  2 620459535
1  5 765061418
11  12 918370626
9  19 2020318496
3  0 328390459
5  4 1102403300
8  0 206171008
17  6 1487992373
1  15 353156148
8  2 1989409738
10  19 621156384
5  3 2141563570
1  19 1116778524
5  18 1984381072
16  6 1557978463
17  13 1295826831
16  10 769198577
12  4 136313678
12  0 1560332764
3  5 1831030645
6  9 1113064314
4  0 1018947446
4  7 1051938279
6  4 699455544
8  13 1276997945
1  11 1280894690
17  14 1760241569
9  15 550625776
15  12 1393326317
3  1 1235173311
18  4 342761802
2  17 535550318
16  0 1019655528
13  2 566184870
8  1 393281993
15  17 552090763
11  16 1981431301
3  17 741915560
1  13 778818182
1  7 30218161
5  19 1881226345
17  18 116361631
0  5 1721984721
18  6 453542151
14  7 2091156677
4  12 1263125203
1  4 3711810
8  0 808664310
6  0 1844761976
5  9 1708486640
5  8 1254049626
9  6 958124206
9  10 396442048
1  13 1168337479
4  19 711865918
9  17 846486343
7  16 41065909
15  8 823342023
7  12 537714640
14  1 749904264
2  0 1112255803
0  7 1965467183
11  18 1037772727
4  13 1777543068
15  10 240584301
11  17 423735510
16  18 863073228
6  14 1062012253
3  0 1673094810
11  1 1757591320
8  1 1950201190
11  13 1307868732
1  10 83046938
19  15 510440522
0  7 924103834
0  3 2007679567
15  3 1878147337
18  10 439437171
16  12 1770374828
17  8 1627059562
18  7 1568029637
12  10 178329438
19  6 64889392
17  5 1363119831
15  14 1620931498
16  15 1863892014
10  11 938023472
16  11 1878055263
0  4 1014495646
15  1 920509668
15  7 1756542128
19  8 417348723
15  1 905572900
16  12 1380478096
4  0 947616425
7  4 527429208
4  19 1955498709
13  15 1507651255
15  1 788681809
14  6 238866835
6  15 537809890
6  7 1149033817
15  10 9136213
17  18 996128665
14  6 1532206887
4  8 2049059393
7  0 1576307711
19  0 1317790021
0  1 321622034
4  10 516722853
16  10 2663383
4  1 1952886843
11  14 281001079
9  1 426891407
0  7 938617577
13  2 2026155614
14  13 1862524739
9  15 336446406
12  3 1011136728
3  5 1651321512
18  17 1550889940
18  13 283771362
18  10 412316858
7  19 509816604
11  4 1501747248
5  8 428019573
13  0 1752349405
5  6 384916311
6  17 955098789
6  0 1005275612
7  16 1431900700
16  9 1692242865
1  9 455004568
6  3 878598258
13  7 385025036
5  4 1459821196
2  6 1350996002
13  16 527303243
18  8 776630969
14  5 1984316436
4  13 1031298331
18  4 1271081579
13  3 1108598969
16  0 1931636880
13  15 1791477543
6  12 329107631
3  5 1938606700
12  16 462431642
6  14 387767075
0  10 1983758809
17  11 585914731
4  0 647239252
16  1 990639014
1  4 1168208896
9  19 133393503
2  16 1474344873
5  6 1702160659
18  2 1268423268
18  11 86008631
7  14 920474799
0  14 744294423
0  2 59495194
4  15 454185679
2  1 45567780
13  9 1581068459
2  9 2089017436
15  3 264401854
14  16 1215109991
10  12 1026821692
10  13 445795044
15  7 2037098581
8  4 1859270566
7  5 508473292
18  13 2012181172
2  17 1122999246
10  13 175931342
0  11 2055038499
0  1 602558201
9  14 154610390
2  13 1695624234
10  3 91602896
1  0 431164257
1  9 473309233
10  3 1262622160
10  3 1210030047
2  1 1564809786
3  4 1800212020
19  13 1799775990
12  0 1488526156
4  18 1344279152
3  6 1728019412
16  0 774368152
8  13 1572904710
7  12 1769104213
