200 20 4 18
0  4 478886177
10  4 49390634
3  0 1714241112
17  9 1493123792
16  5 872154380
7  18 1057632174
0  18 1198863788
1  5 1543960395
16  10 1465927679
1  19 1928545913
9  6 1581811233
12  1 1372070480
9  4 337476127
12  18 1205536330
2  15 979247325
14  10 311932451
4  5 1566064584
13  7 1627380111
4  7 1036427816
12  3 538024605
14  11 711415112
4  8 764185347
1  8 1957540754
13  0 628711081
7  5 930183786
17  3 377759534
14  19 1250282365
5  12 320381555
16  0 914382800
12  3 2042868892
18  6 427090423
14  17 1880729324
5  10 2083369905
6  19 1444968221
18  14 16183548
11  12 1682626077
0  2 888745498
0  12 1307972230
8  9 1986605073
3  1 1653095481
13  6 14307566
11  18 1167345738
16  12 1964233119
19  10 31358653
8  1 2016289639
3  16 171848978
6  4 1075407956
19  5 2122616902
8  16 1035181601
15  19 2042455165
12  6 1518600124
5  6 1985990202
7  0 806904841
8  17 1943587876
2  16 1358021454
1  2 71489676
6  1 1884121055
15  1 1466232943
5  4 1264703877
12  1 350272897
0  13 903163073
13  6 406318646
9  1 1490565184
10  15 1663632228
4  3 1778584381
13  4 1006528984
9  19 564693459
9  11 351703925
16  17 1283883657
0  3 1546662575
15  6 380722582
9  5 880079536
9  16 1672719684
9  17 1774692181
14  5 1058587728
2  6 1885449011
7  3 1685567605
17  2 2140991603
9  15 702501422
16  11 461234415
15  11 1818710155
4  19 460387138
4  7 131075990
2  12 1666350711
17  18 1842394534
11  8 789811179
3  15 270436604
3  9 66474100
0  15 902688520
16  14 787627390
3  5 1754742115
13  7 233139989
16  17 1520261963
14  10 973084371
6  19 507017948
11  14 1785816425
12  17 1123176478
0  4 1743182404
0  7 860712589
0  18 1607498874
2  5 1027198801
17  0 60481161
19  4 1444164319
15  2 213950473
17  19 1178154399
11  6 1551229671
13  2 2033960138
13  14 1391449867
8  11 1059188971
3  6 1190731870
12  1 1406866694
15  13 1613873721
8  2 151759238
6  0 1231046652
14  3 272787497
16  19 488393325
11  12 353233562
15  12 243185574
18  13 833244375
18  3 2063451805
18  17 568045438
10  11 1335567144
18  8 1897031293
1  15 1876640955
4  15 1348335703
3  12 307230187
6  17 1009471063
3  18 1111531083
9  14 85400050
12  13 1917455161
1  2 993729314
4  14 179568655
17  1 141213731
11  10 1662151579
16  9 1365781110
6  16 819378058
15  0 1996706169
9  17 510139523
8  18 1758849779
1  0 181572822
9  14 85458927
15  4 604756036
14  18 1715052034
2  13 665766742
15  16 1401141958
9  18 1694384953
12  11 1699639211
9  7 220122216
3  17 148219383
2  15 459153673
19  17 798634694
9  10 1742335315
18  11 1722032101
0  11 1311050950
13  5 1722701032
16  1 860890068
2  1 2043637276
16  0 74505130
19  7 971270710
5  0 148062652
10  13 1691014640
9  14 1151809877
10  7 1692743347
19  1 254530336
17  15 784326349
2  3 609862817
18  7 1551282657
5  8 226133821
1  7 799561314
18  8 578250083
16  3 2140469248
7  18 1374372367
2  19 1414866495
6  4 1343149148
0  11 998139776
11  0 595080719
7  12 136865340
14  16 1151439776
19  4 1963956795
9  18 1479030561
3  19 1984797422
14  11 341476178
13  9 272773483
1  8 1731839347
18  5 790063310
0  13 877701929
16  5 1241019829
15  3 1015433477
17  3 507117366
9  16 1793365900
9  8 1588104790
3  1 368523304
18  8 389583251
0  10 1367483165
4  11 843241689
5  15 966819432
16  5 1406555030
9  2 778404166
6  15 494074239
3  2 443327932
