200 20 1 14
12  5 1633277595
11  6 463657387
6  4 432488231
0  19 1315934492
2  5 67182164
7  19 1892127166
10  13 2090339309
6  13 1883716633
11  19 145655170
16  18 1235494617
5  2 320534248
13  16 1799959002
9  11 154411198
19  16 984197005
9  17 1340200536
9  14 1820595742
15  14 446619878
16  18 1477450976
3  5 1863446424
12  0 875136857
0  14 1402313658
15  9 979159081
10  4 112100747
2  10 1904445534
10  7 1098478224
8  7 1140610295
18  17 734270131
9  18 1260774930
19  4 82376295
11  4 867640699
3  9 1238046915
11  19 1728180944
12  2 1818828685
19  10 792954135
14  5 1416212370
5  9 47131997
16  10 879019456
16  12 1541920839
7  2 796818235
2  6 300455137
12  9 1224455391
5  16 979424830
19  18 505242605
19  15 1391500235
14  2 1484641697
7  2 676810158
19  5 491564426
7  3 1665877977
19  3 369847921
18  11 838877953
6  7 828698212
1  8 1633038865
9  15 2082608808
0  8 2060764774
12  2 1520620232
15  18 151225655
16  3 302148262
0  13 910345076
18  12 574127843
7  12 2028220774
0  11 1373433302
3  2 404030592
12  16 1311471552
0  2 575044601
15  19 2064388440
8  6 53285816
19  18 1163537969
16  1 1168075002
1  15 469892503
3  5 907761723
12  6 2079125454
10  18 813739763
10  13 656990832
6  1 346649782
15  0 1232652119
11  3 388202333
12  4 1232123449
13  11 1790837908
1  10 1263180649
19  4 558618563
0  16 719302327
10  13 353276788
4  9 1658336833
17  10 541370721
18  11 107122057
10  9 486998770
10  2 1580963906
5  9 113794879
9  19 1893430418
8  13 1283850184
10  1 1991531729
4  18 1859673063
5  17 1852972992
12  19 1219646948
15  14 1387448416
9  14 722887573
19  1 1607403427
14  13 1738733761
1  9 1870321831
8  14 134994570
3  14 1994185039
12  15 983715470
3  5 297115711
4  1 86588149
17  19 805799031
18  11 903616306
9  3 1164531392
3  16 371472735
12  14 132735089
17  8 251464350
19  7 68282336
4  10 227417010
16  14 831651397
11  10 1718508
14  1 1986170888
13  11 1512878081
10  17 828745113
6  8 2095174553
14  8 468064438
8  16 1581324455
12  15 1058633153
6  0 1990495213
17  13 355761805
2  17 269790389
6  12 890237254
12  19 1743873940
17  4 1047754800
14  11 249069372
6  0 1761805652
9  15 1648575511
17  4 177769344
6  11 1467409345
1  9 443154742
16  12 1722377892
3  15 473670657
5  9 161867339
17  6 704653788
10  8 85635095
11  0 45151644
13  9 387528507
3  5 1539047882
5  12 678447006
3  17 628433395
12  9 398480297
16  18 986340803
8  17 783292016
17  10 160485053
15  18 1153028248
13  15 1543461956
13  8 461581341
1  9 11607609
12  6 651114086
6  19 716975778
14  15 1217551571
5  2 2095902889
12  13 257156078
4  12 978869168
10  4 1070402671
0  10 1456503320
15  13 21438612
15  19 813609852
6  1 128566115
3  18 33983959
8  10 1978366155
16  12 984513476
13  12 649296358
13  9 1676314947
2  8 860601927
8  1 1490299005
14  4 1297925810
18  16 989094047
6  5 1938747763
13  10 132377039
15  17 1079842613
18  13 1977875355
9  16 2067047802
2  16 1685625374
11  0 2141454963
6  4 2103733945
16  7 241438466
6  11 308612743
16  0 1959953262
18  1 1369091868
16  8 1863489821
10  19 1452396558
0  14 764069627
1  3 2127438154
4  0 1009784782
13  17 2107918638
5  7 1535939182
5  14 1878114774
0  18 1539364923
5  12 957353282
8  9 153398565
9  13 1306914798
14  2 750960440
16  14 2091035486
14  19 1210037843
15  17 1772690362
14  3 2089939193
