200 20 1 12
18  13 1677086409
18  13 968735293
10  0 411147243
2  17 1076558519
9  10 1146765481
11  19 1519507130
18  3 1640753765
1  19 1593343630
15  1 794558359
7  18 541458484
12  7 1902422475
11  14 8344794
11  0 1756243284
10  14 1947582281
2  5 654399146
4  16 473614681
5  13 592415713
11  17 20459271
3  4 758128212
5  3 684769948
17  11 1604136112
4  2 419521646
16  17 1589176754
8  2 1812724960
0  14 1062336173
1  19 1826537117
12  14 1131240922
6  19 1999343385
5  16 2134166624
14  0 2125547704
12  19 441742744
18  6 331923014
18  15 570977683
15  11 1946445044
0  8 1394883277
5  1 527874220
13  7 261275118
13  3 1816550408
1  6 238186470
1  16 231993093
6  7 909426165
4  8 215503671
9  11 600613410
15  13 1665670078
19  14 800019545
7  6 2018999927
11  7 1318721867
14  9 94764008
18  3 431972308
9  3 1175270147
6  1 1627718603
4  3 1028885504
2  1 517470059
10  8 1292366586
8  14 429267065
9  0 841102278
5  0 870208530
5  10 1252022064
16  17 183728905
10  12 1930286024
14  0 1776819263
19  3 477279144
8  12 1882631236
6  15 1830729497
7  1 1990673395
7  12 369156871
3  14 26473035
15  17 1345446183
9  14 1429677260
3  18 1583050442
5  10 1693820662
16  5 807591890
7  5 1165921046
13  16 1394502052
12  19 1924540361
7  15 1328198374
15  2 721660365
10  16 649767909
9  2 1885857282
11  10 1047328880
15  13 1243471563
9  7 1405308182
6  17 1533023973
16  2 467598979
17  7 968500865
3  1 318452937
10  6 1260400341
17  18 1879866819
5  2 609626558
4  9 96426212
9  1 1165729480
2  18 547728998
13  9 1535304991
2  18 1845115540
7  6 952450779
4  7 997490583
11  7 1602180069
13  14 933357096
3  2 1229940576
8  9 750928241
13  14 2093892327
14  4 498789725
16  5 680405255
17  16 1076650518
10  1 484895386
18  5 1815171579
13  7 660877624
12  17 937699678
6  17 1951155742
15  19 1730015701
13  11 567933129
12  9 1652203506
7  14 1125665787
11  7 1893611452
19  18 1443833984
15  7 1546347479
6  5 786646266
11  1 874223933
19  16 747166604
0  2 295768650
2  4 685858565
1  13 1460832799
3  13 1752450449
15  9 1265675642
0  18 134757412
2  0 1669619502
19  1 642967194
16  10 1207950525
1  2 778088293
17  14 1876367099
1  14 457131862
8  7 1780593571
17  9 1546993092
4  10 1947196590
8  14 965425461
3  7 2044402778
11  1 1438567255
17  3 1697943963
5  10 120043318
8  12 1053809784
17  2 1411522299
1  17 301938215
5  9 1027169978
18  1 1856260936
6  1 824133643
1  14 72472288
4  6 551681197
2  11 1921031266
13  15 1379992964
16  18 460611187
7  0 374295181
16  9 522300690
16  10 206204980
19  1 1781384783
12  16 1968568528
8  1 1675582730
13  3 1006263726
13  18 302689022
6  5 606827742
5  19 1140771515
14  6 2061438318
19  7 1877827137
5  1 1997087695
17  2 1745727107
1  10 2019657348
0  15 546821350
9  8 1550641155
3  14 819180789
14  10 1633042808
16  14 513653145
13  9 1058750135
17  9 1901863927
15  19 1152329106
8  19 618409881
7  15 1545939633
5  10 1880251986
4  16 1295591446
7  14 3183636
19  11 2032226502
17  8 1588929767
6  3 1816319343
11  9 11502555
13  9 1426863740
8  11 94610706
6  3 447013058
16  5 1410878033
16  12 1335677880
13  16 2085829434
6  15 43205126
8  1 514880316
1  16 1141897627
6  2 1594499916
18  4 1354464102
0  9 1729538104
8  0 513545746
1  13 2065774185
14  8 1213291675
0  11 1651299298
16  11 1221033606
7  2 1571336835
