200 20 10 8
3  9 483828722
7  18 1018779812
8  17 858052860
12  1 858604826
13  6 682526913
18  16 61846254
5  15 1306106202
18  12 860204260
11  15 43855685
15  1 306424621
8  5 489268384
2  16 255425921
15  6 112418190
7  10 573702066
17  0 1958292244
16  15 331417699
9  12 1173573235
6  11 390107532
0  4 1105689334
19  17 2139496754
13  17 104668688
5  4 1478477198
2  0 1305046867
10  8 441492313
4  10 1777826113
16  1 1690392542
16  1 4349842
16  11 1557953569
16  0 1710860410
8  19 434820970
16  6 1624427670
11  0 387984913
9  2 1301113457
17  4 173580641
7  10 299854792
7  18 185220478
7  17 878806750
10  1 1073595574
11  14 1225557983
0  19 1925538660
8  2 1851082020
7  8 1198167312
11  19 356009083
16  17 1973369724
1  15 1477659474
7  14 2094864555
3  9 324128662
14  19 1428414363
6  5 99491576
11  16 695340403
0  12 540470098
15  10 1741432476
16  19 1487460489
4  10 1373135004
7  1 1445544622
13  2 1136310623
10  3 1844710356
11  14 521725911
1  19 375193860
17  0 962118571
0  12 928601603
5  19 1826140673
14  10 331502662
15  17 104348577
8  4 359540719
18  3 577289181
2  7 346222792
13  0 377754567
18  6 2097438282
14  7 345021366
13  6 727601258
17  13 658754809
18  9 942386429
5  11 1722848920
9  3 1564680703
7  1 1309081992
17  4 1988431696
11  6 1523293364
6  7 1268555945
4  1 1652540864
14  10 1271955643
17  1 1737212794
15  6 2043851356
0  4 807987124
6  17 636621019
3  1 842423442
18  15 867061858
8  0 1204847206
17  11 1677132159
8  13 519250041
19  2 1531166124
0  6 728047496
18  11 1712329460
9  6 1600380981
15  7 1798607819
6  17 1778314029
2  3 1570486149
14  0 1611166936
6  17 975957586
16  0 231482095
18  19 2046406343
18  5 2095883229
13  2 58506629
11  19 2120584086
4  5 1548643618
2  16 1430553560
12  18 1496456758
12  6 601069819
15  9 926415785
19  7 2036466541
18  7 1507020743
5  0 2085197414
0  4 1836905640
8  2 1099903083
11  19 190050426
17  10 380858457
17  10 1105013348
9  3 1850458897
7  11 767882144
4  14 2111332686
6  10 945870154
18  9 1352097639
14  7 217853954
3  0 852029334
15  1 886962676
2  4 1337060025
12  10 893276119
13  17 1717238468
12  6 226580759
4  5 1521084674
3  18 47404636
19  2 300916663
18  12 740645044
12  14 1282695166
4  13 1199530868
2  11 1419430414
10  9 1837213839
19  12 1932287269
7  17 1870026195
14  11 1708315303
8  4 1238735168
15  12 772986483
15  4 1754954295
15  10 519075890
11  2 1906762250
4  8 1164622889
13  4 303674311
8  18 108708384
10  16 1265175957
11  13 1914179307
9  3 1357701687
17  6 1473623851
15  4 1938171649
7  5 817565435
10  5 543868063
9  3 672934694
17  14 382081613
7  16 1425658852
5  19 2038627015
9  8 222425482
7  4 1503889816
8  4 1565261683
19  13 2094121778
14  4 1672113283
15  14 816438039
15  0 233355204
12  18 1111327616
7  14 77304024
17  15 550718488
3  16 1736834228
9  10 437141956
17  6 1662514481
0  6 738594476
5  14 330244013
15  10 1483382592
11  3 1092574312
17  7 215569102
2  0 1187588550
19  14 1260452270
8  14 1624898214
0  14 899807316
11  0 749829182
0  4 1956579241
15  5 766104037
8  7 538222974
8  9 1790176978
12  7 2037639853
5  12 696403508
1  12 2142636794
7  9 1833261825
16  19 1201226885
5  17 1067419895
13  15 1719402428
3  2 1333488034
8  6 1647909894
14  6 1372782293
13  9 553518425
3  0 1065783256
12  7 1728908850
1  8 1403515634
