300 20 6 18
3  0 911895
7  1 1228206927
3  11 1917180358
19  8 1672436866
12  18 149423192
15  13 1197229891
16  17 597430150
15  17 1434580242
0  14 1658886290
0  14 86458397
2  5 966711464
13  8 867794275
3  11 392944402
13  17 1171492932
7  0 2031001484
17  10 826575455
14  4 1480794000
12  2 1173409139
3  17 1698306997
6  9 1815724389
8  11 574595543
3  6 1311574031
14  19 875049645
9  8 2115147228
12  1 1222027779
12  19 89096676
13  10 1011632476
9  12 1207478004
7  15 350281671
15  14 957105454
4  19 1657772514
15  14 436466168
0  10 878681817
8  13 949458457
12  8 585778504
16  0 1806377717
4  14 695753087
13  17 62699637
16  9 1223619176
5  0 1797021693
2  5 189607944
4  5 2049600784
15  19 1879480773
4  18 1180384917
5  11 1038541345
0  9 405254981
12  14 63089124
16  1 532689367
7  19 651532452
2  18 1129980737
10  18 2116573042
2  17 719947127
13  9 618452963
17  19 188735381
16  0 848379975
17  19 355793231
8  0 1292544210
18  1 885386432
5  1 423608840
7  8 320263990
19  10 804578902
0  17 1950301758
16  5 1397959207
11  0 1732068464
1  2 1609790448
4  5 240704210
10  5 611855012
18  13 510209962
16  8 319048003
12  4 876135016
19  4 952135771
13  2 2071310226
18  19 1647112677
13  18 2133206371
12  19 1960478723
19  0 1279913533
18  15 604329409
2  17 705847179
17  16 725938344
4  11 266455254
13  1 967451727
0  18 466867735
3  16 1871753607
4  5 235247245
18  12 1674600275
0  1 2019910118
11  5 1209675631
4  17 1656332432
12  10 123066214
10  3 1776537424
12  9 478318848
11  8 870764634
17  8 1985498503
4  8 1976493047
13  18 1486303385
0  4 1400882615
13  7 1114750050
5  1 461952530
12  15 515613133
2  13 1817810292
1  14 1811922217
4  0 130028409
19  15 1078953780
12  8 764514706
7  16 1246348904
10  18 873273769
9  4 1431510740
16  14 405167310
14  9 812864531
3  9 1333720654
10  19 873929995
11  12 580828888
6  5 340385773
4  5 306225301
11  19 1496661287
4  16 1116389747
11  8 553688141
16  13 1931218441
2  10 146881851
9  14 1232049660
14  19 786956495
15  2 1870659414
14  7 7098482
6  15 827165789
6  12 1727866385
3  4 2140005026
15  8 1799187856
8  11 1835849211
17  15 1355520712
5  8 2056956938
5  16 2043351957
11  8 1329831130
19  18 1784040484
3  12 1578302377
9  16 1994362931
1  5 695610644
9  13 1836889132
5  7 325916476
9  1 1992743805
17  5 1701694827
0  5 1862172
5  9 1410896948
0  2 341105610
4  17 168836308
14  10 804607674
13  8 629737694
9  19 181097584
3  15 959814778
8  6 419159893
4  14 2129396926
7  16 1782261549
1  9 254886196
7  10 691265882
0  13 704400381
10  19 1437624695
5  6 1691202488
12  8 2026796585
15  5 1716683333
4  8 815907795
0  9 394822270
3  2 1824721958
19  6 1240162856
8  18 1841928669
18  11 480590328
6  12 647277383
0  14 1730572
13  15 1039284229
5  11 1604098469
12  7 1290393247
12  6 1013779590
1  10 490392025
19  15 1739989720
4  2 1716987391
3  5 1250246683
18  8 1356005289
3  15 149847623
18  9 1707927001
16  8 2059067543
14  7 571760246
1  4 1297976789
8  4 133864548
4  3 191086815
16  15 1264372962
1  19 1084333737
7  1 1614806552
0  2 1996383494
14  19 2068322576
14  7 943703337
4  9 2102460505
4  12 938443366
19  4 233522949
14  5 1496097335
7  5 1633889580
18  2 1458600259
9  13 143927720
0  10 217504023
9  16 388041460
13  16 1104251895
17  19 1246650842
17  2 294364567
8  7 201867116
19  15 1090031454
8  14 413216794
12  16 1117779702
7  15 130660984
8  13 1320568784
4  3 923039169
12  18 1601992650
6  2 469781191
18  19 2122595284
4  17 121137720
5  11 606412805
10  4 2138155662
4  11 1867515419
15  9 795361459
9  17 1315070825
15  1 401540936
3  5 1130899969
7  0 1328015747
19  0 1064975445
17  7 1116040507
9  17 369869103
3  9 1049640984
11  1 1444659761
15  1 1529899807
8  9 682894409
6  10 1727724647
1  10 1967898055
16  18 362272360
2  6 126175072
12  3 819630298
14  8 704561120
6  15 332081309
6  16 1945975050
0  10 680416479
10  15 536286497
19  13 491412522
12  8 772148960
15  0 1734605372
13  4 1658058325
16  4 1014116692
13  17 1262728121
14  12 1883843937
10  14 781816196
7  18 1095586450
0  12 16610058
12  2 1224126512
6  13 1716919400
0  17 1602088263
10  15 854456951
8  15 1411136845
18  6 1045755769
9  5 2137055624
12  13 2000189420
17  7 1256255471
10  18 1809747517
7  8 1642406768
13  11 958437332
4  11 866194138
8  6 1798135477
7  14 1540525516
16  11 1260146585
4  1 1012840054
6  1 501366595
5  4 1026287849
4  11 518571555
7  14 40735702
10  15 757361902
16  14 1331468416
8  11 1821418949
13  1 401740723
4  19 85398599
0  17 489417584
3  13 1120968578
1  13 494011923
19  6 1365879311
12  10 349448210
14  12 66735223
16  18 524212829
13  14 1019871648
13  15 729265387
17  5 795147788
16  3 1895756104
1  13 401054466
11  12 430707170
11  8 2032251378
11  13 550690273
0  5 763877961
11  3 461450995
12  5 1055350700
6  9 442603650
0  9 335019061
4  17 1361681278
8  6 1115102529
14  6 1538237426
3  17 1881885921
19  5 778689871
14  13 1410738978
18  4 321241290
4  3 467818033
