300 20 12 3
6  4 1058503588
7  16 384938314
7  4 1150353630
1  8 50733590
17  10 1347414550
10  17 1656981440
10  9 599855777
15  8 1195571527
5  17 289870948
6  12 2112734405
17  10 1417871396
6  0 1551479657
0  16 166296081
10  17 1302511053
18  9 861479426
0  7 1968531157
3  17 555516114
5  11 1251646753
3  1 514733058
18  19 341144516
16  14 656908935
8  13 2144269417
5  16 1329788951
14  5 1940039283
0  2 1459044192
17  3 1620903326
10  5 463801628
12  15 2110548840
5  7 1234037140
5  12 798136077
14  5 1062592017
8  15 172328861
13  7 147571705
4  18 1818571078
12  0 601164805
17  16 1500270448
8  2 1141876159
2  10 1974116624
8  19 1840423961
17  9 1166648924
3  18 1972750172
15  16 180753503
12  2 1497556477
18  13 1174594314
13  19 567322240
3  4 1137831067
1  4 1084479443
2  17 1881016803
0  11 1781770066
11  18 192783361
15  9 1341562850
9  12 947289854
16  7 1933438247
14  4 983391886
16  8 1736527686
5  14 655662901
14  15 5368542
15  6 1049918806
3  1 1469854643
14  18 102184752
10  15 554429339
1  4 159147116
2  19 987593483
14  1 1930401739
9  7 344590659
16  3 1604808692
5  12 1676836553
5  14 1269443257
6  15 1215076566
13  6 1659380674
19  15 370373573
10  3 1267650150
1  4 1825238734
15  16 411001156
9  4 43356166
11  14 951583388
10  17 1196453733
17  9 815998975
14  11 631290885
14  7 1239027422
15  17 40097897
17  15 572330133
16  2 67099402
15  8 33424179
4  10 1225470430
9  17 770820825
13  0 2006262612
1  7 1242158843
14  0 2112683240
9  8 2028375823
12  11 1693851773
17  8 711806822
2  14 1539814002
4  17 2026238855
19  12 1546400052
16  18 921217760
2  14 1446873462
8  5 1248044942
1  6 1505253129
11  0 2067560365
14  1 1015285359
2  1 1231788416
1  0 737468467
15  2 673232697
7  2 1068795800
16  0 1453967521
4  2 901568283
12  5 1365399907
16  2 1716725582
0  3 441928769
8  3 129917081
6  2 324493531
1  14 10881877
13  15 423907651
18  14 461891270
9  15 1195923954
15  14 1091940305
3  8 53877207
10  8 2060013575
9  17 1446413798
10  4 156204061
1  3 184047681
6  0 760423033
6  2 1715517722
3  4 576069417
6  11 230862951
15  10 1665832138
11  15 374851858
12  11 1859410352
12  19 436476299
3  12 247129580
12  10 559776951
8  4 1085976389
16  13 674265683
1  7 1985316850
13  8 420526114
6  18 688305047
13  1 1362518560
8  2 307766280
17  7 1781574951
6  1 1498831159
18  19 1068059827
12  15 1647349636
8  9 1047171031
19  10 2003759797
19  3 6870227
4  17 1175331938
8  5 1929876027
14  18 911229639
17  0 710714286
6  14 1611344392
18  1 1213281912
6  10 1438873469
3  4 2044183907
6  12 1583176114
8  16 1854972473
0  18 1057379173
18  12 878711685
14  6 1879395527
12  17 1971642029
13  7 367497123
8  12 715571554
18  12 1861538509
7  12 1285963353
10  0 622010292
16  15 1600889908
9  4 1154121923
17  18 2060871847
10  4 1993529905
8  0 308170457
13  4 510404878
6  7 2085992500
15  17 527466310
6  2 1206204945
4  15 557112250
0  13 182334202
3  16 346047118
10  9 432738283
12  8 1367108163
9  0 1317284482
12  13 1654995410
14  15 1459115937
11  19 300817823
14  3 813332636
17  16 753332284
13  8 20216920
5  12 855668263
17  1 1915506566
16  10 103837743
4  14 361519446
8  2 1413781485
5  14 1563248704
3  14 405804799
17  1 1541949473
12  7 181729977
2  13 339749208
2  0 875127962
1  0 1287474248
3  18 1899834724
5  4 545560729
18  16 363547749
8  18 1575214792
1  16 433789499
11  18 216264338
19  3 1500268314
10  1 404510977
16  7 2026354780
2  5 1444041338
2  13 979537600
4  15 161823888
19  13 234122594
9  3 641704718
2  5 1033725528
18  7 79566311
17  11 1086672700
3  16 474834544
18  11 1671884641
12  2 1337341436
10  7 162343270
3  12 166978621
16  4 894784928
17  2 1588567228
11  18 1012550005
11  18 1201630308
13  9 806135241
16  5 879652156
16  19 324276479
16  5 1372242047
19  6 1725986944
16  18 232038423
10  14 461457794
1  19 1561365801
5  2 1218642383
7  18 1441934370
17  13 1698867433
7  19 1493278298
7  3 1956261457
3  18 88065604
19  10 721471140
12  4 1039928824
1  19 423916768
2  10 622087214
6  7 321397412
15  13 331635652
8  5 642428644
1  16 1042146784
1  8 276957997
11  16 1238437097
10  18 1646401072
12  9 231271415
13  5 2140400262
19  2 603382074
8  11 200307801
13  16 812592028
15  4 1921910413
16  1 2115641567
14  12 460848612
12  3 282478322
9  19 1302003627
18  7 984622751
8  13 1251237551
7  0 1769616798
3  15 1735631494
18  4 200691473
8  1 328743949
19  4 1374191581
9  10 983307332
9  0 1606659366
3  0 1545304955
5  2 42591354
8  17 1433916138
3  16 2069842062
0  4 1389406696
4  13 1940026213
17  11 383382871
17  19 1877133946
19  14 1916261527
10  16 1974534388
6  8 628269017
6  3 365179771
18  11 400402850
15  0 948127428
12  0 548295636
1  14 1215980800
8  14 2074845389
6  2 200753513
4  11 623764751
5  7 964559001
13  16 1604986082
1  10 757066756
4  13 1144917822
18  0 325152466
5  13 881992804
17  6 1345875485
10  9 1418394802
16  7 1937185946
5  15 1804713943
8  14 1172947350
17  10 1254975279
3  17 218656134
