300 20 19 13
4  11 1340991021
12  14 1787663185
9  3 1670246795
13  15 113540751
15  19 453027976
13  0 529168510
6  16 2080586902
19  15 456675581
10  15 1221217252
7  15 1489136682
3  10 116734620
4  5 108518372
6  15 582954942
12  7 74607417
11  16 1590766374
2  4 463208720
16  5 1856231026
4  18 1013754075
4  18 1583270668
13  2 448964576
9  19 511713452
19  7 2019842035
13  16 756840521
12  4 955207863
5  11 2102459949
17  8 1471719778
19  9 1888840215
14  11 1724193170
4  14 436064040
15  18 1178333162
17  7 1024315749
13  14 2103647828
12  0 1880637223
14  5 544312499
19  0 1590119314
15  5 1640444470
19  6 519420752
8  12 634862098
18  15 1496980555
18  1 1687269487
13  2 514457401
6  12 314139531
19  5 281121769
2  5 1170279345
15  12 1377979624
4  2 2114303726
16  5 887981933
17  6 683261032
17  1 963996325
13  14 1251580578
17  12 414825649
7  6 527315036
10  12 1192866160
9  14 1384058055
19  15 1894115690
0  1 1368271132
7  4 126550271
4  12 1978174260
13  18 222562203
1  18 1896764407
4  16 433030784
4  1 884309080
5  18 213562522
3  19 1787404886
15  1 1985819649
18  3 882899195
16  10 1400918081
12  5 1384268104
5  6 598192850
3  10 1556731174
13  18 1694942000
11  2 668079512
15  5 580398147
7  8 1579526550
15  3 427184203
5  10 1961119943
9  12 2015793827
9  10 1548390892
8  9 1570262086
15  18 526461964
15  3 1567487510
10  18 1582014495
11  10 882609737
5  2 522792487
4  0 1124513100
16  13 591271990
13  6 321503841
8  7 1648038411
1  9 868196450
18  0 91061749
17  8 2136123459
15  1 1439658701
9  2 1326112231
19  18 400404219
2  11 848270529
9  12 1555760531
15  9 1052225948
3  17 1805966454
17  19 865894391
1  19 1383842143
4  15 372730807
2  4 2115247155
1  2 324402961
14  12 1236760618
6  9 18526974
3  5 722908515
11  16 683291336
10  18 236056377
6  7 835928363
19  5 1445835361
16  12 1790608518
3  14 408829562
5  16 323299848
18  12 1875392818
16  5 1473235815
14  8 410214326
18  8 957010944
13  10 938576722
18  4 790309516
10  15 129904715
17  14 1249385417
14  8 883619945
10  6 754980036
19  8 1068183359
9  2 1243490699
14  16 1404955434
19  11 338270763
16  12 570829738
10  2 1806198274
7  0 406083925
16  6 913292443
8  10 1334809242
6  13 1328997498
15  9 617452262
19  13 2038078888
4  12 471932456
6  17 376733461
18  5 1180151653
12  1 280124845
12  15 1478322284
4  8 475370036
12  4 489314472
5  11 1543407530
18  1 1970096594
2  19 1906591250
15  5 205925354
5  3 1728444184
10  0 1128993012
8  4 99490649
17  11 936425456
14  12 1365430389
18  10 204448005
1  13 284708356
2  10 1296204032
19  11 1152318400
16  14 1683790456
12  17 1680151956
18  3 433937073
2  15 1206963044
6  8 182766696
4  14 398695336
11  12 181146015
11  12 1743563074
13  1 370036845
12  3 1701119692
9  17 643634636
3  5 2137035895
15  19 2062087632
2  7 909518194
17  5 1350194837
4  13 749303876
12  3 60528559
8  1 1777216714
1  17 1730957895
5  2 1113274903
9  2 1263814681
1  4 2079361199
5  3 1784792922
8  6 1977730378
19  11 921439245
17  10 791672087
8  7 1446792879
16  17 170751723
14  18 753384852
1  7 734425366
16  3 446027827
13  18 1321770449
10  7 508173233
9  16 1375600687
11  6 933961703
14  15 1281846521
15  16 992483166
15  18 2053318521
0  2 469670402
3  7 2130281305
7  10 103004079
12  11 318675596
9  11 663282777
5  18 1753538345
18  13 1503660949
9  5 265773372
9  16 264370376
7  4 1673272322
6  13 674980869
7  10 1399984701
11  19 1165902775
16  14 592091293
7  15 682322276
6  15 659462094
8  0 1517236481
4  18 922588094
8  13 614092552
2  4 1525451914
8  11 1036250734
17  5 1257068139
11  0 1025381487
3  5 1265401254
2  4 293379844
16  5 2015445926
17  8 1073217788
10  14 1394906387
13  18 1074396860
2  18 1681795049
16  17 190800153
0  14 1154441687
3  18 193210330
0  12 881175744
4  10 1134908996
5  6 1768841789
14  6 2011131698
15  0 699030480
6  11 924189828
17  11 980965793
9  3 1759489997
4  2 1307217293
5  19 1601564807
13  2 1137074088
14  5 472390348
12  2 2091407280
7  9 2017004803
4  10 378461331
13  11 1725920056
13  4 827481543
8  3 1007529917
12  19 679468356
5  0 625732176
0  18 1093480369
10  1 2098659105
9  14 1493808021
16  18 883656967
11  12 1310170116
4  18 1959481020
10  12 2013548148
2  13 1580399031
2  14 772628986
7  5 1260379326
18  11 220110035
11  8 2110456686
0  7 1411012477
1  10 730561865
6  7 961267534
1  18 872296057
17  11 708512588
10  12 790114433
19  17 1555549330
17  18 280953822
10  12 1571726767
6  9 1077421601
17  2 1134616430
8  12 970186294
4  5 1619552891
9  5 1868135988
13  3 1314307873
5  8 362550835
6  9 867455657
16  0 1211460591
13  18 1617223801
12  1 1216677271
5  14 736145958
9  15 1232240389
12  6 567834511
5  14 459422184
6  14 105821693
11  1 1591005972
16  10 1774892045
13  3 830717409
18  7 1474268373
15  17 499075360
16  7 1837931685
1  6 1965306934
7  4 998688465
4  12 505999661
3  10 1732138876
7  17 830943997
1  3 2054718256
17  2 1958873338
0  7 412384222
11  13 1779036199
14  15 1455758643
0  7 475666820
