300 20 8 18
6  7 1940903692
2  14 648526974
18  9 571365080
15  10 805726335
4  9 1154989292
5  16 903310820
7  8 1005356860
15  19 717758182
17  12 1619042838
3  2 857530277
13  11 2131115231
19  11 791210636
8  11 544567365
8  3 1149351408
19  18 1106046461
16  18 1315073027
12  2 1595658782
4  10 1085759034
0  15 63008036
14  18 385783656
3  10 1058647874
7  6 1575681339
11  7 519095669
18  9 979576583
13  12 1077816270
8  15 418613516
8  1 355633602
13  4 1359056223
10  16 1067053652
19  5 1838623308
1  11 508651685
2  12 237447290
6  0 1876297290
17  18 1396057163
10  15 2135677053
19  4 813078120
13  3 270743552
7  19 1219769222
14  10 984621932
6  10 1866125543
3  9 149752531
9  14 241979360
9  11 1526444929
0  4 188350116
8  4 1115569422
11  8 2038273272
15  3 1207920511
2  17 1481586953
8  4 736484050
2  7 1544616838
0  12 1118259108
0  3 142002980
3  18 1990588189
3  10 890422110
8  3 818276740
17  1 1161994311
14  9 231807436
3  10 1400691239
16  15 1792933420
9  5 190128695
11  14 1551427298
10  9 1481656720
8  19 2054168470
6  1 1869958653
10  12 72965855
1  2 1148209054
12  17 1447530376
15  19 311484161
16  3 507642194
11  2 1623763957
5  11 318464086
3  2 1291942789
14  19 558405863
12  2 1359590822
19  3 1647167213
11  4 1624232311
14  15 302519511
12  9 499911630
10  18 73977358
13  1 538587567
8  5 811225677
16  13 2136639212
8  19 225551464
5  14 1945614943
12  13 1887400256
1  18 1384575307
5  6 1584489010
8  5 875202599
7  13 76774796
0  14 50769841
1  8 1693358301
9  1 840591265
1  10 1675789596
18  14 535488284
6  4 992460764
13  9 998889201
19  6 1819492481
3  2 630057279
14  7 797234944
5  2 1119633435
14  7 1560750923
5  13 948945808
6  13 283024880
15  1 1492104804
7  13 203697207
7  9 2050466019
8  5 2128900122
7  19 1771290600
3  16 831560628
17  10 1660746980
2  18 351142859
1  5 995279667
13  4 400411247
3  2 1395872864
13  15 1336981809
16  13 207839120
4  3 1999664094
12  13 1760189295
12  11 1725909609
1  17 1460551171
13  8 564934591
5  3 386307928
19  15 2007846979
16  13 139714891
10  8 1237760476
8  17 1288696809
12  5 291548897
16  18 1644137628
5  19 1998424712
16  15 989906445
15  13 1689010108
6  9 1390311339
18  2 882166661
17  12 101420947
5  14 1735247046
3  0 26587255
2  0 565940409
3  9 2042242225
19  13 1466690031
10  15 333292955
2  8 1130467040
13  12 694789795
13  15 2014572032
11  10 2101814570
18  8 264124148
3  19 1722375624
3  18 381649251
11  10 1397856781
5  7 1157981518
15  5 722443151
2  0 2079520701
9  7 203506061
6  13 1811261841
19  17 1454870792
10  1 1127079965
16  0 1344608278
14  10 426268106
5  19 909019605
18  0 1222046686
6  4 264769735
18  5 1383915420
19  6 1345891949
18  14 360975371
9  14 360813566
10  4 215601698
10  9 1822172519
18  5 764236535
17  8 1554345984
1  4 1483483227
17  14 1511626506
14  7 229942926
18  3 1797796767
1  11 281972227
19  18 553881448
16  14 585833047
13  3 2041690629
9  19 52231335
1  14 1434981600
10  19 1435630473
0  6 1329484860
10  5 1143941521
13  2 1955970465
7  10 1575140256
8  5 611526455
12  5 1918625108
2  9 1679938599
9  15 748780414
4  2 438981101
16  17 701092593
7  6 1930056540
10  12 758285783
14  15 238444069
9  18 1157194292
15  12 313582222
2  7 340310695
0  8 1516869209
11  5 1228929422
16  18 1728501774
10  4 1583427920
14  17 577344537
12  7 212120341
5  14 1650536823
0  9 1153750427
0  14 408127237
14  12 1611817085
0  1 608516596
10  5 688946895
2  15 783119232
6  9 1184442546
11  9 44074480
0  16 1663522818
17  4 744123993
6  13 457234076
16  17 1111908680
18  10 97498644
0  15 893458192
19  13 1213779842
17  18 1183203976
0  11 1284291519
14  18 2121989275
3  10 760908820
1  9 1111659922
8  6 2112567924
2  8 597067400
0  2 1595378861
0  11 718330310
16  8 904366588
6  12 301434936
0  6 1568613070
0  6 431643944
15  6 2097024277
9  16 851315928
15  13 232807823
8  7 695833317
6  7 740780704
17  16 1451885932
9  4 1443514072
5  13 792916034
3  13 1592819342
12  9 1222254163
11  4 280421345
19  9 802196343
17  11 689737349
0  9 604282419
15  7 1528213728
9  6 2091616510
16  4 329314460
8  11 717112073
3  9 966430658
0  8 1436494196
18  6 1053978457
4  0 810431843
8  1 32331394
14  7 384723080
10  17 1808799997
14  5 392933545
5  15 1447659080
2  9 1191725531
19  18 207700893
17  16 1557553192
17  7 1044448635
13  2 194958296
17  8 1394925341
14  3 1744436822
1  12 1043279298
5  10 847432858
3  17 2014113317
1  15 1093490460
9  8 750131542
6  0 1484874992
15  10 1718655224
13  9 228731921
6  2 1017946155
10  17 2090757670
16  4 1916129629
4  8 1703324273
6  3 2048331898
4  8 1320335358
1  13 826457212
1  14 650642107
5  6 1689883840
16  8 728224523
7  15 54736332
10  6 95249348
4  8 918612105
15  10 442592174
9  19 1252657421
15  1 1807598682
13  17 39572819
13  19 1409330677
14  19 1259024201
17  7 1910889108
2  7 456545468
8  7 1756226035
11  1 1466027490
12  3 673159944
11  18 1611378918
2  14 51181366
4  11 1012287697
4  9 1749234755
