300 20 6 10
14  11 2011607928
19  6 1305611763
14  1 77833122
5  8 1725301609
1  16 2026796980
16  19 578489267
17  18 1737803779
13  3 365224045
18  19 1733585766
16  5 1118552681
18  19 404433918
2  12 1182955824
8  2 1111549160
16  1 1886167945
13  19 1628664092
4  9 357779655
5  16 210236874
9  18 297766726
3  15 1252389105
10  19 848667047
15  5 561621419
11  2 1920687800
1  3 385319639
1  10 1579992170
1  6 490645208
13  1 321196956
14  8 258956106
17  18 1434988666
7  4 1527442142
19  7 475207242
5  16 367798450
16  6 529057486
19  6 417312098
10  13 823168955
6  0 1692772830
4  14 458816444
5  2 144694750
2  8 956416523
18  2 1352568668
2  0 267635425
9  19 551959578
10  18 1251949053
12  3 1160758502
13  15 577728771
16  2 443205349
5  13 1318527832
8  3 327680281
4  6 2132174444
17  2 258972086
0  6 1206949332
9  4 241714063
17  19 1152942159
3  17 1415097082
6  8 1287854306
6  14 1876593723
0  8 396527074
15  6 1614021550
12  16 2140402602
16  11 13585142
13  1 719017008
5  9 1933254927
8  17 615315155
19  9 567836038
13  1 1878146981
18  17 898135437
13  5 2056500031
1  12 201227156
12  10 572618076
7  14 520239541
13  1 371446300
18  9 1923121438
0  12 1241583082
7  12 1752800330
13  6 1156144708
18  19 183424594
2  6 94702234
6  14 708552282
10  12 1972095949
19  5 630143321
1  2 1578549997
16  14 509044422
2  8 1425502188
19  9 181522427
7  12 1665692405
14  8 1229538425
9  2 288441507
19  8 328780584
6  0 946705640
16  18 1856892731
1  18 629834207
6  4 5380666
9  19 1706394428
0  2 821695000
6  9 248102047
7  17 782754391
8  9 464773777
1  18 928635998
7  19 1726500905
18  5 1513860441
17  2 742562437
4  6 1585960692
6  15 280753815
6  2 1687704061
13  2 1326493304
18  6 1720817083
4  5 730227221
12  11 1504448334
15  19 39035360
4  1 1241240938
0  16 1704370532
11  12 1864516215
10  14 773321192
0  1 1683958867
18  5 534599184
3  14 1230469957
1  19 548986131
7  15 428001437
7  0 1458822231
10  0 1544398279
17  10 1138265883
4  0 1491342668
19  11 1732451689
19  18 1360533563
3  7 1632233736
3  12 515502423
14  1 1672329472
4  6 953088478
18  3 415181097
3  11 871466837
14  6 202742670
16  6 698676401
4  10 938999333
14  11 799366611
0  2 1024442103
18  7 202342046
14  10 2069089803
8  10 724535334
1  16 1659301405
14  0 1859651906
5  1 1973800364
12  6 160354941
14  9 304763735
9  5 264834314
1  16 1662581031
10  18 147115704
13  0 2138813777
15  0 699957407
5  2 1976708277
1  16 1524203874
19  3 1218899030
14  4 1069482459
4  16 132359815
7  3 1197467940
7  4 2115419468
19  6 1818369557
0  6 993336585
11  3 1323904040
7  18 200281287
17  10 2004329883
15  3 1541314814
19  7 1702523276
5  18 45675750
7  3 1903122306
1  16 935067691
11  0 2091417337
7  0 749638627
16  10 1507281460
7  8 1966874101
16  19 1445932840
18  3 2102424276
1  19 1282143052
1  10 1720600071
12  1 681752249
1  14 2087346846
9  11 1046910094
4  18 728774994
11  0 360397329
12  13 1314000334
5  17 459017017
18  19 1537112954
4  2 1431549829
2  9 2059090968
12  2 187214891
18  8 1694342438
14  10 1610370289
9  10 1160641175
9  11 554910999
4  2 471086891
17  18 1757279688
5  16 61190572
13  15 375023254
7  1 1046335449
2  3 2133449735
12  10 1127126850
5  11 1342884677
0  7 714346746
3  13 1639470597
8  4 632109304
19  9 1293745139
11  7 505518394
15  16 531701039
8  7 1023036085
0  11 1882546586
7  12 823056206
7  17 613880057
19  17 517400264
13  8 196882950
13  9 1533177183
7  15 1656962951
18  7 1658765650
17  9 179322493
18  8 1679700393
17  12 650620881
19  2 868974388
7  1 1129100076
16  1 1805692986
2  1 17012926
19  8 1488661728
14  6 1299682233
15  2 626248
2  5 1340556806
3  5 269422708
10  12 1831964666
6  9 1997087009
18  5 1480953284
12  5 1187950968
5  3 1594289067
0  2 2020638647
4  14 492203593
16  4 1778961720
15  14 690236712
17  0 1819008501
9  18 1198546697
8  9 399231639
0  8 711367470
4  5 1320383504
7  6 996905631
2  4 31401293
18  3 929349581
13  16 1085261243
9  8 954609441
1  8 107647592
11  3 1751096555
9  16 34311345
5  7 66544801
3  10 1748275689
18  2 1054441860
2  0 439431347
16  1 1731393456
16  12 447157331
4  8 1071331466
1  10 1331575326
12  13 1474663764
8  18 670667443
0  8 909465708
19  10 2061027242
18  6 692990178
11  8 1805944936
7  15 1818522893
8  10 423213721
5  19 307050244
17  12 535656227
17  14 648939178
13  14 1802970546
10  5 930138748
15  0 138707748
1  13 55644563
18  16 374433654
9  7 1287933702
0  11 1319553704
3  15 1061067348
19  9 472848926
19  0 1398912288
4  0 606645287
6  9 1926624050
11  9 1300333470
5  19 1391073117
14  10 1653451445
13  2 1790402469
6  13 1843640308
18  16 1946682485
13  12 1749739808
19  7 1644433288
15  12 1473187602
6  5 1174598624
15  16 25076267
6  13 37636039
17  2 1307211147
8  13 45588824
6  0 1370649217
5  2 585542022
18  9 95732591
17  11 594687759
9  6 1163233236
6  9 1258944600
4  12 1154534074
2  16 592827644
13  9 1644144867
9  14 421039131
14  6 1715539002
