300 20 5 17
3  0 345382369
17  15 512377686
18  6 401640774
14  5 1201736826
0  13 2039613013
10  9 2089732331
8  13 701731385
10  19 383166723
11  6 1805597733
3  1 1007742665
10  6 1475396090
1  3 667838283
17  1 2031167470
16  17 1196306934
12  6 1908328088
12  6 248466947
14  18 492281419
12  1 1536476512
3  16 1592063269
0  15 1651491591
10  8 1197743855
8  11 1436197428
11  0 1904629124
14  12 1419502271
10  12 1837090916
15  5 1986173219
7  13 1022578701
16  15 2093398733
19  11 1911804375
0  18 877523647
3  16 1763742815
16  17 743422481
1  14 461465046
12  14 762141525
19  4 1882853557
15  16 1275489731
12  16 576595816
7  12 1129361480
5  3 1730619774
8  9 2056911522
19  8 243289604
6  9 116317564
10  12 1409427377
16  4 1035458257
13  3 1990543291
14  7 2128253531
2  9 1620757023
13  6 1519572726
7  14 38743036
0  17 361539600
13  14 477044874
13  5 469829147
7  16 1383083402
15  7 2127597203
11  10 1070898095
7  19 1650113980
12  16 132301973
12  3 1074200165
2  5 1145917604
8  12 914801667
6  14 1055823328
18  16 82115064
10  14 941813185
14  15 1109564109
18  19 53846337
8  19 1148722769
6  4 1772661603
17  0 1365225358
15  7 249362637
5  6 376759954
15  16 1129309840
0  10 1190801125
12  9 1464244872
6  8 192597383
18  2 1287060403
8  17 1435354796
4  8 1672627897
2  10 825852482
14  1 879602121
13  6 1275194703
7  17 1324855297
17  16 1696706303
3  11 736810677
4  15 224866905
13  12 1815963488
19  4 1068201646
3  14 306656329
10  19 1373187404
6  18 558029087
11  2 1564855608
2  13 591719462
9  7 419445940
1  7 166236883
16  19 1440010729
1  13 236650414
17  16 780301445
0  14 1139012811
12  11 896777258
8  19 951552845
8  4 1279177087
19  15 329022430
11  9 508690618
1  5 1528950109
14  1 551557091
13  1 511154109
19  17 198148520
17  13 133870461
8  0 2074845607
14  9 1010651051
11  5 1292878214
8  2 712474945
11  14 2034629152
11  16 48148421
14  3 1879994190
16  14 800102772
17  4 671515761
3  4 1906819825
12  5 577374409
8  6 2075415474
6  16 1876470738
11  2 1678454488
12  3 1187140916
2  18 690991347
5  6 1874275553
11  17 976112114
11  19 1132633396
8  5 1249472134
3  13 2108402038
6  19 401850759
7  5 1823075862
0  18 322338031
6  8 776657555
17  2 61075060
13  6 1718988106
2  9 914261305
17  15 1807567961
7  19 432529106
2  3 2067056088
19  11 1943823037
19  6 1569486810
18  6 791514663
18  4 1055605107
0  5 2078168323
9  8 1946754542
8  13 1084952069
15  10 2076986267
17  10 704495153
17  11 1596904877
5  19 1654819179
9  19 275214512
12  4 1815727802
18  5 1940013001
2  3 679571403
7  0 1556222885
11  9 1237870266
1  5 1973133996
8  17 655972197
18  8 1069511808
15  11 350277944
8  5 630340942
4  12 812230035
19  6 843463318
17  3 535596550
13  14 1509957705
2  4 1325809988
8  11 1009446236
19  18 547304519
10  4 987461554
10  2 619701802
9  6 1314467968
13  2 1323513402
18  17 1274898292
17  9 826863459
10  9 1186246355
6  18 440897539
0  4 359879241
12  17 839779995
12  7 829388468
0  7 439555615
12  1 596994975
9  3 49264236
17  14 1544554270
7  3 570344657
4  7 426117127
18  10 1132543000
7  9 1574543464
6  10 1727645418
1  0 29821962
6  10 1074712684
11  6 1869007549
9  19 728781804
11  19 1767487724
4  1 567915122
10  18 597583608
10  14 1726415560
18  11 1282874060
1  14 2112508470
7  18 274165650
16  6 734102160
6  9 712809219
0  16 1597214307
2  1 1312305212
8  13 2058274015
5  8 227399930
16  7 164193540
17  14 1008094191
17  10 1763676532
6  17 1292885167
8  10 70633054
17  15 2096546011
2  10 1766251075
9  4 697289325
3  11 1906256721
2  4 426169583
6  0 868325844
15  11 96929266
6  12 35927374
6  12 694896661
5  17 547339056
18  7 1442557674
10  13 1103184748
15  19 979590143
19  0 1608355629
2  9 1211698071
16  19 1901235157
0  17 1559247355
16  5 1694955122
18  3 902188773
15  11 480861297
0  13 1315499168
17  14 1836126576
9  14 278619655
5  13 2052818145
15  9 1078507666
19  6 1369592795
12  6 444578506
17  15 1331730490
6  16 1434818948
3  1 56214310
4  1 1357709560
4  12 1465319138
16  2 152278431
8  2 1053660317
9  15 1059520091
8  11 100535521
10  7 224741563
19  3 1437531179
10  12 849963411
2  9 592301372
16  8 1576807450
6  18 656468118
1  14 751181333
13  6 229001810
14  1 356419845
19  6 1170709696
15  2 388256387
11  9 1497282648
12  6 1370802864
1  12 894665550
19  0 1791528109
18  10 668655188
1  12 1051638458
14  16 994695472
3  8 750796424
17  3 1545167106
7  13 1641561652
4  2 1593163885
14  2 345184432
10  16 1169242748
15  9 815853478
8  16 477000288
1  10 1534933090
16  12 563095818
5  15 67554029
1  18 670097722
14  10 1469735218
15  14 1280639465
3  4 1242298371
2  17 1932012047
10  2 1218375232
5  17 248220985
3  14 1978008762
3  6 9294726
13  4 348677450
6  4 399568807
7  17 2052731541
12  3 308009188
14  17 644589814
0  3 1764691467
14  11 366190717
2  16 410892568
19  5 1071591311
5  4 2034891933
1  9 1933690366
18  19 2043384419
2  0 936099286
13  1 1666435106
4  13 1706035567
3  0 1620941574
14  1 729522526
