300 20 5 3
8  1 1251895294
8  5 1400124193
16  10 943828451
5  7 179972407
5  7 1939641549
0  5 2122651565
16  4 1440285878
15  1 1560704636
7  2 234813837
4  7 1548768368
18  19 321819578
1  5 2055918943
1  3 42560419
15  16 110507517
2  12 394649141
16  5 646872191
16  19 922108658
0  18 204645157
11  15 2126757000
10  2 1801642310
9  0 1935309999
5  19 2147229475
0  14 947208555
1  6 1915942302
11  16 1649145843
19  16 195057278
17  4 2002456404
17  15 597862878
4  13 33431278
4  0 556081589
18  10 1394520757
7  5 1660546291
13  15 840654333
4  19 129184617
3  15 406211258
18  9 1094943719
8  7 1211730099
3  6 993772564
0  14 1134279914
16  13 1489288744
0  11 2104609074
1  10 1536145993
5  15 603916731
15  5 1294361929
3  2 1812420934
0  7 1595696616
10  16 1747327544
4  8 688206084
6  12 419211082
15  18 1187200045
17  6 1517951348
11  4 577056738
9  3 600039859
8  2 930945289
0  8 1307006685
11  5 80319637
0  18 669496949
7  3 1151807979
6  19 548852123
7  6 19178842
7  13 1206380988
10  15 1532741625
11  7 1555711607
3  11 1555869467
16  6 1582471668
7  11 716625065
6  14 862680398
18  6 1178497477
6  7 1421721824
3  4 1086102160
16  12 1610225534
17  4 1550097976
19  16 1098954521
9  19 647255929
14  8 735272956
7  12 616538749
3  0 349727161
19  5 546812937
15  2 1317306746
1  8 1840245033
4  9 1655362858
14  8 871708573
16  9 1196758259
16  14 908479671
0  14 1588068959
12  18 735905215
11  4 1225537278
1  14 522444607
8  2 1897747758
11  7 901947472
16  17 210750924
14  10 2040220685
8  9 586926755
13  6 1575490926
9  0 1182169685
18  12 1535957705
12  3 1138231074
6  0 2071287011
18  19 545611170
15  7 535390834
13  12 1284817923
9  18 851281710
7  8 1442306550
8  9 2145513954
0  19 309035341
8  5 1446672092
7  2 1115138932
19  8 1003823748
8  19 1857927265
5  8 1289808891
19  3 434127920
7  1 1075194409
13  18 274094190
16  4 138870872
4  13 684576111
16  2 1349311576
13  11 663957292
14  10 1425291328
6  18 535481798
4  18 1205588687
9  12 38416092
4  10 89755777
19  1 40231542
18  9 1465163132
3  18 946480606
2  17 780193724
15  19 21198851
14  15 1211840994
16  13 1706269101
14  18 1623244612
4  13 1627056188
19  12 1687191307
12  4 1202967329
11  16 738811407
13  15 235179731
15  0 568970587
5  7 1726792405
10  9 557659873
3  4 148823780
0  9 276802381
13  10 1299059332
5  14 1544198772
2  5 1966881073
1  9 458229962
7  15 1032447118
15  14 479952431
12  8 42548884
11  18 467576655
2  18 1681413062
3  2 785689048
8  16 1588952669
3  16 1296462090
6  16 921516935
17  10 1386875314
9  16 381399165
10  5 1890912414
9  4 1959220274
1  16 133340262
15  12 416588527
2  9 133496587
9  18 1675893463
6  12 1005362076
6  13 1985566986
2  15 1004832537
6  9 1642210846
2  17 550244171
14  19 1899534187
5  15 1668272764
13  4 1789381329
16  10 1869160910
5  16 406425782
15  18 658953200
17  11 120921636
12  10 867684599
16  9 573371804
6  12 1994195677
3  15 983054421
8  2 89698576
16  14 1128258504
13  10 1867742108
18  12 1277023823
17  8 245364717
5  18 1344320573
9  3 17976452
5  7 833314919
4  16 743247813
9  16 778459822
2  3 1891253953
3  15 1149014795
18  15 1936475570
17  0 1902773966
15  5 1618214285
0  8 412383516
5  14 1014943856
2  17 2102018168
14  2 301992798
7  12 2079082167
5  4 1689792314
6  15 1652224371
8  0 1093164904
3  9 1765009909
1  14 833231915
18  0 344550198
15  14 840817428
15  3 487859700
10  17 2044586095
0  19 955424107
3  17 537100057
9  11 980271671
13  19 666147636
3  5 1664861472
13  5 553010479
9  0 1160202291
16  14 991742232
6  8 1335185880
4  13 118586510
0  1 1789931912
1  8 488395795
17  11 735952836
17  11 614498877
14  10 78981351
19  18 1643148761
12  8 1270702336
8  6 778906651
6  18 185212708
9  13 1315261069
9  0 1070729655
0  13 791293425
10  12 1949760500
2  9 1547984001
7  6 984534368
16  7 1123890901
0  18 1941447243
7  17 1485686553
1  13 1878240785
9  18 1080660326
1  14 794095030
14  13 630306282
17  13 803722238
18  8 1892698950
3  2 2045284746
10  6 686781022
10  0 2107166153
10  8 1202301948
8  13 177241372
10  8 11334230
1  3 872162664
17  11 319727353
3  0 409726055
15  16 1766036810
2  15 1358178212
7  14 79710126
14  5 1219246760
3  4 258386550
18  12 1819546570
16  6 1926120320
9  10 1640261214
14  6 155130118
10  15 1819428088
13  5 876194357
10  15 362062333
19  11 859729418
10  11 1659779647
18  5 911953728
11  9 1365514102
2  0 702902302
12  2 2131655702
1  17 1839804026
5  1 252771949
17  14 1265627635
15  11 1930402916
7  11 1792748278
17  9 1300932481
16  7 1420472503
8  15 2009267792
14  11 1579519958
1  4 989341902
8  18 341592692
10  8 1845444238
6  1 1172371741
17  13 1353503535
18  17 708036766
8  6 1659909052
15  5 888791661
4  0 267328167
8  18 1094903148
14  8 321996112
17  1 597551724
19  7 181289220
17  4 1601090625
4  0 1696692504
18  2 96744759
14  15 236559613
6  10 1009839371
15  4 1976531685
2  9 777900567
8  11 343497055
12  1 1565184826
14  8 1927949588
10  12 1585407164
