300 20 0 5
6  17 642623883
19  13 552336226
16  19 1562485003
9  1 895386582
14  1 1703914691
18  9 525906456
19  13 760377789
9  12 1066245016
5  19 2096375389
8  5 1758183427
13  14 881316908
10  2 1217729739
12  9 1078574114
17  5 212073590
12  14 2020369327
10  0 1968846091
12  18 1453383881
10  11 909827788
6  12 1050377157
10  18 1751679658
5  16 201142926
10  5 1431432410
9  18 1707324350
0  2 1309360212
7  4 1607137230
17  3 248637101
10  3 407581137
11  19 221230280
19  17 142760803
16  14 893265301
1  2 2020342238
5  17 1022734988
13  4 1358077508
2  1 243554950
16  10 66326607
10  14 47688102
18  15 1397685628
1  7 43397256
18  15 49619893
15  7 2059382014
1  3 10292401
17  2 467257315
3  17 746947779
11  7 1268414565
15  6 1753268964
11  9 374128893
5  13 991461393
10  5 1798094542
18  3 358708189
7  8 1801138513
15  2 1759273171
12  2 1320172054
19  8 2013035605
10  9 1750096442
14  6 2135962079
8  13 2066187956
10  0 1672059418
1  18 1821801822
7  14 897491313
4  18 204720787
13  19 2138292250
9  18 1710634015
10  18 1354117647
8  15 221864724
6  5 1985142446
6  5 1866364824
2  3 674800600
1  4 83133367
10  13 103118559
4  3 1413988404
2  15 1028536019
16  4 279461334
14  9 708414871
2  15 2134127818
15  18 1654164164
15  3 2042240641
0  19 815348477
13  10 393807057
6  0 1823106457
17  13 1986825870
15  11 1462655995
4  5 548731584
18  7 109299309
1  2 1975327001
8  17 1027627872
14  7 1734909654
8  9 459349239
15  18 466010764
16  8 327052728
16  2 2068789311
12  2 922271691
7  19 1382571955
1  4 153436495
2  7 70520951
10  7 706023521
11  16 1537138716
9  19 225698954
14  9 279354015
12  10 1806458978
1  15 630039112
2  7 2031415266
1  3 322525813
6  15 982286042
3  10 27642862
18  12 1120719017
13  7 899074977
0  8 236118920
10  11 1686403884
14  0 1845748255
11  2 1550398155
16  10 1614031928
11  8 1105852741
18  17 1570988125
17  7 1134032287
1  7 1165699895
11  7 1917506840
13  9 404638845
1  3 364964054
3  7 2055796916
4  6 166110787
8  18 633288527
10  15 452209709
7  11 664950407
8  16 645051476
4  15 1492510694
2  11 792404405
4  2 1461626265
2  16 882658403
19  18 80454688
2  17 819306283
13  5 602149587
2  15 704212572
4  8 1659693947
2  9 624545840
19  5 1721369990
3  5 1402171699
0  5 1249810111
18  7 1528941959
5  16 1639360041
2  5 33645093
1  9 945185903
8  6 83878921
9  18 590204633
0  2 1401025544
17  4 687218743
11  16 1488385692
7  6 423435523
0  17 1836140845
14  18 834420311
16  7 801573060
12  15 615257432
14  11 1088985149
8  0 837530278
10  9 688058386
4  1 1834357157
15  10 903075918
2  13 790780549
0  7 1671882298
11  2 683069534
1  12 900783530
19  17 2022916932
0  9 600904256
8  4 747885228
6  1 1270715388
16  17 1350918514
2  19 226035102
11  14 496914504
6  17 1998339886
7  1 1273056573
7  19 1107373050
19  15 356808460
8  4 1781130628
17  8 1919848310
5  19 700146642
16  1 1874514569
18  19 1204896432
8  9 715708443
18  11 791135091
7  12 832608896
7  17 174456159
19  12 1692635006
1  13 1078793763
6  17 1157752652
5  10 899171148
16  0 1602842992
16  17 1326633956
16  17 1006895192
2  11 1034878378
4  1 884944901
19  3 245987651
10  2 809812698
19  12 1719274055
12  0 726769963
12  3 1528244482
15  11 1305132946
14  19 753387788
17  13 1082986711
15  5 1899211573
15  4 239998094
18  19 1965822212
14  4 358080074
1  7 1308696791
13  17 292103983
0  19 1044766208
5  11 919801483
0  18 1473537822
8  13 1678783498
14  8 874808557
0  15 257912948
13  10 598327845
18  3 1995007196
14  16 208413314
4  12 1379856049
6  4 1080738288
19  1 289542429
16  1 1298609855
18  15 425913078
11  10 994138618
18  4 1513797519
12  6 2084318052
16  9 762694340
18  2 898028744
10  2 516078865
4  11 982490501
19  11 166410979
11  5 1836647765
13  10 1666195680
17  7 2017840392
6  4 845176874
11  1 1227766615
1  0 869887695
9  7 225409941
8  5 2060137635
13  11 1093755822
15  4 1349571069
9  6 89190005
17  15 252662079
14  8 653599075
9  3 570116990
4  17 486179135
9  18 1979355544
7  19 1963404865
14  2 880502070
7  15 1156917997
8  1 811147915
0  12 1774419634
12  2 1460414036
13  14 605805754
2  5 496062409
18  1 1188174165
19  14 849054731
12  7 185965484
11  9 1445190817
17  19 1528169993
6  12 1919880890
17  1 80979164
7  11 1555867329
4  2 1569116636
17  16 1821922508
3  17 571587279
13  0 878307909
18  4 273670141
7  0 341314128
3  9 2137610446
16  12 1366934634
11  15 753375134
17  9 334771889
2  7 1390276043
16  3 833923119
8  14 487337115
17  4 2129294096
14  4 886996136
16  13 58307464
6  10 504659706
15  16 445441799
16  6 1574468004
10  5 518379944
8  14 662936082
0  6 333818879
16  11 1885172383
8  10 1356341796
4  0 771216186
6  1 904677600
4  9 561542900
12  6 542240039
1  6 1732155499
13  15 1540073368
16  17 1931375229
7  14 880870905
9  11 774042581
11  7 760477218
14  7 1598129916
5  1 284450185
12  17 715664751
4  12 1066624406
17  11 1704564295
16  13 1622579604
7  2 1597803539
14  15 1123289619
16  18 821281588
