300 20 8 11
7  16 1282625774
19  16 898890243
3  17 781270476
19  6 956713051
2  12 957019688
2  4 165855431
6  2 1130591165
19  10 1635000801
8  9 1355540676
13  15 1076838343
6  3 212920527
12  2 572540395
9  13 838727960
8  6 1981113163
8  18 528801970
8  2 1070002236
10  14 398806419
4  7 1355752298
9  1 1442863100
1  4 724801188
12  5 2050547485
4  13 469142840
19  13 123267440
16  18 1112969705
9  13 416080004
17  18 1128943288
11  5 1104290569
6  8 163258246
14  15 1258524290
18  9 1149369495
5  3 1452450334
4  0 402811120
3  10 1827854812
12  7 124605210
8  6 141322231
18  13 1456105693
10  14 253932982
13  1 72595380
11  6 2050179088
15  13 243045617
18  13 698611089
1  6 512651425
2  3 1087737959
0  10 1818760832
12  2 1049136969
15  14 1599024072
12  14 515037827
6  17 1901589772
14  6 1816958375
10  3 1462797095
1  17 1454533312
7  0 50393764
19  12 821567025
10  6 1397287491
2  13 140893500
19  9 1945709924
10  11 1293053572
19  18 1789483807
1  13 646567459
19  4 1321780687
18  19 983030874
13  11 80727850
14  5 1476027060
13  14 1177660797
7  3 989470404
11  5 505879854
10  15 1825506309
18  14 1732789723
4  0 1839630581
19  10 1842717996
18  14 1506769981
9  15 24938450
0  3 1407229511
2  18 1020840476
13  6 2109993694
13  5 2020768902
6  18 2058919030
3  1 896639306
5  11 205064308
7  11 1700522939
15  14 860684649
10  17 790429926
3  4 188953470
16  4 1121005683
12  6 1833726589
2  5 487492025
18  15 1184456609
10  7 1509730681
5  6 1708534558
8  5 545068641
5  6 2122972863
7  9 105547425
18  19 1543838788
18  15 1530550122
2  10 1256130162
3  1 329709376
2  9 1804311957
1  14 1747313226
8  4 1270778626
3  17 767513675
12  2 152738784
11  13 2080394697
5  10 76346481
0  7 794558739
10  0 430948043
6  9 1985189101
14  6 1262876968
3  13 1783496010
16  3 1970313906
0  10 844708417
6  0 426968662
0  5 1355427058
11  3 709401582
19  7 595611870
18  4 87341628
16  10 805351058
18  1 1855978190
3  10 1925630012
8  1 1556682218
0  17 291205319
13  18 817544161
13  19 1172914281
17  7 452989270
19  9 1392266236
1  0 456461483
10  15 809451856
11  6 532169607
2  6 819174388
3  6 1259933074
10  13 42696597
1  3 1381697142
12  2 23279954
13  7 255342085
11  9 831080521
10  12 748659105
0  3 1286610391
18  0 2084566200
14  11 2029484544
19  3 1691780856
6  5 1809289252
14  12 268607599
18  9 1981119691
11  3 493946239
18  2 408440988
19  3 1870696741
10  7 1509254591
2  7 511050532
7  8 1263061850
16  5 1863153813
5  16 2022193269
10  2 1580054249
2  4 1458538862
1  7 1542182577
4  6 1059368564
6  10 1603118341
2  10 2121878054
7  17 561906759
19  14 955270779
7  1 1653001540
16  5 1980796111
10  7 1645403151
15  10 615397662
13  1 1914752521
5  8 660641158
15  13 1354931311
9  12 461768255
8  16 540791256
13  18 1000790822
15  14 1988461027
0  12 625934167
7  8 1995433667
8  6 1984925834
17  6 552154517
6  17 1384625439
10  13 1383553627
11  0 1455963720
8  11 962465482
10  12 1715994050
11  6 1486517963
0  3 248865772
18  19 697864222
15  16 1308957505
12  19 1985225829
7  2 672087161
15  17 1855285412
12  1 1871863879
6  1 426935869
16  10 1385290583
11  13 666535577
1  10 26887819
7  12 1866555088
19  5 1990933832
4  1 1840562088
13  2 1554060603
19  1 621540377
5  11 1476381090
8  12 1550886461
14  9 2041757629
12  9 216972638
10  2 494710312
13  10 2071946944
3  8 703777206
11  8 619781379
1  15 1958819936
2  7 1735506406
12  5 1757644281
7  18 402668810
4  0 448972599
8  10 1624400839
12  17 233505528
15  19 522572401
16  8 1613582752
17  3 1769514006
10  4 1127006070
13  10 1584134617
19  14 1715338587
6  2 1808455357
15  9 489274093
16  8 1510469891
6  12 876034244
17  10 2132228857
6  9 159572134
5  18 243245228
17  2 1521224841
4  9 1159617250
13  6 1177688891
12  3 528928793
6  8 2056076856
12  7 55254011
6  1 881979576
15  16 468841777
13  4 1102623815
12  1 1816250538
10  7 220260421
5  9 2046671634
0  17 1239881972
1  8 935677000
3  1 392376423
15  18 878479368
0  1 940255555
19  13 1058292790
15  11 211301798
7  13 1279241512
19  17 1487857506
8  3 2003771075
17  2 942322305
19  3 624755788
13  18 1885300816
13  15 705627144
2  14 1533789963
7  17 845173917
0  1 1351565656
9  1 480248336
9  13 1002785401
6  19 1413644410
16  0 726212293
1  17 1772024353
5  2 683269289
16  13 1113643069
16  8 551131384
11  2 1253537493
8  17 127433815
6  19 1200942203
6  5 2019236656
6  4 198517496
14  13 1029882480
2  6 72114843
2  10 1326232711
9  3 563584589
0  3 166684247
17  13 2005591243
0  14 1859254825
3  5 2106006903
7  4 1530605165
18  8 1587173388
4  16 857010985
8  18 1366659326
19  3 199259817
5  15 263608850
7  1 871844589
18  0 582149845
19  3 856150073
8  3 1553246727
10  3 19399438
13  1 794091274
1  2 444819679
2  1 515389695
18  19 256722706
14  16 323299104
19  5 1412048480
3  12 1882732587
11  17 1143178194
2  11 260535973
9  14 1060119134
0  9 1015246064
7  17 261946146
11  6 1658174242
4  3 1944576618
2  10 1655825662
8  17 1850382633
