300 20 0 3
12  15 683649096
11  12 1430209117
10  4 369619137
6  7 1039759610
15  2 768003890
0  6 27395002
0  15 1422925019
0  11 214162813
4  11 1799685554
1  9 541943222
9  4 1697072836
3  5 1445680579
8  11 1963376320
2  14 1011735071
13  3 1280777404
7  9 1838896719
8  7 882693460
19  18 28614610
10  11 1657542618
13  15 1032144640
9  7 318420037
9  13 625735810
11  5 575405883
6  0 1559032021
17  1 195771524
12  2 1936634358
2  7 1643286600
6  3 1618466938
11  14 1933358879
7  17 841083200
4  0 1679157600
9  14 248489162
16  19 1946449261
17  10 1747645255
3  0 753833651
10  12 1151283549
10  11 1566391829
13  14 394752497
15  6 1405603620
17  2 249955783
0  17 1164049783
3  10 656833614
3  11 1681361948
12  4 1576190785
3  0 570643284
10  1 1902735177
17  1 1227394632
14  4 1224014825
19  0 950247554
5  0 2028353228
19  7 890087969
17  12 1634826471
14  11 531883271
15  7 715504546
17  6 377589795
14  9 1270926174
6  15 476836907
5  9 1388766504
13  12 567912138
0  10 374617232
1  13 571398077
2  7 1147388491
10  12 2115094952
4  7 2070289910
10  2 2090211683
2  19 991888585
15  7 712713673
13  7 1351027460
13  5 721153694
14  9 578694363
15  16 1196754144
5  18 1107056254
10  9 784110313
17  7 1255888795
19  11 296278677
17  0 1789546617
18  15 1280582808
2  1 1474517573
4  15 341419239
18  12 1294619148
2  9 22199944
11  2 643469005
12  15 1115954736
6  15 1314688900
12  2 1374718205
12  0 774858547
2  4 1934118567
17  3 425251010
7  2 1209763075
15  13 1128458101
4  8 387494324
5  3 1638085409
10  6 300004608
9  18 998272187
17  4 946073598
7  5 2119826323
7  6 539377961
7  4 1775967934
12  11 1263009869
5  18 245660779
13  7 2100220217
16  19 866482375
2  0 1782666539
11  1 849853309
12  2 1559089256
10  14 1230261779
4  19 133546354
1  11 1731267731
0  5 320448824
8  0 149620313
1  9 1784463161
0  4 1511979450
6  13 1250239004
5  19 1007717812
12  4 277877319
16  8 2121580390
11  18 1415710328
7  19 568915634
7  2 787569398
19  9 1107534001
12  1 1840440625
14  13 38341226
3  9 14444970
18  16 2101613144
4  11 1622197432
8  0 1127391726
15  3 1027582068
15  19 628323026
2  3 1396288982
15  19 1188597334
5  9 1138642453
8  10 943783561
2  6 782192948
8  5 933589959
11  9 465549968
4  3 345744330
3  7 343305463
19  18 591026184
14  15 1553500450
10  0 1612230622
13  14 959875930
9  1 158658621
14  16 1639776509
1  14 151818858
8  5 1158319682
12  6 1674621566
8  18 1777115556
2  18 603866390
8  11 1110158869
12  16 1288857022
10  5 1558783428
7  15 552328975
5  7 2036782872
6  2 221623574
15  9 813089351
10  2 566552712
1  4 943484421
0  8 744136154
12  7 282978207
14  18 933702408
19  5 358901481
17  6 1270892363
11  6 1973039318
9  19 1133497720
16  12 374949915
4  16 71670209
10  5 981122676
3  5 1890572730
6  3 936005265
19  15 1570897032
18  9 1691550010
18  0 1958746007
4  19 2105892405
13  10 1267687254
10  5 109687747
15  10 438584192
12  2 1086218791
16  11 814642279
10  5 55281641
13  3 873741717
7  16 2115795084
13  18 218796216
15  13 1790248006
13  0 1822922620
5  3 689307409
9  6 34480342
11  12 121878626
14  18 2102400274
7  10 140758124
5  17 858107393
14  19 1054728817
14  11 647824241
16  14 999506343
12  9 1306480962
17  2 1283122273
6  17 1554562004
18  7 1551778906
7  8 1527099679
16  4 2043100780
7  13 1846648711
2  14 1331900217
6  1 692437610
1  5 340033209
2  17 1649674741
19  8 2100777200
2  17 1657600402
2  7 924278579
15  1 1694516382
6  12 1028125355
0  10 1169161834
16  2 615849443
11  1 2058901154
12  2 177061521
0  3 1957965467
10  7 1304512706
1  6 894246397
10  17 464910110
5  18 1393460246
19  15 970781572
8  6 1696339304
3  14 1358775470
17  14 1480941019
6  7 762671316
6  9 2065581948
0  15 285706710
16  17 75835700
9  14 1385762944
4  10 1373456055
17  7 1147791067
14  18 927513750
15  18 521258946
3  10 1879862186
14  18 1932077071
3  5 1420957600
14  15 1382239612
19  0 758644202
15  10 88932863
3  19 1800851913
12  5 825281885
11  13 1993433557
13  1 858034763
12  3 1624160960
2  18 1483531013
3  6 1920975953
18  16 1052849341
7  0 135776533
7  14 41710798
15  2 180976148
18  4 1825362077
3  8 521399272
9  16 1186842432
9  1 814592535
1  13 1782611793
17  6 912232123
8  3 165099904
6  4 63781869
9  5 1722667548
2  4 2079432584
12  19 188845769
12  5 1843259596
14  19 833775572
9  5 495778285
9  13 1792391688
19  8 1124537710
16  2 1491252135
4  10 1124660980
1  14 1404226590
8  7 1900632299
19  9 960319567
7  12 1993402771
15  7 624840895
15  2 2109410778
3  4 587837413
19  18 1771847719
13  5 301813379
18  16 2132015180
2  12 1694812735
11  12 505131945
15  6 1685425116
14  18 600033052
9  5 1968518022
10  18 436286686
12  7 294730045
2  11 134263111
9  3 1829168453
9  7 1485820412
7  5 1084512562
14  18 505997720
5  18 111079189
2  7 209404327
17  11 899983730
1  12 1324615231
5  10 425182135
0  7 2110927260
1  12 374514825
8  0 2110945242
12  14 313622075
17  3 371255426
0  4 1454879996
10  16 85974782
