300 20 13 16
3  8 1287912931
18  11 1931843629
7  11 1331606215
7  12 1320583714
17  6 450852589
15  12 578716865
0  10 838577666
15  19 1347506183
2  6 1225497063
9  7 1787309864
6  19 882637646
19  13 88194961
18  12 2007937613
18  3 2082297444
17  11 135807828
4  14 198176645
1  10 751013631
8  6 1248254878
10  13 444874753
8  1 1375862738
12  11 1909974356
2  16 448295149
0  15 218482574
18  13 137011763
7  10 1072910093
10  14 941329794
0  14 16706732
13  8 943961117
3  17 1055000959
2  3 1175576461
10  14 2129701422
19  3 614873322
0  7 539613847
10  17 1194083682
14  10 1214213663
4  16 1690178830
4  10 1860896324
10  3 980825093
4  10 1530485025
3  19 702639262
4  12 744980912
5  19 2067707757
15  12 540959655
18  16 907216935
5  10 272049036
13  2 1181953288
8  11 165811506
9  18 2114137129
19  7 1075783870
6  18 712850714
10  6 1149965746
10  13 932960695
11  2 1838889797
19  12 2000514253
17  12 23266006
7  3 1734112510
3  7 1578892595
6  0 1212973014
9  0 1338991827
13  4 1095958529
15  7 1439080167
19  15 324714064
13  4 1298963649
3  11 1286260081
16  0 1530884011
5  13 1771727311
10  0 332842889
9  12 1001275219
0  1 2031035091
6  19 1791783926
6  11 1430939679
4  14 148597946
13  19 1589124723
0  16 1541803372
2  14 2140960196
17  0 319306594
7  12 114620307
3  7 1725315578
15  9 1353344985
8  1 650753546
1  11 1625328220
0  3 1089240122
12  0 939635422
11  17 966741188
4  0 744387408
6  10 425032269
9  19 176099210
16  6 544784038
2  18 1101404202
14  0 712836667
10  7 12228398
3  1 1503846984
18  3 748352933
7  5 339502861
1  3 1438044150
5  19 1088623527
12  0 1014378809
6  9 114317776
3  15 1675258041
1  2 830210541
11  10 164212940
17  0 1269212122
2  0 1923139558
16  15 854380817
3  9 676838328
16  2 1484530086
16  9 171980363
3  0 750800874
3  13 698661258
18  6 275532533
0  17 620528038
4  6 727251858
15  19 1292119500
12  6 1987944985
8  17 1339594392
10  1 948877772
18  13 1350275638
17  6 1722703797
8  3 783794705
19  11 1475636854
7  17 1980999315
16  11 2030619410
5  3 1293158020
0  9 435511133
5  11 63191019
3  18 1520768243
1  2 1456303370
17  5 1989440980
16  1 596731439
16  5 1978047851
11  13 888146157
1  0 649670050
10  5 1985938548
19  10 1996157954
16  12 710357014
15  17 224074696
1  16 253785991
8  10 2121433076
11  14 1302523468
7  5 1042827709
1  14 74026825
2  0 26980833
0  8 1477457440
8  15 1664826599
4  13 1979993178
2  14 2058534478
1  9 297742173
13  2 1827461452
3  10 1034815084
19  15 71692479
7  14 876396958
14  3 1811684918
9  0 1317436491
4  5 1206387192
1  11 1036895219
14  7 1896862393
1  12 1427572444
15  19 796887203
16  2 1724462693
2  16 1011737787
19  9 1196000722
11  10 980524538
12  10 260895597
18  8 388844191
19  6 573302132
15  11 478515614
17  10 36184308
13  16 1774381512
11  8 155447425
5  6 1405325174
8  11 819404568
11  0 229501885
12  2 662780317
3  12 279731428
11  15 1225618271
1  5 8125931
14  17 2102630829
4  0 1963588473
19  3 558744858
11  15 183611882
15  16 1410683698
8  2 1967042447
17  1 891435432
4  15 244356613
4  14 472652482
12  8 1250011015
13  0 1255874386
17  4 1589269699
3  8 192834156
4  7 2016238391
19  17 29603058
11  7 1270342056
18  9 2036352325
9  7 2021132461
16  11 1270523277
4  16 1742892849
10  18 1113053215
15  11 851694092
16  19 1762383497
15  5 1326516262
4  14 1920981294
4  14 210889158
2  6 1374096504
19  4 502681409
7  19 784941916
11  3 2142358838
6  1 1109226430
0  9 510358339
2  17 1437292350
14  0 1808334261
16  1 55616879
18  4 1739281010
8  12 370110593
9  5 1266065562
15  12 1077576424
11  18 1011539523
12  1 1370762919
3  5 343400045
13  17 1725007053
4  8 1243314334
3  15 1961125628
7  16 1806929532
2  0 952011622
9  16 1550003489
13  18 1863979889
11  16 1883341288
16  9 769370506
17  4 1084542068
1  14 1709064587
9  1 1702376537
0  5 1766945792
5  12 1091109406
2  8 1897019908
3  5 1859398593
14  4 2033709074
4  1 219218931
16  11 1336334458
19  16 1420930739
13  8 1187384563
15  4 729010184
1  8 416707524
3  8 1614913840
1  4 1109748598
7  16 1100623951
4  11 306191767
4  15 570897423
17  1 174996156
7  0 462662862
5  9 637387409
16  6 791319869
12  1 1754845488
13  1 580254269
3  4 335723546
13  15 378076195
3  18 1368058008
19  18 1898345520
15  4 1291616002
10  13 333746966
9  1 103293840
1  11 582286269
5  6 1766698820
0  6 1658683726
6  4 381510451
7  11 1171298997
13  3 2124892333
2  13 1707956975
19  6 161400128
13  6 2097770443
8  19 1687618351
4  14 53058259
15  6 970528576
11  0 221388618
1  19 1206958454
14  5 1522603521
17  10 2144977848
0  12 1165390580
15  3 501423587
17  6 563363079
13  14 1214985130
8  1 2122122477
15  2 1397544113
5  17 1682373045
17  4 1922951680
1  2 74893747
17  8 174797409
13  17 1601487951
13  0 1035640379
17  4 317603239
4  9 1763042263
10  11 896228677
17  15 466332184
6  4 630642527
14  6 1240143745
2  11 1158236115
9  17 1531319404
1  7 1778460715
5  19 497540247
0  12 131668531
19  1 756022321
19  7 1353639340
