300 20 9 6
17  4 2011058028
2  7 1700333270
1  4 726114246
8  18 1204243710
18  2 1587070749
11  10 603561028
18  2 1335983979
4  6 1681807892
16  17 568406370
10  15 229773307
5  18 1765000359
15  1 1235663179
16  19 1948253105
19  9 1206593871
1  10 2102757787
12  8 216464736
14  19 2092217986
17  0 844370093
19  9 949978561
6  13 786921210
3  15 1735355764
5  8 1882769976
10  15 588878374
14  19 1796180628
9  0 1729576520
6  9 1808028488
8  2 938942806
13  19 223576441
0  13 1935839476
7  18 512506966
11  0 1779028411
0  8 1732981551
12  3 569849021
5  10 1030921740
16  12 1928377066
5  19 476460198
10  4 1022158653
16  3 1332991280
8  15 501441666
9  1 504862407
8  3 1736165932
17  3 1632155080
16  3 1172841118
2  15 1099066972
17  18 368818497
9  11 1161109278
14  1 282999167
13  10 1023420890
0  17 1472020858
15  3 222885926
3  15 401156550
11  19 1589615364
7  15 2122738987
14  13 1690453718
0  19 1533086457
17  12 424213665
9  15 1571476560
12  6 694782297
13  8 1730166316
15  14 1004256283
3  9 1236861361
16  1 1128998078
8  17 124407415
5  6 1355667854
12  10 1066227178
9  10 200508280
11  14 1309471849
2  17 2037071672
3  7 272951577
12  0 1025191405
3  15 779627456
17  14 292902692
9  17 1833467539
14  3 886018947
1  9 409289438
14  16 69519513
8  11 493249768
10  11 1386280312
15  7 1084818952
0  6 1045072453
2  9 1216599110
19  0 314958131
10  5 309834872
12  18 48962515
15  4 2119029529
2  7 1045350761
2  5 410053984
14  1 210574103
4  17 493867613
12  10 1453584482
9  3 2108007710
12  4 1973323984
4  11 2099571793
17  1 678749556
9  5 343849064
14  8 60437833
15  17 1809643517
3  19 2097556954
7  14 1141990267
1  5 306469113
10  8 12254249
5  11 810785746
0  9 1126714372
6  10 1466656815
15  7 761126301
6  0 898781861
7  14 869159183
3  2 1577746286
19  14 1979105641
15  18 1350883284
7  8 1317668342
19  3 1325298060
2  13 1117645804
0  10 1141689015
12  4 1750713415
15  6 925596774
6  14 1377593832
0  14 1650802038
4  2 86790644
4  12 1386499608
7  11 1402564742
12  5 1601293968
12  17 58116902
0  1 1771036228
14  3 899351092
6  11 166621597
18  2 92282281
18  7 1748221593
16  11 824336159
19  18 2013765434
15  0 1310170820
13  4 484896582
5  7 2041536476
19  4 1467380985
3  9 1461524158
17  18 1121383226
1  13 1595485157
18  1 1865587149
12  11 1932378479
11  4 734562466
8  4 609880543
0  9 1836441272
17  14 183476763
19  15 711360028
6  7 888455482
15  12 1248893921
8  4 2054005823
19  18 2135065029
11  1 1699093664
13  8 309141685
5  0 1306348338
18  6 978931976
12  16 778892740
17  16 710972371
8  0 2059379933
9  14 75026658
16  10 408662191
11  5 1171177745
1  7 1305093491
6  18 354453029
15  19 1015870379
2  10 1086797198
11  17 1711146187
19  9 830052514
0  9 6770417
9  5 602237758
19  10 691446945
15  13 1417357362
15  0 1718027934
16  6 2046637826
0  4 401888270
18  12 327571223
3  0 3045416
5  2 1593328637
16  11 1481136687
0  6 862329180
11  2 1108447513
9  12 968116058
11  2 385066675
14  4 864444333
11  3 2035852033
18  10 1002309209
13  16 1868956797
16  15 1687241887
9  14 1600594075
8  0 610421180
17  13 1110178523
12  6 2122833006
12  1 647732416
11  13 2107718893
12  18 1774697177
13  8 2062763453
2  16 1822088145
18  8 1968267102
16  6 73117127
11  14 1138786779
13  9 1573627027
1  19 1417351882
9  13 284492973
7  19 654182972
6  18 1097074346
11  3 1586113100
2  12 2126342448
1  18 1539420419
13  1 142712771
10  4 222250465
3  5 2010045253
19  11 1813748436
8  4 143463981
5  12 333595489
9  4 1945381095
13  11 616556825
12  2 1106631554
6  12 1635035372
8  13 1978632076
8  16 2072681812
14  16 554895202
12  1 559541084
13  5 1246034002
10  5 1561615224
1  8 1338741453
3  12 991285222
2  3 1721912364
19  12 264985819
3  1 202730916
10  7 599996613
12  2 1966071034
15  8 1149379490
0  13 1238732346
7  17 585646408
14  17 659459999
18  7 949814476
11  18 710318146
0  18 2138976098
10  0 1878293685
11  14 1450912419
11  19 931150934
2  5 796629473
7  5 1891276238
15  19 602832618
7  19 1277737156
8  11 2125548790
3  16 1607407139
7  14 1927146239
10  8 38029079
17  12 1191460293
9  17 196592360
16  11 1980900261
19  15 192846585
1  0 1328954205
10  0 533098140
7  13 1829179265
17  16 1585272437
9  16 145412325
12  14 2118363963
10  9 1871550744
14  3 419867904
4  19 949982129
10  9 1844233106
7  17 713999156
19  18 1630925569
7  4 1053733970
1  16 50883264
12  7 78790406
5  1 2095252012
7  9 800936920
2  10 2054854351
1  10 229144372
11  10 968949825
4  8 861498824
5  12 1075395407
18  11 945175765
12  3 183816985
5  3 821432214
9  15 517257584
19  2 742025435
12  9 1915226513
11  4 268309486
9  14 1665632430
0  5 1958174554
16  7 1451306284
12  9 761120175
16  10 583384279
12  19 519529881
14  5 1135907671
2  9 487728140
4  0 1958156217
1  18 1845168451
8  11 1853114290
10  8 1349506953
16  2 195042127
17  12 809716202
17  3 233052763
2  12 408674390
4  18 1222263065
10  1 730216145
7  10 1718919572
19  12 166077691
9  0 592047899
13  5 1734343409
