300 20 1 4
19  10 1274619737
0  18 1575400789
6  19 754294915
6  16 1104187852
11  5 472447079
3  18 1296899200
6  4 770023376
10  14 1130840990
7  13 728526028
2  6 84048911
3  6 1204981217
19  12 974950742
12  13 1776699527
18  12 1456149199
0  17 1730816574
19  18 1283941265
15  10 467634452
2  3 285803427
14  18 631046450
15  12 208298564
0  9 647885745
10  2 1135981214
17  13 1132998818
1  13 872093314
19  16 674331044
12  18 775921017
6  12 1372130359
14  12 1132576270
19  9 204561562
17  14 1908501213
0  6 340586068
3  10 1745833605
17  10 1045944198
19  8 786340581
0  16 253419304
8  0 1448858074
5  14 212092905
4  9 1697709303
3  4 1092080052
8  12 1336564953
11  5 1773517705
6  2 332821931
3  9 314964734
17  10 2111616888
10  3 1320500258
18  0 1509000473
4  0 139466624
18  1 1508650957
14  6 1970519016
13  7 1533177360
1  9 249210787
15  8 1070534802
19  17 1790369160
12  14 1507818298
6  18 1861180299
8  14 1022104148
19  4 933140007
3  16 878854645
16  2 1979105789
7  16 1034558182
18  15 107389337
17  9 1010209853
10  9 1657553310
8  19 900672636
12  1 494797089
0  3 2083639369
1  5 2015288319
19  6 1383873332
7  6 351051830
19  3 199412078
2  16 2011350313
2  5 293365859
17  0 1392925925
2  13 929172229
16  1 423438413
4  14 85170506
14  6 1399620853
13  17 384488920
10  5 298685778
2  16 862887619
7  8 505452456
3  14 531848185
2  16 454433329
9  5 1984334510
16  0 1562023260
3  0 606486857
17  11 1405753136
16  19 709562533
9  2 2091953310
5  12 1170778411
5  1 2131266900
6  14 1550920819
3  15 1238406275
19  6 1386984841
15  13 204019536
2  0 914225209
15  4 320410322
1  2 1168381041
4  5 1354576131
15  10 96063850
15  8 155170734
14  11 1275309536
3  12 2082298657
19  10 2032997105
12  1 639302890
16  3 1803183012
15  10 2075339110
18  7 1269895069
8  10 726474173
10  18 507444130
2  10 1937810098
12  9 522565908
15  6 494119636
10  0 2129394186
15  11 168479774
13  2 442880312
2  5 1572596219
15  19 1092837933
10  15 1728803785
3  7 1049925898
6  18 379287589
9  1 1461326468
11  1 904767334
14  8 669946737
18  0 2076553670
19  12 319502679
15  4 891605316
2  11 1221395619
16  9 1947529954
9  17 735537341
6  7 961341687
12  8 246259291
12  16 261407196
14  19 35704356
12  5 1352335925
4  13 292511625
7  14 1838113331
18  13 1515807477
1  15 957844825
12  1 421925056
6  17 1967366206
10  13 520967465
9  10 1852925997
1  18 3894389
10  19 416989673
17  0 575144699
4  12 552360810
13  19 1098513789
15  10 1408924174
9  16 1681302079
13  11 1412064466
13  12 1549118728
16  10 773704415
14  2 495842337
9  17 1119811241
17  6 1455060199
6  15 463977017
18  14 1379693982
11  8 120827236
5  12 972617663
9  12 418587491
19  12 1644857229
4  1 141962260
7  14 320780924
2  13 1463591507
9  18 992211821
10  11 244685587
2  12 1311616716
7  4 554634355
10  2 703135121
17  4 334853324
17  6 1783439137
9  15 153993220
1  11 1980536509
17  5 1674044414
7  8 1639202271
5  14 1302162944
4  0 26311326
18  8 687480387
8  16 1390034512
13  0 430805489
4  1 21278764
11  6 940610353
6  5 791266213
8  1 895353241
15  11 1070414145
4  16 676718579
16  6 633911988
17  16 99253367
13  8 1707717467
3  13 1090764369
6  19 2083154959
15  16 1009456859
11  8 1199638249
7  12 1015449390
2  9 1417633969
13  12 494467078
2  18 342131977
18  0 336450448
11  6 1941412348
8  3 603352389
19  15 1069067880
10  13 1033767664
8  19 163573066
3  14 506042746
1  17 1285417084
4  12 597169500
8  7 1135339775
17  15 382485801
18  7 1615168012
12  6 1249444995
14  11 1808381994
3  1 190258908
8  2 2069466461
5  8 1157299074
2  6 114693492
0  18 1299139037
1  18 861086262
3  14 41821445
16  18 819949470
17  3 83733430
1  14 1072202255
8  12 648915057
16  15 2064393115
2  19 1851904815
5  9 1636921258
4  15 1185852470
12  0 1009111379
18  3 1179327749
9  2 558332988
16  13 242755552
9  4 642564482
6  1 246014364
0  16 760523800
13  15 877852285
17  14 1901477293
2  15 858419165
4  11 1008809425
1  10 1241404798
2  13 2028586077
17  10 1686559477
6  2 510683104
7  3 613307795
2  10 1543734504
17  15 249801330
16  1 356439605
5  11 1830733408
9  3 1017209545
13  9 1254991830
15  8 1517125806
8  0 1317012043
17  18 1671954197
10  17 432622654
2  8 1575581040
5  18 683832610
11  6 356150762
16  10 1182545662
18  4 63851599
11  17 1876533615
4  8 1120887481
18  2 1972475899
11  12 1126591827
17  8 1631917187
4  16 1327197974
4  0 2138546638
15  17 258673565
8  4 1312476711
11  7 1247178085
18  6 1809910994
14  6 573653401
9  2 59245796
0  15 1337002642
6  17 313903739
17  13 191832856
7  1 1646251135
17  9 1502870387
19  8 401718258
4  3 499644104
13  16 89905755
17  1 1445422141
8  15 1321930573
10  12 1434453116
6  17 1139576440
6  4 1795364559
17  15 1611888447
5  6 1261468099
19  6 695273181
9  4 1150682540
2  7 978101883
7  4 282236345
9  17 2142836274
19  6 1589460809
6  9 1123901511
15  9 1068271143
4  11 1931811001
4  1 2133354740
16  1 186381280
17  16 169233324
11  10 37419361
12  15 495692841
