300 20 1 7
11  14 1862515746
9  8 1020178698
13  12 845439221
16  5 1990796735
12  19 1009419767
7  19 1065648314
8  9 1560721439
5  8 1519651115
12  2 1695312150
15  3 1031200519
7  0 896046473
1  4 388244511
6  9 1035235471
3  19 1366956087
5  11 1964879864
11  18 1522290519
6  17 987024351
7  12 1510481912
2  1 2116412121
17  10 560776321
16  8 436077024
2  8 587507684
3  6 575670318
2  10 135361530
11  5 696641193
2  4 1338794566
11  16 989287686
8  18 605919802
0  14 218009927
3  5 1706040687
1  16 270975839
5  10 1202156364
12  17 1270666652
13  6 1384203872
19  13 1860612223
7  8 1172510001
19  2 2142375133
17  15 1684062262
12  5 1302593669
8  13 1580443395
18  2 721565157
13  16 621761878
4  1 1671367625
13  4 1883041444
5  8 1147454297
7  1 774452926
14  2 705247994
8  9 176302769
15  17 1482565801
10  12 1523154753
6  16 1180472261
4  15 971952385
11  19 1662684647
2  16 1225939020
5  0 2039297094
4  17 1728375965
6  11 718734440
5  3 1626485922
5  13 1245763029
5  13 2031462362
15  5 213812931
3  19 71575268
19  0 1444464762
10  12 1145672773
9  6 1499319822
17  3 299685972
4  2 1986264255
2  8 430273865
1  19 1963803267
1  10 1689607008
6  19 1762744786
8  16 1460867767
2  12 231854864
2  7 2050798090
11  12 1237534245
11  18 1133587875
15  16 761913400
14  4 1564077467
6  4 43257702
8  16 494036746
1  10 837744731
15  13 871773127
10  5 1760950678
4  2 709083336
2  5 1383089485
17  15 429899623
6  5 1933516515
2  5 1112203487
15  6 163800486
1  10 2043883709
0  19 1089357515
7  8 1009752329
19  18 330251747
17  16 1490173328
9  19 1998780043
13  10 1347860712
8  13 158770531
11  3 369005675
3  11 1875235563
12  7 109973210
13  19 805580948
7  6 466673997
4  11 1897008686
4  16 624204956
16  19 680602660
17  5 1575481874
9  19 693415595
7  6 1965270031
18  15 1902943105
4  8 368734998
3  7 1792292794
11  7 372589053
13  2 1151153853
12  11 1585659356
10  16 752240818
16  13 1803102544
16  0 1160710965
16  17 740287986
18  5 2081717744
13  4 413912059
7  13 1554982857
12  1 1036713598
0  1 1813003807
13  7 59846901
12  16 1667820402
18  12 863383669
8  7 291972255
14  0 75773303
15  10 814594748
0  5 1803429269
12  15 843153824
5  11 1235970764
10  3 1453737769
19  7 244324029
9  15 391974449
9  5 1164357158
11  5 919286619
1  3 1205269088
7  9 1190020917
5  1 145416294
10  14 1932267436
2  6 837183182
1  10 1997963541
12  14 222031059
4  0 1220951581
2  7 311152007
2  15 612262819
7  1 1979534260
0  18 1286708587
15  3 461093095
11  17 1599282894
8  18 1754602298
9  12 1851134659
8  7 344002916
18  3 1634733902
4  12 955999171
2  0 1659315273
19  5 290854112
1  14 1711167096
7  17 546811747
16  19 730610177
8  17 880652031
14  4 670290205
1  0 661039625
1  17 1331011482
13  14 1858581896
19  4 1945405011
14  11 1358988228
14  9 1149809295
8  4 1766757141
5  11 170651007
2  8 1032064841
11  14 2056749576
19  0 346805136
13  0 749360817
3  8 327719030
14  19 1654846102
18  17 168632319
0  17 199070422
13  1 709079644
0  14 1369658787
1  19 208266850
5  0 1614677295
17  7 242995960
12  6 2125305926
10  13 381629236
7  13 566005058
11  15 2019336882
19  9 1998282507
15  1 684324584
17  16 940471795
11  12 150767549
16  9 1169201179
9  12 767865581
3  16 245096163
3  11 94732047
19  6 1746355886
4  11 460078115
18  8 780989359
4  8 536938577
4  16 1195028615
15  13 1830314042
19  7 665384552
0  19 1045712490
18  9 942255553
15  4 1346979919
8  9 1420185594
8  14 656850995
6  9 928303865
11  2 1477187296
9  2 1241434565
5  15 1315452914
8  4 714075582
12  15 680200828
17  15 1759046189
0  10 71224387
2  7 1692876393
5  12 985307271
14  5 1119341405
7  9 825759660
7  0 940795056
9  17 859333057
17  3 563893335
12  15 811739372
16  11 2011678931
5  12 888241022
13  8 562459367
13  18 941511115
12  3 889401201
14  5 19669311
0  3 782251091
16  18 375704544
7  1 1007458553
12  1 929924994
5  9 849006767
9  14 210802590
16  10 103505611
19  13 2112695144
0  15 1414200368
0  8 2039902275
18  1 1696875822
11  8 218221015
1  18 143562436
16  14 656183593
18  0 283805302
19  7 2130226330
1  10 499356182
7  12 1312486327
9  11 1973449284
18  0 1431007558
3  17 638408166
8  9 789389237
8  13 1453240353
17  16 770438446
19  6 2134248127
2  18 1203200947
7  13 1724986018
17  0 2146219224
15  10 2023453126
0  14 1213000721
1  18 196515431
6  4 24847710
18  6 1970984705
17  10 204172674
6  2 1810800308
16  18 971547586
3  18 797089058
14  3 1737880508
1  13 1906737297
6  12 825202117
8  12 614118434
3  5 50396773
6  8 216462787
7  1 140796950
6  17 1980173007
12  1 1247993813
2  0 755285431
17  6 305828622
11  2 936117307
17  4 776668086
2  0 761926780
8  15 487004318
8  1 1327778497
18  19 213208053
2  14 1484696568
8  15 1207817539
8  7 381646759
4  7 691771143
16  12 1078683337
12  9 2060353703
15  12 1923919094
6  13 579302350
4  14 935877463
7  15 660999944
15  7 999715258
14  13 1762055608
19  13 340139635
19  0 62561556
16  17 1078114120
11  4 1533117483
