300 20 17 19
7  19 1881292380
17  11 1111870774
1  9 752369417
15  7 1481874742
1  8 2129927809
8  14 399495777
11  4 1773942247
19  8 689828241
2  3 2100596321
18  4 1627162891
9  19 1033348512
16  14 586926094
12  18 272777567
12  5 329011611
4  6 986816624
7  4 18003088
14  8 322405077
4  13 1602388634
18  2 846526431
9  3 969275066
0  5 1203248315
0  12 463405790
4  0 1805613352
0  3 1256802483
16  0 1895317873
12  13 1587870970
11  8 847709679
14  8 311063703
8  15 1408482299
15  18 1804249886
4  2 1314584148
2  11 1404482086
19  16 1078374938
6  12 494041671
12  18 1068596355
8  5 1287979748
12  8 1355447387
16  1 1223535248
11  7 1516995420
4  0 740728235
8  9 402959171
10  8 394991155
5  4 1405641896
15  10 531411729
8  7 1213502372
8  3 238703250
10  15 185272144
3  8 1745765066
7  17 2047883164
17  6 978075258
17  4 1954139645
14  13 669165005
4  15 17099988
16  7 931956435
15  5 2092193954
17  10 1375298356
19  12 1631000974
16  12 1249875580
18  0 728525664
19  18 1047019424
12  5 602429576
2  6 366391140
1  6 666596927
0  4 730426410
11  13 475547337
19  14 2070759716
14  2 1560135977
6  19 2096921258
13  3 1438428640
14  6 1837173185
4  14 1840271175
11  3 288790202
15  9 977124059
2  11 292974436
18  2 824522320
8  1 1478755629
15  8 1762496536
3  6 277509565
1  19 1965686894
8  18 348475123
13  4 122405166
6  4 2041356691
1  3 335782909
12  8 1638455053
14  19 339035975
7  17 1867794441
3  2 904149499
17  15 898885320
9  5 1988366076
0  7 413870081
11  3 861968944
16  11 1091148992
7  12 609542393
7  12 464328954
16  15 2006577930
6  3 850962074
12  9 267930199
13  12 1699857640
10  9 1857293963
11  15 1918438153
5  4 487248009
18  11 1649546219
8  12 1448307146
7  19 1076677793
2  8 1085723637
19  6 792477329
5  6 640782141
5  9 2117210453
15  3 771986934
8  11 254711672
2  1 728424663
12  6 50973773
1  15 1694655461
11  3 1919376287
2  3 1110009903
6  1 2011574091
0  8 727941191
7  14 703183646
2  8 1813368311
6  0 1417474553
13  1 1751600102
7  8 422859450
11  9 1717315118
1  16 1653129149
9  11 1716879351
18  9 765599928
11  13 404225377
2  3 1548052264
7  10 2015372117
1  9 1175778130
0  5 133018770
4  2 532873066
17  0 185024834
6  15 678968576
5  9 1069933825
10  2 1238846938
3  6 215063074
1  8 2004566789
9  4 503618759
17  6 2042814289
17  18 335369761
5  9 1442906975
19  7 49973606
19  18 779129429
14  17 462248576
13  3 723751866
1  0 327563075
10  13 1409638139
17  6 1793680616
7  0 1337099337
2  13 2083326703
14  7 638595788
19  3 1974452269
9  11 1908135223
8  10 369811020
14  4 843960476
7  18 1010955444
3  0 1278795526
1  11 1089854613
8  0 715029881
9  5 1991458849
12  1 664212709
1  2 1739746930
11  12 583531869
17  12 568121014
7  13 1761691684
13  19 2051936234
3  15 988653916
16  6 1374791944
4  19 425166566
9  14 1930308810
13  1 184924694
6  16 1186491826
0  17 2100713203
12  10 568782474
6  7 1966851387
5  0 91728849
0  3 243749527
8  9 1193481877
14  16 356611038
15  6 1345902476
4  18 809632057
9  14 1340857883
15  8 1503784560
15  12 1859921149
13  6 1019349944
8  0 1512868363
1  15 1547661585
19  1 524890505
14  9 72717386
8  6 419559540
6  4 1316912840
18  13 636733677
1  0 2015418177
6  14 1759849262
11  13 1272881097
14  13 1138736241
17  1 34306014
6  12 658094341
0  9 1309044844
9  0 1327370883
5  17 2084112298
10  1 261294012
16  14 2111314811
9  19 1232285267
10  16 1035955422
14  3 1012421110
11  15 767964592
7  12 812571327
0  14 2040959893
4  17 196512250
10  3 1848098368
4  12 411691324
1  4 1666320850
4  3 290790583
7  14 716971382
6  1 1226476064
8  6 1371435467
5  19 466949097
5  3 884439895
18  13 841732645
11  13 1232310559
14  8 1071904523
16  15 1716578392
18  1 1048915151
0  12 1191064151
18  5 222223245
16  9 658171076
14  0 1894867425
10  4 2146708393
16  19 253032451
5  14 1412922796
15  4 156446869
14  19 832351841
14  13 863576087
19  14 1207095976
0  6 209896358
11  17 59901777
9  0 2131094580
7  4 1953819952
9  4 687915733
2  11 1910088285
15  11 928926628
10  15 1711060962
6  10 1727370388
18  13 753993709
6  4 318400201
13  6 1546427957
11  17 667507078
15  12 426930608
8  3 1796712532
11  15 1402583193
7  11 384473950
15  10 427258228
11  15 700236447
11  9 2074758848
17  9 1809355893
7  0 365247226
17  7 637607416
15  11 1069933458
14  0 1943850367
10  8 1532757837
15  3 586387917
0  19 1955420782
16  9 2005452290
14  12 420770978
16  19 2103440330
14  5 2015164614
6  2 752462878
6  19 403732226
18  2 898972195
8  9 1337790860
6  0 1551506621
18  14 599926463
15  12 1483297383
0  18 1775154447
11  4 343599699
15  8 530063216
19  11 1767183698
3  19 1853327287
16  3 18535872
2  10 1872524442
3  7 1122562612
9  4 2031191593
6  9 976400410
0  8 648132372
5  14 2046304331
0  5 106050339
13  2 949216335
4  2 1149908160
8  17 866054838
18  15 421361026
0  10 1229093599
15  5 691903684
0  6 952744803
17  3 32988390
18  5 769649072
7  17 84883273
0  3 821827735
19  10 1953434104
