300 20 8 18
0  6 2113054220
3  10 2052063291
1  18 547598430
2  9 366113166
11  10 1166896452
11  7 1613138114
8  9 1159701977
2  5 1014870288
5  3 122508652
8  7 1591046064
19  4 1688368133
3  8 1616823820
14  17 945649042
18  3 462893068
6  17 1947644035
8  6 517692727
2  18 683587608
16  13 1604359112
18  12 723340379
0  5 468363372
18  4 923826263
18  12 2130271691
16  0 1384063328
8  9 378423083
1  19 473304745
12  4 971571410
3  7 1351520027
3  5 823606918
19  8 1714632977
9  2 50954693
7  8 1162967723
15  1 906035352
19  11 1782963706
17  15 314039647
6  19 136995501
9  6 995217027
13  9 1360367032
16  13 686455768
19  14 1775721663
6  8 572397831
16  17 980481688
17  18 1842618698
12  8 141737238
0  9 657264435
12  6 2145027157
2  5 140868191
18  19 1905295371
10  8 1469462832
14  3 450437111
19  13 342590236
16  13 2073428927
1  9 200323557
15  7 1794424590
9  0 156793355
0  6 1336046209
1  6 118979137
1  9 1431593468
8  15 953826329
9  16 832675215
14  16 732967180
17  12 1110355359
12  9 22984204
11  18 1244023230
15  5 951583427
18  19 1383205192
2  13 604303113
5  12 1745445320
14  17 1822919207
7  14 1456908798
10  8 2085825195
5  3 323251381
10  11 1092199540
4  13 1911072251
2  14 322235743
14  1 1775088472
19  14 994250497
1  11 1151730713
7  1 837077489
6  17 408786750
19  13 2043002654
1  16 390593867
3  0 112267030
7  13 1551571635
9  16 786222232
0  3 705426156
19  4 1529357415
4  0 1597571529
5  10 2070726361
5  2 583277472
12  6 1744905945
9  18 1870266978
6  13 1419636269
19  14 505123030
12  7 949497173
5  18 1896212779
0  14 895799284
7  11 502970675
13  15 1518397722
11  9 131721518
12  4 1088894667
18  17 1017101543
0  16 2064617105
7  4 1824871663
4  16 2114668800
3  19 2006664714
5  6 2096908823
11  9 74530193
0  10 1361867453
5  15 68711800
14  12 1137878660
4  10 1651460109
0  19 209175776
5  15 27332863
0  10 1488452166
15  13 1232696364
16  1 1382156449
14  9 191448683
13  6 1715604123
19  4 1792968921
8  16 831873347
6  5 1057041575
3  7 372961019
17  2 1300556910
12  2 1813775387
9  19 1834686018
13  8 107023289
12  2 1014568016
3  11 847151629
13  18 1378412503
8  11 478321971
2  1 764088573
3  16 1976541355
17  15 497146395
5  1 1092071354
17  16 528147651
16  17 373130466
17  3 264493921
2  15 166617153
12  3 1201706692
0  14 187185488
14  13 1978676443
11  15 1701410099
8  2 757812285
7  14 2014162040
5  11 723130907
10  9 1797357555
6  13 168070419
8  16 1051770990
14  3 873613297
12  16 683471791
6  8 445173292
12  16 1910975937
7  12 986489058
18  5 841233078
2  3 696372662
16  19 1884343838
11  16 2355102
17  8 1414581105
2  8 238648534
19  5 1450383276
8  4 1927680965
8  11 1672678656
8  4 1616066964
19  18 1267813920
6  9 1360407319
8  17 1441193236
5  14 1659310068
0  8 207888569
16  3 2082090908
1  15 1045778148
13  9 908963473
19  13 549389765
17  14 262512512
4  16 187207928
9  10 1273856061
10  14 1533996556
9  16 1937559139
1  3 1738724669
15  11 312064615
8  1 763552145
11  15 1538788997
8  12 1371595642
13  16 1509910662
11  3 1924262508
13  16 12958231
11  15 2014193242
5  9 909465211
2  15 2027735002
10  1 1235692201
3  17 539859050
19  8 556216674
9  18 1172905382
17  5 1172538667
11  17 263360300
18  2 355365579
13  4 327266675
1  0 1807452152
1  13 2016950672
4  3 950942936
13  7 577451393
5  15 1260185572
3  16 2061064227
10  1 1584466321
13  12 504484920
6  0 64602052
14  12 620413736
10  6 77764357
15  3 845758240
16  6 826704208
19  10 404945181
12  11 599157400
3  2 328288438
14  12 506789172
16  3 1594677750
7  11 984245906
10  0 1277166605
9  12 1013932751
6  10 1235551689
13  3 498048766
15  16 164825574
12  9 266181201
19  13 320031126
9  18 1553046705
11  13 1044668948
6  13 696527593
17  12 1712093152
2  3 640234714
7  12 1485450752
19  9 2028044759
1  18 2089620314
19  17 1573648030
4  5 2097374701
2  11 628138849
17  14 1159489735
13  7 1019218933
1  17 1606410138
8  12 1427749772
2  19 691334656
10  12 132644173
16  17 1233900520
6  5 136460816
13  0 483428031
6  13 1199839909
16  5 995771896
0  14 280746492
14  19 611523933
16  3 380849943
6  0 1128918108
19  1 1234242611
0  5 427315574
12  13 608778763
9  2 1656897775
3  14 1060064400
15  5 1739248954
4  14 1756229348
15  9 1774140232
13  19 506179772
15  5 1307781743
16  18 1152535717
2  1 1946913906
12  14 1197907328
4  12 1175389601
7  2 1222250224
16  10 745909024
9  7 1863203347
17  4 1354114392
11  5 1390573265
19  5 817829817
10  13 242308496
18  9 967816263
14  8 1934920348
13  4 1604533149
17  8 1691103860
18  17 156982423
17  9 529711229
4  6 1620466393
16  17 760239962
6  13 401264243
1  12 560057018
6  17 1874564751
7  6 411568873
0  10 196651393
15  2 1589974520
14  18 2039527746
18  5 1909790625
11  2 639800910
5  9 274671395
19  16 1769459667
8  16 1500592725
15  0 1853891302
1  15 453440733
5  18 1141733395
9  12 831343080
6  9 96837181
2  5 1319215115
13  12 872443027
3  11 421179903
2  4 1143889201
15  6 1262618107
13  2 1055101910
