300 20 17 4
0  4 207478013
9  10 1298530364
8  17 1447992346
17  13 654293524
7  19 177021061
8  18 55514928
1  3 1588308819
18  13 579088255
8  4 293877584
0  6 926947814
14  3 1742739987
18  17 1513092679
19  11 1122068879
12  17 616187068
7  18 1089874496
4  11 843697989
13  0 1871918214
6  9 1826494762
16  10 2130652879
4  18 1387791325
5  9 1033381872
2  10 1971429123
9  1 1177480682
19  3 2123941161
2  10 1876798724
3  13 1043568645
5  0 791779600
19  14 1916408353
14  19 1622379586
1  12 1712201115
17  13 1763263969
19  3 426920743
15  0 816685311
13  2 270434015
3  1 508744258
15  6 475858223
5  0 2008464718
16  1 1225842656
6  0 1083988547
12  9 1963085814
14  13 959433203
3  16 1644730429
8  9 846294794
15  6 1973437059
1  2 1873992772
11  6 1132816023
5  17 57534642
18  7 868426092
9  10 818404610
10  19 486014992
0  18 2124911437
4  7 168260990
16  15 1048806127
1  9 1028441555
10  2 304124625
6  8 1920123148
6  19 915526571
19  12 298718160
2  16 90222483
8  1 448063129
18  8 1339232595
14  9 692778415
15  13 406343837
6  4 1198055719
2  19 201205017
5  9 459327743
12  5 331311134
5  2 1163558567
7  12 678769716
11  4 1638689544
19  8 1236708382
2  15 731202553
10  14 972366757
19  2 2096936179
12  7 468561102
11  2 7814783
4  6 502950927
0  4 1330868522
17  2 1141329580
7  18 963698184
7  0 1233095511
16  9 546524428
11  8 1415480518
14  8 1463924523
6  5 1126212083
1  12 651284526
10  14 1438833152
16  1 1264387691
11  7 1591809725
8  4 1548118349
7  3 2106960442
4  18 1687158126
10  7 1070873241
8  11 1971616695
19  16 855303511
9  10 1060556620
18  3 1150261464
12  10 755376186
14  18 103118328
12  6 711643592
14  9 2008892143
11  9 1184463195
4  11 14049170
6  4 956141536
3  1 1157491619
12  6 998502118
6  13 713805798
4  19 62284171
1  9 690780543
8  11 1112020830
2  6 560275092
9  16 1030184548
16  3 422998290
3  17 2063335393
12  1 1275288302
1  4 721712894
0  7 2027701949
16  18 1997214685
15  8 794394952
1  4 1776479841
19  8 2125400296
3  6 1253207980
7  10 207820365
13  14 1915378949
13  1 638053384
3  8 33718672
19  0 210124943
9  10 2142160057
8  6 1833941616
1  2 107859140
18  17 1306648517
14  12 1583028496
15  11 936432731
15  6 1508692835
17  10 569012263
3  0 181820323
6  13 1386287256
16  2 1019820411
15  17 1596470940
15  5 1981408531
6  17 923239606
16  0 1447137638
4  19 1895713729
14  15 1529305798
3  10 42500346
13  17 1000055952
5  14 1039417437
15  8 520075684
9  13 419693177
13  8 1288604588
19  16 395145084
18  2 1124725936
17  6 172120709
7  3 837789082
6  5 1790729076
17  16 2029896953
4  1 466971402
5  9 2043056424
6  5 306127123
17  7 1419726421
19  15 2012802402
17  10 197874908
13  17 163063139
11  6 1645806800
17  1 642555810
2  4 1544462995
10  11 1957545139
10  19 803323536
18  8 1435981825
19  7 1914179375
18  6 1570821323
1  19 1317749468
18  11 1555175399
8  14 1390256576
15  7 283091778
4  13 75010945
13  19 1738967746
1  15 1447748741
9  3 1468065433
11  2 1884224099
3  13 1579799057
13  14 1790371653
1  9 558138800
14  10 2004084150
2  17 807313475
16  15 349621018
7  9 1679613711
10  14 928526907
11  13 585669640
13  17 323755230
19  6 1581587475
17  13 464209362
11  8 1288150179
10  3 762542035
2  0 320242058
2  18 185265296
11  6 1726516973
8  13 1923401367
13  0 974447716
15  9 1809585726
16  13 1410003457
9  13 1467271059
18  16 1921327918
5  8 1618242982
18  19 1723983786
14  19 1091567677
15  10 117461728
4  16 74040367
10  2 1608465410
0  7 321807088
2  8 1395161868
9  15 1727784219
1  13 432302938
8  1 932134396
11  14 735112911
17  12 1200563805
13  5 1882067633
5  7 1058099606
11  6 20808162
1  4 460175550
19  3 1734802549
5  9 841322933
19  12 702412611
17  16 1597031635
4  17 628280886
18  5 2044624476
14  9 1261802266
13  11 2044071800
7  10 1389317283
19  8 918596192
10  14 342590915
4  18 2001902274
4  7 677985254
6  15 1186483006
7  2 220611189
16  11 1865694378
3  6 1436513272
13  5 41063984
9  19 1291456825
11  6 945879093
10  1 146224609
9  6 524068147
19  2 1044941820
9  11 2110120785
18  2 1774771822
17  9 1034824762
19  11 1211004348
7  10 1005328702
19  5 2044740047
17  16 405338804
8  3 2013991806
7  1 1714867603
16  6 753321738
6  13 247540761
4  16 1584035499
8  0 1094405364
13  18 806675176
6  9 1965103790
3  1 1467088955
13  18 1346127579
12  18 1405288998
17  15 261348488
17  10 2105935103
16  9 335080201
3  9 1380414588
13  14 515912005
4  1 1544805859
4  0 690339734
4  16 1980614645
17  11 410242892
10  19 967757646
7  18 1170093865
4  15 430543270
16  4 82030601
2  9 2132699669
3  4 528141884
17  5 365958289
1  6 1893138517
6  5 1560499919
9  5 108055201
10  5 597054973
13  3 421847745
11  2 1987470166
13  10 751556706
15  3 307868452
19  15 2061070094
17  5 1211436666
15  13 1419245030
3  5 1557604990
15  13 2055821742
17  8 316202167
15  13 19039471
15  3 1421007919
18  16 204125841
3  7 1940188014
16  4 321859640
2  19 1081189145
16  9 934999641
1  11 673898941
16  17 640489597
