300 20 8 18
10  4 1185882470
2  16 781000501
10  13 1979029130
17  18 946312467
4  1 1120797768
14  3 1728993165
1  0 61033610
8  2 2054155837
13  12 1319464158
17  14 307027764
19  18 1033758350
19  1 263063500
18  12 1172588386
18  13 1508546624
16  5 670324210
6  19 1055583120
2  7 519193492
6  4 74654536
11  3 790641911
14  19 398615240
4  10 4802872
9  14 286261785
0  17 436256709
2  17 1495157012
3  16 427648084
4  14 1585179595
6  4 1738178739
18  6 1709244306
13  4 256109598
11  9 894076969
18  6 1675723045
12  5 2080753744
15  5 1178263393
3  9 320246636
14  16 1545139709
0  18 1854786069
15  3 717637360
16  7 1016109923
15  13 1118077754
0  16 1885839209
3  17 1131890443
11  0 2082708779
16  9 215251510
4  9 1677999947
5  8 1554833649
10  15 1762582782
14  13 1566425077
16  0 606441606
0  15 507342822
14  6 1565364963
6  2 1411017795
5  4 102938223
3  8 44843861
7  6 1852381583
9  3 2062454628
6  10 1793761313
4  11 151887854
4  19 296675077
5  19 765017813
15  17 2104045206
2  6 612215610
12  1 385416730
15  8 1291545782
10  12 1516965509
17  16 1394680025
8  14 1923755336
14  5 1528207334
6  11 2089552736
9  5 1720111802
15  0 143333916
16  0 290924206
11  16 2037729983
1  17 368857873
3  5 1383094940
10  7 317371972
4  11 512689302
0  15 2133779527
19  8 297455556
10  5 1252216959
2  0 256346457
6  3 1735091843
9  11 2071328108
16  2 2141107346
2  15 604702586
4  3 1287634136
4  14 2035371842
7  19 260958822
16  18 1789251683
8  1 1501708358
5  6 1978357604
16  18 1427404965
3  7 1562609972
17  12 436680053
1  11 508248491
7  18 2029387847
19  14 1564023735
13  0 1988726929
13  0 2114841744
1  12 935834372
11  9 357424753
14  5 1753102238
5  18 473242418
6  17 1282216071
5  14 1017488203
3  1 1402741274
17  6 1189514945
11  13 1074416291
0  2 2009829190
2  6 1336370376
3  11 1470215958
4  3 21358753
3  1 957655983
3  8 1666853683
14  4 1928394901
7  17 1909398859
10  11 206122408
6  2 967183392
15  7 1935402000
16  9 536577963
4  17 518745531
14  17 488866738
11  16 186872365
2  15 1708996809
6  10 626997955
3  12 603723357
4  5 1986928273
17  4 1361319345
0  19 102523867
2  3 1459574259
14  13 1150582165
0  5 1865155575
18  10 593306839
9  2 1817207345
0  9 1002820800
1  12 642838848
16  11 1376882847
10  5 78388184
6  10 861975872
11  19 1247621199
2  19 2069120619
17  8 859651451
2  18 1528942922
9  10 1551231921
19  16 637882147
7  1 1307359405
8  4 548128410
16  8 966609677
7  2 1529244205
12  6 2101632901
16  10 1822864884
1  16 1170927376
16  12 951141921
11  1 619734035
11  9 518105734
4  12 341670107
12  1 715385221
19  17 831509104
2  4 1411055519
1  8 1378335087
14  4 1334410378
13  14 323688252
14  6 1672699117
11  3 845101355
18  4 782505965
3  5 1751019868
13  15 731497365
9  13 183279459
15  6 1666855905
5  16 822247476
8  16 778823939
17  10 579376981
14  18 1082603544
4  2 701504337
1  16 1152070339
19  8 1733882495
14  3 1367767114
1  7 637977185
11  12 2084187405
8  16 129561213
19  7 260151848
1  14 1013661874
3  9 430632286
18  19 1230685056
5  2 973651935
1  6 280346537
14  4 1426332742
19  6 24496688
14  12 397819327
16  9 1521036799
18  17 1671955193
13  11 397993588
7  9 1135340970
7  0 119565301
17  15 984705162
8  1 1890447837
3  7 841267798
1  6 1379149603
2  12 890382748
13  14 1021851583
1  12 1021006059
4  10 1258239886
16  15 227324517
18  13 1023028042
11  4 1691448166
15  8 1726743003
14  13 566895369
17  13 1084148654
1  5 270034795
0  2 2072270319
7  14 1650848216
15  1 726966986
2  0 928055974
19  2 1467475773
8  2 1374094450
6  16 300259817
4  17 836831617
13  15 1927127342
11  1 1047898684
6  4 1296200832
9  0 275401169
11  10 868418858
5  8 459486478
13  17 629974462
4  19 1483321916
13  9 176759143
12  0 1882874977
18  6 565513254
14  7 1703057628
7  4 1881642147
18  17 1681396728
17  9 434809214
7  14 1385154553
7  16 348025402
13  15 252861745
12  11 1583217595
0  4 1823420978
14  12 1796917862
1  19 1350784081
0  3 1339001005
15  19 1191454951
1  13 1374924350
14  17 1530147930
5  4 32991369
14  1 1247357192
8  18 634776097
11  17 1797893761
16  14 1237526394
10  14 396355231
8  11 1980937158
16  1 723078801
9  19 1201176639
4  9 1960152012
4  14 1574029695
11  13 1739796372
7  11 479362730
16  5 337483477
7  17 652593043
2  12 1908927080
5  2 1152519963
5  1 1795347327
18  9 732956154
12  5 2045974821
3  8 34257562
13  14 1434830240
13  4 876325993
15  1 1933426753
2  19 525072268
8  1 308964425
13  12 1595607578
11  16 923459747
4  11 999182856
4  14 478627146
11  14 55932029
5  15 1493120790
12  19 1902394968
10  0 857101733
6  0 877463061
18  6 1032748357
1  9 1289145156
7  0 1317153946
4  7 525482983
3  9 972975045
0  8 1404432886
19  8 1422885527
13  19 959897159
8  9 1106564491
3  13 1016732583
5  9 1148637908
11  3 984118478
17  4 467145774
2  17 1649499885
15  16 1401231507
19  0 745431014
1  8 672670234
6  19 1689733878
11  5 1232447775
0  16 1190668527
4  13 495519228
19  3 425850763
6  11 903066449
