300 20 0 15
10  15 249244075
0  6 1826739958
18  3 1093568449
2  15 1132178360
1  0 1986493326
7  15 1929056373
7  16 657626643
11  5 1822289748
17  7 155065037
9  11 1204168290
5  19 1036405604
9  0 1611507967
16  18 699008555
2  5 652699650
19  18 542264763
7  1 233218393
6  15 471910638
8  19 1557219910
4  10 832778983
8  16 1997156200
3  10 886466886
18  7 1326290839
8  9 56388183
3  9 18663897
6  2 1450365150
17  0 1978343170
6  5 1747278121
19  14 1447891458
19  18 1749105624
16  13 744305950
12  8 843151752
5  18 278540400
17  1 193674260
18  8 1509155510
7  5 761871383
0  15 1223660606
16  4 74140866
14  8 1284388347
17  19 1880315158
2  13 319235689
19  3 1600552285
8  1 935588509
12  2 794673765
4  12 1780068663
19  1 1834776442
17  0 1511694033
3  10 2019764790
11  5 580117945
18  5 2113292577
13  11 420444987
16  1 1202888414
12  17 517274248
2  16 1780686818
10  17 1935973821
13  17 1861260886
9  16 2020681368
10  18 1471779437
18  15 1698948681
18  13 1094738760
15  17 378256022
0  4 977601301
3  10 712945410
10  17 1796424796
0  7 46004121
10  18 1523209007
19  8 223051009
11  7 519616011
18  13 1534787142
9  18 555308307
11  13 972872306
5  19 1674256172
12  19 1718026643
2  12 77238246
8  1 1734198113
0  2 820549154
8  16 2107272217
8  1 753058660
10  11 468530264
18  13 1780985098
8  13 1933223459
5  4 426386558
2  5 531573728
0  4 1514554083
8  13 1679076674
16  14 264819033
3  0 1434312136
0  17 641682912
18  9 1643485454
2  8 1026334138
15  19 5618010
17  9 236746288
0  7 1790017787
8  3 1015001322
17  13 168970504
13  17 1673798809
18  0 182168719
11  5 91914124
0  16 903132788
9  12 270530148
17  11 1392050028
16  8 1346763325
7  16 1196070929
7  3 741396117
4  8 952062112
3  4 130794116
13  14 1495243618
11  8 1460895459
3  17 1360630677
3  7 4309364
16  18 2037057685
19  8 1730533330
16  3 1059717815
10  11 2072413594
19  15 1134776333
5  10 1001013735
15  16 1647792507
0  10 805466904
6  17 497317392
9  15 346094504
17  8 1419538159
16  15 219166915
18  3 875842620
17  5 455746328
0  4 1446816584
1  4 1513673883
15  18 1653682930
9  8 1380536100
11  17 1314798004
15  2 184859247
15  18 973444576
5  15 392019935
16  10 2017354517
0  1 1831325269
13  16 939934301
7  10 1743003568
10  14 701945622
11  16 1160194786
4  19 1728293978
1  19 1300369255
17  4 1635133886
12  6 300475399
5  2 889464081
15  5 1093777309
19  14 1938048124
11  15 2090213584
3  17 857278255
18  12 1689581185
15  19 1822017979
11  1 1876409760
11  9 1602066266
16  1 607344851
13  15 769778565
9  4 835884
7  3 1617822572
0  17 2115263444
10  4 18808451
4  18 883618700
16  3 234999700
5  8 1202177273
14  8 1071618654
14  11 1926754986
18  9 102444028
12  19 61750730
8  10 456887564
18  2 1730011329
17  16 1617681145
9  10 1530234263
13  17 1002010095
4  1 62677090
9  7 1988144960
6  5 876403637
11  10 930333528
6  3 1048879080
2  12 373374117
4  5 1115298266
11  7 896061115
11  5 1951264207
3  9 1591593187
1  19 1413655885
1  3 19351994
0  4 60465202
2  8 1554280835
10  6 694584289
4  7 1684627159
0  19 1800243061
5  10 294293675
3  19 998795165
17  9 1627072585
5  10 1242382869
3  6 892587681
0  3 203944254
12  19 2112526369
4  3 1778013969
0  9 424874965
2  14 1182619058
10  2 1439890326
1  18 1560049617
0  3 1892914973
3  9 1967508785
5  0 94135296
11  7 1415319232
14  11 469927435
17  13 892040462
0  13 1525034957
4  17 8187683
10  12 235032075
6  0 1805979794
2  16 340625017
4  13 471220382
14  11 2597951
6  18 1983268494
6  0 832535172
13  12 395917546
14  2 1115150316
1  19 861068027
9  17 1011009231
16  14 2029516708
14  9 405936863
3  17 1382458287
2  9 79010977
0  16 2061581539
5  12 1551156295
3  7 1978947870
7  18 906757149
8  7 1387898869
16  5 1011079541
3  9 546580970
3  12 1495004381
8  11 890977749
19  17 58443391
11  2 47674783
15  13 1680537837
2  12 888702434
14  6 2024751892
19  12 1383274677
16  17 927144180
13  3 850415285
16  4 1520242748
3  4 348162915
4  9 1508642644
10  0 1508756947
8  13 1794292931
15  19 2112235168
19  17 1634895775
17  0 1645065233
9  17 1437047402
0  1 1075222435
8  1 380469614
19  12 781241920
4  17 809769887
13  17 63616558
8  13 2004329892
6  15 949365941
17  2 1258485376
18  3 405757447
16  0 1725398040
11  13 2122374578
7  16 751561253
7  18 2071282222
17  6 1546218502
12  11 336191721
2  15 699593792
18  3 1457114231
11  1 237926048
18  16 960213191
19  3 1693231928
8  13 1566776519
4  14 1855735930
18  9 1346077389
9  18 1934940390
9  16 1763431468
11  16 436366383
5  17 1587218161
15  8 110230102
13  6 701163773
3  15 1819505176
0  14 617578400
10  15 1816912139
3  13 659062671
12  19 160786240
9  13 1973933673
9  2 193089300
9  11 938564385
19  0 1073198584
7  12 1785642034
4  10 1868297624
12  8 2124966872
4  12 71256529
14  3 1955716302
18  17 2053252893
6  12 724254938
2  15 1403778420
4  19 446643874
17  6 429315245
10  5 711237368
0  5 1651543663
11  9 418898406
18  0 1182456360
13  6 150420749
15  5 977434194
