300 20 0 17
18  19 38519422
6  19 107586938
12  16 1867273557
10  13 1739900474
17  15 550316993
2  8 1491429773
8  2 560180747
15  1 403121257
12  1 1963247009
8  5 246597210
13  17 1748685842
19  2 944384251
2  19 1744880669
5  4 1818125444
1  2 532930509
4  17 915462652
6  1 1492585071
3  5 1771890861
15  7 146582227
4  12 2025024184
6  9 1270728303
15  16 692353650
18  1 1627465803
4  13 437675842
17  16 1057637904
17  12 707652863
6  19 2104766196
15  17 1344901401
4  1 384990652
13  18 855817022
1  14 808194510
4  18 359143863
13  11 1307677925
8  7 2131012060
3  2 724361982
10  1 1495172117
1  2 1635474238
3  10 106969791
9  17 1956034515
19  15 379993593
1  12 1714181128
13  9 1362577959
2  13 1465782086
7  17 1060822195
11  12 730381439
13  16 681738881
1  15 700047129
19  18 856835745
1  9 888387497
3  0 1410131165
15  17 394553466
19  17 771043738
14  16 2065497048
10  19 884441360
12  18 193487849
6  5 1477986132
2  9 1679139561
2  3 1985331458
0  8 559624436
11  15 581232042
3  17 409481498
6  1 540244919
15  13 324847929
6  8 1497421869
11  0 112077202
17  3 1169948309
11  14 294092439
14  17 737716079
10  18 1515043202
16  11 740645498
16  6 829538493
5  12 99441876
3  6 1362292324
11  15 615380852
7  16 194778480
9  3 2027776540
5  3 2067510430
17  0 1291139897
5  3 724207836
12  18 323843169
12  10 1997596364
10  11 332600485
13  2 1049675470
15  18 1571223367
6  17 1113235322
13  5 1936006277
17  5 2033678604
7  8 758488017
14  12 1928360486
10  0 2071021064
18  3 5650811
15  11 1478659609
7  5 162440067
13  17 604393264
11  15 1521018752
15  5 1272768369
2  3 1609328780
10  5 481756527
11  8 736629576
17  13 1680454776
14  12 1263803858
17  3 372578451
14  0 1168655596
4  9 694411098
7  16 1049903702
19  7 2080181219
8  4 1941905815
5  14 1602838795
17  5 433343825
10  5 359283228
4  12 1917353193
8  6 1426262617
6  13 784147064
17  0 1858609785
0  17 170148620
18  2 871973323
13  4 1352079225
7  1 2041156400
1  16 176770154
5  8 506429468
12  5 1610366612
5  11 1363810938
18  3 1625286109
15  18 2107015281
9  4 97358059
17  4 8577102
5  14 747601904
8  14 362984274
0  11 1290782135
9  4 1908634364
10  13 488864781
9  5 1950605086
19  11 559467254
1  3 1730300175
6  8 1715696972
6  14 2087849072
12  8 1840314075
2  19 783841173
12  5 2062019961
10  19 1491040330
10  14 1882096193
8  14 2104797633
7  11 719165547
18  2 118170976
15  10 1341001320
19  13 2071739895
1  8 1216851026
0  5 1456165685
14  8 1772043672
7  9 351367882
2  0 1168113550
0  6 1472221001
3  5 334405124
15  11 1800527843
1  19 1700241257
0  9 870985134
7  4 257760977
18  1 1627211779
5  15 1569172979
4  17 270718219
13  19 536439615
8  1 2105079943
10  16 995613236
2  3 1386464418
10  18 608092628
0  12 268780447
5  7 1210005034
10  19 1098729423
13  1 1907837097
18  16 1091305586
2  7 1926648932
0  6 1862619496
8  3 98010106
17  9 1528353469
10  2 1426831778
14  13 1733573016
7  4 1412017328
14  4 1536067109
1  19 734915479
7  16 1136991219
1  18 1035527489
9  13 1618639623
2  9 1448799859
11  14 552877246
14  18 2036832610
3  6 205313374
2  1 747307400
13  15 1903913362
11  14 52012219
18  5 1810827341
3  12 1552222745
7  11 1313743155
11  0 454876481
0  18 438919115
8  4 1091662160
19  8 163845437
9  3 1972037240
17  3 733081856
19  10 57166117
13  14 1472917106
16  11 709637177
11  14 29734680
15  1 870345355
10  19 901884205
19  13 927629413
13  17 1178093470
2  19 1967754533
5  13 134166155
14  5 511149654
19  16 434893448
4  18 2116332678
14  17 1288635853
15  3 1878046572
3  17 546530542
16  2 69763221
13  2 1141849604
9  7 878101692
16  19 2057354191
15  18 144915746
6  12 1634261058
9  13 1354174943
11  5 289686394
18  15 1446719443
9  1 1466047438
1  15 1195397778
15  18 1547999557
3  16 995122875
2  11 883705490
3  17 386849020
5  14 211947129
6  18 1638805629
7  1 321355595
10  4 1753004091
12  4 1058987112
1  2 1168175067
15  1 2020171900
1  4 191916504
4  8 1470248016
11  1 1200400048
11  2 1054225982
13  9 814086026
5  12 2015213860
13  4 647407732
7  4 1329833551
9  14 43189229
12  3 751910171
4  5 564629946
15  1 371127604
9  15 645403631
2  8 1640838470
3  9 2142302274
13  1 780151087
11  2 1634735462
17  5 2093167834
13  0 1991282616
12  9 771106078
19  0 2041335675
14  1 1405855414
8  7 1082601394
16  19 168680874
2  12 51610836
2  9 1187448110
13  2 638750352
15  3 1628371345
18  3 306993822
4  12 1396815129
19  7 695918557
14  16 1268376163
0  16 1474706306
6  15 1553626992
4  10 1529777801
10  19 997712753
0  19 1076288082
16  0 1933280700
10  16 876076163
13  5 1982109961
9  0 470664146
19  10 1961548076
0  11 1596645434
1  14 2134515823
13  17 1055638266
17  0 1488230230
4  5 1296828572
6  3 966093764
17  0 171607448
18  16 1976014205
13  19 521820858
1  0 1214987028
19  0 2057465445
13  14 1142822228
16  17 998371580
10  14 739369306
9  13 693798441
19  7 1829205249
6  1 957316897
6  0 1197692547
6  9 850161939
0  3 333498323
8  1 890333850
11  0 524077738
