300 20 4 6
9  15 2123908584
15  8 1869426005
0  6 1688599340
15  3 74614702
17  9 786086618
10  2 2000857458
19  5 1985899894
4  16 79028406
5  3 1621028659
6  8 1370907546
8  1 1688758002
2  6 1847821333
19  9 1754760551
1  11 489890184
14  2 640523510
4  15 1342688734
5  6 2129139002
3  15 1243070869
6  3 147886344
9  11 2064741906
19  11 1380162359
9  5 152927679
7  3 970102092
9  15 633078228
18  19 1193618478
3  6 1771755043
9  11 374468559
5  4 1751555374
8  13 2717145
4  16 1258867970
14  3 745314493
8  14 151289720
12  9 1551404236
5  13 1008053652
15  0 223928715
9  19 211627327
18  0 591460815
4  3 394193004
2  12 1625235316
13  11 1195704836
5  11 1925444157
1  19 214897029
16  10 1041408461
15  12 1163105995
8  5 430555734
18  14 466620566
4  14 1139631086
6  8 575811766
19  2 828808006
18  13 1968342589
1  5 1252870521
2  9 2077734929
16  8 573981018
18  5 1805788571
16  12 317498338
1  4 984276148
3  0 1359044210
7  19 1485058391
19  0 1699623182
10  4 1571311282
3  15 1281524277
12  16 1615844472
7  9 2107113551
10  2 620894611
3  12 1150130116
8  15 657634759
5  18 1284267958
12  9 934306495
0  11 1749754633
1  8 984312818
5  2 5724909
8  13 366128888
17  5 1910694042
17  15 172817947
17  4 1124889266
10  5 2045578654
14  4 2085506316
18  6 849090746
8  1 1589104091
10  14 1993715185
7  1 1076206604
8  14 889048735
11  4 2061454737
17  0 540207188
11  5 2003216084
14  0 632114681
12  13 1731517367
7  13 159004717
19  8 1138786897
15  1 1313843339
10  1 1289637591
9  3 1918522155
4  10 618803721
5  6 1238290714
2  3 569089728
14  6 329673071
5  4 792274820
14  11 1632237222
13  0 1842683461
6  18 1067056881
1  15 1919224580
18  6 2005958742
1  0 65497296
11  19 1388986439
13  6 1017916484
8  6 260455685
8  15 85776506
12  4 973881668
10  3 404044313
17  11 571967737
3  5 362449919
1  17 525296378
8  13 319242651
0  2 1371435986
16  1 1998899513
8  1 1381388937
2  8 1375869865
1  19 895459830
16  17 1969326455
19  4 289332307
14  5 1070791717
2  7 1537528364
14  7 1955808695
18  0 1612282323
17  4 554024499
11  1 1702550945
0  3 2035800113
13  2 1612699102
10  7 433286105
7  13 1276067462
14  15 1073695546
5  7 705196052
4  2 1814853360
11  5 1646746540
4  16 899288028
10  0 1717848221
11  10 838151872
7  16 1157058211
0  5 1503372296
19  1 210830752
12  19 2083547278
14  17 1823113839
7  17 337235448
17  7 1823953043
9  7 1018827461
0  12 1071535428
12  5 1095651876
1  8 60812325
17  5 927447630
16  5 303176052
17  0 1353546998
12  18 811889442
10  11 868161805
4  1 2034130788
0  1 1828844061
14  11 540856863
7  11 895307118
10  11 317382435
9  13 1983828133
8  6 1640866202
6  5 1772941267
15  14 1487353932
19  15 1293754812
13  17 1541968792
10  17 1847805777
18  11 175692642
10  1 1802829457
18  0 448129771
4  9 1712974350
14  8 2111362177
16  6 1233854793
6  17 717242204
5  11 1887476739
12  13 1067778482
15  13 1234086963
8  3 656367237
2  14 1793641945
17  2 1956099044
11  13 1700554511
6  16 401972176
7  10 2047145976
5  10 598378420
2  3 1096083654
10  11 882630009
10  12 597282867
3  19 1211725415
12  9 453586784
1  7 1314783272
9  12 1116658299
14  13 576644598
8  10 228668017
13  4 185490167
3  1 1588088824
15  3 1667682080
7  1 1180098698
14  12 1800455021
5  1 739001564
11  19 1562098027
8  18 2000192576
1  2 292522179
5  8 1872977329
0  12 214927031
9  7 1743016214
7  8 1752190568
9  15 704045764
9  10 31495017
14  12 211779153
4  12 1715391777
16  9 2097004438
15  17 600774089
9  12 1497058480
9  12 808297921
19  2 1922743478
17  8 1514930943
18  10 201355032
4  2 117307914
16  15 2120943668
14  15 1612807103
3  14 243181014
19  7 2044096971
4  9 423945134
9  14 860835829
2  9 630906931
18  9 1339745256
10  17 1847837406
5  2 1741645144
3  17 1969389780
0  5 1170195888
8  1 2035771530
12  17 452954506
1  13 1394796950
12  8 1206883975
11  16 1659362732
1  17 1608711424
5  1 1340746771
11  3 391562779
15  4 1761898755
19  12 941434980
18  7 1941011926
2  0 698786540
5  9 209572893
10  11 1577207354
14  8 874883032
17  2 98679342
16  7 1384395249
2  10 476437387
6  14 280035238
10  14 35919459
19  15 2044184822
12  0 1421114423
1  9 1633402206
13  2 300712513
4  16 1352997022
14  9 1680826129
17  15 1340233879
12  4 1281540656
15  5 901977734
18  13 1451477921
6  17 1305402627
14  12 1487143145
3  2 1582635895
17  2 995689007
19  4 504533839
17  10 1504734036
0  9 286407627
10  7 1764257191
4  1 1769106415
3  5 1184673102
2  12 1985219840
14  4 1728900644
11  7 1259897399
19  17 1062862058
7  2 1843049541
0  13 1032285420
3  6 780468268
10  6 864315831
2  13 540331385
13  6 1146169492
4  17 337420263
7  10 2083821557
9  7 595638209
3  9 2001327497
8  7 100548221
8  9 1091035010
10  11 1745030350
12  18 1559225695
2  10 877847309
3  9 1266459696
4  14 409223459
11  10 485665105
14  9 1052402779
18  0 1568090187
16  7 797890365
2  12 2104878442
12  14 2073678763
15  10 1157817629
6  1 1581172691
16  18 969333177
15  13 1997628707
12  10 914157825
