300 20 19 16
16  8 2026009378
14  0 1500257016
5  17 65312876
11  18 1598558589
9  4 2105045516
18  8 676789377
2  3 702546998
16  9 1043448284
6  4 1707015514
1  17 257603687
6  0 1892656056
3  12 1078152147
19  10 503948070
3  19 589692309
5  17 532436330
8  19 503238789
6  12 1866618446
6  3 472257904
1  17 613004267
10  8 471912647
7  16 2011349330
10  11 405475752
19  4 718177076
12  16 1165095997
18  8 1896551635
19  8 1453273168
1  14 474652771
2  19 427641260
7  12 1881854994
16  0 1586358631
1  4 703411095
14  3 969577671
10  11 854897979
6  5 1880303072
7  4 409804178
10  13 1927539173
18  1 156398738
2  9 1262799933
11  7 395759679
14  12 1212971376
18  17 2129369159
17  14 933818737
16  7 393562368
10  8 1684077290
19  3 1023233196
18  9 1331670388
11  2 202259500
2  6 229554571
3  18 562232080
17  4 751084869
7  3 1107411810
5  15 553364353
1  16 892343336
8  18 1691646118
19  4 959494618
6  15 375488432
13  10 1375346592
8  6 1421715567
3  7 1940757409
15  12 1517011481
17  7 215189319
8  10 1534031098
10  9 378083257
8  15 383631110
1  13 11332119
1  4 981309356
6  1 113939446
13  9 129111959
17  14 1623071985
16  17 2146222393
18  16 831070211
16  10 439008592
2  19 2036429494
3  14 597800837
14  19 1334890071
15  3 1688322630
6  0 935097208
9  7 1698001799
17  19 1932321016
4  2 2071539148
11  15 1027570210
6  5 1115484955
5  4 823513164
2  6 466489143
1  5 950425648
3  18 483701328
14  11 1815963863
10  6 91897021
13  16 460279582
13  10 231902838
2  15 574096606
16  1 1241236117
12  14 1745856571
17  12 411199411
13  1 2009794831
12  6 1133290702
13  19 1782663415
19  1 1481448386
19  5 1966988653
2  16 1097635025
1  19 1784604907
18  12 408132718
5  7 1591192433
6  12 1818126539
0  7 267676974
7  2 1526153427
10  9 1333767451
2  11 989316289
7  5 922763205
2  12 32275491
6  17 405330520
13  1 998705702
14  10 1636005016
11  12 1291648930
13  3 1595778907
16  10 395873292
7  0 1213619152
6  5 1295997956
6  11 1214388841
6  1 73668450
7  12 636063410
15  3 1233926259
1  6 1413678689
9  3 1742924995
16  18 225773654
2  4 1942074248
3  5 1136155588
8  10 1553867171
19  13 1481526177
14  17 1163376223
16  2 1699430021
13  7 846324397
10  9 618139281
3  5 445373325
4  13 1272659011
10  8 754215401
0  10 537257945
14  12 990297302
15  3 1546016296
14  3 284786877
14  0 875690405
1  14 1951448917
4  2 743711739
8  12 580825122
16  12 119079508
11  2 922378984
18  10 26323762
1  0 2067665157
5  11 450725867
2  10 541814306
16  6 152408857
11  12 1114355673
6  16 621100737
15  2 1029366364
11  9 353058398
4  0 295864708
1  18 831907435
9  8 113529998
9  18 773578332
1  9 114381862
16  14 1913262527
1  18 719916479
13  10 813237375
7  18 1801211646
14  8 1721184524
15  5 578892837
10  15 1358039048
3  16 1113414564
14  16 1503380668
11  15 997506567
1  10 1073840363
13  6 1233243396
14  11 1943568179
3  14 404379474
18  5 1029192366
4  2 1084089242
15  17 388636157
5  9 241589172
7  14 1158080617
18  11 568087899
15  17 1407313998
14  0 1796096423
16  11 297414603
16  5 947727161
5  15 1031343485
14  0 1846319789
2  14 2006516553
16  0 849114738
17  8 1872872275
12  10 952822663
9  18 1108717441
8  1 277374786
6  0 2008131217
12  5 698231188
5  11 2099365153
15  4 464235318
8  2 526080582
12  5 532347464
0  11 230163862
1  0 1629383037
16  17 2028079389
6  4 740171578
10  8 865959591
10  17 271651323
7  11 2113471953
1  3 2008984356
8  1 926781201
10  5 365391932
17  5 774245801
2  12 1080382684
19  2 165211625
13  4 1313623609
12  3 2106493065
19  8 561521934
2  12 232170437
8  0 618157452
17  6 611777302
10  5 1520102125
16  13 1850636061
16  6 608582302
19  14 1894516041
6  1 849327950
8  2 541845631
3  12 1544327807
10  16 126079054
17  16 150571112
13  4 1332866318
16  5 1328796452
18  14 1066359096
10  5 1786670363
16  5 800513407
13  17 134473278
11  12 1022065181
6  17 1557537151
6  14 1843892132
3  17 303166095
3  5 1429425321
1  3 1233566907
7  4 1579125393
12  7 1021425479
7  16 1139204340
2  17 68225046
17  8 1837550474
6  18 1453142625
2  18 1425424917
5  1 1160119835
12  9 1200573392
6  11 1694508581
9  5 1833184824
10  8 1478239718
7  19 797714513
8  11 1529964848
16  7 1238664267
1  14 425274363
19  4 929192686
16  8 22350774
0  16 1899638951
9  1 24289451
19  16 732275073
7  14 93550960
16  17 1321639602
14  9 970274862
5  2 1392894166
16  1 1462846556
18  3 1624762271
9  10 1864334103
1  2 2042131388
1  6 295472803
7  18 864886420
5  3 2115798202
1  14 566285351
3  8 1700995725
12  11 1038894734
3  7 53367799
4  13 1138563439
5  16 652437705
4  19 534049822
11  1 1402760173
2  13 1995527888
10  18 52214499
9  8 1987786012
5  0 457194530
7  9 514469259
16  4 575174617
5  7 984747921
13  1 1636769971
8  9 1158352474
14  7 1513802421
12  9 770577930
10  7 1812868150
15  0 1450366843
6  18 1544784452
12  11 1479808439
1  11 574167274
19  11 2078967497
18  19 808021666
5  0 1915220441
11  0 1357831780
4  12 609761966
11  13 505879598
