300 20 3 6
11  9 653034368
5  14 189496714
12  4 1390940339
16  13 804477737
16  0 2136309410
0  5 179135384
15  3 830220194
13  5 2053533298
15  5 1187996545
14  10 2053573400
2  5 2011203243
0  13 477430874
8  12 903909069
14  1 77629887
1  13 1787464584
5  8 1241425481
6  17 1640472170
17  6 272624527
3  18 1331718288
17  9 1996090369
17  10 1437664654
16  4 1213550190
3  16 21136821
18  4 836016728
12  16 2087522359
10  14 1519521191
13  11 1103499505
5  14 1347710231
10  5 289723716
1  4 883293703
8  19 2105567045
16  19 1505468054
9  0 1846985869
19  15 1814877305
16  17 1544748330
11  7 1340376699
11  1 294156681
15  18 2021132535
8  18 169842247
5  3 2108294654
7  15 1719137480
2  13 1502824552
2  15 734806712
3  12 1499116429
4  9 2054541816
19  1 1335901016
9  7 1659148877
5  4 232854679
6  11 1015999466
4  19 849393065
9  0 1204425264
18  3 548196899
5  4 1257319128
10  17 2043274632
1  17 1436417493
13  4 2119872529
0  13 828274753
0  8 1959691639
18  14 1690645701
17  8 1098261010
7  14 1549524033
3  18 1457848849
7  16 1720125181
9  0 157844376
14  15 809028013
10  9 855160060
14  16 274919041
8  12 164834456
18  8 925833576
17  16 1726627458
9  11 205658569
13  5 64597185
12  14 1637978014
9  5 1850393537
19  7 260744743
3  16 1470315521
13  17 1699979250
9  10 889265949
14  1 1602936978
19  15 1233174901
17  2 1749603332
5  0 1549448858
5  18 1990485488
3  15 706501287
11  2 603626845
6  19 797745536
16  1 201143466
6  18 1272208605
14  4 1911336551
5  14 2031783606
19  6 886604895
6  11 1980343955
18  17 422154
0  12 1919071891
17  5 1281966089
2  17 494771104
15  19 689358738
3  16 1806138866
2  9 1106919302
14  13 611235499
5  2 1735165411
12  18 548600651
11  5 1378419767
15  10 1983424863
11  19 1686899930
15  13 210521225
14  6 1007363959
6  19 1629677958
1  10 1945996837
7  13 370375672
16  0 605747661
10  8 1010667732
16  2 1808177624
11  12 421353043
3  9 1492635291
9  17 2048194704
3  2 1414785651
5  7 80270946
3  15 580084566
8  4 1925900508
19  10 1455835032
4  2 849156928
0  17 924804607
15  13 415519602
2  19 2119728562
0  16 1002699922
1  13 1558067581
9  4 1651535724
14  7 784485261
17  2 895470429
12  3 1266420383
3  4 1938102610
14  12 545780364
4  11 1768192991
10  14 95508818
16  3 1643921020
9  14 1959252078
2  10 250966060
8  0 77667934
8  1 472644946
2  8 305237480
6  2 1179090988
9  0 1889217247
14  9 1456433938
7  13 1628766355
16  8 1178477244
3  1 330175919
6  17 450832343
13  7 127679167
0  7 8004521
12  19 1712904892
15  0 1371177179
8  11 147937589
19  3 422477294
0  3 367220712
1  14 1106469352
5  0 445560577
2  14 704425516
12  0 1883402647
6  13 1619178935
2  14 1489168157
5  7 1295301169
9  19 379075261
13  7 1847246236
8  12 1090171756
0  13 2083159072
13  10 1976428531
1  15 2087629088
0  9 530381644
8  14 402828697
15  12 81659563
5  18 1743712183
12  14 2018639196
8  12 1092572778
3  19 209921473
16  17 1357946439
5  11 645547453
7  11 715805837
17  9 430926148
5  15 1678352029
14  17 1964400394
17  12 1286739624
2  5 1043735960
12  13 1044532914
18  11 1940050041
13  1 315251429
11  4 1220606840
14  10 1380049271
14  19 1598887489
0  11 240711746
17  19 719288740
17  14 1831088928
3  11 1391216084
4  11 600859536
5  11 719442253
7  6 1113006529
6  2 636849167
1  6 556809608
18  2 1971713002
12  4 30982284
15  16 1577958114
2  13 533413731
9  13 565226809
17  2 616585316
6  10 1108752818
17  16 1009450613
2  0 787813906
16  14 296006695
5  17 258154877
4  14 1424197467
16  12 457175967
6  12 515652123
5  12 2071857777
1  12 1126916168
13  12 1884467743
16  4 610482882
10  15 831218726
16  14 892973519
14  10 1195745863
12  14 331256004
15  16 1865027542
12  15 1320705423
7  12 2010234375
14  2 354384091
15  14 900409696
14  1 628376802
13  3 488537120
16  14 939467962
2  13 636290908
19  12 255203248
16  9 280568801
5  6 1619663863
9  1 1738084297
6  12 205003711
2  17 209273164
1  17 397199667
4  7 1480102940
8  11 911614253
15  7 327795845
16  19 2053647096
6  11 229865752
18  6 1823958259
13  19 1610390784
2  11 822770485
17  5 615333877
11  12 494247124
3  17 45432433
16  1 430466434
13  7 2146677300
14  13 494022519
19  10 1781474138
15  7 1846275903
16  7 2050980453
13  3 709087279
0  4 914779811
3  19 1717147351
4  2 731269200
2  9 1398596938
18  6 1943188539
19  7 1017742060
11  3 146718880
13  10 258326243
12  7 1148238521
2  5 161374511
2  5 1305647428
2  6 1905124081
19  11 1375800583
19  11 930833362
11  5 572858752
3  6 1907206990
15  7 1026681902
13  16 903196527
16  18 1401309612
16  8 1649767448
4  19 1105260036
1  8 704633862
7  15 876563976
4  3 464003037
13  2 1487510324
16  5 1131288398
4  13 1492005190
18  19 356279213
16  14 1356173430
3  15 554568581
4  13 875898164
13  10 1580907872
9  15 2023182643
0  12 945572466
5  13 1925933961
12  10 434926177
12  8 1461715003
0  15 197035239
18  4 780535771
0  14 1925284383
7  3 1477050336
0  15 791272267
13  17 2056170661
14  10 1047605254
10  15 1460475895
0  4 424278468
