300 20 14 9
13  1 523463113
5  10 651775665
7  17 1015469976
10  12 1956486815
18  17 1620371655
0  4 2086158417
15  7 1159657099
8  13 1211754901
1  7 1177248788
9  1 1156333100
9  18 1164872691
15  10 1536104570
14  17 1500117207
8  6 701080912
3  9 747519806
0  13 1370388383
0  6 927451841
3  17 644382652
0  16 818280128
13  2 52365706
6  18 295190536
11  5 41201127
4  3 951319032
6  3 2079709387
9  2 260096086
9  6 1774517783
14  3 677358716
5  17 1120003451
10  7 478023860
18  14 804571632
15  0 1654004332
15  12 437831703
0  11 1566240608
14  15 1615803099
13  2 1569393984
9  7 1448504222
9  19 1074011722
5  10 2054514590
5  8 1523693806
18  1 1236425055
12  15 1849991600
14  3 436082362
13  9 1739966616
4  19 1971525490
13  17 370897307
18  3 45032615
14  9 1698046700
13  2 480634958
3  0 93366958
2  1 435872496
1  15 888208657
7  9 511878344
3  6 215414286
4  8 1981189545
0  17 914419706
7  13 850763313
6  16 1181127217
0  1 1242591723
15  2 277176726
14  11 1495967261
3  5 668283295
5  8 1169396562
5  1 73142444
4  16 165361825
15  12 795873207
1  7 258071592
15  11 1615276346
6  9 661024026
10  9 1810687608
12  9 1336699666
18  1 1974176053
4  15 2079133173
12  4 153681518
4  2 1304151568
6  12 666906010
1  0 850142609
10  16 205870940
15  1 1369902567
6  7 1073655398
6  11 626862031
8  6 355185396
18  4 87179373
1  10 2032413188
10  12 1364773822
5  9 719907026
3  17 373950770
16  14 2144256748
5  15 1514107170
0  11 566558919
2  12 117774974
8  11 1376764849
11  6 1773199192
4  11 559231014
13  10 1485719317
2  18 789579023
2  14 924693041
19  9 68784861
13  14 278704752
1  4 1734522822
14  8 831820082
5  9 374197967
4  9 1221510162
1  6 167962453
3  15 294728487
14  12 223551520
12  17 191015262
1  16 1078283363
13  0 2127692454
0  14 447467904
19  11 11263698
15  16 1444636625
5  4 1491772515
5  17 1678528634
0  16 799032303
3  8 1636532437
2  16 510796999
7  19 451995611
8  4 135790614
17  8 1981951424
10  16 271382787
15  17 369489809
9  2 2008999035
14  7 1201099769
15  6 339875937
3  0 1094629816
14  0 1296870054
7  5 1299129297
14  8 205360479
10  7 489733672
17  8 684714836
18  16 871837055
4  11 1047654338
10  5 913958019
7  15 1836381752
0  9 105855942
9  0 604573132
2  1 179692873
0  10 1488031308
0  18 56166777
7  4 692688166
7  16 251835886
12  8 1194530828
11  2 2070298241
11  3 1538388860
5  18 1485772839
18  16 137088756
9  17 222543288
11  8 1295673536
1  8 802663617
2  1 868274804
4  11 632562615
6  2 2072989006
0  17 779365055
11  14 183336643
17  16 1561427031
16  8 320065627
8  11 1495380652
7  14 266044237
13  6 1364474815
6  12 1287681337
1  2 863928976
0  15 168625556
13  6 1244593248
13  5 78089080
13  11 283612224
16  12 1558455133
9  16 922189435
14  11 1706924410
3  16 558266898
0  5 1004615649
11  19 806054624
0  3 1411401071
3  4 1050820896
10  13 1972730963
3  17 808406464
18  1 1584373485
10  6 1816668117
15  18 688377870
6  11 1342674919
2  13 1772311081
3  15 1546691
9  7 840608898
4  17 2119368255
15  3 1767846699
5  8 1735568699
11  3 535178695
19  2 1566968345
11  16 593294255
13  4 1098586190
9  18 854579808
9  1 756547657
5  4 454051891
17  4 670754303
10  5 902721099
9  12 1824325552
3  15 378400834
8  18 1214632062
13  0 1510096886
19  6 296501179
11  15 312598345
17  7 769216497
0  10 51342309
7  5 1127881008
7  17 1745248845
11  0 509330072
17  3 2132951627
12  14 1670352004
19  5 1467880920
18  16 943638765
8  15 58224704
12  9 643222193
17  7 385307545
8  17 1375142852
3  13 156252401
15  1 12224481
8  14 1273797828
19  5 292166287
15  7 203836915
9  18 1223485943
13  8 1327006236
10  7 827548324
2  6 774242443
5  15 120068463
0  10 1484496721
12  8 1924131785
13  11 1684132707
11  15 260094419
17  10 1398129837
14  3 1598855350
15  19 488755380
17  12 981748275
12  16 1459551793
6  17 825454028
16  13 971158174
17  14 727425366
17  18 1662440416
16  7 854071243
9  4 2039887250
17  8 390220929
11  16 1834617456
7  4 978499564
8  13 1465621288
10  3 1198380443
0  4 1774241513
9  13 1274124272
1  2 1816111786
4  3 2052464580
13  16 537629158
5  17 1170581114
2  1 1758640692
16  0 742642274
9  13 923526639
14  19 1489518343
19  14 151507922
6  0 1628435597
5  12 1822887755
9  4 298511181
15  1 1779612360
19  3 1077761826
15  19 1893938267
17  0 482023522
9  2 758622281
14  16 874182915
1  9 1885736301
16  14 906052402
7  8 1287283170
4  15 1527300476
12  18 1101212533
11  16 112743608
7  6 780784688
8  10 1532070863
10  12 1623321759
13  6 2076101131
1  2 1956970930
2  4 1541642918
3  14 649909722
17  9 1520849064
18  6 1901927485
6  2 1773122569
9  7 1450111017
19  7 1770689554
2  0 328784823
10  1 1876079261
14  8 1986680970
3  11 35067046
1  19 1503543607
9  12 600735102
3  0 405223169
9  10 1462944988
11  15 651197292
15  13 1877292394
0  18 326769410
4  8 1143464278
9  14 825609721
5  16 1739923619
0  7 1900026517
5  9 1138248946
18  5 610884503
10  1 1423648162
10  4 1795428970
