300 20 1 19
14  15 67599418
1  4 2120082746
14  1 1983488851
18  12 1993119825
4  17 2010177929
0  12 536801520
17  2 1182370807
11  13 908693902
3  19 2140848972
8  11 700403219
3  18 727268050
4  0 1059819457
11  8 1457420867
18  7 770914407
1  10 526512330
17  7 339720590
14  16 174307581
19  16 306125042
19  2 1420235352
9  15 1528137827
15  18 431411507
7  9 1697017259
6  17 976067105
15  11 1786558550
9  18 2111724204
0  10 1935745505
5  15 217224402
12  11 1486963740
9  8 1940863552
6  9 670635386
1  3 740046330
4  17 1513635159
11  1 1385312236
2  6 1672532549
17  1 2126410037
17  7 116867681
7  13 316316408
16  12 924483430
17  0 1437559812
18  6 1789408784
8  10 1534376045
10  8 1350847223
7  4 1082356335
15  10 1269998519
9  18 750456732
4  10 793793471
13  3 946561196
1  9 571922975
0  18 47801219
13  8 1048922721
16  4 615608413
16  13 28230240
15  8 255069722
7  4 1016056716
18  6 895917103
18  2 2145383644
8  11 1621777732
7  13 1468393604
10  6 1586472562
12  17 1163960584
18  16 1761178613
7  16 1653756328
19  5 393545963
10  9 763421848
11  17 1714813500
19  5 39385483
12  18 1024989645
9  11 1940777384
6  19 761800959
3  0 1416729817
12  9 1132600426
1  5 1084822443
2  9 1570271373
1  18 810290320
16  11 1227200012
2  4 591987895
15  18 1989782203
14  3 1268938241
15  0 1367409205
9  0 248253998
18  12 1256204605
16  9 848230100
3  4 147583144
2  16 1327440276
4  3 1329732253
9  3 265157065
8  3 213653681
16  15 1466455784
6  12 905826364
8  9 1021254255
13  18 824265282
6  1 934832161
9  1 389631328
18  16 490694041
13  7 1002010891
4  10 338311982
3  11 382179827
0  13 1416468138
18  10 1233562012
10  9 234744191
4  11 1115010554
2  11 769129428
7  10 1165141938
12  16 387273070
9  16 1672361958
15  16 460873832
9  10 1129413774
11  2 1603708552
15  3 1310579157
2  0 1967595984
15  1 1062932994
15  6 843582379
14  16 744153448
3  10 1616842513
2  17 113119748
1  11 1239748405
15  9 632266755
8  9 213721977
19  3 145897264
1  15 1932005820
16  3 1997394068
11  3 1941291824
9  1 800002657
18  6 122241131
9  3 2065889703
4  10 2024657341
4  0 1254968476
6  8 1909813994
5  3 1968740598
9  6 1112943103
3  2 1231947420
7  19 2055102255
12  3 1028315773
13  16 1273884680
9  13 1835264382
16  3 441190787
10  12 681127951
7  19 699511201
16  12 1801244103
3  13 120177630
11  0 479295102
5  4 1056894740
16  10 1940641684
5  11 610283435
18  5 1542567846
15  13 501896907
15  10 641085330
4  5 1885275723
3  14 1091873129
4  18 1139226051
12  3 2143884691
7  14 873695746
9  5 1320101291
3  4 497139630
4  11 1962053984
15  8 9048390
19  9 1559020828
8  7 1471275499
6  12 1495201616
13  4 835423463
15  0 2145441021
1  17 813866916
7  5 1502015840
3  4 1916269220
14  3 1559411597
15  16 507269596
0  15 1257641535
17  16 827151644
13  6 1190931531
14  12 1757294529
0  14 142197029
6  5 1729514137
17  19 123585788
14  9 1033135049
10  3 2010740544
6  0 2086601748
16  3 1020426517
1  18 1104816286
4  13 1216151010
2  0 633132240
4  2 922836192
10  12 160182895
7  16 1672449579
0  15 2053884409
8  15 524319994
6  7 1883803772
5  3 1022078817
0  11 1827479654
13  1 332250734
13  2 1697579281
0  18 1625422386
2  14 1606844517
19  17 608955010
8  16 1235186709
19  16 1123408880
9  16 1546790883
3  15 1239134527
4  10 51423913
13  8 1684608881
8  19 167316041
16  13 1716406880
5  16 1298953716
2  17 71630814
2  5 1113583565
2  8 1786880392
1  6 29366170
16  17 1278556707
2  14 1647678346
18  6 153218969
3  14 1584161935
11  9 1982590408
2  10 22058227
5  9 1029648609
18  19 1369344714
0  4 274643055
11  16 1065392767
1  15 2037698200
13  15 322122438
0  14 1034424480
15  6 1471768739
1  9 1970371649
8  15 127659955
1  16 1224475452
6  4 494484837
8  4 73904256
7  13 1031695723
2  0 185768038
13  7 639182109
18  19 508481639
19  4 756052211
12  15 1453101206
11  15 858797456
3  9 634664485
0  19 2082632281
4  3 209815445
11  19 86857638
14  16 1991892695
12  3 556983516
3  13 760816458
6  8 1666103204
8  5 554203890
6  11 545552350
9  4 507847149
7  8 82175911
19  2 1884755777
11  19 409437848
9  0 258642784
13  11 1965096831
19  12 1418485345
19  17 561206405
1  18 128485490
9  3 1687563351
15  3 1831712105
6  2 1972110038
7  14 942996891
18  9 1411229345
15  16 675382593
1  9 1242535939
15  0 1118140601
15  13 961459761
13  1 1136285914
6  11 1033933873
1  5 518374008
8  0 1143405495
3  2 511527492
7  18 1097342712
0  15 1695408390
18  8 294235163
9  7 974670886
14  19 766790386
6  9 2076932896
13  11 2085533072
12  19 505154902
11  8 1079499875
18  1 593335247
3  2 1934144563
17  16 775484107
5  13 1293939077
6  8 1504824089
19  5 2017028639
15  14 1405779095
5  1 1888343670
2  16 1144741085
15  8 2015807933
19  3 94938337
11  17 1799234647
7  16 519721725
4  3 1381136452
6  12 1589740260
8  7 488931169
18  0 760017639
17  19 585835004
3  13 2025394854
0  17 790832493
10  3 1808166721
9  10 612948
19  3 86192337
18  13 282135363
16  8 1020797876
17  16 1661578996
