300 20 3 6
11  19 1883208825
18  11 1315212968
12  11 1257049190
7  14 1275451862
18  3 269766398
10  17 2134489367
3  17 1457185336
5  12 680171887
3  16 1919681164
12  8 535235891
14  18 242128587
10  5 1179762303
4  15 1754038982
7  6 417676078
19  18 1344883346
16  3 1375357892
15  10 1795724963
2  7 457046391
8  5 1404782062
19  14 2143806039
16  15 474227530
11  16 303788389
14  8 2010659450
12  16 945453579
16  3 460432836
7  18 849598793
9  0 1302596251
1  6 1621030163
3  11 1494671206
6  17 314480588
10  12 604047231
9  18 1674901816
10  15 467424438
1  9 361603568
18  0 1652222425
1  4 1543258762
17  11 1657322271
3  6 1211053645
6  19 1553152357
8  3 384927531
12  5 1415152682
18  19 77086986
3  15 1741616487
3  5 754946823
18  9 100989249
1  14 1901029491
11  9 1427622724
9  14 1635091208
19  11 319135165
10  7 1246236566
13  16 2142781094
6  0 1087086365
12  4 1545928680
16  15 944177350
16  13 1922275036
15  1 1315121178
14  10 801729795
8  7 493213935
14  7 1284376266
12  19 802466036
8  5 1103344200
1  15 1473155229
2  12 1818624253
19  17 177918162
3  16 1552043087
10  8 1790841375
16  13 1024408577
16  5 1236671197
2  16 368722491
17  2 365272359
15  10 2082633008
5  1 1721552135
1  13 1803468499
11  5 1600515203
13  9 1807100014
18  10 735689427
12  13 1610382527
5  19 1290267883
1  11 637812461
5  14 1147872533
12  13 2117134418
12  15 1836711800
13  0 977933235
1  18 659326937
17  4 1849985283
11  15 126381437
18  17 2127522085
19  4 35058257
14  0 1234466906
3  10 2050836282
11  6 645537771
0  19 739198502
1  2 980819499
12  4 833817411
0  12 1816852725
13  9 1139578891
19  1 154542550
6  5 1623497043
4  5 233711985
10  16 218755587
2  16 1905815570
8  10 223680750
18  9 785797289
3  8 349259282
16  6 630262280
17  11 1863188424
2  5 535828239
7  8 1294233603
4  3 22007268
7  5 1038355641
2  4 1085380751
7  12 1904748361
2  17 170438297
14  18 1695048426
17  16 332727295
7  16 1854954825
0  15 9177667
0  11 574427772
17  12 1666144505
5  16 2140992571
18  4 1073806578
15  11 2048745393
2  11 2068142136
4  0 582189735
17  10 870821265
3  12 519661835
4  14 1681108124
14  4 1264885090
10  0 1410163678
19  17 1276771601
7  16 982456076
8  2 602397113
13  8 1701746534
1  17 1321439880
19  3 775836230
18  8 411843052
7  3 754482106
8  10 451769642
0  11 1845887102
18  2 1562946642
9  15 2036155375
8  19 1943387465
5  16 1437812825
1  11 800113933
13  0 25309539
2  14 1551635358
0  12 1345992676
10  15 146251121
3  12 606072728
4  2 1472271117
11  13 377661120
4  6 353668540
11  4 1732227719
10  0 61563971
7  0 959740991
13  6 325100731
3  12 247880532
17  11 951302756
6  10 1720669924
8  15 136429320
1  17 431081611
7  3 1467469698
10  2 2047727564
6  3 1839703805
17  9 1964791842
13  9 1590966133
16  10 1533834826
15  8 1559514589
13  2 1987911341
19  6 242318530
19  9 1322965146
17  8 233148914
13  18 1392894962
5  0 1147728827
9  7 679821946
6  10 1332414215
16  14 887686447
5  0 593959793
19  11 1014583270
11  15 249084991
14  9 1932161848
10  12 1654492246
1  5 756157898
7  15 287043187
1  2 1961107438
9  11 429356182
3  15 2024545948
14  19 1699025884
4  19 590476405
0  2 1953281734
14  15 443515403
8  13 51647862
16  7 925002019
12  9 244126147
19  2 373050944
10  5 1595048645
18  7 523197037
8  18 1337440811
13  18 10746959
8  10 1191692861
3  2 1662198157
1  16 1002572342
6  19 518118579
15  13 663292866
3  6 635021024
17  5 588751803
3  15 1289978439
12  13 1810029917
4  13 91455265
0  7 1218844546
5  15 1737175001
7  14 1244207342
0  14 859065869
5  1 1467514754
1  4 534786434
1  9 1658605053
19  0 1961356287
0  8 2086158575
6  7 52184514
13  15 377009667
16  12 1853933779
13  16 1323706612
16  8 1048700772
16  2 232409854
17  15 1215093837
13  16 1822691960
12  5 1628220156
5  4 1184418102
4  11 286302810
13  15 127680548
3  19 544641374
10  18 1136946289
3  15 259828904
17  2 2104230123
7  6 823983916
12  3 580792030
5  11 2129576577
15  11 435250798
16  7 270717897
7  10 1693219202
14  6 185954237
5  8 1450503856
16  15 1604512498
15  8 228998518
15  14 2094745644
8  16 1243049477
12  18 1052407788
3  0 1102378799
15  2 1226312412
2  19 685399191
7  2 1404726536
14  2 796084825
17  14 705916709
4  8 1089507552
10  3 1929395313
18  6 480030462
8  11 1974212448
10  7 1753836305
17  0 1689333469
3  1 1128472565
6  7 584740227
9  7 622464705
16  9 2002394173
5  4 2012070222
19  7 1769874030
7  2 222883383
3  4 249293189
13  2 771221597
10  11 443266115
13  16 764988991
11  14 1786626900
13  16 1026271059
0  16 484181553
19  0 2019174602
8  12 1465983455
16  18 1250582881
6  14 1990849119
3  19 1827745340
12  2 1430656657
2  12 182733476
17  5 1497848094
2  0 1252779254
8  1 1956611617
2  3 560690521
1  14 1103151790
18  6 1714781605
11  14 810943255
11  12 978604295
7  18 539519668
10  12 1547033967
8  9 2020779339
19  13 764194195
6  17 9036158
4  1 1286995585
5  19 1296443553
15  14 1820865271
16  4 1937461899
7  19 179267982
14  9 1223200331
18  19 542568616
