300 20 6 5
11  14 1659974099
11  17 739753596
18  9 274850549
5  16 161986059
10  15 974870425
4  8 1993744852
16  14 664498783
9  10 1413516351
15  10 1106273240
15  14 2097575017
17  2 1994937091
9  19 460828183
9  7 1033665917
13  0 1899724707
4  14 6009035
1  18 2051017783
4  0 1589049475
2  18 1242825211
17  18 1631881127
12  19 562100524
15  4 1967497352
9  18 276588351
2  6 1334249765
19  16 206531382
6  15 1267845139
17  9 441377701
8  3 1887031234
19  18 1946621170
16  0 1866525935
11  10 634870887
3  6 1357613712
8  16 800143401
7  9 1057923891
0  9 1424090950
14  5 1013285255
3  2 1165421954
3  4 167419965
16  11 1767478342
16  11 745371860
8  7 1641464215
6  15 1371572319
7  4 1708861714
10  17 1111168218
16  18 1490066108
0  9 436096526
17  13 1654738544
18  4 1282043032
5  12 2014989596
16  12 520443815
9  15 1819202591
1  19 359454077
15  1 1957168443
15  1 1161431327
8  9 187667940
10  11 746244504
6  2 247824938
11  4 703728069
10  14 655098254
5  13 199287302
17  19 1823453318
6  7 1874351111
17  2 1401198870
15  6 1797634869
1  7 1301698514
4  6 311672332
9  0 1595170479
5  6 583965151
1  8 704342728
0  12 742001653
19  1 313916481
9  4 234605046
16  12 1557601055
17  10 1271270760
8  5 2036668584
8  12 1571747357
3  16 495093024
14  18 509586588
8  2 848282487
1  9 1448900228
16  12 148319248
7  18 655057560
5  7 1542543310
2  7 2048134667
13  6 12889727
18  9 1208398380
0  5 422089160
13  11 1249953528
11  0 33705327
11  19 1896872104
3  9 1031925827
10  3 665146408
0  7 1511633415
16  17 106263495
15  1 2102769930
16  4 388814098
8  11 1257134702
7  4 1636742093
8  9 1250274624
11  2 1893494103
9  15 1497478273
12  4 948282731
12  1 780893380
18  5 1995517841
18  0 275486471
12  2 786157943
17  13 187677086
15  16 366263959
0  8 1514079648
10  3 2144992939
10  7 898788992
6  18 612749033
4  17 1754824143
9  8 1598364973
15  9 609023389
2  5 1412971838
9  17 2058448500
1  12 845864648
4  17 1234071299
3  17 387087477
4  17 184307515
9  16 137336561
16  18 824230983
9  8 1156804139
4  17 1164948631
11  13 50752418
14  8 1532327134
0  12 21962361
13  11 1010218063
9  14 2104829480
2  1 668965503
10  0 852376563
6  13 1182683082
16  10 469540758
11  5 239153783
19  15 892798241
7  3 1991689758
19  14 1238177518
19  3 1228230985
11  18 1844183416
9  5 320636090
19  16 479927484
13  10 1724486408
16  2 2005230677
15  7 160662397
8  2 829660063
18  19 2059850001
11  14 1495209808
2  11 596372727
17  19 830001880
5  15 2032413646
16  7 1866411986
1  11 265273026
11  7 853784840
12  4 1172270533
6  11 928527319
2  5 2038048648
11  9 388067413
13  15 2140047771
17  16 2044070239
16  17 1466234687
4  0 63965525
9  19 956059136
0  6 2112098748
8  0 1855007115
15  11 93821671
4  6 1363041300
16  13 462784423
9  11 510698662
6  5 1083396532
3  16 1384911200
0  2 2113557521
7  15 1381301112
17  11 1815532971
8  6 457619407
11  4 1063769590
3  6 1835395991
2  5 1148650968
19  18 610405553
14  12 1578143310
9  13 886726210
8  18 934350930
13  15 651655683
4  12 1610195567
2  16 725595127
15  8 2056348510
4  7 1030514371
2  9 170212220
13  7 747527377
12  2 519373015
4  1 337452732
17  1 401052716
6  17 637221378
6  14 1910352678
15  2 560727005
11  4 1509606560
7  4 281266433
10  13 228782159
10  15 2119171857
0  5 2120287551
1  18 1913900438
7  8 1583201419
15  10 664900549
16  3 864192065
8  5 392940958
2  18 682344789
19  7 1547312301
15  13 1094355564
1  6 1180317096
12  6 279049335
16  1 642117582
17  0 1824326132
11  17 326183455
8  17 1853370937
9  18 140257934
5  9 688992337
16  15 766707726
5  13 1528759678
3  10 1903903475
2  19 1646772332
16  2 1533294079
15  18 507807027
9  7 1978037405
2  12 1324664249
10  16 909288681
16  10 1481275887
3  13 1759680704
8  19 1476740125
11  5 1561175108
1  15 191782659
4  0 1282461620
18  9 1541142992
8  11 142433404
1  11 391172315
4  10 1975785053
17  6 1916982377
1  4 1393249371
17  1 1236581982
9  14 333444069
10  13 1194204907
0  10 759060687
18  0 335780774
19  6 847763287
10  11 2120910873
11  0 643457032
4  13 695715666
7  2 471508167
15  2 96564339
5  10 2112790595
11  19 371425177
1  18 555881666
13  14 2089706326
15  8 1742038971
11  15 1128723471
3  10 841419177
16  1 330446116
1  16 28165952
13  4 117190397
18  8 1013966739
16  11 877651829
12  19 1107302714
3  10 399856105
13  2 137945792
18  12 1468657947
10  8 1439747361
8  18 383129262
19  10 194698527
11  0 1065126517
11  15 506553288
0  11 1867242327
3  9 863875019
0  7 701866139
15  5 986027472
0  19 1016133780
5  19 1059890503
5  9 878753841
6  18 740157893
16  2 1178786931
15  8 925632732
2  4 1545948394
14  2 38644592
19  12 1390476204
7  4 1151164909
14  16 1260500419
14  15 1293860261
15  10 1039838400
10  12 2067117092
15  0 333927225
18  6 2104801400
8  10 1673124484
13  6 527677555
6  5 2018558190
5  6 1243555963
16  7 354084905
7  8 718736427
15  14 171541370
12  8 1580724425
8  5 788043835
5  10 1043835954
2  6 1738301259
0  3 216693666
