300 20 14 1
4  12 1438951784
14  10 404798912
4  0 454894279
8  17 792576549
19  0 699731167
18  5 1424747935
17  2 1973924168
12  2 1500935835
2  1 1404352952
14  18 820699591
9  2 706822204
18  16 530011746
6  16 1228427199
15  8 138662285
8  16 650816594
10  2 1870641227
9  4 1968392782
18  17 1149507507
12  16 1609252085
11  8 1346441999
16  3 1081756670
1  15 781104061
18  7 416894667
12  10 856603983
15  14 1357215266
15  1 1232661724
5  14 1695077738
7  1 402495493
15  18 391151766
6  17 1845025901
8  18 1748933446
13  3 4867809
9  19 745672676
3  15 133421247
7  16 864821095
2  15 1785068608
5  18 1365614584
8  12 63962954
10  0 646532179
15  11 216109370
3  8 540620616
7  2 1778268179
10  2 1548676930
10  13 271848996
13  14 1213161679
7  4 473893220
16  1 158581890
6  15 1892867797
17  10 1205642041
12  6 567630312
18  19 676392944
0  19 1812887579
0  4 1632296063
16  17 671453164
18  9 109470967
7  3 980434989
16  12 1352382822
8  1 352200216
16  7 18654738
8  7 1255205009
1  6 1425146758
3  2 888047422
12  1 307023691
17  16 1596293034
3  10 1542354897
8  6 10589325
2  10 1514248193
1  5 1458522352
11  8 685710313
6  7 649130608
12  4 144875392
4  14 287873396
9  0 1591279388
17  9 923946673
6  15 1017578153
4  5 313800957
1  6 1594170784
17  15 492483735
18  3 647764540
17  8 872760069
4  3 1946441137
13  16 2142926927
9  7 1592775735
12  0 1949978067
4  6 180222363
12  8 1696926183
14  7 1457085517
1  19 1001073580
1  16 1492009883
1  7 756821788
6  16 262759861
2  1 721651448
4  14 1998742584
9  10 1989006186
12  19 1622603569
4  14 1934757574
6  1 939534087
18  0 617829191
12  6 845661937
14  9 1887676772
15  2 977305707
8  1 1433125461
2  3 1152993716
6  7 367578458
12  19 672517320
10  7 1580880081
15  19 1472665314
3  13 46839907
7  9 98918106
6  5 95414395
5  18 933528419
14  12 1752201049
2  8 1744528040
18  1 796443171
9  10 311524733
18  13 797236611
3  16 1084178231
7  6 1105985639
16  8 1450385872
15  17 1528845648
11  9 193651439
1  19 1201762881
9  8 1984035786
3  9 774083995
17  12 1446134873
16  18 363425825
19  3 723904789
10  18 1374784497
6  17 888502191
11  7 1242711812
10  2 2032290745
16  11 274502151
6  4 1793420332
15  0 880431641
16  4 847242895
13  10 499433992
2  8 1907307953
2  14 759094971
11  12 1017378003
2  8 854995811
11  13 2114559250
0  9 1101811035
15  14 532632342
3  0 1184149674
18  15 1011752415
14  10 1851861025
11  15 123234626
6  15 992048138
1  13 1244105244
13  10 1501727682
9  5 1337342854
1  14 810566026
13  15 346576876
8  12 71923932
13  0 972436139
14  15 2041455281
2  6 647940780
4  18 555556618
4  8 2077573563
7  3 797741887
16  9 613350349
6  10 825729602
7  12 1719309696
10  13 853771974
14  15 25626171
19  5 1669886686
19  1 331093250
12  14 575987393
10  4 1377078486
6  1 717367537
14  18 1849789771
2  16 258652986
19  18 71529400
16  2 708008492
9  2 228298011
19  9 1714569281
8  5 870431576
19  9 385181127
8  13 256167975
6  14 10167904
16  18 1361902361
4  9 1872071217
11  6 904377217
10  4 1604478276
19  0 1251331513
13  18 2118957430
14  1 67900015
16  19 639438451
8  10 940590806
3  13 918435610
10  5 1589142913
5  9 1749232716
0  15 1979610399
18  1 119837236
2  14 1112033312
0  3 176445477
18  9 1907958736
17  13 1607313745
5  2 1009700447
12  19 853049869
16  1 1075856621
3  6 1724314549
19  16 1707411142
14  2 472059706
4  3 1063384320
7  5 1992375663
14  18 1424340451
17  10 1038935600
15  6 2087055073
0  14 147251788
9  18 1264896349
16  6 1803254053
18  14 1127900983
6  18 1291698977
18  15 1957951598
7  13 479055273
13  9 1313993658
16  12 615261952
12  9 1005691784
9  8 2061282302
14  6 1039614210
14  16 1470650386
0  6 2033342403
0  7 248106390
18  12 1472300970
16  11 1589094869
5  10 696725560
5  11 918741455
16  8 1144705139
13  8 786422597
0  15 820302763
1  18 425675593
12  2 1743500131
10  3 1438756293
19  0 1878240422
4  14 1178906455
5  12 1979604305
18  15 1869706631
0  12 1682751432
5  18 818017905
2  8 1544532410
15  9 1042609745
2  7 377208595
17  5 2147249191
14  3 1539958960
0  11 994443701
3  4 1574143561
16  19 890377547
14  8 464198914
13  15 412850382
8  14 2075122026
0  10 1882697281
11  19 1871347211
11  16 729967343
1  16 1282913115
7  10 1721890849
17  12 1187457926
19  2 149696220
17  7 1548669748
8  3 130121184
6  1 1865530605
4  7 677743047
5  7 554345035
13  0 1583688616
3  17 842883416
11  17 1900907253
12  0 1077730824
8  5 1222109093
19  7 1354419396
3  13 714469929
2  9 549964327
17  5 697287883
14  17 1242878629
15  5 23562273
2  19 330731271
7  6 1575782913
5  11 875073813
13  14 1732092489
3  10 717232869
18  17 1160127905
0  11 340886490
16  12 1065661092
4  18 1746414558
11  8 687050269
15  13 718427755
9  15 573996171
1  7 720837389
18  7 716600075
14  8 824982865
9  0 1175367954
6  7 1440363677
16  9 1564901343
15  7 1625994834
5  12 634606559
6  9 443521844
11  8 1006190292
16  8 825372296
5  3 1546701490
16  19 1675979463
0  2 690760101
