300 20 14 17
2  17 1036316906
14  11 486366734
12  8 1400622286
2  12 2066163955
8  12 153507748
8  1 1586973799
16  12 493596475
18  13 1756342486
18  6 2104850242
9  12 832767148
8  18 558221623
6  0 1621025996
17  6 1619236692
0  10 1919380902
3  19 439086446
18  5 1574231388
8  7 1458725068
4  14 273682719
14  17 1142422863
1  17 1286384075
1  7 335705334
17  9 451293206
10  14 77658545
18  7 607702122
15  6 733539812
13  0 1742919054
4  9 1026855558
8  6 932685580
7  14 554192522
7  18 241451384
2  12 1286958167
17  10 824237463
6  7 1409013732
9  6 363211053
8  4 1229397537
6  11 1529170944
15  14 2125908469
6  9 376256438
12  11 1383576848
7  4 771737747
8  5 352298593
16  15 1929949675
11  4 947497412
2  3 854205139
5  8 1517120436
3  17 53691077
14  9 1501820468
0  1 640671891
6  12 1897508021
0  19 1063433049
7  14 481963590
15  7 1044426410
18  0 783613377
18  5 928568835
5  9 124560153
6  10 2082974500
13  10 391774441
6  10 1761869946
0  11 281261618
8  13 602150137
15  5 918644583
3  0 1424665915
5  1 1433989957
9  14 521159280
7  4 400531335
15  14 40285483
2  5 137516966
2  1 422392073
17  4 2099792167
8  17 1423898098
5  12 1617623574
0  18 1550442399
11  9 1252973624
8  2 1573664690
13  1 1840652126
6  2 117917921
11  8 293269079
6  2 1287060320
12  6 448241810
5  12 336025488
15  11 952840061
18  4 397150803
18  14 1432934449
17  19 1765594931
3  10 1299897695
5  2 35453385
9  4 2017768694
8  0 2094538953
1  8 488938596
8  10 2006091155
9  18 620230727
11  17 343848448
18  9 1154521020
7  4 1328784207
13  7 1956910785
2  12 1376617969
8  15 324723326
5  10 1910410229
19  3 79729681
9  2 110180707
0  2 1032326746
18  16 1148232780
7  12 1791998611
1  9 1871439561
14  10 1766102187
13  10 606636693
16  8 754945935
16  19 396469243
4  13 1671109263
17  18 525422363
6  9 1023339563
9  8 797972552
3  9 2114021088
11  2 364532262
9  0 1425147878
8  10 1345506858
1  15 12044273
10  1 421942338
5  11 1754210334
7  18 788536857
12  15 25986821
10  11 151124239
6  4 782182463
10  15 856807059
5  10 2123226414
15  10 1973644663
10  17 1208880268
9  1 1128563794
17  8 998432429
15  10 372237176
13  10 62061609
3  10 1013660099
15  18 454318873
7  16 1085516974
6  14 833779309
16  8 629472142
4  6 1171078298
3  16 1846299146
10  2 293477551
2  7 453215111
4  6 720593201
17  10 1808193508
18  19 10649113
2  0 996596811
16  9 1921962757
9  15 1391211395
8  2 1441554848
5  6 1494575902
5  4 608201568
8  10 1681674878
9  17 755587028
10  14 58573314
3  16 656761293
10  0 268478269
10  7 1691885472
4  16 1814741687
4  14 183440352
3  10 148423933
12  2 1202941378
2  11 1114104821
1  17 506258881
18  7 1139857224
3  5 2089367780
15  12 1938556293
4  16 1537312850
11  1 15738079
13  8 1941470441
2  15 1883538954
4  15 606070676
11  13 1781354234
19  16 455034298
7  11 550912243
13  15 622559191
4  6 1283781001
12  16 1706300527
12  4 57462260
0  8 219302538
12  2 1626257207
16  18 1217046420
17  0 390452944
1  0 2096661822
13  8 270286547
6  1 2137168526
19  16 1975430080
0  11 1005851568
8  13 1622655928
17  13 1482702820
18  6 2092488344
7  8 1088978191
12  15 1592721589
17  19 918612096
5  19 786433242
15  3 306580070
4  19 1098142052
5  13 1998891584
9  16 1920544987
10  13 449929107
18  10 852945763
0  3 1159777074
12  11 588885593
17  4 849483755
5  18 1905722618
18  15 154635271
16  3 837606529
19  8 1483202671
5  6 1498313743
9  14 474629946
5  16 740390099
17  18 423705439
19  16 1861777202
13  10 1267353666
1  10 1224843148
1  8 1675311734
11  9 1931319115
0  5 1957243914
3  16 1137316018
16  6 175256691
8  18 575990542
5  1 2017936300
0  3 786939066
16  2 1504636363
12  6 1295379385
17  13 219221466
8  13 550773017
10  4 31580329
5  8 1886837709
2  0 802081428
15  13 1937775289
10  4 1441202952
6  15 778206756
1  14 641716585
1  0 1127519390
17  7 11689326
15  8 1136532739
4  8 1890527088
14  16 1207566103
15  5 2016501132
9  7 19436944
14  2 1160422963
13  5 9253244
12  5 1068875877
16  7 1232588896
17  19 1981617595
10  15 926038837
3  7 1036766442
8  19 38121041
17  10 244700690
2  1 636208007
4  11 241706955
14  6 558295573
13  0 740419234
10  16 737264694
11  4 196722614
1  16 93280357
11  0 1471834659
5  13 1049842225
14  9 1604547291
9  12 690720044
1  0 1258417865
3  15 1276045081
4  14 114627025
4  13 2066245280
14  9 1974649738
10  5 286853113
10  14 1898716643
1  11 770305301
14  4 411920280
6  13 610473897
13  15 1094712991
1  9 1143962951
8  9 649826310
0  8 1305972394
4  15 1164200679
10  3 1544733918
19  17 930143857
18  11 1358964506
2  9 446858564
2  8 61155282
0  16 758988700
15  1 1328635515
10  14 17897832
19  18 2078544775
8  11 1534364849
10  4 1395353347
2  11 2085655596
3  14 1025817297
6  16 968929367
15  3 1275034132
4  13 1678151543
12  15 86109939
5  19 1286581920
18  2 2102625287
2  13 1851744353
3  6 204556140
15  6 1588275440
10  1 906562410
12  1 2031386183
14  2 1530743492
5  7 279360950
12  11 2043148699
