300 20 8 0
11  15 1887042276
15  10 1048822571
1  16 547756896
2  5 564450520
14  8 619329874
5  19 1420531728
14  10 2095057056
10  13 649644388
1  15 1020254637
2  6 1387024446
11  13 1935038721
18  17 1869842229
4  5 648816125
18  15 293169636
13  14 296625779
13  10 143796042
18  17 971146320
1  3 2116443648
0  17 1003691319
8  1 716217632
19  13 609196
2  12 569275726
2  3 336363114
1  3 77857288
14  10 1087561031
7  4 91809646
14  10 1650209059
14  11 589696256
7  2 1659065223
18  1 1600401626
0  19 159241558
19  3 867736918
18  11 993431078
13  5 1029876444
5  12 1915280111
12  6 1452188975
6  4 553515890
14  15 1432282763
6  8 1839042397
17  8 8545970
8  16 1716858414
19  5 1784635429
17  1 2110987253
13  16 822145017
3  17 21692994
15  7 1766035144
2  8 989768204
0  15 787123866
9  3 1451057538
0  12 97654902
16  19 1971347219
8  3 1859174448
3  2 2123524315
8  15 78591338
3  18 560287171
15  13 2135450993
13  4 263678461
16  19 1603450262
7  0 2136165101
13  11 979873697
4  8 2077479987
16  19 1526720248
3  9 553254328
10  13 1134781235
16  14 906919172
19  11 729857927
11  6 1125981237
12  6 1311088624
15  10 2123455120
18  10 1194731992
10  8 852469858
16  19 1443461026
18  15 1735075340
16  12 1588928087
15  8 635780383
17  18 1100842967
13  7 1580375389
6  13 592984199
10  9 293739074
18  13 1004253953
13  18 104458074
8  14 840025977
8  3 786041285
11  0 1443884386
3  12 1871679592
9  7 777429425
1  18 652550687
16  12 1119081098
7  12 2100863678
5  7 945078816
2  1 320433423
13  1 309287883
18  6 1992470679
3  9 1025725731
6  1 305114804
7  10 1113673280
19  6 1870201348
5  3 1501183790
17  2 1558550458
11  5 1362247562
9  6 1523298501
7  9 932239734
15  17 1317137124
8  14 1259067605
9  12 1301087157
12  7 1324841348
19  2 1555973725
12  1 455017551
12  8 1196729346
11  6 265964815
0  14 832181954
7  6 28213823
1  11 342576135
0  19 944817694
11  7 462377448
4  17 1240834427
13  8 1424597229
0  1 1818655114
1  17 1718046633
11  19 713492140
18  0 890880662
16  2 50270556
19  18 186511698
11  3 1763664385
19  11 1299535716
10  12 1375411312
12  16 1204516079
18  12 1478122724
0  1 686684049
15  14 1043867371
10  9 627443523
8  3 1618260997
15  7 147491851
6  1 433786813
19  15 1689744282
4  17 2081430464
6  7 779761122
1  9 1507501253
19  5 1313754949
0  5 1165745083
12  16 1647809920
13  12 585049380
5  13 1148946513
1  9 57792487
11  0 1657530476
7  18 815786346
2  3 991639584
17  11 184540524
10  16 1808981310
0  8 197031323
4  16 508726983
13  17 1387932999
19  13 1042207737
7  2 2008745067
13  10 2135454804
5  9 589879856
7  8 1858649327
7  4 1860673730
5  19 432154415
11  10 1243337304
15  19 2140622165
19  0 2005135836
12  9 1496622172
4  13 1531861772
4  5 891769616
0  16 492179568
16  8 626910772
10  4 580196822
12  19 512971436
17  4 56261303
14  5 1920885058
8  4 1292348619
4  13 510555248
18  14 1433395992
13  15 1130410165
19  12 1978768803
10  9 269517716
3  19 1142056829
19  10 772888396
17  15 233501508
17  15 649082452
3  1 63636048
19  13 1973205028
19  17 846955171
6  11 928072169
11  16 951830326
12  10 1530754911
5  15 333635981
17  19 751977486
18  17 362620928
16  2 1705199852
8  19 1721846825
14  6 452677746
14  18 999167085
4  15 1513553592
8  5 2123440012
15  2 1506846964
4  13 36711314
0  11 978981810
17  14 1330884738
7  19 1965700920
1  7 1777674872
14  10 1814843763
9  8 403923409
6  2 1998359485
19  8 268138860
1  18 809791597
18  9 481203873
5  17 992749444
2  11 1039754309
8  18 1442825629
0  10 1479803793
2  5 857787113
0  19 284058507
3  9 1740198783
5  6 428829097
19  9 706733959
15  3 1604088984
11  17 258205170
19  9 345030003
4  0 1271304075
7  1 2076099894
9  17 1999661252
1  2 1016333544
11  7 1953334927
5  17 390126
9  16 435839687
16  6 327397555
14  6 1978413707
4  5 1153086717
15  6 1749346286
4  5 1922744302
11  17 1897349247
11  17 1760117961
12  9 2009239410
9  19 1659354758
0  2 995982852
8  3 770326922
15  6 995101764
12  4 1775712171
16  2 537950028
15  7 1353024852
6  1 362085685
15  12 953860662
14  11 2087660938
13  15 316179207
17  3 1628981873
3  5 2072593052
5  15 1378868095
16  1 1722062409
9  13 1581839637
6  16 1907775021
6  12 1800319302
14  4 503547991
16  8 2087861274
5  19 959340053
19  11 39356988
8  2 63524256
19  15 1556002804
4  15 942827986
6  15 1018257177
16  15 1318108707
14  0 1358485361
4  15 569546302
0  18 1686467609
7  12 1591953915
17  3 67754715
12  7 1284759132
8  5 1613714445
11  18 2015327727
18  6 434809792
3  19 192765739
12  9 2101395207
17  18 1045928108
10  6 125641117
4  8 1970709310
17  10 474986965
7  9 580382339
10  5 2102246612
5  4 618721377
6  12 1336060286
18  11 272744624
0  6 1328384379
19  14 1639636994
17  4 1269483581
9  18 1723676609
18  12 1710173852
9  4 1284439768
14  15 223180547
15  14 1632092080
16  7 1026040122
11  7 640377826
4  15 170377380
19  3 1424306749
4  9 246908325
14  13 1693584583
17  7 919709197
12  7 1829967197
11  3 1266259593
1  17 1840803393
