300 20 5 16
6  19 736963901
12  3 793813796
3  0 1411117225
7  0 1140838256
4  7 1885068004
8  18 1775653148
7  1 416312816
12  7 1722698433
6  1 1244248932
17  8 410429035
10  8 82803245
5  13 684064716
9  13 1992148995
17  0 1340417110
19  5 1150103678
11  13 1494069458
0  13 666999278
1  10 100496381
0  16 32809147
6  11 1886619849
5  9 1019861464
0  18 303013728
19  5 1923992640
0  8 554115336
6  0 1483259310
16  14 167749445
4  10 757657073
0  12 1535075818
11  9 835811275
13  6 723925015
17  15 734521508
0  11 1011446865
17  0 389184500
2  0 1937462453
15  7 2130677675
5  18 665151328
18  16 1452152509
7  1 1909031114
7  5 793878199
3  4 1147120643
0  14 480480393
11  19 745653991
15  2 1981786879
9  5 290209404
17  7 1586196032
10  1 1227616178
16  19 1846497195
11  6 156371275
12  6 1114995159
7  17 1757220403
16  18 1089266364
0  1 1543664963
13  1 551916928
0  9 113241302
6  13 139919211
6  14 1943059742
13  17 2054632147
14  5 1405081382
10  12 744722125
5  19 2087390783
10  6 1001543675
8  13 872648487
16  6 1584928988
14  11 1048927904
17  3 208130641
16  6 1277694893
5  17 1087291324
0  7 396830328
6  10 992542861
13  18 533566308
11  17 174117874
12  10 1607867936
12  13 594680766
18  9 893225347
19  7 1909387662
18  10 1509258447
1  11 544119588
3  1 1063143660
10  1 1769655684
4  13 1260450544
7  14 749388715
1  12 653150972
11  13 391504361
9  0 1355721346
1  8 107425521
3  0 1413824210
3  10 2071562487
2  9 1407363148
18  9 1131425085
9  6 878748160
3  15 476572795
11  3 1027500893
2  5 651771987
13  12 1780160862
15  19 907804643
4  17 2065855604
12  8 1383071205
5  0 1967652934
8  17 73083907
1  19 902150237
16  0 2098162342
3  19 740896309
19  12 1139034562
16  8 58645171
3  16 1998484919
17  19 411977152
0  10 639126949
11  0 756703094
13  5 891376037
8  2 614569056
18  17 1998850334
10  5 100623254
16  10 1629509315
2  17 1403036334
5  0 2105328653
3  9 1800559120
11  16 411621348
6  2 1994893929
14  0 1376424535
18  7 1420881339
15  6 455320864
14  4 1120787036
11  5 1200079365
4  10 1658168545
8  5 76036702
1  18 303567301
18  8 42152717
1  6 1991801751
1  7 1040755445
5  15 2047471045
1  7 1433149018
11  6 1112881991
16  5 1676442426
1  3 487741134
19  11 433038185
19  10 1765719643
19  10 260335177
0  7 1316692093
5  0 310069767
11  18 1567546822
11  12 785312009
18  4 1581103779
8  4 1632053888
1  2 1576185229
10  14 1961963007
17  7 847763700
19  7 384785908
11  10 1310738469
9  0 1881738190
17  14 1184235007
8  17 413717997
6  19 2020857866
4  3 376849541
14  19 2139511274
9  4 479480838
16  6 321188842
4  7 1451028037
11  17 1198375910
4  6 1217649190
9  5 563005451
10  3 1856728198
1  7 969142052
7  2 139427883
0  10 1082093999
14  7 1522004859
17  1 432752786
8  9 806307723
10  2 1590538400
13  8 555685211
2  19 1180438698
7  2 639050257
6  12 624529550
16  8 2132862649
0  13 37726066
12  10 1925287514
12  15 586940501
11  19 863246734
3  1 939285659
17  0 770958452
4  17 327449567
8  4 1837430501
2  19 577922882
3  6 2025271191
1  7 1078263496
3  2 2031023225
9  18 2014672556
10  16 1380664189
4  17 717813657
5  0 1040054173
10  11 429002793
12  15 148994314
4  13 820588102
17  10 123612373
9  10 1890228880
2  3 934420502
6  7 2122954106
9  12 1075964843
4  11 1738661917
1  4 1162157492
18  1 1117495441
12  8 1606411808
10  11 1258653649
18  12 16467881
17  10 1376801093
10  19 386825411
7  2 761410001
16  19 2108192153
0  2 761794889
2  12 1126561452
3  11 833314196
17  18 1683111828
15  19 335485555
5  10 1766812590
9  5 1740843690
11  2 830102547
13  18 486222455
2  12 765054439
15  8 1456595878
4  14 1131058263
6  3 973097224
13  17 560952255
12  18 760770607
8  11 1389634664
8  2 84748090
7  9 897318868
1  0 2017508314
9  13 978096951
11  13 7793834
2  17 2011942246
11  0 989867012
7  1 882757280
3  2 1086700852
18  19 512081791
1  4 414879408
4  13 353065100
19  3 2044019378
13  11 960452532
19  7 1033148343
16  6 1846247542
0  2 820054199
9  3 87537827
17  16 1523794538
7  1 935013910
7  5 2015987750
2  3 423714575
16  18 340218416
17  12 635762302
0  6 1344623169
8  11 1908961703
5  9 263654760
1  16 1982372310
5  0 1852462289
14  17 195765229
3  17 1063223801
4  17 1944393544
1  16 340324209
18  17 1529932214
4  0 1944745452
11  19 2053645852
2  13 1214777830
12  16 704845543
12  3 1824048092
4  2 1163319880
8  14 927241635
9  0 1107043378
16  3 1484846089
6  19 286108201
5  4 1540080789
12  18 2134307848
8  6 395448033
19  4 1110341128
4  12 518675902
2  10 251598197
0  1 725585444
4  0 1842152582
7  14 352522953
1  4 862441570
10  3 470140029
16  17 1082054405
6  7 628025688
10  15 1390651197
16  14 1090985873
18  16 1104503081
19  5 199271192
9  18 1131797953
6  17 977414699
9  19 198989551
11  7 1699321285
6  16 1876004023
3  18 1799592967
12  0 1304772715
8  17 1227952155
19  10 635845229
15  3 1478415658
0  16 1713522547
12  6 1979198202
16  9 960151095
6  8 170513257
18  1 2097645960
7  12 2008784528
