300 20 10 2
0  7 326903165
2  11 1585287873
0  1 1134389562
16  13 1432527006
6  12 756694078
1  18 645361536
1  4 37679557
1  6 2144877412
0  4 587239401
7  14 387286290
16  19 1147992298
11  14 770020555
9  12 443577913
2  10 2015331917
2  10 772489881
17  13 1750172867
9  0 1966181778
15  10 1069609604
12  3 17775748
11  19 1826690381
12  1 1282612848
9  7 673807141
10  19 961713079
5  17 771594645
4  11 1443635098
0  13 131938589
16  13 1858158872
4  7 1041916665
3  8 598119143
3  19 906922298
15  9 1516504160
9  1 1180538428
6  17 697212321
1  3 1722061682
9  1 241645044
12  9 1321413002
15  3 359450768
8  6 1106818096
14  12 1803076339
10  5 57531366
2  10 5696046
10  15 889449328
13  16 1996152678
18  5 1206596359
1  16 1399958904
7  13 96480503
9  0 781936340
7  3 1711616593
10  3 973599580
14  10 750986739
19  10 870865318
2  14 1221996595
16  13 1167344162
7  14 1559299683
5  8 330418810
5  13 1434184586
19  4 1281478989
15  19 556827146
1  17 1905534018
1  0 1571203829
6  0 1264513161
6  19 836250487
13  19 1203325752
0  4 354810948
18  5 194696683
15  19 721212389
5  7 1919296359
10  16 334313146
7  0 432690570
19  9 1654929587
7  13 635744021
2  15 568217864
9  13 1250343462
13  5 70988960
8  19 196178907
5  15 1066393005
5  3 1297347701
3  16 689097599
9  13 148199830
9  5 428690724
17  14 112843557
0  13 452205636
7  5 1304802874
8  4 800050003
4  13 27702263
8  2 257653067
2  13 1760808205
0  2 2130055519
7  0 950144575
14  19 2146444743
16  10 1633725620
13  19 911533466
15  8 499670058
0  17 655238406
2  19 1553283712
8  4 2042634583
3  12 939710601
16  8 1206299637
0  6 2013090608
19  2 2073540680
7  19 1021195522
17  12 1306090921
12  14 184376579
17  16 1332954738
8  19 522494777
9  12 1006950352
18  14 1267585992
16  4 1244711039
19  11 1952148754
12  0 324806279
4  0 1919668653
18  14 1927974322
16  11 1519772811
7  8 2102314274
17  16 936906280
6  9 692202922
18  13 696531396
15  6 56368094
9  12 498765128
8  4 961993035
15  3 1584107259
0  13 1411347743
9  4 1670460212
0  16 990519828
12  2 865423294
2  19 1715113171
0  17 632699840
19  17 205675024
5  17 869748796
2  6 735531359
18  2 1042694436
2  0 1723261670
8  13 1609606407
2  13 2001580162
7  13 857485190
15  18 247773178
18  4 1122956273
19  15 1428070042
12  15 109200732
2  14 1806616656
9  4 436932063
19  5 1979358710
13  0 1523647077
3  19 285485079
5  17 636647230
13  5 1217673875
9  13 800154282
4  1 1691366074
9  7 705431435
5  18 942969313
12  2 296484460
15  0 2004175107
9  18 1781349130
14  9 1699934691
4  18 1874572033
17  9 2026173399
9  7 1780877516
1  19 138843235
17  8 409933615
16  8 164813446
8  14 875675308
4  1 799648712
10  14 362269493
1  4 1772325943
14  2 1527590358
14  7 1406854682
10  14 1787798135
3  9 1484688629
7  2 1490838249
1  7 69777884
8  6 50537065
0  2 258236457
19  4 1803755790
1  18 1477363808
13  9 112249070
0  8 1850776482
7  13 727607675
3  18 811875296
13  17 771004164
18  5 1879643700
4  16 83870466
17  10 1117028929
2  16 1309419152
19  5 11454816
8  14 1572480333
18  1 268989794
5  19 2037964011
8  17 2029170361
3  13 1447603847
11  15 2092760310
8  6 45350249
13  1 1937817808
3  6 2048089122
2  15 1768531916
13  19 402030875
15  13 155549763
5  3 349388207
12  7 1932819624
4  2 1915944825
10  17 607286020
17  8 1033922407
4  1 131102374
19  16 774146985
12  1 1726006277
14  18 1229230729
15  4 1558693491
18  8 1243356213
7  0 1255419889
4  2 210430997
10  3 2122797633
3  13 2114219135
8  16 207044452
16  1 449292174
15  9 1174434665
15  11 544201899
2  1 12316080
13  0 872578546
16  9 141201651
6  4 1957802237
1  16 1347098167
5  13 13143622
0  7 767572905
7  5 1833608384
13  1 1910899649
18  0 1445088689
16  4 916621931
14  4 371359717
9  7 2131754476
17  2 1175175800
9  11 1884160460
7  18 538239707
12  11 870233598
14  5 1821735593
19  4 951424837
0  11 1069140413
9  4 1379329830
7  17 575216684
9  7 2082713695
17  15 774684495
7  1 969178165
5  11 1499452890
9  8 200617944
9  5 1672589879
13  15 1829847894
17  15 1032479695
9  11 1248657311
4  15 1279772863
6  1 608560346
19  5 1502539089
1  4 1042264490
8  6 1271739016
16  5 1246226054
19  2 705590166
5  7 851552836
17  11 1540018787
2  7 1589010557
9  6 1636781941
16  10 143343061
10  2 751695093
1  6 822936659
13  15 2014911442
0  6 351367511
3  10 1553925276
8  6 1708902922
5  14 1286082290
11  13 294758115
17  13 41041646
16  0 1157102963
7  13 1967377014
8  5 560797399
4  5 50043048
11  4 717175307
18  0 1331922877
17  3 1611737103
6  15 584432077
11  2 1800061896
2  6 769671234
12  16 832174164
16  9 96402503
10  6 1079491959
13  18 1667434889
3  19 1544331216
14  13 55542360
3  6 153041889
7  5 766725528
11  8 1378937980
2  15 1856463009
5  19 1371522720
16  17 1185823141
1  5 1364312167
18  7 312898675
3  19 1939431780
12  11 339945263
18  13 635341866
7  2 1813719523
13  0 104132628
10  11 363994826
18  13 328479745
15  0 802628347
4  9 1297721411
