300 20 14 9
8  13 468719992
2  17 774804982
5  2 1179783031
9  0 1707527704
3  17 1228871468
4  12 1251025412
13  3 21928275
8  19 1424127846
8  9 967312023
16  1 246983408
2  10 1529437339
10  16 492853932
19  2 2109075643
9  16 1705176524
2  4 1480085599
0  7 482901126
16  15 1593933232
12  2 813437839
2  9 188721925
8  3 484800702
12  14 456545622
19  10 1617056916
9  10 1591845458
14  7 1352022888
14  17 260962239
8  11 1453291023
1  5 1558491822
9  7 1783262812
16  12 538642825
15  2 1552840390
19  14 2083947108
0  18 1561962516
16  8 1303825806
4  11 1483963658
1  7 246885050
11  5 49768180
16  19 675476384
5  3 1393114243
11  8 826461635
15  3 1423509310
5  4 271756322
3  8 852417964
1  3 2120054249
9  4 1617618683
17  7 1418847556
11  8 1235038635
3  16 1347246628
16  13 1950058161
0  7 1395855795
4  14 462076011
1  10 1150602145
19  5 135888693
2  11 444805560
8  0 1440746793
2  16 1341089007
9  11 1685899354
6  12 213064981
3  17 404231472
2  11 2071538102
18  7 528657202
12  13 87803381
1  6 378194375
5  7 2009377311
8  7 144491445
19  6 88733111
19  8 1508562833
8  12 61842373
6  8 1095788844
10  5 910085603
1  13 826343345
15  11 1886016033
5  11 1587820486
2  8 499000669
15  18 535950981
10  5 1000575038
14  15 1390778987
7  8 591912852
6  5 26246148
3  16 1128005712
16  6 1928518802
16  19 603876398
4  16 2120087403
7  14 884578349
18  4 160072748
6  15 875241894
19  7 989963385
18  10 1023392544
1  0 191688091
3  19 393831415
1  5 1753898473
11  14 516517692
6  13 561264751
8  3 1454929621
12  6 1373197112
9  15 16859032
13  0 1872174229
10  18 1065019390
12  19 2005828681
5  6 1302942850
6  1 1183471447
10  8 161545369
7  12 770364631
7  14 1057027548
16  4 207999231
6  3 638078608
19  3 708668202
13  1 1819244620
0  11 1561902603
12  2 683117239
8  15 253783844
1  14 909189960
2  5 49548153
9  13 1913827935
7  3 1223425533
0  1 443145062
13  15 1837940784
13  8 1497535415
11  1 748954232
13  8 1660948123
3  1 1883159986
17  18 1285875995
10  13 1528301649
9  2 2147083512
7  19 2084805220
0  11 1983140036
6  4 26618787
12  16 1753848545
17  2 635128910
8  10 265906947
13  6 1282827922
18  10 1351465017
12  17 243128466
16  6 713945461
13  9 223467433
9  10 1768767167
18  16 255951401
3  17 102253052
14  0 1871083673
2  17 1808041893
4  8 1283321567
3  8 279553262
2  18 1176066320
12  11 982268275
3  0 196271320
11  7 1792067709
8  4 257134685
2  19 2087730819
14  4 97731891
9  15 610412146
10  1 953696046
9  12 1705663418
18  6 1348678428
18  10 1124723326
14  19 333935336
4  16 485848311
19  9 1364998239
12  2 819443909
17  16 124560893
6  4 1228587946
4  1 163135161
17  9 706532543
18  14 390496077
3  5 403966918
3  7 712849437
4  2 77087515
4  15 1256441907
4  8 233830556
11  7 1185356283
2  12 1323028552
10  16 825355055
8  0 1863360931
1  9 786233817
0  15 184717815
4  15 1312527691
8  3 1946725853
13  17 669973865
5  18 988473750
8  0 1057302234
9  6 1254064534
18  9 1684413020
5  15 994385843
17  14 644224992
9  6 1744237827
9  6 875898691
13  17 2084981312
19  6 185741076
10  5 1163506464
0  13 896839310
14  17 1664020733
6  5 1150762835
17  3 1700664293
13  14 661760182
19  6 1188913368
0  6 1263947392
13  9 431773152
8  12 727890148
1  18 1941484229
4  18 24549205
16  6 2008929591
4  1 456762351
10  8 1512167575
9  14 1818352981
9  10 115379283
2  10 746205655
16  17 835685456
14  2 178765011
2  16 1984182829
16  19 93029988
8  10 48681600
1  4 1867710531
8  6 2057033541
5  19 103207734
4  8 1666237202
17  10 1672093441
18  1 1293029796
9  5 710716485
2  7 1769979436
8  11 289781413
6  8 1357360712
7  19 1181237763
10  2 253816108
12  17 417834486
19  13 1794438768
13  1 968562416
11  5 1750975358
12  11 2079009357
15  3 1569318216
17  9 1675119712
11  16 1107881702
17  11 1832564323
14  2 1891675737
6  18 1875225576
11  9 2138987236
18  9 646781166
5  0 404654683
16  6 2002467075
1  18 1790646374
0  1 475188944
17  6 1133104762
13  14 412540989
6  11 1621299195
16  15 1386139290
17  9 497857229
18  7 1968923064
1  14 1123678870
16  2 351558451
7  2 2126334415
8  0 990872089
17  13 1409267363
18  6 664864922
13  0 497957175
19  2 914795427
12  10 122807051
14  16 2051576180
2  0 356870205
5  2 1779040268
3  4 131474684
15  13 1942545789
17  12 1513683591
4  11 1884087542
5  13 18065143
11  16 1977762452
17  0 1097354196
5  10 1161815985
9  3 1486573322
18  15 2031343964
9  17 1653335359
5  10 1359468330
12  17 1035372458
8  15 1818310840
2  18 1983722200
10  4 1455869287
9  2 1531395083
18  14 29512144
18  19 326819323
18  0 907542459
4  10 1251886875
11  17 1111377183
11  15 2014911626
16  2 2123679492
15  17 398789072
4  12 1552116127
15  1 1242591172
16  0 2095509649
14  12 535697098
19  11 1411238215
8  15 967275418
1  3 1228149745
13  2 303644973
4  11 1875068310
9  15 2045017597
17  9 1641729008
19  7 638191349
0  11 1109167791
9  11 2113883896
16  13 494737626
10  16 1340850514
19  6 912606361
0  9 1920366744
9  10 2013448306
