800 40 30 29
7  1 1606476085
10  5 1750374202
23  2 177651235
13  8 289065417
20  32 1628474802
18  1 120661912
34  36 659717377
38  18 1469946510
30  37 366038888
6  10 630283393
33  26 170974474
21  33 945879990
36  38 3731273
8  32 1870997954
28  16 147977522
12  21 1718117953
1  29 542466541
27  9 1682931823
21  22 1242947835
16  37 1397438825
19  30 587504696
6  23 2145823754
18  21 1727535428
3  10 1862091255
22  32 1690573923
39  20 698421352
1  30 127884175
20  17 260936435
36  23 90318584
8  20 1224520776
0  23 721132739
34  13 194397035
26  11 33308331
1  5 1474627072
18  14 331223459
12  5 195020375
31  13 225165245
28  36 1804976250
30  0 589282270
5  18 1107536276
5  34 1843700869
22  32 1084868291
24  13 38601418
5  21 198224636
8  28 1928759013
31  36 501785172
23  8 1254267709
30  35 766761863
7  4 415654944
29  9 1099630545
5  11 1768136906
27  38 1685820366
2  15 186522549
23  5 1312955700
33  39 1233095324
5  0 855419821
35  13 1124005214
31  8 1460131532
18  33 379845295
7  29 761973295
14  0 1643625809
14  25 168095959
20  1 103324567
6  27 1631728401
5  9 889191881
0  33 1003791645
32  8 1688514635
34  5 11676472
11  9 1647227510
25  18 281020617
30  4 432199589
6  29 94054301
25  30 1856329186
13  14 2007635470
0  23 768743077
0  9 935549299
32  34 306201825
12  13 303009327
38  26 1677340950
36  0 605266841
11  1 100635723
37  8 1431071143
23  17 189433612
23  9 1112834278
19  4 841994658
16  35 203305712
10  0 1133220200
15  2 1790362232
7  1 959947192
1  17 1329503831
35  24 1130310749
7  11 769963011
24  36 681631514
38  9 799500087
8  18 1482163868
29  15 1322632926
18  31 929880567
30  33 96179447
26  36 1121253271
14  9 2000246674
0  28 63268335
28  17 2008712909
26  12 427157792
24  10 136939515
4  20 209213689
31  27 507299921
34  19 1597370477
28  4 1971476371
2  33 938324492
7  17 120019994
29  34 126213985
38  15 2056632715
32  10 1040608823
5  33 938333888
10  27 1757466006
9  32 463874142
26  14 119590046
39  28 1730772886
39  14 2114194381
5  32 515066693
5  8 1156554657
32  19 518362031
39  4 2110567933
21  1 2140594187
5  20 1026842463
3  10 2119649003
7  3 968463994
1  14 1738313987
5  20 1822920657
10  32 1061195557
17  21 422700704
16  2 1971953377
0  17 115544181
13  2 1202660490
7  23 1794889685
4  22 1685025003
31  30 2014257621
3  6 1752807280
12  4 1175001628
12  34 820309817
17  7 945469049
2  6 767926586
27  28 713853456
17  38 145562919
34  26 385778222
8  21 522243643
31  33 2036202364
10  37 1947355732
30  34 94440781
5  3 7421367
26  22 1999070882
21  28 176199178
38  37 175342650
33  32 1535451678
19  12 1478982074
21  36 58236859
3  9 66934378
27  18 2112584412
15  28 316587156
8  27 2085087282
16  14 33052886
35  21 513011287
36  28 102464033
25  39 4537088
27  31 274634900
8  2 1760008862
12  10 1801101020
22  4 1253517148
33  29 744403143
35  19 1482266900
38  11 1678271639
21  31 1039539322
30  2 718734141
8  22 846459641
4  13 1388252938
21  29 252304585
21  18 1756821140
22  5 1687662977
22  18 1752973767
10  18 1893065949
19  10 452162869
26  2 1408480534
11  10 193396427
25  31 305769566
36  29 16666321
10  27 21640739
33  31 1407441132
25  24 1125181719
17  0 1512121267
10  23 421951834
39  18 1445026105
32  10 172639024
39  0 1995963882
12  5 10419079
28  17 1548035922
0  31 163474178
27  15 635651709
24  0 1618341274
39  16 574642626
19  34 1270896277
8  32 1549816122
28  7 533241609
39  26 682207780
10  9 460513676
17  28 377202271
18  4 1521670961
30  28 1349279685
20  25 1239937021
25  30 106399905
35  31 1745529520
19  16 876235545
25  6 407813690
4  23 708880291
4  29 1855022477
22  10 2008776717
33  27 1003728691
4  25 2102647853
20  32 2078505810
8  3 2121702363
34  2 1073837227
38  19 382045276
36  39 234587550
25  15 960537423
27  8 210037349
28  32 980592631
37  27 997329379
20  13 884549429
19  2 1104403861
19  0 527959685
25  5 1858848952
9  2 1545662853
2  26 1951359332
38  19 840184881
34  0 203389972
8  32 1114824871
34  37 1784960349
31  24 12652026
8  5 1905766998
2  16 836941673
20  27 765656088
24  20 374592832
13  11 191044160
23  33 260797085
0  39 29916166
36  8 1112296976
21  36 926088942
30  0 1249076660
29  3 1067680796
35  32 159005135
12  14 1730936539
30  39 350355186
3  11 310171344
20  26 1390662129
26  29 1635318159
33  3 57370650
26  35 805476355
25  35 1352273297
27  18 1169622081
19  18 616988281
2  13 2115869315
22  18 1384121963
6  3 909354748
15  0 1764578747
32  26 447340145
20  35 1791071742
37  6 152465379
36  23 1159592886
4  17 758683665
22  38 2125618525
39  33 849670076
14  8 910788953
9  14 517474423
27  37 994545401
29  19 816712516
23  7 1597053453
12  31 558776145
4  35 1956074410
10  32 1868899317
38  8 2090665927
3  0 1657200217
34  7 707138806
33  30 234015035
23  11 1743712386
37  14 976891027
12  0 2066598317
35  33 765824755
2  32 1705670468
2  36 830846086
6  1 80623793
32  20 103709318
11  17 1463616216
17  30 1432082938
10  27 1836747718
16  36 729669093
14  19 1726278360
14  33 515530384
39  25 930900008
24  28 398073635
0  18 1219146594
33  35 1466835380
6  9 1902579642
30  6 1736277533
11  34 140589938
34  14 1608297006
19  21 563487972
32  16 1463187851
38  33 563685300
20  33 775849646
17  20 189014633
7  33 774582513
37  12 635902844
15  2 1502744695
39  28 372521269
36  4 2058411822
25  32 882142783
29  22 459512123
31  15 642989835
28  32 1344626353
38  20 1230740016
11  17 1779688001
21  6 444169268
25  5 1664977761
36  33 830008909
28  36 2115041684
25  26 913623819
24  0 1710752889
34  22 1750578335
38  27 1278059593
11  27 188057693
30  5 737318458
11  22 168957942
0  19 1378001035
36  5 1792620256
11  14 1167756459
1  4 551877584
21  33 1210322848
16  8 1408077636
11  33 156333428
34  28 1707237682
9  18 1641444475
18  32 1292419313
19  25 267983118
22  24 1736785675
4  20 408779447
9  6 1632800148
23  20 1240076793
21  11 1541909891
0  20 56326314
10  31 1095540862
7  0 16577767
39  24 375641534
18  37 997545821
29  16 291682278
25  38 1378376637
31  7 724228594
13  16 33009709
0  15 810486323
9  23 1671900606
38  0 594003174
11  31 317304100
15  10 978783534
32  11 612936261
24  3 2146217575
1  33 1140505054
36  28 867361996
21  30 398987673
39  11 1689314784
3  16 1774471355
4  27 444675342
4  10 919481299
0  15 1911345500
39  30 188537820
27  13 1754391461
32  31 2118978185
31  38 634590110
11  6 907550960
21  36 370663351
29  32 143966352
4  35 866948446
38  19 1297539066
21  16 1385470988
3  10 1295896565
6  30 1452053477
5  39 669818399
6  34 505596498
5  12 1515033226
30  32 898637317
4  11 714401172
2  36 1540654032
0  27 1555782589
13  28 790562393
24  1 985622886
17  5 1744885774
2  39 1642655517
18  39 93066826
36  20 294572332
7  20 376488880
4  39 917363489
36  28 1366106260
4  19 482736779
15  9 494456147
7  17 1597821008
22  5 1598919066
6  19 1103085165
7  28 1755248804
13  14 228702867
37  38 1477233588
2  16 417599632
34  8 1194231919
32  34 1874107339
19  20 537396086
2  28 1278516869
10  22 1970419467
8  2 1540847200
7  1 1592517468
13  16 2095336692
13  16 1644341055
10  25 1893824051
4  20 582562197
36  2 310143716
13  31 192358526
12  24 2070827539
2  1 1022457645
27  6 1659244386
17  14 9431750
6  2 456734591
8  31 241792076
16  14 2038451304
20  3 18583465
1  0 1703279192
13  35 1640193821
26  23 195678021
1  14 1495828706
11  27 656241598
7  22 1252286797
10  6 339573660
32  4 471707936
7  3 1863382557
29  1 1903888647
3  8 2053325775
18  11 2072461180
28  23 384353500
24  25 760086280
9  15 400818469
2  37 954883385
28  25 1645551240
16  22 1614430629
6  36 289891384
10  20 518759360
22  16 1075599817
31  12 431129700
4  32 491440202
36  13 84042594
38  26 1106661027
3  39 1213503732
39  18 342602092
32  33 347573759
11  38 724932562
0  18 907887677
20  37 954907405
18  20 1969939622
6  38 1120630155
0  22 1004082644
11  0 489064383
14  26 2140812534
32  17 1770566036
28  11 1988413882
7  34 514444248
36  1 1908225334
18  26 1970277028
16  34 240631997
35  31 185446092
4  38 571392082
3  33 1924277073
27  8 1256150832
33  28 2141261331
21  5 701903123
22  18 299445091
34  2 1297313701
23  11 1021545720
17  21 537296197
36  22 235464213
26  18 1949444808
31  7 2063784735
2  37 2057825440
29  3 749816319
8  15 2000528883
27  39 1923963208
13  16 162016140
23  12 1499630202
34  29 1913963158
29  7 1502660881
38  10 1332328449
10  20 2053769921
7  8 1501190528
17  25 42450981
26  20 678510611
37  24 237600397
36  8 1302311340
14  10 520653654
6  29 198828311
1  33 2029446702
36  1 1103225748
39  22 917407198
5  19 1290965245
29  0 1609406671
18  11 1104470695
8  13 515350116
38  26 1980004116
39  36 1595806871
21  6 2001866118
13  35 769111115
10  3 899268174
18  20 1130338511
2  36 185801138
35  34 269513596
34  7 1819285631
32  5 1267311460
25  24 1701377157
1  3 644726606
36  8 665923833
14  23 1764229075
19  31 1775209236
11  4 1221253284
4  31 1695648345
1  10 1471253245
32  19 1142738349
26  36 1008658344
9  11 1839172642
14  27 1178101833
5  19 1612325876
29  16 12014088
11  27 934165354
4  3 1712937816
20  28 289696701
20  16 335586633
7  27 540052081
12  31 155490045
18  25 33137787
13  24 1962437492
29  0 202628216
17  33 1661393601
6  10 443982885
16  39 956010126
34  14 1093738879
16  3 1978861373
4  27 1827647459
4  5 1553664662
29  25 523429886
32  7 1163604142
28  26 64287363
25  22 1679647937
15  36 103400845
16  25 1908622256
20  9 1472403602
4  35 321165018
21  15 1723796984
11  34 870607571
37  12 543149404
21  8 102138457
39  35 2092317813
22  14 1167208923
16  13 412382279
3  15 2130730454
33  11 1074585263
5  25 1271088013
38  23 186791491
3  36 110662955
18  2 915982149
14  27 910302547
30  33 1573086069
8  6 11374340
8  24 659822688
38  35 1870572423
18  6 1187900718
2  14 1663925399
2  38 103620725
21  16 181779346
24  1 913729689
22  4 341397347
39  25 274756668
19  16 1725091875
4  16 169938729
27  19 1378724986
36  5 905663333
0  38 1970233020
29  35 61142181
17  11 1424926869
30  24 1053168268
10  30 2077394367
16  11 158503691
22  29 2135396004
19  35 390071209
6  3 1922805182
4  18 1587578436
13  29 762899901
30  7 1493419566
15  29 1899199976
12  24 633507084
33  5 125590701
30  27 9811667
1  12 373269266
22  25 238049657
27  6 1614449767
19  9 772205315
23  29 459956093
15  13 1448276094
10  11 1164461272
0  35 673334029
10  18 1438269
24  18 1592849705
16  36 875833917
8  25 2026466734
27  10 1514762954
9  35 828266580
17  6 727167728
37  27 2100738425
6  15 1616624880
22  17 451040399
20  38 684705134
4  20 1615584256
35  0 580686673
4  8 1295974166
6  33 896550154
26  21 1953409307
17  3 2126509703
15  26 1582530267
38  28 1659556155
28  17 196034890
28  33 1836799920
21  4 915799109
31  4 481509303
4  16 1850656223
11  20 1740908862
14  33 847495950
6  22 1011575630
22  0 896687857
9  13 1710642092
22  10 2005277982
18  37 106982253
0  7 2016311382
27  17 327913996
38  4 1065489969
5  38 1973160551
29  19 152479986
28  4 444927934
7  13 1660327366
9  30 694384027
25  38 723102274
2  6 1961328783
3  11 171276783
26  24 358110531
6  32 525193352
28  4 1384997132
17  14 1363281333
0  3 644423302
25  38 2107480154
25  20 1536024729
27  29 306777430
9  30 1908487155
4  23 1684237888
30  27 834448281
27  19 1475375223
15  0 1057405154
36  17 1660567110
32  10 1959946994
29  39 2055055968
21  10 711678801
15  30 1188823593
30  4 1640107593
25  16 511790495
7  8 148485202
16  20 870177191
6  12 662175431
12  26 687504503
26  9 1723633705
30  19 1362712459
33  28 913951606
14  3 48457236
2  6 333384505
26  34 507551810
29  26 185701969
19  37 745190963
14  29 1990849334
8  11 1036839933
2  1 1144215654
22  33 1146667622
18  23 702862792
35  21 1342746420
18  9 1934089497
11  17 377672605
11  16 771341145
10  3 1067390396
37  7 1972692129
7  0 544265572
39  35 1150415676
14  38 1043308501
13  14 686529109
23  21 527449935
36  1 1183812946
1  29 268150093
10  37 1165594311
38  5 578549406
9  11 535304296
32  14 36703219
13  0 75924327
33  3 890388832
23  14 563009272
3  36 803242026
13  12 775672874
34  36 1944239040
21  7 1897749795
10  2 937127913
36  27 812815729
20  12 1499474558
9  17 1886322315
27  6 960228004
10  15 926093288
39  7 261218425
4  7 1695219833
34  32 322214719
16  26 52237766
22  12 89714848
2  32 1992174410
19  4 162703657
38  8 376597503
7  14 2024315283
14  16 426861034
21  12 397475285
5  34 218453188
23  0 790269732
19  22 517861768
27  30 1524754908
17  34 102603776
38  8 685533343
22  35 1999570623
36  34 1280393503
16  20 932151794
32  30 876986334
30  2 251675543
31  14 1204035550
4  15 204084995
3  38 2028392152
21  8 744210788
2  4 1697429786
31  27 1451801629
33  35 8456009
37  39 643892071
13  19 1915300586
10  9 1001582914
19  13 985340613
26  22 504671521
17  19 963902288
28  0 532262873
13  39 2078725817
13  19 536819368
17  18 916986497
32  16 1643442200
17  7 1481214461
20  38 1288088106
22  27 843469846
36  39 1034453013
28  8 1925509356
37  29 960701707
37  16 250391184
30  20 1328747093
31  32 1037081476
29  1 1305049793
28  32 1307204650
36  23 1862378061
15  30 2141824822
18  0 1918002523
9  3 1593820621
26  35 1048368238
18  22 1651810241
28  18 1780492534
18  27 107855781
11  34 424713495
23  5 1382436086
37  31 1733911048
6  15 1690498278
23  38 1582252932
16  9 2084315088
10  23 344319551
13  15 904688988
14  15 701984150
36  31 1672715794
35  34 1288088461
29  13 1340233824
4  8 1304479700
19  18 119002562
11  22 1185216113
38  15 626623504
21  31 1649050767
23  4 1068556299
14  26 488309519
35  18 1963218432
2  12 317582939
39  30 202885583
19  20 477019023
