800 40 1 7
33  29 992608264
9  3 666647988
16  27 1246059441
12  6 1476023853
15  19 261406327
2  38 1338799393
23  20 201195412
37  11 146591828
26  33 121011211
31  7 1715254790
26  36 636962204
8  1 2122167525
32  33 1769361055
24  23 1552016044
37  10 34044090
22  11 324530694
30  13 1352496695
35  11 987624549
20  29 1725224319
8  22 2129778959
13  29 55203292
39  16 1036862118
32  31 370864144
24  33 601868004
10  9 1445737793
35  16 899766949
37  18 2115875347
1  22 1650799058
3  10 1910447046
16  21 860024081
20  24 1463840282
3  33 1417084854
32  21 731469725
12  24 1091515341
14  2 1238006418
27  29 890230040
4  39 1932107914
7  14 1777161294
32  38 776310374
11  7 1798053413
0  28 2080031015
32  28 1918770244
29  16 1080576909
20  2 1555202486
37  22 1254383051
38  26 620755602
11  17 1084436223
4  18 461981897
29  3 1586167074
2  8 806543014
26  18 1364328093
10  3 153644418
23  18 367734642
21  2 796093639
34  8 118693273
24  8 1042800749
20  18 1281262965
25  29 1455640812
35  31 507229756
22  6 997837007
23  17 2049609865
35  15 130044833
16  2 1539454993
11  37 1110353195
5  36 195810856
30  6 970796577
24  23 1793255864
36  5 929612540
34  31 944299462
29  31 802691986
15  17 1412384803
30  18 394669058
14  15 1741002912
29  23 455239520
9  33 1947061276
22  13 2069087583
3  5 707967863
21  16 752579170
16  3 11776257
37  29 1381409640
0  10 1350771368
33  35 295510108
18  37 967393450
27  39 410519619
32  23 1050251383
5  23 2091315803
23  8 64793266
37  9 1397004037
36  37 751355341
8  6 1813444311
21  7 1962819428
4  21 1155338337
35  12 171363144
4  38 625859941
25  20 1138762404
9  15 337773560
8  12 2086367738
27  33 1743386484
30  10 881911543
0  33 2005449183
18  35 1356736863
5  4 1244790793
16  4 1206607473
4  15 1134856964
34  15 1059312606
21  2 873149733
8  30 454036162
11  12 865503421
34  36 2035865317
19  34 645296897
12  35 1904586248
8  33 1406556611
17  23 966767842
37  26 670335187
22  15 1534473535
17  6 1809702333
15  20 1937646453
3  23 994946822
37  35 196775391
38  24 231018130
32  2 471563450
28  9 1686215789
5  20 617088570
3  10 233342817
20  2 1637432151
10  39 10403204
17  18 1379167755
2  21 1215492415
17  1 2047606352
1  0 1377586490
15  33 573597847
38  18 1442944371
25  28 592264210
34  13 1737974904
5  20 789834083
9  37 1901551568
6  35 841584465
25  26 14185683
5  7 669391146
27  6 1652985664
26  35 813640755
31  3 1897677768
13  31 1085529729
7  8 1718321684
18  31 283142865
9  12 537910099
29  26 1542158853
13  8 1581327325
16  18 828695177
12  0 96229263
7  3 1411444051
23  4 1452960114
7  20 1678750120
12  19 364199160
16  17 506245914
20  18 2009670840
5  21 417650179
33  4 1140543947
34  39 1233515191
26  16 1830143392
16  12 572089275
29  1 1205559142
11  4 651417456
19  1 64595589
28  13 1980127767
9  12 1361851590
33  31 1186232830
32  17 1257943876
18  35 1495842917
5  18 1756561376
20  22 1883149927
35  14 1209924484
34  19 1699947521
26  14 1035433475
27  31 1587337455
38  11 1345550013
21  26 609682967
31  0 1376319471
19  2 1177088646
6  13 174770643
12  25 235065443
11  17 625413099
1  9 1124719448
32  21 521743717
32  33 952374220
2  0 614023167
20  35 152883149
0  34 1577416221
11  16 1983512728
15  7 170212649
32  28 1849862960
17  39 40545895
26  33 414765395
24  1 408686811
19  33 182238175
39  22 390883130
26  14 1618429709
24  13 964790761
28  11 1859283955
37  34 1130401135
3  13 1878501158
2  22 975875807
22  27 2100116889
33  4 2002366875
28  2 285329521
32  31 1770582133
1  35 639453865
11  9 1427743385
25  10 1404500346
13  31 50282433
1  4 929813432
22  27 1786411773
9  22 1592268038
21  29 898219557
39  23 877724178
17  3 366666517
20  4 169580628
13  5 1679516032
39  32 521919195
7  16 522555498
21  16 458803736
1  27 425769972
26  38 85828459
8  3 625701931
20  39 797703179
21  11 570106582
10  11 205508112
9  18 1560653381
33  14 1678450833
0  6 1851235875
34  37 1374618234
35  36 497919517
29  37 405146622
6  33 134398180
32  5 1196782128
38  20 2028118408
18  35 135466016
24  38 960064221
30  16 141266330
15  21 1990738286
28  34 744769048
38  12 405868084
23  37 1962717621
28  27 1296706579
32  5 1297310144
2  10 2047287903
8  28 1225966050
25  1 450326904
14  21 381126857
33  4 1799834003
5  6 1298800987
0  5 1400610851
0  9 1827758033
6  10 547668909
21  30 574769720
35  32 2121215234
1  6 728992826
37  28 1950734730
19  11 12531228
20  39 1546721979
33  6 2143852833
37  12 1491607716
36  11 61274532
39  31 819675738
37  35 453252668
36  15 1949751821
32  18 1467861902
8  11 275858423
1  7 2145167775
2  17 742035641
5  24 194887927
10  3 1453071744
12  20 930699450
2  23 169329970
9  22 534157995
22  18 319197337
7  9 942433464
38  6 746526275
38  26 1725912323
9  10 237094841
10  39 2069863117
25  20 1175769603
31  30 418439619
31  37 495999892
22  37 1133398966
12  32 965255019
36  37 976641293
31  20 714348367
6  25 67370603
33  16 786417437
27  12 755692604
24  16 1105323860
6  18 203053425
5  4 992653357
21  1 2075608935
16  11 472757523
19  12 1659132225
24  9 1623006634
13  28 1736379911
32  1 1888295651
32  12 830796524
10  14 1100582693
8  39 1178780949
33  0 1520903781
15  17 261910349
5  13 1006453165
38  33 1174157288
11  13 1772465483
2  33 36514888
36  7 220672005
16  14 765344106
23  0 1338123352
2  38 67935177
23  18 102211718
39  38 1681968356
27  19 1389213058
12  28 1437291850
30  10 71335713
13  30 1742879343
20  25 628800530
20  28 1186635957
6  11 1764150119
13  14 417117012
18  37 870559342
34  24 1237977209
36  23 995248101
25  30 1524740264
1  36 786052582
10  35 708180546
8  15 1640847222
14  26 1596278028
33  17 1361061643
39  17 1226174381
25  29 775502618
24  4 1918231665
1  19 2057134677
37  11 1814323031
14  1 752123388
3  13 1694556477
26  7 1461589688
36  12 616958204
31  3 40677443
31  21 706257148
3  29 1190728753
4  24 1443275696
33  3 575937437
25  29 2021037193
4  36 1888023574
2  7 1893762394
6  20 372138132
28  13 1081583982
35  33 1838542148
37  10 1325427207
14  6 457960571
25  1 1190482615
32  27 1560352844
16  27 47805555
31  37 1124354237
39  15 553230129
2  20 805549585
4  14 1069797525
12  10 2005347772
22  21 1963536559
22  24 1298316027
28  36 1885923487
17  27 555768925
34  8 347099873
26  32 636640663
1  11 1923528153
23  28 582641722
24  0 1294857802
32  6 1605525086
39  30 45090082
17  3 1280812197
1  13 1230383125
33  32 173274891
18  4 949661366
0  3 1234824877
37  16 44805136
35  21 1627362311
30  14 1620880293
8  28 1679607559
18  4 682191093
25  0 1216649284
36  10 1459748552
19  35 235112291
39  0 1380479066
11  8 993390094
6  17 873165101
29  15 1789136626
36  27 1627299740
1  25 1012640026
23  4 2011784145
39  3 98046700
10  1 1384591043
26  35 201375044
33  30 1251785639
3  27 1159590958
6  35 1404431508
33  37 1308191123
32  38 1240869927
13  19 877035929
21  4 644921839
13  6 662194146
30  16 1225859869
0  19 499507793
2  10 2017435111
19  12 318420123
3  28 794084003
32  31 896375217
11  1 982695402
10  30 1206131159
34  8 1230651205
28  31 2042031593
21  15 660177003
26  3 790686676
33  0 1654308478
4  30 886686631
21  17 848380118
5  33 1159919367
1  24 563014319
39  28 908691704
27  35 557652079
26  6 1761324442
21  20 1726916226
17  20 7599706
5  39 374521536
31  32 940374467
16  8 1823703648
38  36 2139195035
31  9 1395110056
14  2 1932266376
0  4 1601308054
23  39 1963852431
22  1 35198126
4  36 1666280463
12  2 916566389
20  12 35956133
36  4 1379731370
14  31 1018373620
14  6 1796142146
33  31 795605032
9  34 187936339
25  0 1114495223
27  4 1861244595
22  9 898984726
0  24 1090015442
3  25 359224604
31  6 1998648590
18  7 485411722
27  26 629049262
23  18 922655259
2  7 77832786
2  19 246217828
39  36 1199373939
39  11 28260449
10  12 1651415869
27  11 1873632596
18  7 1158562921
23  11 970606333
38  0 1325991032
11  1 1341923115
17  23 738365046
21  11 53818016
37  30 996161797
18  10 1464691657
27  15 970374445
15  31 2087158018
8  22 1703679122
6  30 877015606
16  5 1179831927
19  36 1464294798
22  16 1053623906
26  31 1587974319
39  17 610390586
18  2 595298767
8  23 1438100579
29  13 579249677
20  1 8797136
23  0 1502128842
23  31 1896972875
15  28 555359875
16  34 1927353090
11  13 647043753
2  39 1904531154
18  28 681013569
9  35 636086145
3  7 39129925
24  9 805253932
12  4 1831423572
3  13 2008470120
27  1 1775129834
5  0 545159610
34  20 1743879353
10  35 466805142
16  1 1455855047
31  4 1464885302
15  23 1819724474
1  39 2275478
19  3 716783588
33  14 1287337453
9  35 49179291
38  36 1559690173
28  1 95835851
23  5 621362363
29  39 1040875018
5  38 266392514
14  28 1276947499
22  20 1041717943
20  22 2013592422
6  9 331722956
18  21 351466907
2  29 1544967893
37  4 2023591156
35  9 820712425
39  33 1184903237
31  14 1166796834
23  33 168449358
33  21 941230177
38  16 461307921
12  16 766890662
18  9 630143292
25  32 2034530643
17  11 110882445
39  21 529874746
26  33 1913533062
37  2 1084798853
6  15 572036327
2  6 726869762
39  14 778504240
10  39 393808006
15  33 1979086712
10  13 1461617425
19  15 866592563
19  33 1789471515
20  36 999235753
26  7 1137228545
19  37 655935955
5  37 1788565365
22  0 675888531
33  39 1811942991
35  38 148099043
27  11 1841402220
8  9 2080096006
3  32 1902614469
1  0 1713116189
36  18 172892185
30  19 1331690770
37  16 576738733
36  3 1600052875
20  27 803125568
27  20 223819201
30  26 1295616733
24  16 1784104573
2  36 1428861913
0  25 938394553
15  3 1685954482
0  36 1552706732
28  34 413949778
38  16 730492798
37  5 588053980
30  25 1956358680
36  22 1137234963
12  23 410939323
39  15 255950702
20  29 789436175
11  13 1665511331
7  16 899647509
26  20 1393891185
36  28 2034622213
4  12 359066468
19  23 1556205203
4  1 306421858
10  1 343597278
9  32 1760819128
21  10 319151657
22  15 1923726765
7  16 63383525
28  14 1070862311
12  6 1194581155
4  1 1555965697
21  29 2093910069
30  26 788537842
11  19 14841337
38  30 1551721562
18  12 514820599
8  1 263400956
24  32 1810996777
18  14 1549461450
31  9 222733706
22  11 2146569860
14  36 1451240430
5  13 2122538771
12  32 1848966703
15  19 1273965740
8  32 1782866818
33  34 597129249
19  10 1290955014
17  23 2043156298
36  37 1888210199
3  5 1846485546
20  33 2120283963
11  5 980825408
28  17 78124872
28  33 320399056
28  38 102336799
37  20 1765477566
12  27 964585597
14  30 249383351
1  4 941799220
12  14 752077596
31  22 1250814143
6  34 1109633115
25  8 1317792893
1  39 849323453
25  37 59572187
17  13 358265272
21  7 1045885503
29  13 1079169978
34  14 938667713
29  8 1733740590
27  26 1712995063
32  37 1600221867
23  36 1884122261
13  35 311591532
26  1 1771972119
19  24 846351340
4  10 655928441
0  18 1826867318
11  14 86523531
28  9 1257698830
26  4 7978641
8  14 371603372
34  15 363702080
17  19 675126435
32  8 574565545
13  20 464831355
13  1 882241409
23  6 574200060
24  22 1191430257
26  30 151795530
16  1 501522174
20  9 1610973232
19  5 682372914
0  1 490802972
38  23 925585040
31  15 403124693
31  19 601642478
29  9 1518656496
35  33 404615819
14  39 1565127998
37  19 1793758888
18  3 1538824491
31  8 94167754
14  39 1390583446
20  36 1590087244
16  30 469153859
27  38 1577941100
26  12 714778631
19  34 863619003
26  33 760356066
5  36 1822602577
23  25 2117607320
38  35 1175598095
22  14 1954431371
29  7 1108027694
35  28 1997452823
24  33 1827451300
0  1 797877120
31  35 185907635
31  38 2104816547
11  5 1838887953
10  34 68477991
21  3 375893047
16  5 1440956501
30  24 516243687
14  4 222784769
23  24 2048940656
29  0 1843770740
23  17 2090656322
24  20 479127214
30  23 185905227
18  32 327879833
14  17 1244764322
21  7 1823848444
7  27 1804670145
24  8 819641417
14  22 1074394705
37  32 1267681643
5  20 133283236
3  19 1893716623
31  20 390672308
37  11 409985729
14  3 1217187379
37  28 588948056
14  30 305631810
14  26 1732352026
35  13 56474374
17  16 901197704
18  35 1412063552
7  22 461213570
35  16 1268940607
11  5 380781860
19  4 1188023327
6  20 2011203155
20  7 444202594
25  9 1343267998
14  7 624362216
38  15 1327353182
25  38 170853126
13  31 401675917
18  2 1050132979
15  36 1265407257
18  0 422075042
30  14 2083886959
28  22 1184134097
16  15 1119760990
22  12 1345131266
9  1 1664966058
14  7 19271664
26  37 993732277
7  16 57596739
19  34 1277604815
15  37 673015193
1  13 1610473921
2  26 1052738326
20  38 490301936
19  2 1432118298
38  32 946510192
24  9 2020791985
28  4 1682702535
11  21 2085657023
0  31 2067185215
23  4 1899852947
8  12 1361531742
12  1 75636577
3  7 1435853432
33  35 79040522
27  33 1784981866
3  22 9141147
2  17 1064460204
39  38 662175746
25  28 941540397
4  22 2024822265
26  20 1121570464
13  24 493632336
0  23 692456533
37  17 1329813136
15  37 1717003447
0  11 1061477066
12  14 1593050283
11  8 1072964324
13  24 926075084
36  39 1773686451
1  28 696861622
7  33 2134798413
29  0 765459542
1  27 1750845281
21  5 2054464574
39  24 471657815
16  24 660279609
26  21 835497953
33  16 378929805
32  37 734445952
23  29 1432894349
9  12 1220789825
15  5 1167957154
38  21 118479433
4  33 249132798
19  35 1088229874
4  35 1340538632
35  0 97785276
0  14 473156965
9  29 1863046960
38  31 247510218
32  14 632061327
23  31 1928555219
25  33 1258987612
27  15 1081500047
14  2 218780426
32  20 2050601456
3  11 1839676147
37  0 534223019
29  36 770048058
19  21 51725423
8  37 1353308908
12  3 871105453
28  17 278630923
30  8 1249635893
14  31 634432934
0  19 964994951
8  22 1201094754
8  19 1690912012
29  14 925572349
31  16 2129180457
0  10 1671197932
16  19 500520700
27  22 536267977
15  11 1690669086
7  28 1926073052
