800 40 26 8
21  39 1431740691
10  4 1654729292
28  7 1428354116
18  3 1906670268
0  35 1647645640
30  24 797468090
37  13 2022007199
32  31 133361261
24  1 1578795365
27  38 151916881
3  24 1018394129
6  38 309134763
35  33 370608183
39  35 546034177
15  9 488985733
10  21 55805794
11  38 1040165767
20  3 642489477
26  1 757757557
11  28 1227778545
27  16 2067368223
26  3 608168620
12  19 1520329929
8  12 1574487969
1  31 747838529
20  23 1805371673
14  10 1659395712
19  11 137436579
9  35 352864580
3  4 1791408657
5  4 1029411774
28  14 614471609
14  22 2116977179
25  33 1148322772
24  15 302673486
20  35 159649994
39  28 1772224031
13  2 1755415743
23  18 259205825
28  20 226668290
14  15 210308557
36  4 851482679
21  29 2086484638
7  1 1383092570
31  12 1177108714
22  28 1659463517
30  38 1880547803
36  22 322556010
26  9 2105408254
30  8 2080683227
38  32 2029001631
7  25 1458157224
12  24 1242474117
8  36 1804532654
30  11 1600515562
35  38 102209878
29  16 519013058
17  9 1330099730
2  31 1156046067
12  4 828299146
6  0 639364803
39  27 1931401678
2  0 33725277
30  34 563841690
8  25 1733305287
5  36 864906512
30  2 1850989269
9  32 1876333875
28  17 1501455780
9  36 485692003
29  37 381665877
15  34 1651872610
34  2 609145869
4  25 1509752492
27  2 1977648604
39  13 693355846
32  8 1916536327
37  1 804647691
30  16 825785563
32  29 2075050738
12  9 441172481
10  35 889898050
11  26 1712216161
3  38 421071196
8  4 2059652938
32  9 1054444847
16  13 1103452394
9  36 1892841687
12  10 2123972162
33  11 233044198
20  4 1226075719
35  26 493595502
35  22 1214418250
38  6 441875585
36  3 1034421018
39  32 655375147
31  32 220506469
11  17 1169708059
2  21 1465810929
32  5 995462587
0  37 2060384741
34  9 1038299367
20  1 13678983
6  31 227433901
8  39 884281263
35  39 1055427427
28  0 2116140883
38  24 1681804141
32  24 616283456
6  10 1747980750
8  7 1575916475
15  34 1606368418
26  19 2008078437
10  30 1685812918
23  13 1178055646
17  32 1781862595
15  36 1663737611
38  37 1992392869
6  11 435198135
39  9 159550228
19  23 1328627577
24  12 1718691584
38  10 1894369815
36  35 2126245370
24  26 1592359849
36  21 1890601302
23  33 1281706037
4  20 423722370
7  32 194038781
27  5 166813304
37  29 932772078
22  14 776230212
2  4 568372806
8  30 1711802425
2  36 510880180
16  31 670787161
26  14 913679111
27  38 1745003589
15  39 1857396297
17  9 1882863172
19  36 1149246393
37  14 39037521
7  19 1935154485
15  20 1718517129
13  17 1921845491
11  17 1038697302
9  34 362540661
32  1 1851897573
6  25 638469139
35  32 169314830
3  30 1642359888
26  21 690753514
4  27 2008153154
29  36 1393382405
15  31 1890421311
22  18 1634320825
25  33 571638082
37  12 1254076634
19  16 706467996
33  34 360302397
13  14 437183944
23  1 1707668306
38  29 1647674162
9  16 902238156
29  33 323569289
7  15 2008034202
28  3 1768392946
39  37 255986997
38  26 465063371
37  13 1849346513
30  9 489117840
7  37 2106385162
1  20 706088129
0  6 509182044
32  35 589507632
26  14 306908626
10  37 1283720908
33  24 1301287515
35  8 1210512637
32  8 917971026
6  15 412623700
13  14 1191143441
10  18 149852179
24  32 1523860648
38  29 837799911
14  39 1172710604
38  2 1126634147
33  9 829650821
26  5 1283420618
27  26 108150143
29  32 2009360352
38  31 532202995
34  4 1469151807
12  26 610885544
8  28 917229286
3  11 750270375
19  35 2064863913
21  16 361329973
25  2 933503558
19  36 1503887348
28  22 1817822105
23  8 851199096
27  23 671154524
20  26 702239252
37  15 2044210641
8  2 47973233
32  5 610237534
14  33 1658487740
19  29 1899085608
28  29 1656214078
36  1 516476939
0  13 623954618
8  7 1059112698
38  16 390835620
17  9 1738417417
11  33 76216384
31  18 239094359
31  30 1935439504
18  11 1789468501
12  11 1161079469
33  30 1490785751
10  6 1685650726
15  10 346221654
37  30 1315594073
20  36 1280862148
7  34 1643635559
14  31 846330691
6  18 968429052
36  27 1934560749
24  10 1798265945
18  34 1580215470
16  24 1431465990
8  32 748942524
11  32 65009193
33  22 284642184
11  29 679182099
20  4 1467041139
1  4 1603824322
32  38 785560333
34  13 115769803
29  19 1632473386
34  31 986763409
22  13 1586374753
14  39 589440429
39  34 1804188984
26  9 985561289
23  16 1015412429
13  17 571338075
0  29 2043139021
19  15 39094887
32  38 1699759590
7  33 1212331786
22  25 1522086879
22  23 1991908794
23  9 979536323
10  33 2059757635
5  8 476347048
37  22 470332498
28  8 1794249152
5  2 1675645259
0  31 1716115218
22  15 220863608
10  27 1070302284
37  20 1165760547
38  32 1146864652
26  29 1958609113
34  27 1561288352
16  7 1417203279
15  26 314992220
26  15 789728718
10  12 887924749
11  23 165446320
1  26 1736598006
2  31 92132531
29  37 646866190
39  33 144650000
33  13 164450740
27  8 1605483215
34  9 1454435030
5  0 186375264
37  1 2063202899
28  0 926265003
20  0 1528971200
4  19 1145468459
21  38 512697660
34  30 750522495
34  20 952574431
2  8 481297974
9  30 306378331
5  28 1164522124
7  35 1402385202
20  16 1169018156
35  3 1742515606
5  20 1532211783
25  13 605031499
11  12 2045571414
9  21 761890694
30  28 2062353735
12  3 373083870
33  20 1651619419
25  12 154107470
39  15 257943284
18  6 1361904390
7  0 1306506898
2  21 1644120167
32  34 1910933805
38  19 2093887634
14  7 1434016055
37  39 1532646913
39  32 1301833920
16  28 386359621
31  1 1345534498
9  17 148806553
4  35 1198638084
27  19 129922105
0  19 798135633
37  10 1656063159
28  19 2135212116
0  13 937143181
8  11 462877325
28  37 871808787
37  9 960439541
3  30 513586296
32  18 778879773
37  5 1892878626
25  37 983835873
37  17 394869959
25  6 1983821908
24  18 726978799
17  9 548883819
28  3 1258094572
22  18 941171549
10  19 1520138001
6  23 1634003811
30  16 217663685
16  17 1150221411
30  6 242292012
25  12 1220672678
0  37 683182401
4  39 1533827038
3  35 1783959446
22  11 197849182
11  32 1250930680
18  9 1077016797
26  11 1430298337
32  22 1607669427
20  26 1426221593
13  36 448790212
8  35 408562436
33  25 332635547
20  23 1392058450
24  34 146277757
20  17 683573328
29  35 470115987
23  28 872820119
32  0 435603911
37  24 1283991431
34  22 807554383
31  24 822027461
28  38 1775619472
11  0 917349732
22  38 1976773241
9  6 1834977397
15  0 761253468
2  23 1745072545
5  22 1583110244
23  25 1479744151
8  6 251727752
16  3 1537433219
14  39 2019102842
29  22 1154384395
7  5 1882624435
38  36 264993228
37  19 1749561988
29  6 307127842
22  7 183105869
24  7 571083723
4  6 612708832
34  14 802331365
38  36 1691767587
33  28 1113921860
39  14 1254451019
39  26 226203196
36  30 1423249677
28  6 413015915
23  31 803597099
15  4 850739784
34  15 2008449279
2  4 820963734
12  14 203592129
38  21 1349145120
3  31 1063460721
28  7 197111824
34  5 1435810889
2  31 1627911527
9  14 1928074503
25  1 1545439529
29  23 283229631
21  7 2145341053
12  22 193990579
10  28 402402690
21  17 2143685842
26  17 1104966576
13  5 1935954707
10  0 1705728762
8  32 1503565820
29  13 1450366320
39  38 1946473987
36  25 1485840427
13  4 1127439905
24  37 1780599802
10  36 1057800634
11  14 1380706791
4  1 527022267
17  14 267187756
19  7 1112716583
35  10 397168280
34  13 1393782200
9  15 637937417
17  34 530281531
22  31 1393611980
35  13 354772461
12  22 1583276081
9  3 420977649
37  13 1021365887
26  6 1487966411
1  37 660798819
10  23 1366939006
15  16 719969672
22  26 83581284
32  38 484514259
24  29 1933764152
21  27 2069927305
17  26 1348333848
9  25 1154878898
24  15 1963619209
39  19 131837463
38  26 440592075
12  34 1115382553
16  34 166962536
27  25 217834234
24  33 791436167
19  25 1033872118
10  1 620295704
3  1 2025926852
5  13 1244670951
23  2 1225303469
25  10 1392221120
26  21 1196273779
25  28 1079173463
19  23 1526771514
7  8 434052499
29  34 1455188177
26  19 517085466
27  31 28158488
29  27 644361
3  30 1332060688
0  22 34373312
1  16 1893318893
12  32 969193067
23  25 245622528
26  33 30917185
10  34 1341905282
15  31 977560421
31  38 1635878079
38  28 438889921
23  11 94973451
4  22 762525445
5  24 776052662
14  33 949008874
38  21 605694895
21  29 1829776516
24  32 1414421749
10  36 938395726
30  21 965970396
23  8 518829763
36  2 1970014288
9  10 911256546
23  6 702326465
17  35 516942004
2  28 939504391
35  8 991473574
29  2 911583815
17  1 1700212036
38  8 717696332
4  15 2030543972
39  37 1899803281
13  34 167579048
18  39 1375590271
34  20 72143695
21  0 1402659836
9  13 2048888164
12  21 1825581120
20  4 1353793662
12  33 1760496246
12  32 1090877797
39  18 1127560133
1  4 116981116
8  12 808921285
7  30 1681660196
20  26 523091531
30  23 1513583018
11  7 299821279
33  20 1050424323
14  8 173264060
3  18 1236042264
15  3 73596540
15  31 382609249
24  19 1965065729
34  39 423761800
18  34 592457763
38  0 1630522742
11  8 651914335
37  33 730022282
33  19 1388643264
22  10 909413043
26  23 300212159
12  4 977101646
20  33 1487444433
21  27 1682460044
35  36 287385639
28  27 2086678459
2  28 1676135081
26  6 1538143385
6  34 2097752034
7  16 373331597
38  18 1718436127
1  20 413866754
15  18 634566423
34  13 42202952
32  37 1445595661
7  9 601448026
7  29 1808781544
2  25 1670631904
31  19 352250658
14  34 1809500427
11  35 1117070197
6  30 1687017813
4  25 1971155781
21  15 869204381
18  37 1080774125
6  23 1175617059
4  28 385633119
15  1 1248228888
14  9 1140878227
6  13 429749736
0  33 767875082
4  23 435451062
39  24 756978465
25  14 492062513
0  19 53981099
39  17 975708393
7  17 1058855293
9  8 638089538
39  28 811170827
30  9 1301845091
27  35 591735440
19  12 553980288
14  9 1494049486
21  1 501323362
5  18 1351188098
23  7 781445658
14  33 119471267
33  10 352853518
3  11 1715823755
14  6 298751409
38  20 1524724658
4  38 2096548652
5  36 860241890
5  25 1734572152
13  19 925630312
17  36 478820476
6  18 1231141645
9  8 804997012
31  1 1363128725
30  38 1254583484
13  25 598847775
30  37 304874209
9  30 1502280486
14  6 2080914759
23  26 717371943
37  39 536217926
28  19 1943228468
36  23 328767773
9  5 331767900
36  20 766794700
4  7 1764320146
34  18 1830513645
35  4 224379974
11  17 1382723887
1  13 539946441
24  15 1631335306
20  36 1784755309
11  6 2066844001
22  32 323018283
30  31 422406533
16  12 855484005
4  23 1671913150
22  26 1833306907
28  29 252773462
2  4 1253534772
25  26 2328001
31  37 1368955706
7  10 897693547
25  37 331791072
38  15 1081124651
22  38 1948035362
35  19 833289499
22  19 1034591335
18  12 736097497
16  11 289962886
33  29 1810963829
28  7 522103289
27  17 1461500138
13  38 1259741128
9  21 1944622949
2  13 1670317796
31  17 1520573331
23  1 1920044860
1  3 1894651605
6  7 2105883000
5  26 1398370407
35  13 1217413358
29  7 340892244
36  6 935257346
37  11 1538966123
21  25 1901016990
29  12 1821946235
22  27 1160997381
14  11 1595063811
35  27 1974471916
25  1 1581235486
33  5 776070822
17  14 817923919
39  8 1756058519
32  38 914048642
15  32 1540245055
19  38 775581390
0  30 622099292
35  37 1382931262
31  8 1432384958
20  10 1552609151
27  29 1485993347
13  9 1945774583
9  16 171158924
37  12 1211731809
29  16 639806177
28  3 602632442
31  35 846989855
24  14 694020585
23  3 1741035583
28  22 771201364
21  0 393136930
21  1 261728305
14  6 497925162
3  27 279734248
36  4 1225077682
26  39 1253354639
6  0 272035581
15  2 366207698
13  28 639241709
1  18 471024331
35  38 1761605267
37  29 1939335316
15  33 1775062613
21  18 1052307467
15  19 530803006
1  30 678584408
14  30 986149754
9  32 2098415917
21  13 1321138219
15  12 788015824
22  10 360425114
33  25 101068250
21  9 171889087
27  15 482827985
1  6 144014910
38  11 412585365
12  7 582356182
33  6 1272750619
25  39 2052899802
9  13 1645232666
1  16 640486150
39  29 874247256
10  5 643737705
16  15 2131761853
33  9 923008558
28  14 1715333956
25  5 14165981
19  9 722985511
11  21 1809690432
27  6 333912250
19  4 1049525945
34  26 1181778955
24  2 85086659
9  29 1213123144
13  30 378316159
33  1 234552641
6  18 761628247
35  11 2023781948
21  28 489443012
6  23 738218099
26  18 1492539721
0  11 319297798
14  2 1657313710
12  20 698751898
19  17 588887894
15  22 1349034229
3  10 1286977444
34  14 1879863763
21  39 1110066831
26  13 1123131800
21  16 1036720945
4  34 1775259552
7  26 563507482
30  10 223026199
32  19 104589339
34  37 6361746
2  14 480772896
24  34 157714464
8  1 1220618100
18  24 337479463
8  24 1532928522
35  23 1185740626
11  19 424954162
26  24 1850338996
39  20 210790006
10  19 214717447
37  15 880342389
6  7 1142121512
0  29 2075073006
26  4 1960299831
3  5 1624256166
8  38 2041569238
9  23 551661509
9  29 827295318
2  12 833059684
21  29 182890402
4  15 582037133
3  9 631850213
14  21 843508408
26  21 831362464
3  15 110948260
16  30 1895075016
21  4 1068440081
26  33 2071358642
20  39 1100267867
25  33 2124919497
5  8 1230516217
26  13 1220256104
17  24 1143752907
23  21 1009058465
12  26 545320808
0  16 577334506
17  21 1862760377
20  23 273016445
31  20 175831720
6  35 920676554
26  12 1699683550
1  15 1412221903
25  8 987224487
26  27 488020678
3  4 1628402533
25  7 16170934
26  0 1084899421
2  22 643772821
24  23 1331364436
5  15 886070729
11  0 2147409999
29  31 495459407
19  34 966312894
5  32 872946498
19  38 71908380
21  33 183873127
20  35 156122455
21  4 1541994221
29  26 29394783
37  25 29184170
32  13 1160032131
10  39 1150295792
12  9 1270966452
9  29 1754216411
21  30 238569740
19  13 1014615888
13  2 802505145
17  23 440674385
14  13 872426815
27  7 1812434124
17  2 1310052307
28  21 1363716326
32  4 1378619620
3  7 424332687
10  26 499496961
1  14 599168331
16  31 568426626
31  8 1420663497
27  28 717827355
0  19 649682247
36  10 6304373
17  29 782528326
