800 40 19 39
28  12 1293884979
13  3 304070003
39  34 382630159
36  26 1000589083
8  18 61528274
37  6 1567164644
2  37 1647640123
16  39 184489554
3  19 344109907
32  31 745038731
15  12 1182372968
20  8 8564065
31  10 356258116
15  3 34382120
29  7 1531618357
13  28 488621889
14  23 441315443
18  7 317383697
26  8 836647519
31  9 1972960395
16  21 1556153018
13  0 2107766183
1  12 1988334530
3  26 69557693
12  37 173421543
15  1 136428341
22  11 1489651736
0  25 952206578
2  14 1738910597
12  8 761779443
34  20 1648065547
27  16 300341776
15  35 390314908
21  31 1252995751
16  7 1374798730
2  37 1794295268
14  19 1957301797
4  3 812313828
33  17 505766565
21  4 1829733923
12  9 1191440701
20  10 877693701
29  35 1319937457
16  7 1807678525
9  35 566983458
14  19 1597711398
17  35 661050378
1  9 586263158
24  8 1655917683
24  7 286157697
3  7 130999040
13  12 1637347265
20  2 941536190
30  12 788009964
32  31 124253101
36  2 405759663
2  18 141264786
10  29 1387773958
31  26 1253073982
33  24 963540729
18  2 1736221814
20  36 303713310
1  22 1334697311
37  9 1810646911
23  38 1791921017
32  22 803977212
1  27 1324440765
1  9 1315657557
11  5 922124630
2  38 1748882316
21  38 341048512
30  6 1989211460
30  35 195430754
16  7 1290064030
31  17 1429994882
18  25 1379137702
3  18 321624989
34  11 1969402326
38  7 2040387991
24  19 935965961
14  34 1258095021
36  19 1378043356
30  2 2051307648
0  16 1036612270
13  21 1778921645
17  5 318251223
18  35 2139791946
18  16 1281676524
0  38 625546012
30  36 901395902
34  35 834036578
32  8 1907093080
14  36 1499505009
19  5 1747727587
23  26 1835647239
16  12 260107920
18  2 687770724
0  19 563777272
9  31 992926343
15  30 1442908123
9  12 1884143243
4  7 2112943741
34  31 229966609
19  16 222980290
24  26 1810732539
11  18 1304073716
2  15 1039717947
35  29 540783157
22  26 1058650528
2  28 918108794
6  26 1236734970
12  23 351496284
26  23 283157270
21  24 1364890015
39  7 530607169
11  3 1573270472
0  35 2066791599
3  34 2047740676
36  7 1028608974
9  25 1992389634
6  17 507732221
27  39 1321052201
0  17 626713674
28  24 1211773850
3  12 333517321
11  25 1346358707
23  26 1742415595
9  6 529612675
29  5 1725647847
10  12 256787072
25  5 1873054799
2  25 545843100
31  19 949433459
9  5 218016336
18  33 1764676801
25  30 724428633
15  30 261444451
18  10 776262983
38  10 565188466
33  1 1873799803
2  6 371381918
1  38 211432458
27  29 506478256
21  23 929330342
38  35 65971529
4  11 1706423569
37  39 6681786
8  35 1991917695
26  20 990276712
8  25 455611311
34  1 591288961
34  17 1297937682
33  21 30461555
20  2 930023811
13  37 995332763
10  24 326382404
15  25 734323693
3  25 237023099
4  19 1214514333
39  11 888679019
36  32 77951165
19  17 1880268142
12  25 648383987
33  19 879582564
21  20 1711975359
38  37 1187911916
28  37 243585598
1  16 1411198799
13  34 186597328
1  17 1462851250
12  21 976654036
8  15 564699547
0  26 682259115
28  1 1496289165
28  16 1133629129
24  17 1510584492
11  13 1228282293
1  6 81085244
34  28 678662630
19  10 1960013304
39  12 1084035580
29  4 2130887642
8  24 965854809
22  26 768973780
0  32 969469640
21  38 311090895
17  6 494862357
36  6 1577833803
28  19 564083629
12  34 1208916048
12  33 2004514093
29  38 1078651817
19  36 1973238042
37  14 1162407929
36  20 1595286190
19  25 1236877069
34  19 438423312
21  4 1268509439
17  26 1271136110
15  31 1580539777
3  7 568923151
14  15 938284519
1  8 1803470112
20  21 644382015
13  29 1518152131
9  37 1177404674
25  36 7866217
0  3 508404988
37  0 87491532
38  37 1753593065
1  18 180450518
11  17 1395142561
14  10 860699609
26  12 1465611132
34  31 426296531
2  29 1135707616
22  32 2041734783
35  23 1111695657
18  30 2083130668
32  17 1141741266
5  11 739959949
9  18 930021503
13  12 1243577041
6  30 865599426
10  25 1780389499
18  22 638560402
34  37 1057416923
7  30 604625736
20  21 1486984383
17  27 840434935
26  38 1038618364
14  24 1713045145
16  3 1263664571
38  30 1433578074
3  36 1974203762
24  34 595159188
4  36 1794415650
18  10 1447576783
19  32 189418837
25  36 687747724
3  36 2057072513
6  36 1438008556
24  29 1944312496
28  19 493507171
30  22 459341687
20  12 1516765262
22  27 1396597764
0  1 434867723
19  29 990626567
23  21 209777174
13  31 2040320319
27  38 2081384356
32  0 1565951109
0  31 1656357459
18  34 1130262143
14  38 1848705624
19  3 1046998092
2  24 2133994779
30  6 103835583
29  31 1470021613
0  18 1759417202
26  33 1037174898
20  27 2022608082
33  20 1225301274
6  0 248378212
9  29 1484861225
16  26 1666755100
17  10 1225560401
2  29 1939521210
3  25 521716092
28  37 1341416744
25  10 171689471
34  4 701039179
18  29 388330794
11  2 1451638435
18  34 933104442
20  32 2045685294
25  35 746627603
11  38 432184183
25  13 550456286
11  36 168172266
34  26 2088967123
28  26 1196461146
38  4 813387421
19  34 763552824
14  33 391450691
30  35 1302435144
12  11 194255771
0  8 2019735446
5  20 808786393
23  8 1944165931
34  20 1239655289
16  26 2131894774
30  33 1067567489
20  31 1111844642
15  23 843103553
19  37 698935061
30  17 1258627178
21  9 705950989
32  12 1040630975
27  26 789247903
19  38 1210143044
28  32 1221425051
6  26 2045458768
38  20 1530068925
11  9 265421925
9  23 527590096
21  11 357918938
19  13 1753884479
23  12 546577475
20  26 1098943269
1  37 1480968478
35  1 136918964
33  21 805595098
11  17 447741453
25  5 946731110
8  36 37779687
9  31 240147028
15  22 985376006
0  30 348573044
37  19 1528329278
6  31 864141282
19  18 298228926
5  16 176203234
17  32 435809875
11  2 532432194
27  14 377691471
1  39 1955754348
22  30 2014408058
29  15 101408777
6  20 1171634244
15  38 2063208231
12  39 300776506
33  35 1362646658
34  4 1085530553
24  17 1341795858
10  24 745738407
19  15 1463113642
3  19 1380255637
28  18 369246420
17  3 2078235369
23  5 853600282
36  29 880121311
26  29 1519040194
12  34 761300258
8  15 544351057
13  36 987999900
31  24 159732086
38  28 1731092818
0  11 2050664444
36  29 1892679363
33  25 1027635764
22  29 1174854575
1  35 125328230
13  26 290257310
12  24 121792849
11  3 1080315678
11  28 1331663994
2  21 542294867
23  28 1704829255
10  34 373082807
17  20 446981376
2  35 1726278084
31  5 1186433026
13  0 1657069068
10  29 2055674154
36  13 1336658328
9  37 233850361
20  17 1192996805
18  9 369009092
39  25 1783539876
4  15 558240971
2  33 2055975707
4  21 1122888764
30  18 1006493030
11  27 1909448589
8  13 2068276385
8  37 1393380702
24  3 2084129502
24  34 718519045
19  20 448898631
39  9 1235472344
11  16 988191346
11  23 1951606111
30  32 1878754495
34  18 48636554
15  23 1681307343
8  22 885158213
30  9 553384818
37  16 2084843391
18  22 1082777408
26  37 386950265
38  8 746542701
36  8 1944036107
4  25 2028014466
11  24 1945370030
2  15 1411357074
27  37 522519232
33  7 1524290949
17  19 96538790
21  9 1670919054
33  2 678809090
7  26 424808655
12  34 1261304992
25  8 1858769816
1  33 1214114504
28  34 1946563803
15  31 989450652
13  12 1810420764
26  22 540000535
37  7 2068059445
33  7 334315966
34  39 28538020
6  31 329574934
28  8 1986625433
0  15 1478435507
31  5 479379082
23  28 1578019352
19  10 1230635438
39  25 1408048962
28  29 709216300
37  35 1098489985
27  15 1458607645
24  3 396309508
1  17 657670404
33  4 1547368137
29  12 1032573207
37  11 620802358
6  21 26050140
13  21 642379171
11  20 80129770
1  13 1586176883
18  27 1450138824
27  21 1342358678
28  9 261245588
36  38 1975534809
17  24 1486890187
23  2 361741324
17  30 2101773026
23  8 329522131
39  27 718500254
6  10 296080994
16  35 1747168796
18  2 118011173
16  7 1070820511
12  13 1407234173
12  13 571355260
27  10 1923073941
23  24 2046986500
23  35 941987725
36  38 1708453877
32  4 1037920749
27  15 868280454
12  2 972130571
27  39 1155639375
22  24 356456030
5  28 2051638492
21  28 2061443051
5  7 1524482004
0  34 142155792
32  25 197028329
27  37 619026202
11  5 1328214672
22  6 621190452
30  24 1160082973
19  6 621864134
22  17 1659537942
27  16 96154173
0  5 1858387362
39  19 387962538
35  25 308161248
35  0 562476021
17  11 1023435678
10  39 513377877
10  0 1723755558
34  11 556031161
33  32 1077844994
1  12 1591250416
9  36 1048987671
34  0 1244476017
4  12 278313720
23  37 661952355
8  37 1066818452
36  10 106282577
21  29 1530913571
18  28 464944217
4  16 2075578760
14  22 1163931010
5  26 358940421
12  7 1012592275
15  4 1464444442
17  8 1471815724
33  4 1600163611
21  26 722961119
5  29 1510598594
2  12 1476952064
39  7 1196955330
2  34 573281205
5  30 303404194
24  27 530672458
30  27 1086047283
9  26 667893886
38  14 791257164
37  8 1308967960
0  22 464191502
31  5 1482791317
36  20 1186345381
23  12 1204768786
17  30 1628732861
36  10 870157713
12  31 749926210
25  37 674323174
10  16 259530105
37  3 1579437367
4  22 1679916197
27  32 17606503
8  32 1358113591
5  1 1812327054
2  7 494669012
16  8 892742898
9  1 1262504278
10  11 164577164
20  15 425532028
17  2 1049496092
31  19 3163726
39  30 850779652
35  38 1260950017
36  28 878439717
19  2 1354355621
14  38 73946399
11  5 1804724005
17  2 2023434688
2  13 1948831323
17  13 942360406
23  3 2133563933
4  32 1427277018
26  32 1772908435
15  16 499816554
13  8 1222539035
31  37 426412254
5  2 356824473
18  30 1034258045
7  27 974133096
16  7 1060922646
10  20 77726343
4  26 407836522
24  8 431272605
20  6 454342427
26  22 1458331350
10  20 148403966
26  25 683338029
32  39 684639927
33  30 1932034782
10  28 604125609
13  32 426374815
24  11 630200441
2  10 258057093
10  20 1613569066
1  28 1365986541
1  15 107011171
35  24 1208033330
23  28 1091816395
39  24 2001803796
9  4 1883111697
27  1 842939175
21  25 631327327
13  33 672518029
14  21 288446978
34  31 1295918378
23  24 168744608
3  13 2108591955
21  10 457390767
29  12 1869536111
22  16 372139986
24  33 1909567145
0  34 777945066
17  39 1264035621
16  21 1062692360
2  26 759698830
25  1 2005434972
12  24 599722671
12  20 1769887633
19  13 993252644
3  2 600558505
31  13 522782174
4  28 1348163239
4  10 1146633757
5  10 1812314574
5  35 1162990324
26  18 1132768957
31  30 17361785
7  20 476450770
23  4 1853796523
19  18 605435373
0  35 546282122
35  7 769774483
36  35 178414272
3  23 957117338
2  8 283384739
16  8 182601282
8  22 1441508568
17  15 675907403
9  37 1049376948
17  8 339327898
13  5 1492747487
35  7 1710061146
22  2 2029186399
0  37 653107773
0  10 576706369
5  28 548410633
25  30 252531859
18  22 1941525586
11  37 1548846506
23  35 337309289
19  17 1349249990
16  14 420972706
28  4 873626081
13  16 376474071
11  19 1630475703
10  26 1796935765
4  32 42393720
25  38 1840588537
13  29 1099661219
17  6 1385437259
32  17 830101964
10  6 445949566
25  18 624142593
17  23 1628644984
33  5 2112592483
2  3 1975827528
11  16 2096643358
22  33 768530582
9  3 781987108
26  27 1820251029
28  10 498490342
33  12 230148214
5  33 452626338
31  38 2011365681
16  13 343605612
37  28 1508689992
22  12 601927284
37  21 1610297279
19  9 570966006
11  31 1865464857
2  39 695134565
35  31 823120648
4  30 1141698724
20  0 776753507
3  1 151716583
25  21 1552747154
5  20 862110842
23  17 835448543
15  36 1331842704
2  4 350398989
0  38 833084294
23  25 784214099
29  9 1846308193
4  11 1737349010
26  27 1404614735
23  35 2134291222
13  38 727963707
22  12 506918928
34  11 1890805141
39  31 1035723036
15  2 1913523550
20  0 282117163
19  32 1913357401
36  11 2125056359
33  9 878973327
7  21 1448870840
26  38 1681240410
6  39 1831457928
13  14 933006424
38  5 904114938
3  9 2064196929
36  23 1949705886
12  18 804867384
28  10 1638834700
13  32 1681958160
28  35 452135696
5  30 229915710
11  18 1256313318
6  35 99043469
21  2 198475659
36  30 577064915
14  9 1505741801
33  28 1417616686
28  22 1297551901
16  26 950779016
14  17 12556395
17  28 368553439
18  1 186069217
12  39 1917494661
10  30 475307626
25  39 1276299354
12  6 637033269
30  19 195200028
18  4 559505433
34  24 1042512039
25  0 940422993
38  30 255526761
30  22 2111696358
30  35 509208621
18  30 1536487889
20  37 375348058
6  10 1815467823
26  8 1189558618
31  26 180850401
29  0 1572151821
37  19 92579706
21  37 62635080
33  8 318382318
18  5 1434600997
4  7 841303748
32  26 1112358564
11  28 331995173
36  7 2031208839
25  13 727417593
3  9 1676906204
29  12 1185376919
3  27 932793860
39  31 1315076177
0  3 929532927
32  15 904821816
19  8 2108081128
35  2 224535440
24  34 663221462
39  35 383490354
4  1 86139464
18  24 55894294
22  36 1321463994
29  20 1182564058
31  5 1209410019
37  39 222960238
7  14 370686298
29  35 885717502
16  12 514721524
25  5 6441919
3  17 1762931993
13  10 1014228401
23  28 764883381
1  23 1493678022
38  19 1521624871
8  12 206081861
23  26 2102837126
6  10 1551216729
18  30 1867414024
29  21 1152062036
2  28 2059778471
29  2 632517274
39  10 222078196
0  13 2049293171
25  16 272478202
24  5 2095545957
0  38 1501161118
2  16 441387306
17  7 461176764
27  12 580482248
31  23 329502154
0  29 1016654676
19  3 1994219199
32  29 1278798439
2  32 1519604733
38  13 578638450
25  23 1171354318
18  34 869952044
26  28 996724555
24  20 1014015499
1  8 1969669127
16  35 1795763106
7  33 436337071
21  31 767068265
10  14 559362308
34  26 197610189
13  23 1213247045
17  21 1166589842
5  34 2121556160
22  30 1916101864
30  35 753229191
17  23 248799821
15  29 927149915
16  24 1995156903
14  34 343398778
21  31 1168324204
1  5 1396466629
37  1 1091086658
35  17 1458294375
31  37 1124933009
10  17 627704865
38  31 1133808671
2  11 1669593120
23  11 854907245
34  24 288430411
14  4 399622557
0  30 1165309927
6  8 1257534987
18  19 427716445
20  29 1445895205
10  7 1177403502
15  31 966165098
