800 40 26 15
4  25 547155184
4  25 652851973
23  38 224404007
28  0 1919753698
21  10 1130222871
18  14 107064306
38  32 1877562399
22  39 584171190
12  31 418075866
17  11 2048174466
28  35 1283961093
38  25 1874508684
25  32 1354280250
8  16 1461481
30  28 338720055
30  6 2059622301
9  21 1664983778
13  6 1957209031
36  8 1482355177
37  29 862841507
39  25 905260741
22  0 973107457
29  20 996646823
31  2 1444073359
29  6 536205967
38  19 1209437319
10  1 1800836483
24  29 1367313544
13  27 321507815
25  13 2057146619
20  22 441385387
17  32 1671223800
9  4 527348932
4  27 1413755827
7  36 74785228
17  21 15423314
3  34 1468528514
24  0 1784226671
8  32 1636781133
37  12 1791899799
16  12 2018123483
34  27 1255194745
21  19 294730898
26  32 1886490667
39  28 1095336348
34  2 2092045356
16  0 856020775
38  15 1077041639
5  18 1113074815
19  31 125425983
0  20 1607928202
26  17 610764029
7  33 964817900
13  25 1069170933
20  36 1009477882
6  7 1647622584
8  17 1781011738
32  26 1524554034
11  4 691018313
18  9 1654802119
33  24 431296707
1  22 305191032
8  11 1789914873
17  2 781487404
30  11 1592512321
36  35 6288157
10  14 1616073366
5  22 1762949494
26  10 1900094713
16  0 1328381844
1  14 1284370379
0  6 1641206652
38  24 1474871662
35  25 809505451
34  30 1357232560
13  2 522981904
32  3 220130998
13  15 1499472497
36  4 1881118056
32  37 1552425952
28  5 1962944598
25  7 1899374546
27  29 328942511
7  1 1829252230
24  30 1380049957
21  17 886332413
1  5 1284233334
1  19 781884010
8  36 1864163935
16  39 2061142792
33  34 2100010520
18  7 781707946
24  1 1627557617
26  37 1301617901
30  37 1914865470
28  7 259059321
2  1 51144677
30  29 600682124
10  26 470870300
32  34 440295871
36  34 903608201
34  19 1882745606
2  28 1789815576
30  1 1497928125
13  7 236965387
7  35 1608468573
0  11 2017681125
11  12 1656255179
25  8 558830394
4  17 842148618
13  32 2126390296
25  23 2067618826
12  4 1494114326
12  15 825949974
6  8 1591372847
35  32 807625895
23  34 680587408
7  35 1958294112
7  22 1627393442
16  21 1629635498
13  23 1503103471
12  21 1671159318
38  2 95267381
17  39 621792451
29  1 1037636368
29  39 1024130857
28  4 1936934912
0  1 407337368
18  11 483585543
25  11 1561292791
26  5 2064869855
1  9 155991813
18  23 1622690477
18  22 1065398513
30  25 569384767
23  38 618002975
17  33 2091864065
7  16 1156010864
15  7 532006422
26  11 994643062
27  33 435064515
11  39 1941521659
36  31 41874789
34  5 494835302
7  9 166208436
10  23 1095950602
12  9 1335243983
38  26 1237767711
35  37 1836123119
28  21 413459265
6  25 94573511
25  15 824167566
13  21 1032809729
6  20 707042049
28  24 681099839
33  39 1754404437
31  32 2017801219
15  22 324879775
8  24 1944080434
19  16 760935623
22  16 2009710754
7  25 1882899074
17  11 1636762953
36  8 2071569880
27  17 1246047228
19  29 137650295
4  20 253639303
23  8 1636401631
18  25 1520817594
16  30 2016031766
28  21 535894767
23  15 354437617
24  25 300139456
23  36 14592008
31  24 954336867
39  3 772129275
25  2 762255483
28  7 1374330772
21  4 1693693835
21  29 22480152
37  35 1021544688
6  14 1968720601
32  10 1311488849
15  20 1389493802
38  27 1152621767
28  21 71289539
14  28 1236058321
36  3 1989751264
25  27 1283547712
12  6 781530529
35  2 967306718
12  33 1172417911
30  35 904495360
5  39 1948353398
20  13 12583062
34  2 1655338593
11  29 1342363498
3  15 542433507
38  23 468234069
5  39 1800974316
23  34 1601549637
14  15 1817481808
17  20 696812373
25  12 167341391
12  10 967929495
17  28 391315009
8  24 1755528913
33  31 492936083
33  14 729039056
8  31 1338415228
32  19 1001050207
11  30 495452218
39  3 1571188092
11  28 1456046938
28  26 1236049174
18  33 128351843
34  22 2000305519
18  30 515907364
12  18 1692864280
10  25 1650197714
23  19 1959670535
38  31 998890965
38  25 952422332
17  39 1795310652
9  33 1780644816
8  19 57837158
35  18 1673470027
19  10 281086433
35  36 942922951
11  4 1438681556
1  2 1306189220
4  0 1957998274
14  3 1898801719
31  9 1939336746
12  11 406121886
13  24 1262037780
37  38 1943935529
38  8 46176961
14  33 1439692430
10  37 812678117
21  6 1189190517
14  0 211903334
39  8 588073963
26  24 254525937
9  38 1217629572
2  13 417270044
12  4 1582691085
15  31 1451159782
5  14 2074153975
25  7 1100506894
18  26 1115145558
8  26 1239771441
37  27 909139928
13  3 1244017853
29  38 1753861855
9  33 1638540208
28  33 785275765
0  7 31019272
28  6 1745635449
29  6 1328228621
32  34 1273478399
32  24 768274762
8  38 187262329
11  34 1043726940
19  5 856054530
1  11 589381348
27  29 442251338
36  2 743806485
26  14 1550613061
15  8 468780443
26  29 712572380
37  21 651899320
17  38 506429463
22  38 1436860628
1  7 2050060871
2  18 1899993159
4  19 521080526
39  2 591557500
11  19 226556543
27  2 1747859825
1  4 987633633
19  2 1577211691
21  23 1438223028
25  32 2066704351
13  8 43014722
19  16 84201716
20  14 868486161
24  19 385082557
29  31 632643267
34  32 654640799
34  1 679110861
26  6 1837397449
6  36 2069911072
34  8 1179938582
13  12 1529680728
3  16 1296259481
36  12 350153441
12  22 430759077
27  35 388484039
13  1 1518042237
10  6 875534857
29  17 1199508159
5  7 158470305
14  37 1600876085
34  0 119651479
29  16 1323247009
9  4 97214006
15  28 1499698539
32  28 807555418
32  29 73703934
38  4 1958003122
5  18 1115525468
6  36 934921037
6  39 525539647
24  12 2112295053
30  34 949675016
30  13 1970260311
13  11 1852935146
22  35 611936869
36  28 1938928846
10  3 1737275484
39  16 510556107
23  29 1996053868
10  31 589629342
13  1 1965976505
10  21 1757802676
11  20 1887570403
10  22 1200630008
9  18 1560274173
3  2 61261453
9  30 282848013
11  19 1283602672
17  2 1465212643
39  25 1620206158
28  5 1172939274
10  21 1072574540
22  14 2063257389
39  21 676801083
1  6 734664478
34  18 1130909579
35  37 982097958
32  22 651517614
5  32 639466267
39  37 142216194
36  4 160574316
18  1 368622892
38  1 259852249
3  12 330267065
39  33 1712501534
28  11 1859774142
6  23 359468967
29  2 35259042
25  8 1834966075
32  16 1774564572
36  14 1565539556
15  39 61810807
21  32 693023233
27  35 1477611205
37  24 1731545443
3  18 1485487653
5  29 2095514418
16  25 582429405
12  0 1951816747
25  0 1326794738
3  39 1994700687
8  39 1007843961
10  17 1871573936
31  37 608191421
8  16 1471281363
15  4 2094655822
9  30 1836909243
33  24 1812842845
30  31 1640051170
8  0 2020258842
16  12 1870991760
1  18 1314771987
23  31 844942764
8  1 2009328246
34  19 11714723
16  36 290778443
0  8 101407933
2  35 27106546
32  34 746855119
4  23 2046932552
4  29 635392621
17  25 1906554192
28  33 1295349049
7  6 571323698
21  0 1679742410
36  37 1718763522
21  19 691801282
30  27 1401337426
20  25 43145435
31  34 693348063
39  25 186858145
1  38 292580952
23  28 465355319
39  20 657354650
8  33 1540276761
7  6 1453223266
13  3 1400131830
33  26 1511689665
36  10 268061359
27  37 555328428
6  16 44053689
31  24 939605888
4  35 452082997
16  24 1513791190
8  30 1265849816
13  8 1392047115
10  28 240968593
22  4 780578790
6  15 518491621
28  29 292563231
26  20 439583271
23  39 533073178
25  34 1190404353
8  9 609745463
26  6 1518390695
13  24 2052056728
39  29 2125332577
3  15 1323882884
25  14 1845550943
39  18 1170357097
10  25 263610167
17  27 952498338
13  14 983534707
29  18 1758212275
34  24 634057327
24  36 243828954
16  20 1319063238
16  30 1842764882
24  17 1384591975
38  35 178203823
30  24 264023552
14  8 1576005496
9  20 13288001
15  11 419554913
32  15 1880600490
36  24 708718896
13  32 597545077
0  25 1002968211
5  21 1095956994
1  26 379549762
3  31 269208976
32  4 1431224638
34  37 1136711314
25  7 75986471
0  15 2066535294
3  24 308836383
9  8 478008986
29  20 1108597256
30  32 1292345362
36  37 963936830
31  26 1400269721
13  7 1400031446
28  7 1360990977
23  5 474594721
27  37 337075970
11  25 1380671854
18  23 388381772
2  32 1100861432
28  35 194571170
24  17 212598178
5  34 499623088
17  9 1230117518
31  37 405463740
21  39 1156723617
19  15 1199402693
1  3 1032417637
24  10 1801866837
30  34 1855980442
14  4 2032864154
33  35 1544302021
8  14 776732418
30  6 614173541
38  21 614288882
30  13 1750835877
4  15 1810853016
7  15 2019980289
11  27 59473753
17  1 673626651
16  15 1718151754
34  18 1618472817
0  3 24221034
27  15 1822580778
0  27 963928017
3  12 1019194152
38  23 1769727796
4  9 2040929275
17  30 566981094
27  20 2079051372
5  6 1540133254
2  35 581282203
33  16 445716575
34  1 1227566201
8  27 110932601
10  33 158759399
24  33 343728437
17  8 1840130393
24  5 307313481
26  21 157232886
31  33 2143521318
7  25 165170160
3  32 111852512
29  35 1915374962
23  2 1757748469
31  9 1498371629
39  36 461784606
21  12 1047072948
28  4 1079019304
7  3 902834981
5  7 239465988
5  36 1720985556
28  25 2122964571
2  28 178426868
28  5 1590087603
16  15 2001653063
5  7 160164589
22  8 1508239631
23  35 1010076563
6  38 1219696451
28  7 702830979
37  25 1716211886
15  35 361065882
13  39 1906285938
12  10 1535410312
30  0 865485026
21  27 462325400
13  9 1835583522
39  11 413450976
0  8 1774688674
4  21 1380271194
37  14 2064033645
32  25 1273291832
11  17 1268882632
37  21 1471369286
30  39 1104411643
31  34 1596182876
30  34 239610730
3  25 144464330
2  14 526734086
16  3 2050128490
15  34 1062948014
39  16 527681582
7  18 704945542
0  37 1134910328
6  12 2043814224
1  36 1313931271
14  22 52123522
38  30 173561375
18  16 1772616591
29  14 1763433207
15  16 1158671980
32  28 1460322087
3  13 65311804
36  28 1741916439
6  22 1647845266
4  39 1716640592
36  14 1126638925
31  15 226438361
8  12 1319456411
31  33 1810218397
9  37 476231191
12  9 747455860
23  11 165291765
30  6 1672922508
24  33 1956982399
39  4 1884159974
13  31 903090297
7  3 887641258
19  25 67202234
15  31 2041167681
39  9 667174371
26  10 986240255
37  20 1214187697
33  27 2063861990
7  16 1996149374
10  27 265997474
13  3 2024626727
24  19 1824422906
10  33 1845543211
12  1 1218485780
30  16 1537263439
23  21 1766976373
29  15 1664975286
10  9 1305672274
29  11 11024653
24  20 2057576146
7  30 1590264900
14  9 78552747
24  7 1442787242
3  35 2110639777
3  16 1985562104
4  31 1587826844
30  23 2023964108
29  25 1973501727
13  8 1748982339
2  22 338503294
34  5 1878659773
36  6 619706198
35  33 1186055263
18  16 1643361706
18  38 750338011
19  33 1052591526
25  30 602961057
5  12 1859504319
36  11 1261308643
3  19 437730261
29  21 786784740
35  20 312270364
30  1 124720995
28  30 1966763547
7  9 588036192
4  12 1414312494
24  12 1847840416
27  20 1252544643
24  37 1962932453
30  34 368346950
15  6 1472048932
21  24 1037654707
30  6 20936942
30  9 1291726831
4  29 338739441
15  12 2013819483
9  32 1162776360
38  31 607216967
32  25 1533688268
23  9 383076726
31  25 1896827094
29  8 1082025797
12  8 1385974508
6  10 1391660142
32  13 361562472
20  11 1463738091
31  23 1657112992
28  26 99115256
19  6 922924630
1  13 280071403
13  4 977158053
11  26 1540497147
22  29 1225597264
1  25 2051589779
38  9 2083397597
10  6 1651593781
7  39 594718366
24  9 1854785429
25  21 1396010476
37  39 2037915373
33  11 670489465
22  18 621227260
15  35 1802628828
1  2 1202421647
7  27 541123651
2  18 1821959398
1  21 1560426326
16  23 1282511740
3  14 614849954
29  27 1217665936
33  21 1268376171
16  30 1263167779
23  11 984713993
33  3 1208555163
10  15 1603971384
8  3 250481189
19  10 1578575044
10  22 358629439
37  11 213586900
1  31 266546968
34  35 198083411
29  18 921808642
39  36 635147397
24  36 777773001
39  9 1131080584
36  17 493973270
37  36 1799753710
24  21 1774042366
19  7 967874190
19  15 1861602233
28  2 1305225039
12  11 283634204
18  34 1361444179
11  15 362068033
39  5 575257234
31  10 1787113806
2  4 1540607540
26  2 1820713639
3  28 6338512
15  29 1768020217
15  29 1583387293
3  33 1912995615
3  11 1712385605
17  15 926540494
4  12 1818378697
20  1 705716474
31  38 187972714
6  3 1922984469
21  0 907238765
25  12 864908611
5  38 1814197472
22  35 1741780383
9  34 1124602071
32  25 313095124
37  2 1579290068
29  28 360052992
9  3 1960551745
17  31 399720088
1  30 1340435978
3  31 1126562699
22  30 92842923
34  37 2059324361
39  35 1331835924
8  39 842577080
0  22 764381914
18  4 484344553
27  20 1831354267
20  0 70786823
4  11 190665489
4  10 1513016567
14  39 1678733230
10  36 13854118
27  23 1847365113
21  24 28381562
33  38 1602480921
13  6 1916172993
26  10 2003206176
22  35 85515677
32  7 177627817
7  25 1443521160
30  36 556879223
20  29 1116348121
36  29 1865246635
13  25 1071514074
22  21 1058908194
24  25 799983097
2  10 79533217
20  31 1642177619
14  30 250230879
21  26 546499856
30  37 1195167206
22  7 1523826834
20  19 1597658206
38  31 1758384730
27  20 674562508
15  28 2017026409
8  0 768676677
4  5 1071879445
38  30 1129571324
20  19 1665642571
7  32 1372599248
2  4 668106685
5  36 1255637875
31  16 85678912
3  11 1789021941
19  9 715151774
35  23 732185427
8  37 751178616
10  11 277277863
30  38 1842723453
16  27 105749796
32  3 1171993721
2  28 308205305
20  3 1384118522
9  30 1885654855
2  4 1189338583
31  22 1507783025
37  10 533372875
17  11 180903785
31  20 874875824
19  2 1737791214
36  18 1952595921
35  11 191305752
35  33 1511492835
12  10 734944613
35  18 505091441
6  32 1438348322
17  27 1593411919
13  38 1481562248
28  5 1963028434
33  2 1742004472
13  28 1659626698
28  7 1249879542
29  9 2052818193
24  20 773855101
11  4 1534242633
32  38 1393367504
28  11 1691760286
39  31 1729836848
32  2 1510418127
36  4 930777899
12  39 1181869059
29  27 1352040172
17  9 240709180
27  39 1294041799
11  35 1800439098
23  10 84939979
28  15 1096403508
9  17 1549222039
37  10 599999906
24  11 311321872
