800 40 33 10
28  39 1613407188
27  15 1648031742
15  12 1118247856
17  37 1164038823
13  31 289065822
35  23 75570411
31  4 1438844193
20  7 690633660
36  18 2032388245
11  36 1293197282
29  23 1014823882
28  32 1016104937
34  22 1666607090
33  6 327848664
4  14 2089441721
33  14 547401875
39  8 411996375
6  15 1711545382
37  20 342661748
12  39 776756457
21  14 2101635520
38  9 883830535
39  9 1094606762
11  38 1354664824
27  14 1213713729
5  28 778008269
16  27 174891620
21  3 1429721000
18  10 1689973558
0  25 804005902
8  21 263912770
13  1 1182016292
22  15 689532742
22  35 1353132301
27  8 1376261294
6  4 399801011
33  22 1923859520
11  34 240075101
27  13 1342577394
27  29 1839528969
2  5 671236834
37  38 584589209
31  34 1904862995
4  16 163165568
39  28 230944256
0  36 678174405
33  31 131560074
17  10 427080183
18  26 203206910
15  33 932347784
37  7 463469160
27  12 2122859966
23  3 43754821
20  23 1131871728
9  17 812601291
39  13 1432880729
11  1 1154262883
12  38 14362647
3  32 847879379
25  28 164791106
7  24 790861434
39  20 1629054630
20  18 544930500
36  23 674440103
26  18 1678414397
4  27 839943025
32  26 925450990
17  32 1842906724
3  18 145226608
23  21 1794659852
24  1 54474268
39  13 2052307610
19  36 1285236476
15  7 2109452231
13  4 1546722658
10  33 188982379
17  39 1208192031
20  6 1171581196
11  8 1211444467
2  33 1902613094
19  30 635055138
9  28 437587632
31  32 1301854286
24  22 337970088
0  29 1281975519
18  12 790121574
17  10 1363212944
27  33 579396059
12  37 1650875054
8  4 289176767
30  0 349495207
4  30 1847460463
26  38 519885439
5  20 170512166
33  12 981128758
14  24 801113350
24  3 535966501
22  26 1682777753
0  14 214307716
31  30 1156415698
34  15 438546536
6  13 602851402
21  28 1532592272
4  24 644592043
31  20 708562435
19  8 530664549
19  11 309220212
11  0 1699455402
37  15 634483944
38  19 1898293034
26  28 1720001927
30  4 1495053985
13  21 210343667
22  11 1456256837
16  29 1975214364
13  16 1886110441
26  7 266265895
31  34 1947162286
34  8 1634269190
32  38 1661535059
39  4 1150945281
9  0 2065196645
37  26 802306657
4  38 578862297
39  1 2065356389
22  23 1502753244
0  23 1015386052
1  29 33932411
17  20 551191161
37  36 468608414
36  16 869152169
19  24 263618361
11  10 1323506019
19  20 537003035
1  35 1940237695
22  24 815321577
32  14 240900188
8  30 1769898776
18  29 307834709
24  22 2121964657
9  25 1098304217
26  18 519234337
36  29 1644455688
35  18 900293844
27  32 257787244
20  18 1123037693
30  39 2091066784
31  25 1036201419
15  21 1830011165
2  38 185931380
19  27 190120983
15  38 1325271685
1  24 233681513
1  31 1058822082
17  25 1476069551
34  6 1652915689
2  20 1392135198
25  39 937387272
22  2 1010757095
17  26 381259951
14  23 775048569
32  1 207974075
2  15 1841231263
26  24 794750452
23  22 470083456
17  38 16186037
23  39 179530895
27  12 843102495
7  39 689466660
22  33 1290711639
15  32 356453452
31  17 1250939976
31  15 607856008
9  11 1110115320
19  22 566153913
16  22 1696702465
9  25 158280690
17  3 2144622906
26  25 1410598790
33  24 1553866339
23  14 1009655247
15  9 128435893
35  12 1240441302
19  37 488603738
13  25 94765399
26  39 453111299
38  32 289442569
5  1 839196944
20  18 772399945
0  25 1763611797
12  2 1597038325
38  14 2070532986
20  30 128950022
34  7 1144727898
29  16 2144541060
14  9 368451463
9  34 794760617
18  24 51809708
12  3 810145641
13  26 803864013
10  17 1024521416
30  11 897797999
11  26 1694528343
39  13 2001554809
3  26 1503761709
17  1 1417710897
28  14 674965762
21  16 259334899
16  3 1214186570
28  14 166489026
0  35 1564017074
16  28 1705471367
0  15 140032056
27  13 1819842922
30  29 1938347279
23  30 956313711
9  13 2020524887
7  27 42419799
22  10 1691441367
39  22 905708575
18  27 1820333062
36  29 921250091
2  27 633903345
34  38 121246254
12  1 145373506
37  14 617607141
35  23 1433807573
7  0 1189647474
2  35 2138470444
16  18 1078570762
25  17 2115105507
19  2 1817639003
20  14 145724089
22  31 399612473
5  4 1273195565
12  15 1943186760
16  20 1383766588
10  29 1450970196
3  36 217196952
31  5 107861651
15  2 1923014288
28  0 833469714
17  22 1027151826
35  18 1130052155
26  9 602021229
32  0 2045984543
39  10 352303434
22  12 1092270009
38  21 2010751240
13  11 1388617465
3  18 1525884122
23  10 1020856857
10  34 637457523
1  23 1096912757
9  14 457791899
39  22 513679627
7  38 1665213489
6  14 573135594
2  11 130161224
14  25 1576183951
39  25 1409263258
17  16 2054644548
15  0 1351104554
28  4 428771236
38  10 2057120313
1  34 1324913887
8  18 1037416271
34  0 1449795645
10  17 146449398
22  36 863483983
20  10 1772722915
26  2 1575201231
18  27 1443142815
25  37 2060635549
25  32 1640232017
39  1 62045304
6  7 2071702265
27  2 411308460
9  31 167956578
24  12 805216839
26  5 817786453
7  9 100066851
6  7 408662748
5  14 1127674946
0  5 1127285232
36  27 2091581066
17  13 2022684974
38  16 984849609
8  3 1488321620
15  39 1970490021
20  17 1353753440
37  22 892428497
5  27 68696777
11  29 131529731
3  0 2109048668
0  6 208565397
10  36 899125482
3  35 284019403
1  21 1539088520
9  12 1678274613
6  3 129711168
23  25 1603203365
37  12 2115448998
34  9 1872994447
35  27 106558700
27  39 1287529547
28  9 72134503
8  25 855831600
26  20 22759065
9  28 1473490539
19  17 1088781843
13  28 1199823140
12  18 1306999162
0  26 792865302
31  6 801844621
11  3 994582711
31  7 1293375235
39  36 467532816
6  34 69058564
30  31 983170947
5  19 1827882068
32  21 182938608
16  10 908635910
6  35 154884605
30  5 161504323
27  13 71421747
25  37 384484937
30  7 1305816533
38  33 2129981011
9  25 1926213142
14  20 2111924232
26  34 122411542
23  27 651228380
36  20 1834594203
37  4 1457430407
38  16 1532904082
4  13 674367354
14  13 1702806924
24  26 1802062459
28  38 1701744753
32  9 603715205
29  24 1241151333
12  32 1613806815
11  0 871461917
28  11 1533293474
28  12 1169302641
1  25 2005326534
13  33 911910128
3  20 1951014499
12  33 1785715127
32  15 1876213874
28  7 1719641513
11  35 529423264
24  33 63571731
9  10 952737245
19  4 1774694856
3  34 13293057
25  33 1245044436
35  27 90027238
8  7 684706330
34  0 1310502507
34  29 1597975924
26  0 1032202612
18  34 1025987566
37  17 918354427
6  3 2096135692
6  22 1030980852
9  14 2131239020
24  34 1062864226
28  18 632979168
5  10 1209469403
5  29 602302588
20  35 136260917
35  27 686401707
30  35 127842850
0  15 682930750
10  20 1204240972
11  19 1796816458
1  25 1613177823
39  18 1138278178
25  31 1024102875
33  0 628758343
9  20 253743782
30  15 617941302
37  10 871050932
3  8 1555074517
16  11 621428394
24  17 1013036767
21  17 598477545
31  16 1359580270
7  1 126998221
31  7 342162260
18  15 1459460333
39  17 29657313
35  30 1497066773
11  32 1159643892
1  25 1446502750
20  23 1860981658
14  18 1306017840
24  31 904122130
5  38 2046490179
25  5 259794971
2  4 136222413
5  25 810976900
7  16 1134431542
36  35 1168697338
1  32 628871469
6  5 1555424604
34  16 537507124
10  3 2008573139
13  15 109027889
38  34 1061159363
22  34 1597965344
16  27 86424352
27  2 2104648396
32  19 1752447475
19  23 1292509900
35  36 528043833
8  2 304160368
20  4 868696659
28  11 1219584093
8  3 2145694819
27  24 1618295118
4  7 226102469
36  4 1502878789
37  13 1162028211
10  15 1952321372
35  6 372688879
1  22 1391226713
15  28 1248095633
28  21 824577073
18  37 261285352
19  14 1907158555
14  15 1867071973
11  22 1956674116
29  24 1837644410
35  3 498245409
27  33 328329852
22  21 706861773
18  35 1258750810
9  3 864088848
25  5 2123552671
1  38 799096120
27  34 860253999
9  38 1136770420
4  26 970110326
18  16 1715162639
13  22 1050053284
11  14 2006311596
6  0 471530605
28  6 1429316190
18  8 1988387294
11  27 2047887220
33  3 442907727
33  10 462366311
33  12 1665986588
24  23 197698692
14  30 781808682
39  7 1630179671
7  22 657782772
17  35 106745837
16  15 1929462321
19  25 145384008
19  33 268445721
37  7 905404360
20  37 1970991057
33  39 1177382825
29  9 148922648
35  34 308142939
1  9 53913753
21  23 2085582571
35  20 864221505
14  17 277766403
19  9 1171210190
39  20 1156908690
26  14 551051000
21  26 868895516
6  14 425501661
32  25 1241354904
10  21 1166118105
34  16 527136990
11  4 50031459
8  16 734960110
12  35 956317321
0  6 636382092
33  23 229977882
14  4 642000849
12  33 692285608
17  21 196441983
5  21 99307664
1  33 1547982798
26  27 417629298
29  27 132596474
24  16 306428457
38  34 1998456039
13  12 2045144449
23  8 552917289
39  30 170185158
15  10 1649691665
23  32 199533380
27  31 1694035026
1  17 1478031078
36  1 158637109
39  6 1112678093
29  15 1814398631
39  5 1338365346
16  21 21070744
12  27 463770699
35  39 1847500644
15  10 1537913070
2  21 656188547
16  12 1904178294
27  12 2119853143
11  14 338044532
31  23 716005957
11  14 131420021
35  24 1753178464
25  24 1430095152
15  8 1890515796
39  6 109043193
33  13 1382707924
29  6 1669187366
25  7 1879568703
11  39 2081976176
10  14 1512667739
25  39 122020958
33  13 1592857409
15  22 155380347
18  9 2049715695
7  37 669104275
0  34 1425806473
15  8 653775071
18  5 1188577448
29  37 1689447057
28  29 1975003182
15  24 1383418715
0  29 560570385
31  10 2121787213
15  30 1412994579
31  13 1431730040
17  2 648196820
24  29 1951119248
18  36 1172947405
17  31 314098242
1  14 847868875
31  23 641163836
24  37 420882893
22  35 451875506
3  9 1305809176
26  14 2135349991
3  26 2116441936
9  6 1995349208
4  24 1659849817
3  4 216230608
32  10 1614096479
14  28 1688878815
17  18 18677980
4  39 683844456
2  14 1288874514
19  21 335330395
28  6 213858952
8  31 1302290412
14  23 110078653
26  23 88484995
30  39 140614468
15  6 1361058611
16  9 1280976816
39  23 1794446369
25  1 1387836718
2  35 556050844
4  28 154576511
39  25 1664367267
21  15 1533387169
37  20 717059840
25  3 690325823
38  30 1133675574
11  9 359880771
20  30 443402373
37  29 1194520244
11  2 1492284596
5  15 654065025
31  29 1466787099
37  36 2021701623
12  20 1459487534
20  36 155065134
8  23 1192149093
23  3 1238700462
27  4 1644630779
36  39 1424703781
15  5 1408608565
19  27 1375091984
39  34 1235909669
29  27 1003643771
1  36 2081143837
12  1 228748197
32  20 17619443
10  21 1223904963
36  32 85518471
17  24 2117654898
34  23 1948945336
39  34 1954000158
18  16 810899328
39  0 1159092527
39  20 1380610292
4  17 1136782021
4  2 1639012606
35  9 2083865831
26  6 1053451405
1  22 634824156
18  14 468437932
3  32 778027810
15  36 233675882
34  21 2140705358
39  11 803349537
14  27 546186092
7  15 1895139437
14  27 1828675634
38  1 684414836
30  34 473381966
0  39 453022905
24  33 623425098
3  38 1504968201
31  23 1980031169
35  24 1115752903
34  0 1582208487
10  7 2048703187
31  3 1355320194
2  10 2037668968
28  18 786514625
3  37 2050582079
31  6 1552572605
32  39 71478652
36  35 464244857
34  11 2008829950
4  33 1745601225
12  34 72951094
31  6 1678704806
14  5 756001281
19  5 1911988711
37  17 237547389
7  32 719760406
13  27 1599585897
1  28 1105432755
31  8 1890500091
34  35 2111311051
33  17 958086134
37  6 939748550
39  6 2065441417
19  33 373146971
26  2 1828841824
34  20 692365067
8  32 802154993
13  15 1481047396
33  20 1643185518
30  3 828218070
6  23 524028751
2  22 500306989
8  9 1486332642
19  20 1988938394
10  13 92575845
21  37 175200925
26  27 1913541073
4  3 915765517
21  3 1813872351
36  30 231345978
39  0 1514196196
7  11 528500969
5  25 896784756
31  3 2067390729
7  31 181678071
28  31 122878509
12  36 54264072
38  25 1371355977
21  19 2021780167
22  11 532252534
19  1 210319378
34  19 1719156990
2  33 2023849446
27  17 658025793
21  6 784043555
6  1 1619500889
36  16 1565240706
33  39 1371707731
14  1 1562405144
31  15 169227312
6  21 2053517397
5  19 979738816
31  39 1686655870
36  10 409020368
33  38 919641535
27  7 445008268
12  33 641591259
3  21 2063117174
8  9 1934725457
13  16 2146544932
20  27 374850679
7  11 763810534
5  15 706683001
3  19 1501594968
8  9 1285060232
21  7 208434748
32  14 608221097
25  17 1143960139
14  18 1951551678
10  14 1527932427
37  39 250927697
9  34 2007958589
32  19 1204050759
10  20 370043095
23  37 1253219032
26  6 1974276438
24  28 1965368610
11  17 1392287352
24  39 1319791387
26  25 1951584280
26  21 1978341273
21  25 1788809136
4  21 1449817506
31  34 1435965675
30  33 1897932449
5  13 988312315
31  20 2076495479
13  32 1674254557
31  26 920403278
30  13 1978946724
33  37 1697942717
34  20 1608299870
2  22 156016709
1  11 1973113114
11  38 70112009
13  9 690669012
38  12 820289364
18  30 293483203
18  38 1447158977
12  0 1482964260
12  8 56968172
15  1 2113613625
33  15 1142865905
17  23 303552711
6  4 301418603
32  4 1661480606
16  35 1743525148
23  9 508766804
21  17 1224811146
4  39 1088714973
34  32 1852512360
18  23 119733357
0  28 984166099
27  39 1701795550
13  22 1343880207
39  23 1300079241
22  38 1294515887
5  33 2139297954
21  0 134080066
35  4 709066092
22  25 585023019
19  35 1813627073
12  10 218758188
24  31 916493766
18  23 2052505013
4  10 734579510
28  26 1785097578
34  2 532977154
9  22 1897898838
7  28 600609868
35  13 942385750
32  39 99151817
38  11 668982139
28  2 680880925
4  18 1520078834
37  1 902943120
3  15 180928738
5  31 1805943325
12  22 1541248466
38  14 2114382701
2  0 692365550
4  32 800749766
11  22 986220875
8  36 1855348755
7  36 960880455
35  4 25242129
34  31 2043106462
27  20 630635884
0  30 1563708990
24  38 493938518
26  10 610373177
20  14 2000301469
29  24 223865094
33  6 582614258
1  21 1568590315
0  19 937886066
14  0 1287252396
12  30 1010154089
35  33 1089435574
33  18 1962353874
8  2 2122769513
37  9 925892187
2  9 208097239
14  12 594030945
39  15 1527434558
