800 40 22 7
8  24 1722852011
18  31 877094726
9  35 2079075839
38  11 699228078
20  15 501974661
12  22 1799535280
21  15 236022874
3  13 2143186640
11  29 107511955
16  2 1494183754
30  25 516625473
13  10 1267457739
26  12 755393460
19  35 880239353
1  30 381892857
25  33 2129691304
24  39 131804048
29  36 686520828
2  21 303293934
22  20 1138870041
23  0 1465005390
34  7 33666834
19  11 156566637
5  30 1524726326
21  32 553573412
2  37 887906849
37  15 1923028616
28  3 1588061394
34  33 1297351433
0  6 1554754493
29  3 972485440
15  1 1952755377
7  9 1121185352
4  33 2113272145
32  36 506400616
34  3 773747654
24  33 1561916438
38  21 139653811
3  26 1115914029
12  24 1747974849
9  16 1031842047
33  14 1141107676
4  33 250901425
37  7 2108354740
5  32 159939242
11  2 1709860937
32  27 1087802483
22  3 1701457616
32  33 897273033
25  38 1858762335
19  34 1828870994
15  0 119626409
0  12 1514996344
34  18 1528121428
39  14 1318037576
21  4 854459030
11  30 90877179
4  28 916852839
15  35 589768080
30  37 1687412548
16  14 1915243272
3  5 59197158
1  19 665722317
20  7 2000143651
13  19 1387001316
35  27 2071186040
29  17 615027725
28  9 925969617
39  20 981029048
20  23 1576926359
9  12 1027953813
15  10 904924185
34  11 185954311
24  38 436171976
16  11 218168017
2  17 1732953445
11  28 1561488851
7  23 1623474794
8  31 20603449
36  21 1526869446
17  6 1222515681
27  1 1647666012
17  8 752100772
35  23 1116662365
31  19 1114873523
0  34 140394824
21  31 811893388
14  27 322444844
4  10 189823500
31  39 1453448418
18  8 70418077
33  20 436242888
13  31 1698931704
2  13 939294854
15  6 177140531
4  2 1420063098
11  29 907600470
20  26 1054119924
26  3 845846259
11  8 910742519
9  29 372526916
26  8 403158090
31  24 1480586218
25  9 1478933847
34  23 1605732406
7  3 494970345
28  26 437828768
3  38 197779094
8  6 1869053184
32  16 1148137928
8  33 1673904181
25  6 1284561823
6  20 2092532710
27  20 1645247000
30  25 928645981
3  22 666350564
4  34 837031478
1  23 563225393
39  28 405299308
35  16 1603812937
36  29 1122442619
14  38 1144300715
18  6 1216374852
26  25 1500556110
24  35 1819394898
22  35 2028364256
17  33 1917402964
30  15 1224177501
1  27 7090562
24  2 670224611
22  34 157339943
5  9 1195902163
30  19 876897828
9  15 240805070
9  0 2096005218
20  23 1744262317
39  14 387399145
26  12 713422888
9  7 953690633
11  0 1931110042
23  35 1503802751
32  31 1252142864
19  9 1710831763
37  20 1236421950
37  7 1485322997
36  24 1100343163
13  11 2114964931
6  39 1000098376
26  16 1259897912
5  30 416235257
1  36 1946319126
14  15 1201606084
6  12 60893816
32  20 1358358852
28  22 501944345
4  10 1644419754
38  15 380657387
11  17 1972452456
28  0 1740525655
28  23 906975475
10  11 1739157669
17  13 328505051
22  11 1478339634
32  10 145037341
3  26 451061103
14  7 220356395
5  28 100543442
12  19 8537906
16  4 452108426
17  26 611200831
6  8 451374342
32  27 1431483664
29  26 999444719
25  37 315256211
23  14 8345948
25  16 1475161338
18  37 1115242064
17  6 1184760892
28  16 1862630079
2  5 1153977293
37  24 230005004
1  15 545731088
17  25 863913912
13  39 215112983
27  9 1681431643
35  25 57493588
5  27 926175482
1  6 453036055
1  24 1106017725
28  33 178316175
7  24 1185982353
17  4 933077221
18  33 1730651313
8  12 570799161
28  10 1159612301
1  21 733534850
13  16 705800014
29  2 1355164511
23  20 1301800024
30  39 1722255008
15  29 1811535812
5  29 896833963
28  1 561081684
10  11 1511026274
9  14 1092470904
8  18 863691817
28  9 2124772522
36  6 1440476772
21  29 692478616
30  3 844100467
13  32 1893097539
36  22 1997721884
19  32 370855227
20  13 463443552
30  34 1338799072
20  6 32772638
32  5 697481895
29  14 1041501904
1  10 177011990
22  24 1113255165
26  19 1009761743
28  15 1660393807
37  24 1383658697
37  10 2001765780
29  31 865453330
0  15 1525285432
30  15 2125300861
0  1 1563822695
36  1 1866047568
21  8 619805238
29  4 363528703
26  15 257070881
39  34 162965664
36  30 1957444718
17  8 1600206903
1  27 832079388
19  13 1895845811
37  34 1333263828
24  35 2034751470
31  12 1519097695
1  34 1228661383
5  19 799968754
22  20 1064565612
9  25 1399957189
17  31 588605805
36  25 56848396
0  4 355254861
17  3 1414257609
19  8 1708118734
17  38 231147760
23  9 695696297
33  35 1379278798
37  23 1635087702
7  2 1221101911
31  17 730292836
4  24 1975385602
35  33 475335925
15  26 801293822
12  33 1502142443
35  6 1945616725
31  6 986893484
10  27 1347111400
37  18 288567967
3  9 1563378756
39  4 1649479510
30  19 1311342510
38  4 574646072
5  39 367384437
12  10 670190840
33  39 2088225737
19  25 748400462
3  5 1577541707
33  15 1182021240
34  26 2127992083
21  0 1842866893
25  15 1403868366
33  0 1445120200
15  18 1797296265
28  38 147858058
3  30 772241442
23  14 1569809704
25  14 1287767435
26  34 2113813213
17  24 584925311
11  2 836227268
30  24 1138269919
34  39 1795090966
25  8 313188627
12  16 1285610850
16  29 159657561
23  19 1438710841
35  8 1147351874
18  20 840627340
21  8 1238376240
9  3 2083581595
32  7 2031863997
18  32 1374248279
2  26 1176527005
33  15 1107368633
20  3 483937099
23  33 923821569
12  21 451703221
38  17 639942359
19  24 1012080147
19  14 644674725
14  29 1372495303
33  19 2086061720
13  4 1553155969
32  30 1346789666
36  13 2129084964
30  9 1288210711
16  34 791658865
20  19 1937115101
30  34 2043078791
21  3 1013837294
20  39 18718756
14  3 957011361
37  19 1679373060
15  37 1156273255
19  39 36115309
6  28 437964084
38  20 1343508503
22  12 951709185
38  11 1657106766
32  25 1917536157
25  36 202291230
19  15 1487387125
19  17 1344865636
24  0 350692236
10  0 550209820
9  35 284865458
17  3 1594021527
7  3 699727102
15  24 888023630
11  23 1451182286
35  27 1089887223
1  17 1970011259
31  13 1318604908
27  31 1468273023
36  20 1593807959
25  18 1837837487
19  12 1926830199
24  21 681572033
3  37 484511250
21  35 2041345870
14  17 1845698459
25  36 1355972520
12  34 839072835
18  22 672205469
4  28 2137318574
18  30 710434561
32  16 1737118980
39  12 186961039
6  29 1471873077
5  2 526474147
25  6 1011682299
4  13 611530644
27  12 1494190405
7  3 1963844032
13  7 185956735
9  36 338702627
21  2 391770635
33  5 108754698
22  26 2060462086
12  25 209451993
26  3 232631484
37  21 1396357274
6  8 401344519
14  15 409864159
38  14 590907788
25  5 670572701
20  21 1083900419
2  32 125330518
33  35 1658381716
20  35 1222376243
35  37 970137295
17  24 1465961334
18  20 931685973
2  23 1474436738
35  13 437224896
1  25 1314507500
31  35 2034385422
11  14 1971013980
21  37 630417993
7  8 1262879417
4  29 692709541
38  35 612704537
8  33 752324305
29  3 1887776737
26  38 2095373095
15  38 457951996
36  5 1567503366
15  4 2073852637
26  22 253693644
37  28 1482148001
29  18 84105482
15  13 1017427046
27  11 278031116
1  30 300262479
28  16 899407397
4  2 1271121280
20  28 1428275749
21  13 100166540
14  4 702646898
27  39 88212170
5  17 2101737877
26  32 194821653
21  10 1805391214
9  26 499797720
39  34 1318132104
0  3 1519657653
11  8 1788486719
30  20 983003614
0  25 339282447
8  4 1382013662
21  4 130841646
3  27 1622906594
10  33 462273502
17  14 1625162070
25  12 299320384
26  9 116682998
18  12 1672923423
1  7 223506433
13  14 898727585
25  12 642272463
39  13 423172384
16  37 800057586
11  21 2038158228
12  11 919017712
39  22 200737244
26  20 1493206394
11  9 1901725700
28  21 317846913
31  6 750825734
23  0 1190150643
28  13 133547129
17  22 1234546617
26  37 155365667
11  23 2036672297
36  39 989013442
0  20 1604134359
18  29 1967735219
17  10 299672479
17  12 789610382
31  33 1005663169
12  18 1222372042
36  10 1474438674
24  23 107304863
13  18 597870005
4  9 2468895
36  23 182603522
13  9 1313271723
36  39 9792672
3  30 762040930
7  24 1415910464
38  10 99050510
20  26 1227097600
15  24 508608226
12  3 300630636
38  25 1093424179
6  17 828747336
20  2 471968299
13  4 359324453
37  28 1554343774
13  26 1716980305
10  37 831663081
2  10 1544749961
9  22 941635722
3  7 1996841058
21  15 2125794211
24  30 1437541106
15  18 121521438
20  25 317889094
8  33 202860051
33  0 1656111514
33  22 790491024
15  17 423284437
13  23 493788263
1  4 519999508
27  1 373259248
25  14 555448646
9  19 1490394884
23  31 1881964410
38  24 1410428651
18  27 1729756623
23  27 144208672
10  28 896524374
39  15 2092381205
0  15 1748265985
33  37 396714724
8  21 1182558223
22  34 977358873
21  6 1852123386
36  23 987543809
15  10 1842095860
29  33 1221220721
4  7 983058349
37  33 1060943729
10  27 1083626222
29  36 1443218139
20  15 1383264060
5  30 893886069
14  5 1097551977
28  30 593269660
4  25 909503943
19  35 1800150804
7  36 798842317
31  15 407810284
37  11 947344089
9  4 815081429
24  0 1845373274
7  37 367277675
31  38 1876574815
37  10 1844469269
17  10 663944811
26  29 1177506375
18  21 948786530
4  8 273251595
20  0 939750315
36  4 1664072954
18  1 274801716
14  11 1416790176
22  26 2020996579
25  14 1410940809
8  28 414259931
6  39 1837354237
32  24 1810245901
14  33 342071366
13  2 362114120
2  18 257082013
23  10 1437378824
0  36 298170843
17  31 122538660
1  39 542385626
17  39 1604055304
11  21 207094153
15  20 169176194
39  37 45226243
9  22 1611193450
34  28 1291311804
9  25 1513989663
23  8 279671519
39  34 1350062471
15  33 2134976574
5  17 420545765
24  2 370301057
39  18 277984993
19  12 1672513804
16  10 1259678060
39  8 142693947
20  6 1725749740
14  30 1883465185
39  27 1290138366
8  12 1250637707
29  21 912982329
18  22 1916364076
6  2 1794557443
0  35 2066620018
19  3 1466730717
31  28 1996910223
11  20 217594847
10  29 291746932
21  18 1861642079
23  27 562926133
10  13 1641875554
6  2 913173822
14  27 2036947296
24  25 1972570288
5  35 614567295
6  26 737096801
31  30 1026048200
0  39 404608622
11  33 1471621418
34  6 1106381360
10  23 857483201
16  19 1728085636
2  36 148627583
37  10 1581539730
29  34 1932787494
1  11 1067863169
17  5 752354594
31  24 842431789
28  1 1041503960
2  10 1026510504
39  38 1886337549
13  2 225169256
0  7 1380990696
15  20 1367058315
24  38 881272783
16  10 1138536712
32  24 650954941
34  32 1566952149
34  28 1930881780
2  12 1274990140
39  31 1742503803
39  20 1831570698
14  24 1048319403
4  17 1326272651
2  4 798535055
37  22 1183872963
14  4 1232151367
25  20 414205024
28  13 1737195674
25  2 1224302625
13  36 1159672667
20  2 571144241
16  8 857511975
34  16 1797541312
29  19 649371453
22  16 1316263063
1  26 523072445
16  26 361533216
23  12 2050029336
16  26 526007265
25  10 1869308105
22  13 1789181866
30  9 1953077522
6  35 1832855217
5  32 293154241
30  23 728239359
33  32 1900962628
1  36 1068001513
39  35 1566303098
4  28 299538503
16  5 489556417
31  24 662992859
38  19 240788669
3  19 1140698017
25  7 501363019
8  24 1937190951
20  15 1398163721
34  24 1010925280
16  27 1628402873
28  20 1841410924
4  2 205595488
32  38 839651961
7  6 1801096757
23  28 275523420
19  21 930613052
21  1 1465444347
33  25 149179089
19  36 2007824062
21  37 478585581
15  39 1298725397
35  31 1328992383
33  9 1879842798
0  29 1933360520
2  5 1237741899
7  35 778774401
19  35 1353990307
0  31 1067532848
35  28 1062920825
25  2 410365650
13  7 1992063211
26  21 372161400
2  35 1062601289
39  20 1044574514
5  22 1953331097
23  3 375607288
6  25 900041630
9  2 198179791
36  17 319831371
13  8 314344722
14  31 809150871
1  36 471810279
7  26 934536604
28  2 377901700
29  0 1907858987
16  36 1218349527
35  23 421806847
37  22 305631076
2  4 1647188385
17  7 647405895
6  8 1580784716
0  5 56050300
28  11 1752805291
5  15 253295071
14  34 694163951
3  35 1269575678
10  35 952232708
23  31 1710240127
39  21 113606239
18  28 496849239
6  37 2007931245
6  11 2131777911
0  6 1366369476
11  5 827832374
37  2 365257054
38  10 1696104282
20  32 2070127862
36  3 1659820199
4  18 320911088
31  7 368948101
26  3 760986930
34  16 617015853
33  17 1214867776
20  10 913898571
35  7 530493613
5  22 1283150910
18  26 2115447543
34  3 1261093274
17  9 2062956113
17  24 1863752205
18  33 1455761639
34  26 439539485
15  11 1477971111
23  15 2111432211
25  21 785212931
25  31 1779221895
27  20 97390557
5  19 324583282
14  30 341506972
4  21 937916311
20  8 457834585
12  36 1565889493
15  0 556646961
8  9 1275893696
34  19 1260753203
4  20 1885182330
12  8 735114262
22  31 992796407
32  16 1288937384
27  30 1022260425
2  3 1577144795
36  27 69604780
27  21 2139591871
16  8 1795459790
12  20 1258321846
34  4 980945090
13  30 1375133767
0  10 1034704071
15  39 288385343
27  15 1774179397
17  5 591511417
30  1 1068097288
15  25 1913434441
5  6 1330874909
18  34 1566129152
16  6 1482855645
37  7 2083035774
0  19 2113319726
16  0 98877985
35  13 2018822566
33  21 735064156
23  27 14455665
6  27 166687473
24  12 1303969125
0  38 2101967345
26  39 231954031
13  0 1716750275
6  27 266432335
19  17 821841864
38  18 1668548877
38  14 650938518
4  3 1931129211
25  9 453542761
14  22 1387344225
9  30 1993796786
6  10 531548213
12  18 259922390
9  19 1733775
25  12 816495070
15  12 217260760
17  16 2141334889
6  39 694142855
20  5 1675790751
29  1 1777016614
24  22 1091077946
38  18 1847148434
18  5 1325362029
8  4 1309630226
10  31 1849508950
25  39 857138824
33  5 1738808
9  4 988255849
0  38 293864794
23  17 645747125
23  4 480004387
5  12 800301025
10  18 1885863158
18  39 488229213
1  11 876840829
28  5 2128936264
37  10 2090270442
19  16 183606529
15  17 662977179
4  29 942714
14  11 1114837523
30  8 1654396514
2  4 1932200993
0  18 1376102068
30  15 929319952
26  27 1962139631
17  37 27391813
4  33 68058143
13  36 517025987
12  13 900279693
20  15 1503041268
0  3 1154868497
12  29 1751301383
