800 40 4 20
4  26 145445697
16  38 1101193773
20  27 599735637
8  0 149189111
2  17 177191369
18  23 1587707716
35  3 1342385514
29  30 8148556
16  3 637954909
5  16 1954417433
20  8 2084704298
9  10 335474093
8  7 1152916518
38  29 1710585757
8  22 1609147708
31  26 1268653015
23  34 13675069
4  25 1755099119
6  26 99270200
25  7 1723285917
10  18 1849991552
33  15 1510371681
4  9 1383150368
2  8 2126272808
4  28 2090087472
34  12 1270378627
18  23 308385901
32  6 1338273669
14  22 1197953902
21  32 434511339
31  17 442393967
22  11 395448924
21  15 1687333032
8  36 1160084123
39  5 1133820318
21  38 632898005
24  26 843063217
27  13 1495021926
33  6 482897874
17  7 483182774
4  22 1679754884
1  10 1264026887
32  25 1732035440
32  15 2081877560
18  3 1236367661
30  6 1923698409
20  10 960062234
9  32 1096488317
15  22 1415814788
10  20 1783702445
16  35 1694346356
33  19 170415292
10  19 1229771728
34  11 193928051
29  39 1989161656
34  33 433621980
31  1 1567916421
30  14 204623155
21  7 1877538101
29  18 1098405415
8  22 1923169663
33  10 1055343944
0  10 1837360104
28  23 1064549515
38  35 1045347547
14  19 1626281130
37  6 78577283
7  17 1888805811
34  30 334185463
1  25 50447925
8  20 1508004270
14  36 1265210275
9  6 1301383373
34  16 441451497
10  19 1225077621
9  27 694959107
7  32 1688278151
9  22 1355063314
22  36 1835512895
36  9 1804481765
19  10 210446226
23  8 251900009
10  7 1084150698
36  23 542130044
25  29 488438629
19  13 2038565709
18  22 281936098
33  12 1263776594
10  38 745439952
10  39 409781456
14  35 1330947500
7  13 1973194357
32  8 1468649868
19  21 213612618
1  9 205114962
19  12 1184684976
9  36 497546641
36  37 417939545
19  17 926281535
2  6 407443139
31  13 1523543428
24  38 2007169841
10  29 864100911
21  19 741278932
25  5 533044640
38  24 363290452
33  1 1165058259
23  2 34684459
22  21 661395870
5  29 1738973664
33  26 970544153
34  16 335359619
1  30 709936233
12  11 528640015
20  14 453772957
5  10 129582762
23  19 517058255
10  26 487292177
9  34 691747184
7  26 952439522
34  2 254179661
10  28 565240926
24  35 430865916
25  17 1356286578
24  38 23962287
20  17 1955454090
32  30 2032918647
14  38 496398949
21  12 285794867
36  1 1914969963
20  7 1293771076
23  14 1347505834
24  37 1411460369
5  38 318927970
7  3 1985592907
10  2 1109616477
35  11 1137303416
34  16 991693128
8  4 1277169966
32  10 484186245
9  29 965730812
17  30 1634809321
38  23 1119466538
8  36 712463226
11  24 539462586
32  36 683544094
26  33 2060621481
15  36 568345224
21  2 1940207231
2  34 178524693
23  25 756546897
13  19 1535099388
37  16 1053593885
36  14 216518951
4  30 44028661
17  27 248025441
27  8 831097734
38  4 716327693
37  16 132830911
38  19 819822888
37  31 65887937
34  5 1253764964
12  31 1184925635
35  11 1569407088
3  34 1640756982
9  26 598719821
39  8 2101020392
19  32 805259553
0  31 350937408
26  34 1463705919
9  16 1327567679
33  16 2027462870
10  22 536808
33  37 1774311517
19  25 1331631747
1  17 2142528303
11  21 470560510
23  27 1074418505
22  33 406176748
33  25 971833430
29  6 111770672
12  31 320205402
34  6 2053792270
12  9 1420012302
21  34 1985537880
17  36 1978512867
19  35 2013261184
18  25 959848889
5  25 572068952
13  28 1896823398
2  16 604866051
29  3 1612883514
3  9 1573685654
30  35 1877269963
5  0 1575781200
22  5 1921438539
24  23 564807711
12  4 835427548
16  9 1958896475
15  2 1243899132
17  33 991577926
32  36 197529571
29  9 1874149208
23  21 424133047
21  24 535678664
12  20 628787840
39  29 987927339
27  9 1699928313
39  22 1627955053
0  28 1469215541
17  25 721084428
3  37 1383935807
27  22 1589927227
23  14 371458946
26  20 1755850388
15  10 868379014
33  24 1880655872
24  13 1316315791
38  17 1857330080
35  15 2139011136
22  33 2096806952
31  16 218881278
16  7 968896409
22  14 340883802
31  18 2039981044
20  24 1035704349
1  5 1084687995
32  5 238634208
3  4 1316215629
6  24 1450808136
24  12 1745199796
33  6 1973095629
13  9 130255915
4  33 1509309590
31  19 1199137499
17  32 1298095122
23  17 1321733387
18  12 318791622
2  7 701252058
32  23 1437146767
6  18 1817998351
22  36 632652699
5  1 19333748
1  18 1402088864
28  0 924878202
18  22 88450853
35  36 1762319829
6  5 223527621
13  39 1815995979
35  16 519599171
10  13 1969063820
11  0 1157252241
11  1 481293134
25  20 1666645484
29  13 1371741462
6  30 361605255
34  8 2031573963
11  26 36875245
10  19 163551494
1  25 301791869
16  21 1944875588
28  18 739490316
14  5 281579686
30  1 330013172
34  27 1312126880
4  15 130744905
36  23 34038384
13  25 453125827
33  36 422607819
20  4 321895178
6  2 1107891749
35  33 1640149118
2  19 2106310431
32  28 1915951939
36  23 2080442647
18  7 668931909
0  31 294062607
11  18 2100536523
5  13 1416144010
23  35 1737087842
32  7 1602573594
36  29 2040348570
24  22 503760798
37  36 813588953
0  14 700859589
32  2 683617055
10  33 72216812
1  18 543075888
1  5 367822266
17  26 1541663908
32  22 1633236702
26  22 1720152108
21  15 1116852109
25  7 1038517296
23  1 1279743261
30  20 958693291
11  21 279746843
22  17 2091719326
3  14 327050878
36  4 472868974
18  12 2084609037
11  31 1687077363
28  24 1653434791
15  30 1157845279
8  37 1278279845
11  5 196886225
35  34 2138741275
7  6 1370493038
25  8 256132744
14  31 1215795863
14  1 1027299559
32  38 373266274
20  4 1589572851
0  2 1225624378
11  19 1212425509
37  1 1561347870
28  33 2045788972
16  20 156143762
25  22 322751280
19  11 1651994155
8  0 510592999
17  25 1235743715
20  19 1557205271
7  20 1997204761
31  36 630313991
13  0 618449368
23  36 1834604253
34  29 898629469
26  19 1156911656
12  24 914537327
5  12 1572348100
26  28 1591503258
3  20 1841265265
25  12 1533283001
33  3 304873217
2  14 243522537
13  39 620412959
36  0 794938834
7  13 1155999807
24  13 511616436
1  38 1661634193
34  18 195582040
17  24 1207589344
25  8 631993982
6  28 1129489328
24  16 1442153429
6  12 1490561978
20  36 1661601077
26  31 362320296
24  20 1693794004
32  36 1519093219
25  2 1401275621
33  27 1860973125
3  38 1349326917
25  16 625470785
17  35 1320269269
5  23 1131119659
36  12 840196854
33  20 281185232
2  33 360336326
0  7 917247097
39  34 1298053451
19  18 1608580632
19  0 1600025243
39  2 901573882
6  0 728966309
7  12 1571640101
15  1 1841403149
24  16 1809686215
22  5 612418825
6  38 918463130
32  9 953907971
11  10 2069163709
4  2 526965662
34  16 426747606
10  39 1407934892
2  5 886467416
29  33 1563875188
22  23 1227137988
16  18 1981748314
39  26 53996074
6  16 988674052
38  34 1620689850
22  18 1798448415
4  1 580583431
36  37 209107818
1  10 101316601
11  9 1815135614
37  17 1220553371
30  5 514800977
3  8 883423684
12  9 1346086156
23  2 1905794445
4  1 1420691408
34  33 1873557229
34  19 605951364
6  7 867962194
28  23 420872836
9  2 706985964
33  27 2127011892
33  29 563300201
13  38 1559990937
10  30 577635539
31  15 1321762617
25  19 1308408391
8  23 2031312085
16  8 1700923982
13  17 76926020
10  27 1710620398
28  29 1255905139
15  2 1067715177
6  20 1021306113
14  5 1758112319
31  0 496648513
18  4 1513435990
33  19 1134608438
10  11 1006302066
19  16 355526813
27  26 966080355
28  16 1476964125
1  10 31616398
14  8 899654075
8  24 1441391699
5  15 462020909
11  32 1704417493
0  8 1755730650
34  32 969979818
20  35 1815033398
16  8 1604701837
19  29 1021116618
32  13 1362668238
0  36 929167826
4  24 1768867120
13  33 579606502
21  13 871673717
33  11 1620695501
35  17 63585571
17  19 769409442
28  12 537949528
35  9 230423147
29  14 1074738090
31  28 1018897012
10  26 1193259038
39  9 2015463453
14  38 591923681
26  22 1533973105
20  7 704589297
8  6 902872420
37  30 1907203975
9  28 1316045697
3  37 1590771773
10  28 1947003854
33  3 1758567620
35  7 613578929
25  9 1309063083
28  18 673068642
8  21 1910282085
10  13 729646260
12  20 1862651303
30  32 1764839268
37  15 1889110605
0  23 1806949677
23  3 1121207613
10  23 505220630
27  36 1693577886
21  6 1445114223
26  8 2125377611
0  23 874814638
28  11 2031856600
29  35 729970035
26  29 158225000
30  39 108131011
27  16 860780757
36  29 2035794307
8  12 751067206
35  10 1992453125
9  34 2093790116
39  0 1553111036
17  10 1852734309
1  2 1484560942
19  3 1692857079
20  25 1233345382
16  13 672713984
11  35 912203655
27  5 1618346871
20  38 435347984
14  11 332523012
35  17 498502443
34  9 1178273399
1  17 1273810857
34  25 1351676468
12  28 744852243
23  11 1272163817
18  3 942957249
26  12 891093400
10  38 2033813316
24  3 1611455794
36  32 1257474447
22  24 2013259855
9  39 1712729254
36  5 51812173
6  37 202939368
27  2 775533312
5  38 1126909384
16  20 1698491571
27  36 1877779407
11  2 97314024
11  23 435833934
8  2 422926443
21  15 1320887973
24  35 28979316
14  8 512505157
18  24 1015515304
31  23 465013464
20  6 1774351588
9  32 1380852078
17  14 2028780740
36  23 1849193245
31  20 1499318912
18  20 1967145337
18  4 2081497145
20  13 764635341
36  34 2061583066
26  37 1994062513
27  1 1678758203
35  37 1388660163
5  34 102491
33  36 551929778
23  38 8585543
27  1 747881108
4  38 1091092849
32  4 1903931461
37  3 1486451004
24  3 387257986
33  1 1424750698
30  28 848847027
11  29 2108727095
12  28 1438258324
30  25 1823946950
33  27 1079770024
32  25 903584922
30  37 1658408191
14  34 1569132400
0  4 650679422
18  8 932005951
20  4 1656799142
9  36 1665690858
25  30 1490992519
7  8 82837627
3  10 1473662771
14  9 175075440
7  22 1032178504
23  15 1803802160
1  9 1381678278
4  30 1886406323
14  8 1278552996
20  10 2034395204
24  21 2101687479
3  13 1450141646
35  16 920784663
10  21 1384054026
25  7 1708037920
36  8 1159534583
5  31 38332755
16  14 1456397710
34  19 1506772457
32  0 297648365
35  4 1001058570
18  16 388771555
17  26 642363108
2  8 1448813604
29  4 856507402
34  2 1072823140
26  9 1537527676
21  26 2072413295
3  25 1859870025
11  27 977719307
5  26 1205328077
21  15 836143789
35  34 276858444
18  10 870314610
3  27 139237421
18  16 652637006
24  19 999248419
34  39 1580736735
8  6 703882747
2  30 2008874416
27  16 1007736471
22  34 600145525
39  9 1187967856
38  18 1143429033
28  34 1258693644
4  36 1337446132
7  12 536810422
39  4 887030893
39  16 887889676
22  32 1728034373
24  23 1553691254
32  36 1581214682
29  39 631629379
18  21 399875007
5  24 1148029974
24  18 522127094
11  15 263008966
10  0 105039725
23  14 800970337
6  10 440340713
1  33 2004888025
39  7 356416148
14  11 2102729355
8  1 1068692545
32  7 249314907
28  23 439916668
18  21 1609922761
27  17 1380093270
31  15 951438930
13  7 1195389803
8  3 142237154
37  35 1216200647
18  39 43248952
6  2 1385617876
18  17 1322798003
30  39 744479161
19  11 92604484
35  34 619401532
0  19 344509154
39  24 1122497817
38  19 113050278
2  27 50077680
6  2 1735051956
4  7 1582410801
2  8 1511263030
37  6 1739334650
15  19 104774073
6  0 295901917
11  16 650871201
5  1 607781188
15  6 1362653367
6  11 1167003910
4  3 1013295805
11  27 1473856213
11  23 845985886
25  38 491344757
15  7 1712728560
0  18 1731971140
11  31 1345651392
4  11 490251444
33  8 617042293
4  20 1021668717
21  35 438657830
3  5 526653732
20  33 672320461
37  10 397740955
5  28 1574464234
2  37 981429690
29  22 1349513883
17  1 1577217045
38  10 1225133931
30  28 363768773
19  12 1501520203
4  15 138241502
27  30 1367139230
9  14 1270405775
20  12 34256430
13  33 1182597563
16  29 906351670
29  17 960652592
10  32 1300321965
4  9 2066452289
15  3 935517168
27  37 1020078748
37  25 581477927
28  4 1506175619
39  12 1243578642
10  1 10428697
18  28 925197037
26  33 135178838
19  4 716280546
12  10 1312312529
31  39 1554357002
30  6 1749882139
3  37 1948250534
34  31 2003136395
38  32 1569695306
7  17 171131560
22  25 408947628
20  9 1634303919
23  0 239430924
24  23 221976533
4  35 1886078981
6  19 608339438
24  22 489673156
6  37 76950145
7  38 303935983
9  39 1029513096
8  11 2134353763
24  3 1995933830
20  21 1465125327
17  29 1659438155
25  14 1899518962
4  9 1196616178
23  5 368309768
33  11 1776057307
26  32 877555140
4  0 285178028
22  18 661966437
12  16 223208899
2  26 1475041571
31  12 655991605
15  35 1862672366
36  2 635081035
37  17 1635913529
13  31 1920014661
5  25 1429157954
6  2 1525575632
24  33 332523831
18  24 273661009
13  11 1815176563
18  28 2122011077
35  4 897854792
6  22 79685991
11  7 282058098
37  17 1679651003
28  2 354369549
18  38 931045166
32  7 1047167721
2  22 1156598368
28  31 1257758205
4  28 1270736063
2  5 963997607
34  38 2093125650
34  1 1553248755
2  26 199203759
23  8 1887767189
21  10 1751991513
34  33 568243310
15  16 269077333
26  31 667828730
16  36 210174785
34  35 1652504885
11  20 148478178
15  4 137243240
13  10 637735419
28  38 1712358632
7  13 916738337
36  2 1805004215
23  17 1616531111
7  4 1233026146
36  23 1728847868
13  31 1263984260
19  9 255885875
4  35 1564171932
35  36 856140008
15  8 1137530307
20  13 1209813690
24  20 237257067
0  21 1449871875
31  14 1071928015
18  35 1448545351
24  33 1077752542
7  24 382644544
23  17 1497738458
6  10 1267968169
3  4 1267161847
17  24 277478984
24  4 2038471331
9  12 605003966
26  19 1710902174
18  13 845127825
37  35 499143206
30  12 1195947100
6  14 566012163
11  10 204775608
3  7 669272047
28  14 266799187
23  39 309075973
22  21 1812026896
27  32 1124934990
2  26 33823589
5  29 1232690135
19  4 1102650917
3  2 1443759182
32  11 625522746
7  1 738787113
1  28 348511707
2  16 241046518
15  7 599318140
7  18 344605938
20  36 623648084
24  13 1296279101
9  11 120916014
37  35 770371240
21  2 2075868916
20  5 642536699
17  6 1719207938
6  17 270191600
21  24 2141665602
21  11 1003282470
15  0 2099846898
13  15 1581905788
