800 40 30 29
21  20 982072003
34  13 1694886738
33  34 1947482253
29  0 679334099
10  16 1701507344
5  25 303572948
9  39 481611018
28  18 773333469
6  39 481264482
7  18 1712490622
12  15 1457729565
26  2 1380567628
13  8 1949380124
30  12 971939374
27  14 892285289
14  15 1846798952
11  19 1384579943
5  13 225701699
3  9 1787298698
33  23 655136875
7  1 1608183368
18  29 1000748137
26  36 1349615574
10  11 364446864
4  35 833402619
7  33 950377962
20  14 198951675
26  27 1719187683
10  38 1476576834
29  1 825093148
27  23 1525768273
3  10 1891459292
31  29 1445423247
13  35 604513287
15  17 2049576671
33  19 1418743043
14  10 667530593
23  38 1169694175
39  18 268846481
3  26 153932312
24  17 1772271784
27  32 1849786841
33  1 1016647476
20  18 1603544182
31  39 772778517
11  20 255139596
28  33 726135563
34  30 801334863
37  21 1468982042
32  35 1698775327
10  23 1873530280
36  8 788981046
12  31 847693381
8  10 1055617114
17  0 488125166
25  39 1970236107
0  17 2079149297
6  11 307265135
8  20 497738111
26  2 202604190
22  29 757061087
36  28 2008038014
13  30 272030891
18  25 141542991
29  34 1307072349
39  17 1863200959
21  5 1088504013
33  7 1290081550
11  5 1663285400
6  8 248038063
19  28 1393453330
35  29 1498866281
23  29 1900737678
17  13 1188095184
24  20 1954901297
19  27 774637239
34  0 965157882
35  27 338758804
13  34 721237877
33  26 468678767
5  14 1891854091
7  9 149036741
36  16 43247659
9  29 1147955352
18  5 243686409
34  9 1923488708
10  8 1125370582
37  36 1606344554
10  15 143193359
11  28 288294119
12  28 269626877
3  23 839376845
38  29 874532636
24  9 983424829
25  37 503075021
16  15 2118902881
9  34 451133233
8  14 73882885
31  0 787059719
39  6 679049876
35  20 2117707801
7  30 117854807
16  33 265249859
33  16 1153678969
29  27 1329900903
28  34 793412470
0  25 1916076808
6  28 1959687935
13  36 1444218283
25  38 136524582
21  33 1461902624
13  34 552989745
19  24 2138273528
36  33 1655802637
7  33 1861350211
20  3 528391642
3  35 1423015115
19  25 469111061
4  38 906806258
6  20 977451426
2  15 1481522428
31  10 1878004286
28  6 1647988391
19  27 545230950
34  12 388596215
39  17 144175709
37  25 1153456200
38  7 1927133800
4  12 1620125248
1  20 1849719498
26  16 1814193823
13  19 1930097060
5  21 279923300
39  17 1016900572
19  33 1842991727
14  23 2110795003
9  34 1899176260
37  11 815139429
32  38 948131727
4  21 259643640
3  31 641004557
1  16 1805627798
38  20 2111797799
34  31 99862503
19  5 145637116
15  19 933439859
1  0 1738375495
8  39 615266347
3  19 2061353653
8  10 2107219046
4  20 1816344394
8  30 403112522
5  15 987273502
25  18 1152104611
22  1 1531825191
23  1 1250940526
1  31 608773113
5  28 1402077782
5  25 707589038
16  14 1203865160
27  38 886430077
9  2 1878297752
26  35 1923353337
25  1 1802432814
4  38 1238483907
15  20 773589197
31  8 676074066
37  36 1382965579
27  6 332945351
0  4 1043210345
33  11 199956976
0  12 765823155
37  17 261530279
16  29 1102021863
33  15 997653488
24  38 2090070720
34  35 1282646588
0  37 450339422
39  16 1428746420
8  25 1276537046
17  10 1785597078
21  7 315541119
25  11 922933090
9  17 1870608014
22  15 1843644808
31  21 1160852860
24  17 2141752166
28  23 2046874633
35  13 308763497
4  5 202907502
0  37 863142848
14  17 1211632309
15  25 1968659704
36  32 1305199769
8  25 2112936610
2  17 251835911
39  16 975859667
26  33 1593593635
7  17 967982632
8  33 7380505
36  2 587628878
18  7 201859549
18  27 340837752
18  3 1308007595
33  2 130754155
5  16 234766467
32  36 222401469
24  39 155169402
11  14 539971917
4  3 534183890
19  6 2021735903
9  15 722129028
39  20 2103339553
17  27 743727999
38  16 1059093940
34  37 1101580358
38  18 244060653
15  29 181133508
13  4 2063783062
39  20 1868525807
8  20 1397401851
36  33 257098397
20  2 318605144
32  8 593846788
30  32 1785971355
16  10 374739169
35  6 1265244473
25  4 197885687
22  0 65717331
7  1 1660848209
3  2 245236398
11  28 1619364854
19  1 2002393092
11  16 1929205800
17  3 1237364003
38  13 1942887598
22  31 2104519807
30  7 1567611688
18  36 1969233050
6  11 1167739277
18  11 512910394
37  8 922383083
15  18 1864731830
4  18 49995482
6  34 732007460
8  19 1524097194
36  2 1390864754
2  3 1559172087
15  34 1676861844
13  24 1219575064
38  3 798168816
3  30 1109033473
39  1 1897814809
25  1 1900635271
31  22 1551833668
39  12 307989057
23  3 2031805731
11  28 202319073
3  21 243493052
0  23 1465089859
16  13 8501212
32  38 1987733293
33  29 1354160128
33  8 2100432370
19  7 2132455023
37  27 1200296384
16  24 1033057009
14  15 1013509569
30  7 1301048857
10  34 1190382756
33  23 735007269
31  22 1584414158
35  19 1147881971
6  1 231864839
30  34 1875334240
25  21 1880516932
12  29 1672491545
30  26 1855909554
36  28 1014456775
13  9 982673423
35  14 58840741
16  12 1053829159
35  30 222264535
11  31 124161174
18  38 1593842494
17  12 1127275619
36  24 2078880702
17  33 823404613
7  18 1851391439
7  37 869333852
3  11 839939459
16  25 374146673
0  27 267321834
13  31 521414162
29  5 1484842107
29  13 179847140
0  12 1077836447
5  21 1751823000
7  36 294232970
22  28 1995674064
12  37 397913819
19  13 1752378770
3  7 37783967
24  19 1642306259
12  39 255634307
10  23 1687236560
24  23 569504472
37  15 1088155839
39  12 1925889819
23  7 1132775577
32  18 377284552
27  36 836770818
38  10 1230362619
21  33 687508876
20  8 1754781765
21  10 1410139108
32  0 1930321697
26  18 1775104605
29  10 1626909064
25  38 46477117
26  32 151561434
38  23 853241647
19  18 995678141
33  24 1145391795
11  17 513111069
7  15 809377212
17  26 1879295204
7  17 1518566455
1  19 68460062
16  29 1098064193
31  38 1733508508
19  37 137560322
22  12 1599048796
25  20 1302304938
36  38 93126044
1  25 1172959652
23  15 1165711645
27  6 1374455754
33  32 384176235
11  30 1935211064
8  36 352109540
30  6 369664460
24  15 2146246214
20  8 181320196
6  24 1793261290
36  18 1417414283
25  20 1184661308
26  17 1704135410
26  22 234563116
31  18 297276413
20  29 43638589
9  14 285060129
15  14 1954839882
37  30 776552054
37  3 60846943
17  4 1976457707
28  14 1918971529
22  20 47347228
6  23 1019450632
4  28 1104425896
5  18 2099330488
24  14 353021556
28  31 1340370636
24  12 1864631274
15  6 334016651
39  2 560591264
16  13 484288360
12  13 115329718
15  19 1606447368
38  8 1662131157
11  19 73236809
0  3 1037359068
33  17 236420072
27  32 181363705
14  6 1347025641
29  5 937720735
12  11 1379118679
21  11 1424815307
12  29 214254488
29  22 847492471
27  32 765530008
5  19 489333417
20  35 1285792127
2  15 1286501373
16  36 1932593291
27  9 38371730
3  28 1021103457
19  13 1174148343
27  11 93185167
22  12 2100536296
6  28 1913557399
27  15 319357236
36  39 1141305356
16  32 1221126190
10  18 983576774
13  8 844814553
20  12 18285312
24  37 1747059126
19  21 1547881535
36  37 531917369
21  37 1744709063
27  2 133520561
23  12 2122801235
25  30 1307170284
9  22 2092212403
33  35 53580726
33  1 983517544
14  8 79586649
28  11 1322031396
25  15 1126459070
4  0 1106235490
22  9 1924797467
2  39 968382676
14  1 2111007016
26  15 1555950635
32  4 59044933
38  29 720972333
35  2 750421118
2  26 126747659
7  22 495153516
14  18 1742019914
20  11 830038337
2  18 273663211
17  5 341928150
37  12 1676765933
38  39 1152420907
27  26 165280026
28  23 1421096195
15  0 1386729587
14  5 1502571007
31  3 223428455
12  10 32080367
34  14 1433008246
22  17 1232884653
26  7 77363003
7  2 351406758
21  27 1833513432
17  25 683037094
4  12 1401854195
6  10 88670547
27  14 621069756
37  18 578017490
4  25 331030378
31  28 768489404
15  37 1998155801
36  16 1894305249
4  19 755374665
32  1 911566030
30  39 1127806295
18  20 620812351
18  25 634650388
39  4 1117304899
25  14 2113736268
22  8 973970817
25  1 1811292013
25  17 1523749433
38  13 889224058
36  26 1178374933
15  19 340498320
36  27 391171683
10  8 274239091
24  37 1845750936
17  1 967723801
23  17 1860010003
24  36 1725508609
24  3 199154730
33  11 1062993405
39  22 133367380
18  19 1819881119
14  13 1286851990
17  7 596146454
19  1 584839263
1  23 758698411
15  37 311250974
11  4 785082514
36  15 1380640569
27  16 590884655
13  21 287619027
20  21 1802761808
11  0 2110080784
13  0 1026445369
18  31 419243239
1  21 3889278
33  23 97418921
35  34 1041446276
34  27 235787720
26  4 1718175026
1  30 1381396192
9  2 1437815855
20  13 648301916
35  26 1114999484
37  27 182863659
21  26 78569642
5  11 999274199
17  1 1056704909
30  24 1045370295
20  14 200350862
16  31 1878894877
27  15 1978154892
15  34 571146537
36  3 1798862882
17  27 1984328574
34  1 1414188948
3  35 694910274
12  35 2123031857
5  13 1507207106
9  29 1700647793
3  17 310726622
20  25 1943265488
1  25 1348030399
35  33 1660072590
26  18 1845315395
27  13 1177943613
10  25 7559020
38  13 981471267
16  7 1602788208
10  21 517089735
27  26 1010663044
38  20 294054172
34  15 1259387840
28  29 1999517583
36  22 3275544
30  38 785337858
24  30 1042113825
21  31 879764422
15  20 1705480213
29  27 2088508105
35  17 1110680633
3  37 1343499903
34  1 1296674119
18  34 503451110
22  24 338583143
4  10 867518010
30  26 1844406549
2  28 396304885
11  34 2093886049
32  8 1445274773
39  10 594303861
26  22 2137847278
15  14 1832408783
29  4 1644122792
9  23 1799396047
20  4 175094042
26  19 1851484839
15  37 470389130
36  2 1154827284
30  16 2084154822
25  35 1507061971
38  22 1212720951
33  24 249073386
24  11 1310861511
23  38 1743838455
33  38 8334004
18  35 1226812546
14  25 549672352
15  17 315053044
39  14 200915970
27  31 1263652498
12  21 127291715
19  28 1110537188
33  3 1222968645
26  30 1098630673
36  17 1888864687
21  8 1536318120
4  7 1598461317
22  0 1294722977
7  15 149011651
27  34 1658608397
26  27 1243022101
15  34 1159803293
30  24 117610547
17  34 1097392458
15  11 1158004208
7  17 256159200
24  4 1310908476
10  32 142864815
18  19 538179060
12  17 1971934122
4  21 730185824
39  9 928888144
30  21 795405341
2  27 1238029696
8  7 551486220
38  18 581336043
3  26 142136042
2  31 1405596478
27  25 1166188824
0  16 2101744753
0  27 1249370639
28  19 302161183
21  37 2135722373
27  15 677847309
1  18 839659393
38  37 1964639505
4  25 521115104
5  20 1956163820
12  22 1489527297
36  26 1653335953
1  13 139408467
36  32 617422997
29  5 1148810259
38  23 2123985300
39  0 1644898098
12  33 1493965859
2  0 2001977347
11  25 1002805062
31  32 1061740825
18  15 863076825
9  27 1733360280
20  0 642557414
30  11 732081292
25  1 92978021
16  34 1325656627
5  8 696338733
2  0 826921750
10  20 217164504
8  12 626497357
17  14 216355866
27  31 10649621
25  2 1592454184
6  0 899953004
30  24 280887095
39  36 1742305953
21  16 1764055178
28  14 1188504422
22  24 2028862791
12  35 1665968432
8  38 185472793
23  15 386122097
36  33 1606380387
17  14 1968059451
19  11 196688132
31  4 1373057388
2  36 422250351
37  31 392732969
24  33 1505846998
21  8 921754730
9  15 1575899604
24  21 2021712705
25  14 1259561224
28  20 585984282
9  21 1663935093
13  30 1210817894
10  13 772851297
34  35 959472389
3  30 522510397
25  26 1424637977
23  17 1723425001
17  5 1262428462
20  5 1389152097
30  17 1659419145
34  32 1080228265
23  1 627221467
24  28 1177396320
9  25 250257737
33  19 116844001
14  2 998010183
27  31 964446239
12  23 955154160
39  16 1898722666
15  22 1663674514
27  6 600318019
15  22 667928630
22  25 2059347105
0  24 1350976893
38  0 961921831
30  10 996309169
30  10 1336261423
7  1 329418715
24  36 1998863769
39  3 1347413301
37  13 1980766168
4  34 1539786020
21  30 100290901
30  24 1164344811
21  32 778316758
35  15 1628286948
5  25 1336443805
21  16 1677837798
26  10 1588002473
10  35 1871202376
1  7 1616068134
10  34 1101508031
23  26 1426819828
30  16 1661608793
26  15 1459367121
17  29 339416693
31  0 67578350
8  2 769030616
37  18 1772139335
8  0 539812195
4  34 884675223
32  10 1377429774
12  19 820700140
17  21 1359267032
37  1 1105464383
6  17 205194146
31  25 566080821
31  25 953583672
6  5 250785855
17  25 313056638
6  26 1718854099
9  3 1033722637
31  7 1840953809
17  3 1497618124
28  14 856647834
37  33 1881783266
13  30 1401209918
9  36 126350730
4  37 1252826812
10  13 1025419565
4  0 888422735
10  33 291534233
13  37 167759425
31  12 1038587449
19  5 1900644427
26  19 1402910096
0  12 2112866570
30  18 2020533280
8  27 1636097334
28  5 1053714428
17  39 2121643805
21  6 1379140203
32  12 1027125991
4  15 1810612726
23  15 472088391
39  14 1742474983
6  38 902473088
11  4 1373510526
8  14 813028125
11  34 1262000756
6  11 1190843227
9  13 1850954994
18  5 753102589
10  31 1018294148
26  4 888680657
19  38 818440414
6  16 1772847032
16  0 1720618634
3  28 2021049832
11  12 713758508
27  31 1409441209
1  31 566545255
13  35 671206020
26  16 961272825
17  36 689138651
11  4 1374037786
33  14 590387291
5  0 844949333
19  18 1425737724
18  7 30810724
35  10 1172162385
39  15 1449067926
15  33 387330623
25  5 1145923164
23  17 1812826875
10  24 795739390
11  10 203385346
24  8 2014207595
28  26 1235296265
5  1 1952235556
10  0 904385238
20  39 401150813
4  6 1552838240
2  16 189622603
34  39 1124805402
36  16 1112380844
27  9 685929689
13  2 1152432406
18  6 1683837438
4  11 995619018
7  28 97573507
8  15 903545391
25  14 1317079432
24  10 1183123187
13  12 1427399329
3  6 1639167900
19  16 174169152
36  37 32127917
7  20 1854412853
11  35 1558527112
24  4 441775299
25  21 1196113725
12  4 724148583
38  5 246949507
22  14 585854827
7  34 659847558
30  7 799571187
26  20 1356516629
4  20 773243206
3  36 1323690593
32  25 96271751
34  3 515237689
38  13 817388825
25  35 1239820537
12  7 2056875822
3  29 745945621
17  30 1364562853
4  13 976420663
37  33 1296037533
