800 40 3 32
8  16 1244886408
9  21 329169168
25  2 1487023070
33  15 491484126
7  33 965749800
1  20 2004617912
1  0 171649605
27  8 1861900830
32  0 1988730414
24  19 1261534688
38  25 825119244
4  34 631366468
28  6 962542328
28  36 1365790466
2  8 1871108568
18  33 1434693949
27  29 880188736
6  10 752436622
32  14 660612863
32  8 1562437950
36  22 432770940
6  9 493167288
23  25 1079286847
22  4 547014578
9  20 871853592
3  28 1058204319
3  6 1583845083
7  30 667252690
1  22 420269949
36  30 1068168408
33  16 1339929527
29  39 999822202
4  9 742664478
17  24 824033762
34  7 1363131724
5  26 1566246897
13  4 1390905078
6  30 67913537
28  4 776776200
27  32 1747566179
24  33 1176039708
30  37 856807770
26  1 1999780290
11  27 1310194705
16  0 1252741866
25  15 1390257263
19  13 731145418
1  25 18038619
34  30 356728859
0  21 360572303
37  9 862957063
25  2 1290637625
3  5 80651895
3  21 1647503488
3  7 1710952076
13  5 1668167200
27  9 2007492876
32  33 335529958
38  13 1720053225
31  11 1551335803
9  32 2065716176
21  0 344583839
24  6 614352629
33  16 967678209
11  12 862459767
20  33 1260796529
33  14 615893639
17  29 1849885465
15  27 1790681464
21  36 686014912
27  29 77501406
21  24 364633535
22  25 1527450897
22  34 2015462523
6  26 1824751027
23  24 1026107452
37  3 1725546398
38  12 450781669
20  7 284751042
24  20 831644771
21  31 915719358
17  0 166458337
28  30 127933738
34  12 1160047440
0  35 2144794820
33  18 2051012816
21  0 37557781
12  25 209596224
17  30 1531772801
38  0 72896351
36  7 370389672
14  0 551374910
19  7 862313010
4  26 1178637201
25  29 1780330021
36  1 1971245075
17  15 283338346
2  37 943064794
36  0 1951862700
35  27 1478405051
15  10 1015360470
1  19 1275244974
33  18 342212014
6  4 934971338
0  11 1728730563
3  23 1439167940
10  36 331506604
28  4 1626985754
34  14 203718373
0  20 1682990773
20  17 1785671053
34  14 2028121192
13  38 113795430
34  0 2112646384
1  22 10406210
17  24 1991036566
31  5 1238713149
32  10 1959356109
4  22 739638868
35  28 566160581
16  1 480393992
36  10 376674179
22  38 347062347
10  21 891010531
9  34 1466200618
36  3 593473235
0  21 358034650
18  8 1156018575
11  32 670907617
1  22 1610162832
39  13 1783897632
29  30 667614656
29  6 1098331241
20  28 426303435
21  8 1867216977
13  23 2071080834
6  33 690959893
32  7 632759807
35  32 734467855
14  32 22077026
39  37 1057886911
16  32 801798595
21  10 2008532597
5  28 1848789569
34  12 1584182366
14  34 395099031
14  12 1925288857
13  18 1661739215
5  3 178557249
11  21 2057915858
3  27 2037925438
30  26 772801076
36  2 1021594848
12  27 74807171
18  34 1968320325
3  9 536047507
9  1 428580740
2  7 1923496006
15  21 2007854464
12  1 1980917731
15  1 1583684835
14  31 505266824
14  1 424130130
33  34 1284761235
17  1 1821979335
6  3 476492351
19  12 1720063207
24  33 1718550429
24  37 970435051
4  34 1262060418
12  3 238550819
22  9 453893808
10  8 55037450
33  20 41866981
22  30 2077169746
15  18 585055947
9  7 1678090207
37  21 879308109
39  23 1074926185
22  1 228942764
6  39 420590810
16  10 1648222843
12  1 295512928
25  38 1315658554
5  24 401824955
24  10 1528945305
31  10 41165949
20  34 24126511
10  2 1078943194
30  6 1803542278
11  13 113541807
19  24 744234749
30  1 967187811
20  39 613911453
23  8 727335925
15  6 432264391
6  37 338037157
32  6 391466635
19  38 686793486
14  20 185472199
39  34 1745287945
34  25 475332392
28  33 910736383
37  36 1184396494
13  17 809323844
3  19 500337455
4  26 1887003540
9  36 1298011900
28  32 189024669
2  11 1716748354
1  17 548238540
35  19 646348309
35  36 228141597
12  21 228319050
30  3 794770371
16  6 557703799
3  27 2114917794
39  18 688521678
22  8 1510232655
8  3 497289751
16  4 1084043665
21  14 1183758814
33  14 1215683321
19  18 1069852797
28  33 16044807
7  31 184308501
38  32 559070919
17  1 532964238
9  1 1594110864
3  31 1752449048
22  5 228713797
10  8 1784580685
15  5 638034678
26  23 958187109
15  21 984778562
15  14 1722158718
4  22 1614795483
23  8 1877329010
26  10 909197924
20  25 2027294762
39  14 794886376
23  16 1965382923
12  36 503431062
7  3 1179428671
4  38 2056961435
22  20 1588499018
22  10 691931704
3  4 302310955
8  32 1067352262
30  19 1819845298
24  22 1636497261
26  9 1535662167
8  11 1301674028
21  38 1786438943
7  36 1764550629
9  1 76753106
24  36 1328991141
31  38 90558716
4  10 1533518157
26  10 1883222516
37  16 533510931
24  9 948535769
4  3 2110903745
15  34 1088303751
17  20 1280253289
38  0 502416324
35  5 989698439
33  22 1938100847
30  18 1946660327
25  14 1872553363
28  23 453632655
28  34 98839799
12  27 761086550
29  39 932228415
1  0 1974381498
19  32 1220597677
16  17 1586163145
32  26 937862301
30  0 2133524501
14  12 1977870016
11  32 1793114415
11  15 2015099219
24  4 1770248215
0  25 917663414
1  7 1498669472
33  12 334731492
31  7 1256931786
23  6 42938049
30  2 1186973327
4  7 489153892
29  20 2069495664
14  30 348846420
0  35 441450210
37  8 1603720142
15  8 1165963134
12  23 1953398913
15  20 278417491
14  19 1023053447
23  11 1989248475
21  8 651867490
20  26 257103177
31  1 1979017030
8  16 1386565860
8  38 1741767955
11  31 1859898181
12  32 611412232
31  33 1233962549
9  31 771347155
26  7 1616667209
19  37 1815049118
0  3 1339759820
14  24 454599219
13  25 775097988
20  0 1277980682
4  25 905103024
20  17 764475071
2  24 910223646
32  34 117859699
37  12 487474746
15  9 100469507
10  25 142315144
35  9 2135083551
39  9 1048704429
16  31 933626609
13  3 1242190261
0  2 918391788
26  29 1654349569
17  15 1019642535
6  10 310306985
11  16 1137038097
11  21 1438871662
7  31 409748534
7  29 912796383
24  29 347292795
23  12 805967740
34  37 791572931
9  27 1499640592
26  17 958371406
35  23 1147795577
13  9 1248709551
5  21 169828252
12  24 1595781515
23  35 1314247076
3  36 1792474718
5  15 2053380526
33  36 1338660927
11  28 1996744279
15  1 1277262056
0  37 1476980517
36  31 476242046
5  23 277728776
31  34 1081351332
27  3 1426523109
2  26 459021107
33  34 636573849
29  26 1898452830
4  14 1092881464
4  26 971961429
24  30 194645059
9  29 995241664
16  32 1682288292
30  27 1292737365
26  0 2144208223
33  31 957294591
2  13 329788906
17  24 552505646
33  21 1569144795
24  18 2088974444
33  39 951173349
15  32 374062246
9  37 664267869
29  39 429268045
37  32 837770226
22  3 370491745
9  23 2062587613
3  25 2092909869
31  17 1088798691
19  30 1694174490
2  34 1151820326
8  2 558703442
16  8 1340289979
22  36 637762289
15  17 967582085
0  6 374184905
38  16 1158620781
28  6 22057880
2  19 1153225640
28  1 39943689
21  19 1756696525
18  22 1516076211
32  39 1037403844
29  17 846472065
24  1 1041791187
34  36 1613767617
35  3 968363496
0  1 2017868397
32  31 723128942
32  14 1090121671
34  18 980685574
35  0 797975708
13  16 935721597
7  37 275109930
34  11 2095206858
15  6 126495802
24  21 272141782
20  24 593021115
11  1 781285054
39  17 853041474
22  39 717759499
22  37 626996743
5  8 571490362
10  13 1298675875
23  36 625380641
34  5 91880622
12  4 34526489
14  30 177757872
14  15 1519494967
19  9 1112406753
27  18 240499495
1  2 79916924
21  35 587655376
6  23 1175099346
16  15 1927875343
18  27 458996858
34  27 729462850
7  15 1475001048
11  30 1342859386
28  27 390300867
33  27 489531152
15  29 1466299234
29  20 1963372813
7  2 649272375
29  7 1267853277
27  28 860690951
0  39 147216654
0  23 1645618934
31  7 60885174
38  34 1811600239
22  32 1635689203
38  37 1287475591
19  31 88926107
27  3 1164163820
16  37 712153271
29  5 112117883
30  7 56188368
7  12 148934534
31  22 256780908
15  11 1897626805
39  18 130329375
6  17 1763768978
16  23 1096309216
26  31 676642763
13  39 1468636244
16  25 556848466
37  15 1816041407
31  17 371051983
15  34 1197188709
10  33 1225697859
36  9 939206471
39  31 91619906
13  30 1720561490
7  35 2086315995
8  25 1132649238
38  35 470322512
22  13 1054694664
39  34 1368005271
19  23 1549448164
13  12 521460050
34  29 1994456391
14  34 1453638325
30  12 1096658740
21  24 385618208
13  29 842909227
28  14 1241296257
27  32 34234118
17  0 1990431523
23  3 472020824
2  21 1351605925
24  38 1921336999
6  16 2112929231
16  37 2143014202
14  9 138202411
2  34 1345221326
22  12 1531590335
31  30 1141382834
11  2 809592560
39  7 1336009763
34  27 115533155
25  11 828963403
31  21 764619839
20  37 2051075609
2  28 1976061424
4  32 474925475
8  1 1539266358
7  17 857167384
9  13 1867718721
21  39 1724371613
35  36 420703578
11  37 135832012
4  5 1984781361
30  18 984445573
23  13 716529273
33  19 1919768444
5  17 1038533872
6  20 233965971
39  33 1987931140
16  0 476730797
13  0 852945203
25  14 63516775
31  25 1485187492
22  28 1532135689
36  10 334483657
2  5 475425087
23  18 1596451122
23  0 113768548
21  4 1846834871
6  32 234617312
15  12 78344806
6  17 1878951118
38  19 2120401200
15  16 1518300525
7  23 371028577
36  2 1891186326
33  29 1644921228
17  8 636002594
4  35 40379606
34  14 145984063
24  22 1906016116
28  34 85387734
10  12 193864796
15  29 1619983032
12  24 2107160396
0  17 1007025551
26  36 618071694
14  30 1852119247
5  2 7271018
16  30 513410455
14  22 1772318202
16  32 341464956
4  19 413900382
8  29 1542005546
37  22 1767024076
2  22 1502365686
22  27 1564169389
8  13 306571971
24  23 1494026711
0  25 405589296
17  24 159531164
14  5 903321347
5  19 1210307410
37  27 266343186
19  10 2098286087
21  3 593132458
39  37 1079045391
17  25 1892692478
27  17 1586628313
6  25 902037543
32  34 185552655
5  28 747262011
9  27 1479946251
7  34 700344565
27  4 911063158
38  25 705631184
21  31 848543697
35  0 873145834
9  0 1866677954
34  38 824128037
6  31 1404608829
5  1 1354837973
2  12 1785313069
3  35 420562446
35  19 1290658245
30  37 33555624
1  9 748235154
35  28 1073461495
36  16 234493509
21  7 215159231
12  2 1214695434
35  26 93381146
6  21 2113609956
4  27 770059711
35  5 1319065933
8  16 791406601
7  22 1607088922
0  35 1670851877
33  19 1751222951
2  31 805592078
39  0 255914630
12  2 1016583303
24  15 1483988736
34  27 2074018443
28  15 944848815
23  35 458337116
14  27 321997979
13  18 952862232
6  24 1217253391
19  24 804917097
1  26 1826347148
24  2 1972329054
31  1 1819028940
33  25 1412244113
19  36 1267939287
39  37 294358094
14  37 2138352401
26  8 2056333477
29  22 1881435827
20  21 914218241
2  24 629069084
9  23 1912096277
32  24 352185151
4  20 1676193833
18  31 941606371
26  23 709833093
26  27 436001841
22  31 539428029
26  28 873058315
39  11 1260440756
0  29 152685192
20  39 1788305594
7  39 1869124200
25  18 479832054
6  13 1493092045
21  39 693998501
16  9 1447616423
22  20 150196813
28  33 1619842270
11  24 749875246
38  18 1242657128
27  36 1575184394
7  27 1927721876
11  21 845381065
32  13 1998483345
0  30 1403520788
30  16 1694599411
17  22 820529659
13  35 1883416555
37  34 693553476
38  1 1538293178
5  0 652984745
9  19 1014644174
35  32 390780609
27  22 538198291
2  29 307054021
36  20 1764485561
7  0 1563417286
16  14 1524281701
32  34 1061132073
13  2 225097656
37  14 1692014701
8  23 27004992
9  37 1914863254
20  35 397814230
11  26 1217034198
14  33 1796269861
14  37 1861944642
13  11 2043137214
13  23 139288572
26  1 1522157911
36  4 1878778079
22  15 792258410
16  10 991465448
24  11 1570876523
0  21 1564434355
12  18 734881828
38  36 835277594
23  5 766786779
9  0 422209273
38  31 447611289
13  24 743641078
24  33 1883142410
27  36 1796449105
11  14 321213196
9  21 550831019
26  19 775711061
25  23 1063287982
34  29 200919981
3  4 1464738782
21  11 1252022751
18  1 437428301
14  31 1587474911
13  26 515478534
32  14 1755229081
2  31 1296371726
30  21 2071379162
36  28 1114840130
28  29 2125632071
17  6 234939415
22  35 1555500055
9  28 1927660754
39  18 2105034010
14  11 1165784755
9  8 1699554640
10  6 1265560230
30  16 1941906760
33  7 1743295751
10  9 695077832
32  19 731437879
9  18 411729507
4  0 73553613
4  16 1155361744
20  0 1384797274
28  3 557204193
14  39 1124817667
18  17 1909162763
34  19 129709257
39  1 1386093173
3  30 1823337114
14  6 779549724
18  6 2133284022
16  6 886158737
17  10 2125034966
28  36 52483397
6  26 164612812
14  6 2082418016
18  25 110080259
14  11 2034324373
25  15 1375499999
19  14 2075769746
37  12 227199057
15  23 309618075
28  25 770516259
29  5 138365071
32  36 167502533
12  25 1363935402
10  14 2040015816
22  33 460631190
28  18 1148700466
23  9 1212449139
33  19 940776265
30  28 765768672
17  1 119667518
31  4 1872594507
38  12 901565381
36  16 655596047
14  21 666574083
4  9 2055484428
3  4 48567477
4  23 1896562104
19  0 262918241
17  3 90318236
30  27 777274937
17  6 1334370644
19  3 291051235
18  33 411235795
21  14 842177958
15  11 416419573
5  9 716416324
6  1 1484481851
9  4 1336379081
9  28 910386313
4  29 552162810
7  8 1953186029
10  25 348439346
7  13 1016164225
32  25 205187130
12  1 1649981846
18  31 2044650544
37  9 282364560
35  5 952907046
15  1 373170417
9  29 582500254
31  26 1808764700
20  11 335545950
4  23 1952758563
36  31 52394024
16  6 1215532113
2  29 548032774
4  7 148554879
1  32 290657569
0  19 813511248
21  38 1043229365
27  25 1939814114
17  2 1949899690
23  27 435681884
27  38 514370066
22  17 1099964297
0  28 750398242
14  27 1205336381
27  10 732532289
25  34 1108420561
38  33 665337439
15  0 860472577
27  12 1334151812
18  26 1622247930
2  22 689188734
18  11 87897565
24  26 704855882
11  20 408543722
11  2 375923616
24  22 1738562118
14  33 2100275891
4  2 1507932658
6  23 514969768
28  38 1912997864
39  35 1891614083
30  15 1496242328
26  15 120145372
35  18 1906358415
39  30 1852995241
10  35 464309806
