800 40 39 36
29  35 1058837260
6  25 585296300
35  2 591782659
15  20 340348693
27  22 121403290
34  38 1893928556
28  14 893604504
6  30 1359688471
26  28 837478110
9  18 833245133
12  18 787636100
10  34 326255961
27  5 298547561
19  8 1337717361
5  16 1645716839
32  34 266357883
18  19 1494982893
35  34 908360860
31  7 1693022331
32  13 1237956657
15  20 2115347206
6  1 1816102653
0  29 1224226481
17  25 1816654856
2  13 689788091
16  18 1605432075
28  13 1509554304
3  28 892050630
22  7 1431451648
29  10 475264297
32  38 1993929257
13  24 1367152800
36  39 507528703
23  39 752328606
31  6 2005742220
2  9 2045039072
9  33 889653152
23  13 1338947245
13  14 328258630
26  34 670050208
12  2 927072480
3  38 1316911249
28  25 768718478
15  20 544822376
29  8 641145193
2  16 2130779567
12  21 704605028
33  8 1034139511
35  7 1377513179
20  29 1282273915
39  27 1757715310
19  25 1721993869
5  9 1632930989
7  24 1079929699
29  9 524425587
24  12 2090179939
20  31 81492393
25  11 960310484
26  7 32339423
25  0 1640123071
3  8 855999024
10  16 1917145958
36  11 1102329401
28  27 288383312
32  31 1747601346
34  24 1604966548
23  32 1852110505
32  28 737150863
33  14 253490217
31  5 1380385388
15  16 259478909
30  36 1156050506
29  34 172230577
1  11 822692272
21  39 1533123509
22  10 20469153
15  9 1678527475
25  24 62928735
17  7 1854047365
34  38 2129691257
33  17 367038949
5  7 892608452
16  21 1130111767
14  24 2040645369
5  3 880182583
14  15 1406370973
35  13 1781400297
39  20 1479896328
35  33 2071256946
31  38 959482133
1  7 1404104175
10  23 117114272
17  22 878499047
38  3 621818683
21  18 852200602
37  8 773937312
20  32 762390377
17  2 1121774562
16  6 1084710303
26  17 204863625
35  2 885888395
37  10 992703559
6  25 906714583
10  22 285468782
19  31 525764330
27  22 1745919692
9  25 935210005
20  23 486986292
16  19 1870994329
14  5 724019971
0  21 602244469
32  30 693294581
34  17 1125061890
33  23 2123380873
6  25 1483138329
9  10 1520060090
32  39 51524423
6  28 715893942
28  3 817790405
2  28 898440018
13  24 370088830
2  17 1270805560
36  22 1810233059
32  11 1431096302
0  5 878079539
9  37 1905334276
4  30 2003517566
31  38 1153876091
21  23 652917498
33  19 980081372
18  1 918724556
7  37 1288566215
15  26 424916095
16  18 1133895371
27  7 1742049760
33  29 494680950
38  23 461052544
29  17 885586457
31  27 725528831
34  2 96166602
11  0 61961464
0  20 1757862431
29  23 964722553
20  16 1925554396
31  22 770601357
30  4 1285485054
27  12 1779224813
25  34 314436127
30  35 918683641
15  38 436145131
38  19 1226349712
20  0 144863668
4  14 1404494014
28  27 1010985456
14  34 154535622
20  5 1309532672
15  39 1338966081
13  33 1103525331
21  29 537023029
34  37 385081765
3  9 1464417496
12  20 1921522593
25  3 1822453188
35  13 1528741394
18  37 602175927
34  24 1141004419
23  21 183081207
24  18 279651589
37  14 1951753008
14  32 791477178
0  32 727816
11  2 1449726922
0  36 814897886
34  19 2037442414
26  13 665168301
8  36 416081244
12  22 2035662845
23  21 1056305618
39  26 987957236
32  23 112589703
27  32 678452854
6  36 1460434767
7  37 1376783056
8  32 957169544
5  29 1681324127
13  8 1199377742
35  27 1636891970
18  17 1851397918
30  33 2016187663
36  7 324721111
4  17 499368193
2  33 133695448
1  15 716195074
37  0 1812575333
26  29 1232593380
25  38 474623309
39  21 1889997266
4  10 1438149286
8  30 2037849703
32  39 149768375
9  0 1561316318
32  2 1268932318
14  34 1755671793
35  12 194361144
29  1 2121874027
10  0 1375317305
32  24 921517501
39  38 793080866
26  7 565346051
12  9 692618492
12  24 1684537570
22  34 1184726159
6  4 2080908706
3  20 1354852545
29  6 1577145423
27  7 1790984399
17  34 2138887050
17  31 1902129861
22  3 1932886843
20  0 1376672478
22  39 1364746794
17  9 1412203735
10  35 1137402323
24  25 296458617
22  28 352329982
11  7 820236125
10  7 2011988573
0  30 1436599517
32  30 839705965
15  13 2139869829
31  0 2115190638
1  6 1115664267
19  35 192716938
22  28 1386028821
3  9 1103068
6  36 1969337818
12  29 1769669845
2  18 1528846229
29  14 1016156862
20  1 1793859302
19  2 2000940203
0  27 1808139318
16  26 70519671
0  14 1568760823
38  5 582631949
11  13 981768905
30  12 1814060034
37  14 795959588
20  34 392509291
30  37 2105068137
20  9 1927959241
31  15 968142736
22  25 1930978472
39  12 1874249816
19  12 1835149247
27  16 259480641
9  32 1035022004
4  28 1449247223
8  14 126959018
14  13 2015950662
34  9 1695568486
32  36 1785647948
21  35 1984310681
3  16 565425793
37  20 887067137
21  39 532684757
3  18 874614649
32  0 1292459718
18  33 422737195
20  31 476977460
28  35 1137130401
5  38 1743980475
2  7 536875308
30  34 209576505
7  13 603179572
4  28 1802163813
25  4 1363447264
24  3 1412084003
20  1 269600026
22  10 422883385
17  38 394536685
9  18 95405758
4  27 10233685
26  11 710246171
26  7 270150662
24  23 1322066226
11  34 597331763
32  14 68445293
17  27 1556411422
11  39 1646097861
4  9 327782420
15  12 1228838496
16  27 1417202936
12  19 137893556
7  32 1576706139
39  35 667041441
32  3 1996368463
23  15 1308723193
17  0 35068660
19  22 812828987
5  21 839289912
33  30 2113122666
9  15 519372503
24  10 156045757
2  3 391915803
27  38 491950075
14  24 554485845
27  7 1901822683
34  28 823893060
2  38 1532403466
31  24 1508556803
36  7 716576406
39  27 72699787
33  10 1925773288
9  2 1243647843
20  15 2098509343
37  35 1341628058
11  2 652364846
25  11 1218514667
4  24 147685600
32  24 1852112856
16  32 1222602927
20  22 981674946
36  29 1012037254
27  7 2066366724
12  9 343391841
39  26 1516065041
33  4 542113796
36  27 486238738
19  38 1786854652
17  12 1602421959
0  11 1984976641
13  33 806720571
23  30 2037183997
11  33 1527678501
27  21 1139550536
38  21 1313098217
17  25 1236223625
20  15 605154854
20  13 1115320950
2  12 1445184141
37  24 40212991
36  13 13034159
15  36 632315983
27  25 721438433
18  22 1859063764
30  20 1916690683
33  29 1952222736
38  21 815820273
34  33 1409063295
32  37 1354609837
25  38 1214007115
30  36 183951510
23  2 2079923705
35  23 546233509
14  21 478737189
26  34 653496441
19  26 111168354
11  34 1409505667
35  36 1634834176
39  38 101086005
24  13 1462333898
18  3 1581400056
29  14 94550541
18  0 1176310339
37  1 1804807167
37  31 2132442202
1  2 1316210950
11  23 232297568
37  34 391397791
39  4 1125030666
37  31 921380253
35  37 691731742
15  19 1082671798
22  18 1638756436
13  18 9702285
29  12 655282668
2  29 1302706680
34  1 590606516
1  30 1365570553
18  24 953791224
28  24 123228041
22  13 843395367
26  18 1682577621
34  9 2021216585
3  5 1018298184
9  28 1654636896
15  24 1792920686
10  37 566258522
16  14 657908178
38  31 408306146
8  9 1495584213
7  25 1692085292
13  11 1865083627
6  38 1786435567
36  21 855452145
9  33 197899842
32  1 656003010
26  11 1088195245
37  9 1717472021
10  7 357813096
17  28 813992525
36  12 552878457
37  21 1681088115
2  5 519029892
20  3 1838040605
5  15 609715360
29  24 1559099662
19  31 1686401005
2  15 876510678
18  34 844954850
13  7 1149572465
1  32 2097056998
22  12 2086220346
11  37 737198278
16  4 2103341428
18  24 260597770
7  26 2122168683
13  29 217944931
31  27 1953522186
35  7 1183728786
18  9 1218161633
19  26 1547877170
31  11 2071459265
17  13 1810096397
11  29 2087635470
19  34 1035543814
30  12 1352725977
12  28 1162339592
35  10 1141592529
33  5 1244946299
21  20 1947977859
6  34 1463147127
26  8 1309189036
18  16 479395198
29  22 264616420
32  4 542680621
14  20 154725291
37  29 466069982
14  5 1073280207
39  35 1608577038
3  10 835488381
21  16 2045407851
3  28 1988620499
18  5 139926838
14  34 1543162990
3  10 799117524
8  26 168456081
33  32 1792336230
32  13 1812272896
37  15 1781931512
26  32 665325063
1  28 321311018
20  33 624158012
35  2 433635014
36  10 493226778
38  6 1101933322
30  24 2005549346
0  13 143666631
35  22 531634635
12  11 1709787807
13  27 174679527
27  30 430218942
36  27 1257914191
21  12 1516021868
39  17 33071350
36  14 954283821
3  34 1246667274
0  9 1796344917
38  8 145649835
8  28 1393880120
10  2 2120789429
33  35 943104882
35  28 1577186278
24  22 1899208990
5  9 90966108
6  38 1168480987
38  36 2005211767
10  38 1584133074
36  18 752807089
0  6 1624168884
32  20 1371202098
6  9 785419447
7  18 941756383
28  7 1321425613
38  27 1631141841
11  3 46787964
28  27 896483557
35  39 1243537993
5  3 59434269
29  21 1074237427
17  32 833630868
27  12 775646318
19  17 2051208218
36  10 850396298
11  12 1530559129
36  22 1733683133
26  2 2033834425
21  24 1176286367
16  35 1307033736
35  39 1701077560
6  33 144093158
28  39 134140615
5  10 596781517
28  24 80058045
14  3 426148025
23  29 172663018
7  38 872572765
33  2 1141680594
31  36 841296874
3  6 617531918
17  39 265014271
13  0 62404001
15  21 1184820489
29  16 1251043263
23  34 1949891784
22  8 71559638
34  33 1863604722
22  27 998193134
14  35 138208466
25  20 472756343
27  28 383786012
20  23 1311681622
23  35 1551672922
24  23 856374094
22  29 243619105
27  18 37667735
28  17 823283119
14  4 1853016310
4  21 1650825704
23  35 1714799332
9  0 222141377
34  9 439004313
5  2 1563910954
38  39 956422202
22  31 212632300
22  28 898460847
18  19 1843783341
17  31 1746042730
13  27 1902268996
16  2 878092973
10  4 1358701889
38  8 1539313806
8  4 644845599
4  15 1201510068
36  9 332213517
35  29 1512848113
13  19 1601032074
37  23 684088802
20  26 523209407
15  19 1349899730
37  8 1600817233
11  25 2053954694
5  7 615304709
5  19 1188592717
30  8 687058123
18  35 390552011
10  27 1207207931
35  37 1253703904
17  3 859403771
24  34 1412045480
9  15 1524234021
4  17 1053348950
16  33 181365796
9  27 1309400911
21  33 1830573790
33  3 1986117478
28  24 348012176
25  27 1759113952
37  25 1838971171
29  39 2065561908
17  29 264832229
6  29 294334205
21  7 1593372890
2  9 336081571
33  10 1730818208
23  12 1935910639
33  36 1848755247
14  27 931192900
39  4 1113611116
16  39 1612394438
3  33 1561170840
30  32 1904976700
33  28 1180810478
25  0 650570566
36  32 1122749770
33  6 1928253509
29  10 264441565
0  9 1941596234
32  12 898455103
10  22 1842494314
1  24 1450260672
23  8 573573712
17  31 1726800690
17  13 1298050649
8  33 1418146457
25  7 479072784
38  21 1799094495
6  14 1150502654
17  8 143426079
16  3 2028306219
22  16 631331991
32  11 827581759
35  9 1596216834
18  33 953625194
8  0 76609851
8  9 1863443565
5  28 1261779021
31  27 942322054
21  28 2129720794
34  11 264603777
23  8 610086926
8  23 112834196
15  39 1340366026
5  14 891062289
12  26 2031244542
2  27 827478601
18  1 137052714
21  23 1135560396
25  36 1612278164
37  22 1171196553
2  9 1264075400
32  13 179844485
18  23 1071595065
7  22 1700072508
15  16 1636882888
36  25 1668271680
3  2 1534901613
14  35 1832289460
14  34 473398104
36  2 1095142801
5  7 376006933
30  15 1001714058
36  7 792374418
24  23 650715970
30  39 626122061
22  28 925128704
10  4 299848633
20  31 776006811
9  38 1320991525
25  15 661276135
26  12 633515935
3  13 56432891
17  33 207303676
32  35 1294896221
2  11 1348752119
35  39 1907422119
37  29 1679129458
2  38 2138838902
37  19 38988161
4  23 1674873832
39  20 1770880426
33  0 1642485008
28  9 1631575705
5  6 137609070
33  18 650916630
1  3 1121879390
9  0 989938191
16  6 806406227
21  29 1689827248
37  26 465748583
31  4 1358347247
37  36 419206654
11  4 1359589141
10  3 1760380590
4  36 1343928981
23  31 1136792911
16  17 440996617
0  21 1183344527
29  26 1125453688
6  17 1334335681
17  22 175169033
3  10 1165917509
35  11 351384829
22  12 1731437861
30  31 861332157
23  12 335701036
36  21 1266667334
9  12 481284851
28  4 252190427
14  16 911801498
1  5 694709875
30  38 1151705717
22  13 805553038
9  18 1904374213
25  13 170842392
8  24 1082315068
15  0 1222654047
25  34 1150846476
19  21 330624649
36  0 485896644
7  1 1702569136
17  14 1088242150
17  39 330186323
23  35 1593071501
23  2 1436538140
38  4 1209527774
6  19 179337744
30  11 302403162
4  7 626082325
28  18 1573322572
16  22 819329155
29  19 347329911
15  3 1225734547
29  26 2136363073
8  24 1403503361
3  6 1523039998
37  17 1317790241
37  34 1534218478
36  15 1271053954
9  15 1590988480
16  22 38048984
28  24 59753656
38  30 776530967
30  0 2082474597
16  9 1040449289
4  0 909421933
31  3 140776290
30  37 1768813018
10  32 1275111946
32  36 1874602968
14  0 991773078
39  25 1737965350
27  19 1743922569
9  27 1209235213
15  36 395705980
38  35 1549219308
31  19 1069179301
13  17 1404253355
3  36 1497784518
25  13 1332497628
21  11 10407676
11  34 937966174
4  1 1427426113
33  4 2146454410
38  13 493235390
26  3 1069494884
24  25 877128585
24  22 1503855641
11  29 866471034
34  38 2024661537
30  0 75931338
39  24 1421179832
6  20 668736922
10  37 1872863006
14  7 1109800413
34  9 314561253
29  5 1417821775
37  0 35994870
15  34 1618143432
11  37 436469408
25  23 584609038
2  37 1073020066
18  28 1972359534
4  19 602533240
32  13 1089148743
26  38 881431946
25  23 889280980
11  31 1494549708
12  11 448494435
11  35 1950249024
5  36 1342789225
29  16 608434071
38  26 68242390
26  0 2041024027
20  21 1871581196
33  3 2129181001
25  10 907664647
33  17 1221337388
3  5 2051615267
2  32 1277331790
5  30 931394378
35  1 1981363432
11  20 66507260
10  1 1305740999
6  24 590913934
20  39 349831938
0  22 1901702637
23  35 970404037
30  9 348475581
31  23 332301651
34  36 720307852
18  17 1688181499
5  3 367175141
39  19 206202736
3  7 979301861
34  19 1907447477
14  4 1205750012
28  27 1965132197
5  27 1964163430
36  32 1838931273
29  4 99373319
0  4 1553653686
19  25 852976329
20  24 575931801
14  26 123214001
5  17 1107039005
13  22 1525378419
1  37 1656175082
39  9 1708118278
