800 40 1 26
3  19 125253569
20  38 1445886483
38  32 609663521
31  30 1475963540
29  20 1213365661
33  16 2079603824
17  0 793605798
33  24 1653133959
33  4 461293939
35  21 1701129672
21  24 1195247725
34  33 611647774
35  21 121746273
4  17 1574975470
35  2 1094518501
3  23 233758481
4  22 117718111
9  25 1560756654
15  39 912421518
34  35 1790849508
1  24 2023029455
10  5 479094523
24  17 968715658
2  7 1736474876
24  12 394271088
9  30 405863189
32  17 1586254488
0  11 1990399735
8  23 351063894
19  3 574401409
33  3 813110219
3  15 1553092040
26  1 663010579
21  25 1950212493
3  19 1915475570
20  38 1286428484
36  33 1117119926
22  13 908787197
24  31 2044096927
35  38 2055792408
21  3 855091312
6  19 1275458393
25  23 1685938558
1  20 879663565
11  36 1571253748
30  22 1537068212
33  13 864389266
34  7 1790115063
18  4 36416899
22  39 631503842
18  7 49786181
9  1 211288594
5  14 1708599773
28  27 1619877510
34  33 148791806
10  26 1800463395
9  22 1504929823
11  32 131949202
24  33 520556554
19  12 1762863509
6  39 555838541
24  0 1311852086
21  30 896165834
33  23 1165095702
19  23 1858604595
0  23 1329283158
8  33 1723513337
6  5 854184895
6  30 616032652
17  16 1163329032
13  23 1088136358
10  36 1852824302
1  39 1498253683
34  26 986503589
32  33 1597160239
17  33 1377517854
10  35 1070907144
16  4 155762145
8  1 2055468533
1  8 1970772269
39  31 885349039
38  8 1523012873
39  36 1602217530
37  6 730878097
13  21 1618335831
1  3 1767124077
26  37 819637215
36  25 2102822680
32  18 1811912665
8  24 1644682754
2  10 141423278
34  13 1247223917
26  18 1789232181
15  10 684696311
1  31 578955319
24  12 1447464124
1  9 1993938944
2  33 1392664134
39  34 1438478043
1  10 1781503965
9  30 304978888
4  35 2017554137
32  9 2009881871
13  1 1473382919
2  37 1747138397
1  31 249630682
15  14 677355682
15  7 514963429
13  7 1861503887
23  0 789991074
37  29 1693174071
1  34 2133165954
15  0 467661268
14  35 128884341
10  11 2024217873
3  23 927155391
8  16 899771724
5  9 56361879
33  16 695002196
2  6 803423589
11  16 680464595
30  35 1036549154
7  8 1025897844
7  23 1249467911
8  33 683997040
5  35 307868553
18  29 1410832030
18  13 2088717954
4  28 1304209027
1  31 936502114
10  20 126124126
19  0 331395363
1  0 66404940
19  31 1562349287
5  11 718064592
3  15 2116398637
39  0 1710205805
39  24 804947573
20  23 263117300
39  22 1308650874
21  38 1468675901
11  29 903487730
2  9 975859481
3  39 1825447947
0  8 1969505937
38  3 312647158
16  5 1656219425
37  10 635190166
12  4 957830545
24  3 1717979920
21  6 1364429647
17  12 1074194436
1  0 1138017973
3  10 1645023497
37  19 1845579168
20  23 892845043
37  19 495722046
27  16 397152244
21  27 675886018
10  9 79235242
31  14 665861995
24  17 389776222
27  3 1100410032
14  3 1394094390
21  29 949304440
12  25 543046284
38  4 1467119515
1  5 853443866
10  32 902891899
15  18 1193810287
33  6 840762163
13  26 2095086219
34  21 625907171
23  4 1607594217
35  0 179037714
12  22 464204140
25  33 1773383043
8  18 1463834722
33  2 156476554
20  7 1501831856
38  13 709045950
33  11 1924548637
37  28 2105701818
1  17 861342105
2  5 1222032159
19  6 1869232809
36  29 1802032666
30  32 879851221
26  37 1445203736
29  35 706473037
33  8 718509578
12  9 1565162933
8  34 1609700568
11  10 616790129
32  33 999618975
3  23 526013155
10  35 1722687323
39  5 108611638
4  26 2025051045
1  37 182603929
25  18 43577141
35  28 1697038732
16  4 748312550
37  4 1374372901
23  12 1149349708
38  32 637473567
17  3 797789943
29  12 439512889
28  34 511703804
1  13 676855678
21  23 1723441165
29  15 267854751
37  31 1140172703
35  24 1381490962
25  37 1564434388
37  20 2084581644
37  33 319213228
11  12 1934373622
8  33 1600894063
26  4 1807132634
13  37 935629490
5  8 1952405412
27  32 1569680370
30  20 2041236096
18  16 1469662596
33  30 1789186691
31  30 945149990
1  35 424686416
5  29 189940682
33  22 1902194344
30  33 1221464040
22  39 1901300446
5  26 749094704
33  18 1267651925
29  9 1299833663
6  20 363606120
5  35 1926398174
6  14 1891946092
20  2 394034613
37  30 2077251186
13  34 1569788121
30  1 341100976
26  23 658768084
39  10 1001604159
35  29 1522975171
6  25 1899214796
5  16 1382485119
26  28 633280490
20  37 2054724716
15  31 889339603
17  32 674824091
12  8 30150352
34  4 541672078
7  9 1866334246
20  15 457147796
37  11 1501597351
19  14 710435449
8  23 1497782304
18  1 1645768473
33  13 2112958291
34  27 374833986
39  25 1270288872
18  23 279438037
7  6 1069772800
20  39 1079004289
9  36 469099422
20  39 779808291
26  7 338492786
23  39 300523753
28  15 282663852
14  32 1898151613
11  3 655401520
34  28 522195418
6  17 623628652
36  30 1086278023
36  34 2001298638
13  39 1649189859
19  26 629154836
13  6 1331034969
12  22 1159719550
27  31 708147544
2  16 1831532110
21  3 390910247
5  4 821548873
14  28 610853458
27  28 1265835917
34  5 1818442378
7  24 1390643685
33  36 1399945354
24  31 2006336411
20  2 764996457
31  14 1287962437
11  6 2132206233
22  31 1452618129
33  6 457258995
6  24 314358966
24  23 1144758838
35  25 2121312002
4  35 991416539
20  31 1366872966
38  19 657022395
34  0 106010921
15  33 777221779
28  11 1748507267
16  24 1915222159
14  18 88319828
31  1 962857956
35  0 444499839
0  27 113443024
27  6 366740377
32  1 1870958530
10  14 93899554
35  9 1614211516
33  36 1236151792
38  10 320821160
13  3 2089090687
19  27 1636398541
12  31 371733001
9  18 1974107248
33  0 1792207934
18  23 1050171673
33  15 1821014800
35  39 930528632
15  8 1945344835
18  19 746472831
5  12 1257100878
11  34 1833526306
6  20 1191215502
10  0 1048897577
29  39 1017111928
13  7 1970644358
0  36 1808271440
37  39 147829238
18  39 370523740
4  39 603752892
36  0 543623020
30  3 2014682919
36  24 1877413144
34  9 835475287
37  3 1326541444
7  21 1860629129
24  26 1533022891
26  4 50735069
8  11 479958554
12  27 246243626
28  6 1379107091
1  33 2080635443
18  3 2006200490
6  0 246925315
37  15 1367485618
36  1 657056691
38  11 1582924929
25  38 140036255
13  38 913314262
13  23 515161045
23  7 1740931643
3  26 230303874
26  23 1946825271
13  17 1424468733
12  16 732395208
3  39 1151213220
32  10 642998854
7  12 784388828
21  5 2145236275
25  28 408672674
37  28 296779361
24  2 323529132
39  5 4915114
10  18 826378449
21  18 1318067104
12  15 1179444562
3  16 29428797
9  25 1336892316
1  30 824740805
26  24 53213666
21  25 1355757611
10  12 1184188232
5  15 1298546684
8  32 2085382098
3  24 1150041359
30  8 2079545924
36  22 2065504065
23  3 1158154745
27  3 1007320312
20  18 214635967
21  20 1868483306
14  10 599287531
37  25 419404737
12  6 1613183516
17  33 744409646
38  9 23002304
12  17 1188677570
37  27 1641226368
0  13 499210585
13  19 1125417426
39  32 2020327043
6  5 997387606
38  13 1371083023
9  25 827333928
35  30 733353393
31  8 62197803
37  10 525580995
8  16 1382867776
32  31 189528187
0  1 138202983
9  8 189610789
10  34 285735276
23  39 1609721245
6  19 1923167083
13  34 50052995
8  1 1574210297
25  23 714056843
33  1 493649222
3  19 89382789
0  14 533776029
37  35 1310456005
18  33 1972104115
35  13 513506175
20  29 5691889
29  11 1640871435
6  32 649241160
39  14 1233682203
1  38 532254472
12  21 1386791813
26  5 1180671747
3  25 365603007
19  12 1323311811
37  35 946918948
23  37 2057145832
1  13 567477429
26  32 1561955971
3  12 1735507009
29  21 1243112959
29  25 75241729
12  36 21836657
36  10 606187735
24  19 1801395361
35  22 2087364991
34  24 368570751
3  21 1160590618
14  24 201578838
16  3 1573373176
7  16 739839710
18  10 997871118
4  37 310302028
28  17 1814313911
18  37 2021639243
37  33 1565580536
37  12 2065608017
19  13 527806820
30  20 1107603801
35  39 946848366
20  13 699596716
8  25 1123245395
14  30 1390515278
36  32 1953529041
8  29 993504567
28  15 1203740233
26  9 1873780001
9  32 1630665644
5  37 90159172
39  29 1721233696
19  3 742474685
36  16 555999675
26  3 1574711330
23  14 47058287
7  39 1065023271
7  13 1086662613
25  21 1535922817
17  7 484745763
9  6 1797493390
35  37 1084484559
19  35 1005345122
34  10 1363140520
24  3 69436432
34  4 857618355
7  3 505815221
34  8 202594735
30  35 1789487154
27  28 1780787762
8  29 363848508
0  29 1436399848
14  12 508678794
0  12 313911665
5  33 510419246
21  16 1336951122
8  27 2034033503
29  34 1889150527
39  24 1889325144
1  14 430633
0  18 1942179117
23  8 1006885685
8  36 1846979970
25  14 1766217225
17  4 1810115402
2  10 949703797
24  7 1783462590
3  10 1422223679
23  3 212837319
19  25 1759217309
30  17 768184329
16  15 652938572
30  27 370970441
26  22 176456136
34  19 1802487735
34  4 254692661
8  34 1531248001
31  24 1179852665
12  0 1809760221
23  30 1009735867
21  18 944354010
39  33 726131656
3  6 379728791
27  32 1073907668
7  2 1152851130
23  34 1868595609
17  10 692898739
27  3 1027610046
21  12 462479457
36  24 1033744111
10  11 32667150
23  34 1296434661
2  7 1155843571
11  14 1172624853
11  10 1465124068
26  9 1214159579
29  5 1751987929
35  11 557148204
34  8 635260902
18  29 1224535452
38  27 2135080252
26  12 1938168533
26  6 398549512
4  21 641037090
36  13 2093384296
14  26 1420917755
29  36 1560458321
3  11 476499236
23  17 1741328039
37  2 1381454445
3  16 322151121
39  34 2142279036
30  32 1781422424
29  36 1881402084
27  18 285497299
34  0 860922225
15  10 359299630
28  39 488632368
7  38 1178588575
27  19 504910294
37  13 845145360
39  8 1447647331
16  17 449771842
32  18 855183590
5  26 1732389758
25  10 1442347657
27  32 1832030854
39  7 1684265959
5  18 801194143
27  5 83018908
26  1 434709303
35  30 958842994
30  7 974616637
25  28 511376697
3  14 1142585159
32  2 1883283833
29  14 1249261245
31  18 1460151440
19  17 1625238706
3  9 370003398
22  15 1744598109
30  10 1970256164
36  0 1176443736
20  26 325463623
12  2 1157963202
10  32 465254880
7  36 778121105
15  8 1407692842
0  16 1318137787
23  27 736206974
12  1 992112586
3  39 1630320962
31  3 1064127767
31  16 1702909602
3  7 221568054
39  34 762050861
29  31 1091649729
37  11 708603769
33  0 1224339805
28  6 335789121
32  6 43509812
5  4 2125786349
15  4 797385534
12  38 439886595
20  39 598237536
30  19 1536432649
10  29 1011107935
22  16 1201712980
31  11 1686690709
36  7 423356387
38  32 943870290
24  34 1629600380
6  25 1680756339
15  19 1863717732
14  19 463791368
21  28 875065483
37  2 2121041578
38  26 521792459
15  39 1419301043
21  15 1255863067
13  19 1594254514
1  25 1916637083
19  7 1769784913
10  1 493426945
11  2 1746800687
7  13 1264878384
12  26 237189180
28  23 1738389929
38  19 1578095963
39  20 975816023
30  18 1357505668
12  3 2033421787
21  11 1610316478
9  5 1148397723
28  26 198920763
8  36 1106618845
33  24 994915203
25  38 216574210
3  33 161014251
7  1 434139499
35  12 1421663133
20  3 1518836117
25  35 1027799468
1  0 598908666
27  23 789200336
22  32 619204769
24  10 1087917108
20  5 1997096094
15  7 2044859491
7  34 908243639
27  26 1056288229
17  21 194142314
21  5 1260933371
6  33 60066289
30  37 351357890
27  3 798447109
5  36 375177328
18  14 1091235007
4  8 2076071227
36  34 1162246480
30  18 1797587969
10  1 826829419
34  11 1386265048
17  33 221936964
9  26 641134208
35  9 104230262
15  5 1517691557
28  36 1298973519
8  35 943084671
3  12 350751927
10  6 275246078
29  39 2023211480
29  4 1822005768
39  10 255448691
13  3 408160224
12  3 1275425078
0  16 1630078362
7  16 1542494509
32  6 2117658069
3  38 604056362
9  6 1372402827
4  8 1938753316
33  23 1993542069
29  22 270151959
12  0 451371132
37  27 1177032237
28  4 218754768
18  0 870120838
32  20 655679710
21  29 651836150
7  16 1797706067
22  31 1087121009
17  19 71884508
34  18 1325210126
10  25 1015001500
37  18 201879603
4  25 437207834
3  36 228925019
14  36 691317174
39  19 1253025397
14  15 1132477918
6  5 320257505
18  1 1812096120
12  9 738196365
3  28 379742535
33  36 480797659
38  25 1958890546
32  9 1596869650
37  5 39794567
1  19 524474420
24  12 787716140
35  14 1251054134
18  14 2079008338
37  8 1448874642
12  16 1478704764
30  2 1760467243
14  23 653665119
21  10 421666753
3  2 750898226
37  26 1136099980
16  38 1372411558
6  28 167138041
1  34 1177289350
39  16 583492201
21  5 237540589
9  14 171370559
25  19 1413555325
7  30 45110889
29  14 1781206172
26  15 1331372190
23  18 355407027
39  38 263789697
16  4 902094190
18  14 871240928
22  24 1650541363
12  30 514624681
13  5 1617857549
11  37 2066756006
19  14 1770338176
19  17 1918939329
21  23 640384121
22  2 485403416
10  17 1835904056
6  30 437351927
14  37 1125124694
29  3 1259526141
30  3 1411463386
0  1 1791224652
33  18 1024954108
23  6 819661950
35  17 1540244812
3  34 763848697
8  13 223653839
1  4 7295422
30  16 2090293425
33  37 1480316428
32  9 1754050291
22  27 782561861
10  0 1092847545
9  10 1474747498
25  10 332240858
8  30 1018081431
13  30 72238531
20  24 1546189424
13  15 1279403217
21  1 1813422730
39  5 2042641193
3  30 1470133827
35  3 1417852287
30  8 707232701
35  32 1089785530
31  18 1882064549
20  34 2083723274
12  22 692730847
27  33 277408456
18  16 332998223
10  22 33842047
6  7 1743951563
13  1 439124013
29  8 1906120095
0  4 2082021828
27  10 90089181
29  30 402786876
34  6 1981972893
36  13 743553777
21  33 1540207605
5  31 299172234
9  34 517986092
1  25 1395314562
36  38 19634522
10  30 1271413912
32  35 577751870
37  0 419472382
8  11 1602031901
35  39 399356560
34  35 33005557
19  11 1826777976
4  8 1048967201
15  23 126056852
29  14 336490716
1  34 621102080
9  32 603798537
28  33 1859544736
18  9 216846281
38  36 556996619
18  9 186662888
5  3 1495224450
23  24 878587600
2  1 1869989775
13  34 2049452056
