800 40 18 33
26  9 1213353252
29  6 1200751779
0  36 2045885901
23  10 1498064227
30  13 98351674
21  9 902333231
38  33 931865379
12  33 380362581
18  23 442951457
27  6 1838417728
13  24 850995782
2  31 1869368855
0  37 249414006
26  36 122681643
28  1 1320427529
14  12 1062534614
25  36 1000837708
35  22 621264505
16  19 996782342
28  2 1286415067
4  30 898054884
27  9 231731672
20  22 1923095009
31  1 1822221465
0  5 34774936
3  34 510690435
34  27 532379693
22  20 879583600
37  31 668720265
8  20 722122688
3  27 456717172
23  10 1323957181
38  35 1078577340
39  12 1901155461
21  35 305753190
19  12 407427912
27  20 133164969
21  27 2004522538
34  2 367242552
38  6 1780935245
2  16 560100173
27  0 1727460905
12  14 896832380
1  31 1624477088
18  38 1088773603
12  16 990379308
30  36 2037761618
39  37 1171553422
9  1 1514374362
20  15 249147702
15  7 2045196209
2  16 1525336445
39  11 1672631005
37  14 1553927081
18  6 142057336
29  10 1297490777
15  28 1551950084
17  35 850392333
20  10 65785158
6  9 741676727
1  7 140898739
37  15 1882521250
32  22 1124327317
4  22 267223998
14  18 903952849
34  21 1749860829
12  37 1903692830
30  6 705944284
12  28 625093342
10  19 2074485856
38  16 1904172164
21  20 346599021
30  8 1844710760
13  16 1039796184
34  7 761603473
35  7 271291356
31  37 1553553262
28  4 641641680
25  11 1614464077
4  27 475206398
30  0 1072043848
15  22 1686660289
9  22 81665831
18  33 548298467
34  38 2118790021
34  14 631005589
18  32 1700500029
13  36 8079057
34  25 726634392
18  36 1116167286
11  32 1232401798
36  10 206174812
37  23 964417601
29  38 538004911
9  26 1241032493
34  19 1340415071
31  29 414184475
28  1 374595611
30  5 1922328973
14  12 768810277
20  28 979386593
19  26 2054852015
0  11 179581385
9  11 578842612
15  2 496421040
34  30 772549644
7  21 332749484
26  25 102621566
23  24 1827532529
28  36 202244083
18  9 1340334623
19  26 212349887
18  34 796906952
9  1 580750772
1  5 803079107
15  2 990794698
13  20 1927251671
13  26 1518645153
17  13 1088020596
15  34 1400360698
33  9 1547435999
35  2 688629981
27  22 49400315
13  21 1407403685
11  29 298618169
27  25 1183592230
8  17 275806807
24  15 154055772
36  13 485879582
5  34 1665829584
18  26 1607294242
35  4 717084380
37  10 2093507263
25  21 1538875203
33  7 1111644481
35  34 1352562470
25  10 431372772
34  21 2088609057
0  15 730859457
17  22 949525019
18  38 1485827675
11  32 1532882900
34  10 1527258375
0  2 2072094317
7  21 375390770
6  35 623006864
29  10 745771870
29  5 757441317
11  9 1068593854
22  5 1197364001
29  26 1335938880
27  13 1638297111
10  0 1173101066
11  5 470477711
24  38 1958269111
22  8 259814905
22  3 138541577
28  15 1363989900
3  0 1234243977
19  22 1213140303
39  29 1862669717
12  17 1161589055
35  30 1684306698
11  8 686758942
16  36 769516023
7  19 1064266265
36  2 1363778419
25  32 169887968
5  8 161953220
15  14 106460241
31  16 1857416755
23  31 22415851
12  8 1503071516
35  24 306940755
33  13 745720631
28  14 1430135144
37  31 1617829175
34  0 1769832259
35  9 426690164
8  12 772704895
20  5 582769315
4  2 1889921759
7  25 2090874478
16  37 713854944
16  19 124173560
27  31 1262625222
10  27 968876604
22  5 1734030949
8  1 600939616
8  19 836976244
19  14 957253765
26  2 1215749749
3  33 1104759432
11  35 607801350
12  29 1747003068
18  36 294303703
7  23 1265290532
22  17 1014865371
18  37 1751193420
38  17 691251475
26  19 824092376
3  20 1740135382
2  24 1250427871
39  38 242658139
19  13 1113867511
28  20 1315635284
32  39 938775054
14  2 1783098019
17  19 639190972
20  36 309924331
15  27 1509898323
30  7 510945911
13  19 863721892
37  34 1198816801
18  13 1742444807
9  0 1692407986
15  17 1413890238
38  30 226274596
18  32 729299017
30  7 924903916
21  31 1297555974
16  13 1362577211
39  22 654671769
27  30 1127408220
22  7 2106720259
24  16 520466602
4  18 1426339958
9  25 100856154
12  1 576580624
36  23 968163615
35  38 2046980161
11  33 975339265
17  35 608976559
26  39 2114602682
36  29 187480511
1  21 1592583247
26  15 104668250
14  3 621532025
29  9 1516312193
26  17 1528386290
34  19 1934354137
15  11 467273301
22  17 1423702202
6  31 1359012987
34  12 1758845838
16  34 453773931
5  36 2013801710
27  3 2146352909
3  28 1638349243
1  36 218398573
9  30 86054252
38  13 516174028
33  34 2094427436
12  16 525978875
15  33 775406114
13  6 1349766117
24  25 1735974574
1  31 1780998581
33  28 181822634
24  28 1627970847
34  32 313670184
39  18 1590484386
2  23 903245756
6  33 1249324557
0  7 150624899
4  22 204130112
36  5 2101376562
36  32 1580519976
13  14 1958873887
28  15 1248585574
2  34 791514604
5  25 1926921981
38  33 37843619
6  28 1662056727
31  17 804642861
39  15 606103965
7  10 137873205
7  0 1135327154
27  11 1610131989
21  34 829244181
23  14 952638332
21  36 896672630
14  17 824900183
3  20 447267852
27  12 1707178846
37  30 1859365103
5  13 1089592625
35  4 12429591
2  12 6822344
36  0 1950789841
35  14 7443203
12  9 1753965280
12  31 339647630
37  23 2026851625
34  31 1820695898
0  1 2128927326
26  37 883582217
19  5 703769372
33  35 1578311008
12  26 131875506
5  29 2131620790
2  1 2052160811
5  11 928656591
3  18 1754552962
5  38 644693149
38  16 506811945
28  30 1500319788
32  29 1602861702
12  28 1695783797
6  20 276330960
19  30 524376728
11  30 1343263652
24  39 601663508
23  25 2094999053
2  35 1545023430
1  8 278056891
37  32 1589110865
37  17 1350151796
9  18 1712212118
34  32 1317349054
29  1 485222896
33  31 617898620
12  27 273556452
1  32 439546510
38  26 329621031
26  1 1933280525
1  20 2070178314
38  19 289345809
31  13 229635157
35  13 1375861465
7  23 212797874
33  30 63455905
21  5 681129447
21  19 648315702
6  38 191735439
7  15 1253701599
24  16 686577984
10  23 621551894
3  33 152678826
21  33 290620459
37  35 1791159293
16  5 695075095
23  7 815566893
30  26 540429609
22  20 477586905
9  2 206993498
10  16 851957191
34  3 26049209
27  0 1713545005
8  37 1928384553
30  14 1057723426
23  17 347458316
12  28 225507680
33  21 1093503833
12  11 1175565087
29  20 157486224
13  2 1382699872
1  9 504029548
7  9 2126566576
20  16 385501316
4  26 1562347056
33  10 109791695
21  23 1070814770
34  16 295736280
33  1 914830030
4  23 2038639061
34  37 440905999
16  15 459926336
31  18 79414880
3  7 1529870343
16  21 1169425649
3  1 1348499379
31  17 1309973991
15  13 322236901
17  4 243190399
21  33 1268489146
1  37 1703891159
13  6 1920782055
18  4 1115302300
1  36 1644050218
21  27 1978066476
17  7 133947447
4  28 121590481
39  7 1482904397
4  33 90015980
20  22 398000444
27  8 237075427
25  21 959034843
1  14 1628286952
37  4 1288320161
13  6 1604873387
23  4 418650203
13  25 106169657
15  32 451710385
13  2 1081901144
33  12 1691798223
36  7 302583546
25  9 1127237611
25  2 1704227377
19  26 154451615
20  14 776593483
24  31 653029399
20  16 67901151
16  10 370537868
6  3 2055379856
16  6 1878313910
30  34 1199332291
28  1 1388123455
17  33 618148292
9  0 1177371218
32  33 1278669245
39  5 668477322
30  32 1850465532
14  15 829976925
24  28 1320546403
36  11 1841971387
28  3 534870750
12  38 990032914
19  38 292753863
14  2 184885348
14  0 938447259
21  30 2049811946
30  10 146691252
32  1 1144420060
2  31 915452609
39  7 2064931433
7  39 1954688200
3  26 316715205
10  17 1871936873
11  14 1934446956
1  9 1407260752
11  19 1571064965
38  33 1525516852
13  8 1958108738
25  16 40027568
6  10 655167277
9  22 982853647
0  27 1084565738
34  0 1212190414
9  29 851832625
2  17 1854593185
18  31 410202824
1  7 1702983941
38  24 1395648757
6  32 811105477
25  28 612123897
27  37 315337179
39  8 1948232758
31  14 1789465445
7  3 762482172
37  28 49506517
6  5 326196415
20  19 1413652747
14  21 2037361413
14  16 1628103800
35  8 1498347913
23  13 424564666
15  22 434108576
27  15 678440254
39  9 173080188
16  7 669151377
13  18 1511936342
19  12 69646418
23  28 477719860
27  26 662419439
8  25 966703780
34  2 229460198
2  28 190736184
25  24 1119140027
20  22 2132733397
22  15 465064113
1  3 641237928
39  20 56062471
9  32 1379656809
35  2 1950814522
34  32 1553487375
24  0 565229755
8  34 1955327369
18  26 304010200
15  8 1267529892
26  15 750212549
35  7 1360967367
15  30 601844392
3  28 624515549
25  11 824324549
7  31 450206895
28  31 2083454666
29  13 1994355268
21  33 1136156765
33  6 56532237
0  25 76482170
34  2 949256981
12  8 1232898127
17  18 1328448299
3  13 1432704273
23  5 972459206
27  13 44247039
15  6 735162416
19  12 871946152
4  39 433289459
1  32 1395145870
8  20 1066806253
31  18 630876674
30  20 2113961352
8  27 1003115382
15  22 1411418252
11  10 977515586
0  13 1995352302
7  15 2072352771
37  2 589037234
1  20 930986171
13  21 428983435
29  34 785089717
14  18 429689613
1  17 1543210485
2  3 756078300
21  24 281900101
31  9 1479927851
39  30 724673350
22  2 560247093
20  26 2108885791
12  31 685333974
28  22 1861277942
37  18 964072896
29  31 18432427
20  17 1756904990
36  19 593248570
34  31 980634202
28  23 1621438290
3  12 506920548
0  3 200621498
3  29 1844800020
6  5 2044191596
16  37 1699029820
31  36 1883030812
8  17 343318550
4  21 1345150535
39  37 2117011171
31  6 1862450894
13  26 1004495953
24  38 459761229
25  17 66869935
38  0 1533292059
32  16 1410458610
34  12 581141488
36  14 21534890
17  2 1336165916
8  10 191823906
33  36 501389899
31  5 1579079896
28  19 1870090825
37  35 374517176
19  26 899323738
27  36 956060922
18  10 1549127315
26  23 1254588031
25  35 425088832
16  35 1465909026
7  39 1815477500
30  36 550054397
24  20 1576058621
6  14 985607212
9  18 1345998299
16  17 730737342
6  18 1019185202
2  29 813780367
19  34 902026722
35  22 1658865038
37  33 1421089526
16  38 1287979061
24  33 66405567
10  26 2091088689
18  36 2036335639
37  17 227233604
18  8 1634949644
0  2 10244939
7  0 2103099931
4  11 1406667068
26  4 897904805
21  4 1547033679
27  9 1782897917
19  39 1924012750
23  14 684843881
14  22 1324496936
0  33 2039241235
16  15 626915736
16  33 260821630
18  26 1262348260
20  30 1160587825
32  27 1891653882
7  11 1286813094
26  28 1227796006
26  4 1933550088
25  24 952104797
6  30 687894897
37  38 1093252724
5  24 1029549695
31  17 2059864096
28  39 842983757
14  5 627446740
8  25 628557851
24  5 399823966
39  19 913299534
31  4 1969205521
9  19 1827173720
22  30 259184696
29  20 384643021
7  14 1379462345
26  12 307759594
11  33 1577211724
4  10 1325943146
10  13 1845176733
3  34 417855463
11  1 1128529387
2  20 617295257
7  9 1112450163
4  31 534394328
23  32 910625019
10  28 8673776
31  36 1333028899
24  39 1342680722
4  21 1792344466
8  4 1109283335
24  33 222861735
3  38 506141734
35  24 1644914309
9  11 1050581034
19  29 644145945
8  3 1832014013
28  12 2045746196
28  8 1592100542
19  6 1557384178
5  26 2042577255
30  28 1729795342
12  17 748502240
6  39 894381652
4  13 87991695
17  11 666829066
27  38 607353022
39  22 324321897
28  8 681300529
9  0 193288011
8  37 890836043
39  19 741254032
28  35 1545251096
4  21 464570632
2  28 1965000868
37  34 978940868
21  19 1081375671
39  3 1612309696
16  18 2060324585
31  10 1373920464
7  19 1113527816
5  28 1223769540
20  7 1565713919
39  29 838901893
33  22 1733624886
14  35 1443117952
31  4 428877593
26  35 1311108084
9  29 1114778222
11  31 1401053278
38  3 1297298269
4  17 1419026050
29  18 1127133447
29  24 1796930106
38  12 1568914969
39  23 1303752841
37  14 1638968748
29  25 159142250
3  12 947267193
21  1 1777216331
7  11 978206359
34  26 1720533928
12  13 2093560767
17  27 1899452845
0  39 1805262624
6  26 2075151291
27  32 328300887
30  10 1244661435
29  36 930582725
14  8 1925820252
31  35 70256477
14  31 753927266
37  33 1532798645
23  13 151295729
37  17 1689846447
19  13 186432737
27  10 264474261
3  23 685314787
20  34 2051336408
16  29 1751045104
28  24 1717772762
16  11 1440865048
27  20 670485324
6  38 314367695
0  36 1211658565
25  13 1412646939
29  0 2077426061
22  30 2014810573
32  17 1411439656
0  20 18776389
25  28 669470806
39  22 888996412
39  32 1263589376
1  33 919527164
10  30 1250298879
7  30 1104352581
21  4 1705186175
13  18 1703124431
10  14 240459485
23  22 120734385
6  20 1272320548
36  26 2082351309
1  38 1318694354
19  16 1140169584
5  31 1668562462
28  9 690110660
34  30 252462232
19  27 1888006274
8  19 592710000
18  9 1923664243
23  25 2089513637
39  36 594215365
19  30 1260738437
18  12 2006412245
17  7 1352715085
20  12 526053475
35  1 2047302638
24  20 142052912
35  38 1661031158
9  3 2072448711
22  10 940824880
28  10 1329783978
26  23 1081948829
14  9 1567647368
1  18 696193581
35  20 1225885153
39  6 1991269311
3  16 1239628899
23  38 1952950609
32  0 1982082914
33  2 309849990
12  4 533180587
4  29 902128938
0  25 1240654645
12  33 2009151791
35  2 288835213
39  38 805691913
33  34 1507490006
2  8 2141871064
34  23 548140372
26  21 158844614
19  4 1543557412
11  8 1200806665
23  9 789884564
12  32 1707435213
21  34 909439812
18  31 741735293
24  37 641720705
30  35 2140958072
5  36 1268803591
6  18 633143648
32  39 139158008
17  21 1469261494
20  31 696635595
32  24 1787813363
2  8 1595413368
34  9 566568475
7  12 377851218
31  13 853439638
26  17 349991914
31  22 1738470415
28  10 563320004
26  4 1869156870
25  38 351917238
2  24 234885956
36  38 256898575
5  39 696784997
14  16 1391464418
29  12 1273334440
3  29 815811090
18  35 279790154
39  21 1043714987
10  2 602112753
10  17 2059413676
5  37 179576995
32  19 934762625
23  24 1568324060
32  14 795840979
27  20 1105028186
32  11 1180645382
25  35 232065875
1  6 923770341
22  24 878642562
10  31 1378601461
26  14 1011296031
2  4 597731346
37  3 2112673821
11  18 684518896
