800 40 2 21
30  16 2107110899
30  39 1792482889
0  28 113947197
6  28 1222469588
18  38 702981040
6  5 1383201866
3  1 1213715892
3  20 417100039
14  32 88992876
25  28 1041039020
7  29 688079509
7  13 970201810
10  2 355199090
7  4 1759632310
17  9 732697494
3  10 1319067882
28  16 189722994
37  1 556307208
15  14 1485778524
34  1 1696804297
36  8 349184346
35  15 356608719
28  39 1220377455
28  14 880041759
24  37 7549043
17  22 1636643986
29  3 1372991367
28  6 732772638
38  13 1250439767
38  37 2042374210
3  16 1555634114
9  15 2054134946
4  0 600309847
26  29 77695695
14  3 635957848
22  10 2061452138
38  1 540078243
4  20 321877260
14  3 1774120945
19  3 1075300036
26  16 1095226617
6  22 1580993188
30  13 181445577
32  38 2039540538
35  20 1725408809
29  28 387104998
4  13 289639127
6  16 1373932589
0  15 1045990746
34  1 621518137
29  36 34409116
17  5 853497788
8  22 1186581488
1  34 683716777
24  4 217988345
12  28 807593004
18  30 1178181969
27  2 665115975
8  34 197114966
11  17 1815621944
8  1 1052466335
37  4 147486570
27  34 437352641
4  11 1294107149
34  0 269512689
29  22 1264039330
33  22 1690860461
0  31 970520398
11  18 1282151255
23  25 333273848
38  27 1424987368
15  39 589497688
34  27 910618733
22  16 1372967554
19  36 637518851
1  12 1911084890
2  14 1211872429
26  29 16036370
34  3 1869109816
33  35 1573568940
38  12 1030268088
18  9 880903649
23  29 1356472255
20  37 1365665872
0  38 1745962362
24  3 68653306
35  24 545291416
11  10 2035693505
13  14 2042405608
23  39 179503557
7  38 85582726
26  20 193818859
13  25 1803388803
39  17 1592266440
15  6 1595815668
36  34 1856454296
23  15 379175953
8  4 67907718
10  35 338166145
31  39 14190457
39  21 1790604923
3  39 584403666
1  18 1024917997
31  39 1673461256
11  4 501373618
33  5 1946443028
36  2 1346588175
32  10 865880231
39  29 1988941422
3  27 460962877
37  35 811979732
15  20 2106277997
24  4 811237815
16  3 323583210
24  13 418440451
28  29 1750889007
9  29 2132315005
32  16 1260672227
14  27 1237190664
19  10 219810075
17  9 61831676
2  26 2020919227
38  20 705982512
9  2 718766271
0  16 425596625
39  10 905219309
30  36 1252021483
14  21 1741315046
38  9 1365128696
14  0 1098474856
24  12 512340774
6  10 289509952
25  7 503140799
10  33 222380284
19  11 1904950575
6  19 1575323080
30  15 1832664683
3  10 1533095054
6  28 1189322105
36  4 1905772603
8  31 1444452116
25  17 1788540209
29  14 1228663159
5  7 683605828
29  28 2101341682
30  11 1331925072
39  6 1767086620
1  14 64437500
39  35 1264895465
8  15 235790842
12  35 1666020703
35  9 1279894304
23  37 714477977
22  33 1042846360
19  17 818298081
28  19 1215327240
39  28 1803119331
8  3 314999499
35  15 1024211810
9  8 502623467
17  34 912252242
22  32 27266854
31  4 1725941664
27  0 1234648681
23  13 1726864034
12  18 654302325
0  23 945902766
27  11 891164469
21  26 462666574
32  34 1139245714
20  30 636339307
7  14 1213417325
29  13 741084366
0  14 1828218685
24  19 752526102
37  25 480153196
25  19 1070379898
11  4 881432153
31  29 1545025028
30  11 1650771174
4  17 1812954693
32  20 740504982
36  14 808190870
15  18 216793847
0  26 1508708082
31  24 2068543834
14  36 1411297767
23  15 1236540490
1  27 1600253410
19  0 15375175
14  0 2108437240
36  26 1287929270
1  27 1188127325
12  23 1680337264
16  28 719792627
39  24 2047851198
4  39 1388271011
15  31 1417090030
31  30 1974655094
33  4 1904216284
25  10 57461515
30  20 74802892
34  27 5030686
17  12 2040892196
22  9 1122865661
7  16 824353054
15  17 1210736388
30  22 542206355
33  26 1891776120
36  16 1995686578
26  15 1406454237
7  24 277179035
12  29 1354486417
25  19 1090710162
16  23 1862373537
32  0 633376525
33  36 388557902
8  23 480283367
29  9 771258182
4  28 1031158356
35  9 143461627
6  5 1679377058
39  35 526670933
15  11 1876320484
3  39 496115266
22  36 704731033
9  15 1461597515
35  24 65971779
38  16 141700319
32  28 516210306
26  16 1229507312
22  17 1830050533
32  0 1738107648
17  6 296548522
28  7 2089397681
19  5 180884367
9  31 1774519428
16  31 898575459
9  25 1486037858
11  20 852002412
22  15 671898100
22  26 641933095
26  17 412317830
25  17 702109196
5  28 110855312
37  25 1898924344
8  32 1390709680
7  3 2122559098
2  20 1108474959
30  25 866225891
2  12 1353079239
28  11 1348930521
5  38 740744783
37  20 1682615765
1  35 2096866933
17  22 885463729
12  30 743773886
29  11 1347688661
15  32 2082191104
36  2 292955761
5  15 1890271040
20  13 1156542632
35  36 1652126433
1  3 1450397674
32  20 1592051835
32  39 1696356247
7  3 1098288098
19  1 793258806
13  21 141878387
35  38 1172500023
28  33 647693393
19  22 1426906194
0  22 1774006186
4  25 175618881
9  35 86165412
30  13 324273326
29  37 41121503
3  1 1809050892
34  38 1520147051
37  1 1758003589
13  36 700605794
24  37 1786548587
10  31 1484118298
27  0 1422223580
24  5 1606757484
36  23 1463375707
28  25 1227422459
21  19 577095314
29  19 1679942471
24  13 342258616
16  36 1017565765
9  24 2060298408
2  18 2019043629
20  37 1268824887
39  30 1038697386
31  13 1089472061
39  36 1985790278
20  25 336915375
0  4 1404307327
30  27 1234204121
9  39 57071221
22  29 341741167
7  32 876036524
8  10 742088944
30  32 1861141034
2  39 29767278
24  38 2098569853
39  5 147848045
24  11 1261511765
34  38 1872161664
35  11 2015839101
10  32 574342053
24  3 1053973750
14  18 1809752776
9  4 1184507895
17  28 1751684153
32  2 31394746
33  3 606065502
32  23 374816941
19  18 1840399736
29  5 1022894254
3  19 473873564
20  13 391337229
14  3 1236530814
25  28 729608231
39  27 1021602418
7  2 294192124
10  14 1548203241
30  6 602872472
9  11 605244905
12  1 769412135
21  36 592040106
33  23 1418364656
34  22 237306815
24  19 1927178573
2  34 520991665
29  14 1490505985
23  15 1989217287
19  36 1611320074
5  15 1697047966
19  35 435155443
7  1 1172894376
7  23 487827640
33  22 221666281
28  2 102073929
32  18 643978162
27  3 984825496
9  15 723677175
39  36 1737494292
7  33 1588351098
18  14 1522638320
5  11 1169112445
14  31 933335988
29  2 1039125496
10  24 834834215
10  26 2132355435
28  5 681711709
21  13 573225379
14  27 196032308
35  12 1917177380
39  26 2009231524
16  23 2013508586
24  17 1448627718
25  10 1540624857
39  5 790764468
18  4 1021979348
11  23 1414940214
39  10 1180136728
1  0 1962048757
39  37 209569553
7  0 115646085
26  9 1669517596
28  26 15840082
27  4 1897580795
20  26 722516907
14  4 384762209
25  38 1626292675
18  17 440935497
18  30 1774587771
37  9 1820849001
17  3 1491522338
37  11 815475140
4  19 2077604768
8  4 939428873
38  9 1821961040
22  4 1114827928
0  31 1198574530
24  10 1258413027
35  22 1224645943
39  7 1810513585
3  25 1567738231
34  26 276910000
28  25 1635571679
5  12 1564816119
29  6 1659840604
38  18 245333154
18  23 1307976785
1  13 740123819
0  17 1997859354
23  5 1943298447
15  9 31684039
20  13 242902328
1  35 626351507
6  21 29679683
33  39 156021340
10  11 1614749201
19  36 1019962838
5  11 1207970140
13  0 170982771
11  36 1164637496
24  22 1189378682
27  10 820969133
9  19 2004445576
21  7 684083347
9  10 1024025844
15  28 604219872
0  39 1864168400
38  30 1341331820
32  25 1211102217
12  17 555272388
17  20 1156256847
31  13 465674044
24  2 620625764
12  26 333329551
1  21 1144163517
17  29 183304364
10  24 1614742848
35  1 1416598385
22  12 1059988948
16  34 1867164942
15  38 1382280268
1  13 77488218
14  26 887424705
26  24 1887631395
21  24 322379512
20  14 662163232
2  32 1234324342
11  19 1349730372
28  13 1568734375
18  5 561649707
5  31 1363182979
24  16 169380484
8  13 1031123444
26  35 2079339834
37  5 1719943799
15  27 1353625968
4  18 843089912
17  25 1626989925
36  12 628283971
20  18 1530906269
13  5 215033815
8  32 654518237
39  11 1629792491
14  35 1883305666
30  15 569859282
29  19 331052106
14  13 1807341354
6  8 1969346000
12  4 458780035
17  6 854211810
24  16 900302201
3  4 2082675400
35  24 2054944430
21  4 1924629601
35  32 2098093337
14  26 258919902
22  21 1515950108
14  36 1465292998
17  5 1730062842
13  30 853551184
27  4 1880848344
26  3 1981042786
17  16 1315035554
0  8 2094233490
17  1 1252156443
35  8 754335135
22  4 657109406
0  17 435527777
27  14 1655308521
18  25 1772640697
32  29 575744874
3  6 505537472
2  14 1664762228
5  14 889842718
29  36 1180527592
22  25 1579055350
19  29 739452474
22  17 531427260
3  4 336544770
9  11 2023935246
38  26 1509753161
1  28 836527582
31  26 1230422928
16  10 85349961
3  20 1409565642
14  2 386022066
27  28 609802890
4  5 901156651
12  30 1589120418
14  35 1811189411
28  29 792130481
26  11 610267560
33  34 1026866751
24  39 913730616
23  22 714323406
11  22 655831804
5  20 1626499188
31  12 132341517
16  21 1075361496
18  35 1006100704
11  17 2075290602
4  24 501514539
33  23 2033003449
39  21 720191719
1  22 404609840
16  25 229288569
7  20 2030632922
10  5 1311184267
17  33 202321766
25  26 889826453
5  1 78374499
4  2 205382450
13  11 1363047195
12  29 539303923
11  2 677111678
37  13 1121465372
30  13 2102453756
25  17 1761606180
36  33 836728680
38  9 1348098899
31  11 1216888811
14  16 1714652162
15  27 2025319895
18  21 458475829
12  13 1227288132
39  37 1110716049
34  36 157327048
2  37 1956589919
7  36 2060260261
21  9 932435582
33  8 1923712193
11  5 36258644
32  28 1689213218
13  16 1563219324
35  24 677307840
3  27 110161332
25  18 1779551928
33  35 1987511961
22  0 486833892
22  34 1749137661
34  0 713873724
30  16 176144993
25  7 520400944
30  37 1014585636
16  22 1849581098
33  28 1401876898
20  21 240663253
9  36 197455457
11  13 774698454
4  26 867671814
9  26 182764544
29  10 1409669206
29  30 2086173488
2  29 1611518673
24  9 1745986275
15  26 1888608340
21  22 1854382539
15  22 1737492448
0  12 355854027
3  2 516193169
14  2 1810742892
26  23 70298093
39  34 1413221289
13  4 154603784
17  7 1825539965
15  7 111980972
4  29 317636680
14  28 1179635619
21  33 1660929886
32  29 845258338
8  32 1240299677
0  24 1203953367
0  7 841959802
34  8 1365856534
19  10 463447511
26  22 1087250670
25  13 1562575550
6  34 1991345377
3  33 1998534767
39  10 1653750025
23  18 1757545998
21  37 2067529649
34  22 605774850
2  12 1640072443
11  14 208970739
37  27 381679201
23  22 599886026
23  18 1844973193
5  29 2116589527
37  4 1619376644
9  21 795840178
1  28 1660964205
16  19 2138377407
24  14 1838265773
16  7 1446868100
7  0 1213375764
9  32 1766917469
14  1 163341260
24  19 1087151810
14  34 1484231781
23  20 2054101822
32  20 953267997
6  9 1321606996
6  9 1601121832
2  30 774675281
30  10 1398845854
0  5 1818243317
4  25 1555641844
39  17 1158490919
38  36 1517838616
37  28 1430542009
26  35 201594894
3  22 979862124
31  12 902162696
32  3 1289472656
31  35 1772505681
16  19 1306926739
1  29 1742005580
29  12 2094018839
32  17 1806373754
6  2 1925493738
32  28 894671031
10  0 1158850710
18  11 1951968674
24  9 3960327
13  1 2125869651
34  18 2006808652
33  22 970787755
34  33 1325393915
18  7 1723941661
15  18 821247561
35  5 259556629
19  21 1170912550
20  27 82722986
9  34 1004349086
18  22 634218347
3  35 1727892257
8  19 1562004463
3  34 342245712
26  11 1274801903
31  39 293296097
35  37 1131540188
10  27 1222219162
27  30 1404877396
9  6 1943919731
11  17 1308299845
26  23 619288241
3  15 1634081824
20  29 1987475501
20  27 1438403283
20  15 361204554
27  14 939814658
3  39 1358826286
29  38 322783391
10  36 1638173275
36  21 1651962966
4  20 2143603825
16  5 755475532
6  31 471472952
24  5 1779274105
10  6 1351598986
24  6 709911383
17  12 1822781174
22  4 1498845978
33  22 1656100797
20  3 157699711
16  37 1721733603
13  4 1039771167
26  29 127257740
30  31 2106259306
32  11 1053020854
17  16 655363368
18  6 998713202
15  29 1640694272
27  33 1400031111
20  38 1722668110
26  0 61532568
37  19 1166584974
36  3 448373440
33  15 1447157889
26  28 568289234
30  31 1878288164
13  2 1619141516
33  9 220275860
8  18 1235122665
26  22 428858734
39  25 2116233690
34  7 999241396
39  33 1056183130
1  0 1004522365
28  3 1669459743
4  12 428265403
16  4 426635598
11  3 841650043
24  26 102100174
9  15 1352405322
22  26 170969296
36  11 40248576
19  38 1613473271
29  17 552136744
24  38 2108980863
14  34 810631561
35  37 1830110682
26  30 1637927712
6  14 1692846190
18  1 1883080337
7  31 1388667735
17  16 1745353320
22  38 1899422581
0  1 1039745367
33  30 846650446
17  27 1629351647
22  7 1737181910
25  28 1147569236
29  13 422847901
15  12 1828305438
19  17 225980527
6  14 380654470
23  32 1321396279
4  27 1336551845
31  0 1601973395
37  39 508302270
34  1 1595714570
31  22 1044278996
32  13 1668139498
25  20 535409707
17  7 2052659540
13  33 670432116
35  17 1179586246
35  28 662815533
9  10 522827668
24  5 2087017318
21  13 1907726632
23  9 421686320
1  12 669047825
25  1 337325665
11  17 1261109390
32  18 703308326
16  0 521072702
4  36 414100700
15  35 1078065334
30  38 2093725694
9  5 1719988545
11  30 592525307
22  18 1817211716
17  32 1685038366
18  28 713732525
12  21 1635908156
10  22 1277800108
9  16 1298539023
17  19 1669654273
30  33 1454242112
1  15 92533094
17  28 1278475617
30  31 383620340
16  33 534492032
22  24 1503263658
26  29 779163890
17  35 1727990701
0  25 204784639
19  27 1025780935
24  2 954285802
37  32 908707133
33  13 718775409
4  27 894879424
33  22 227231580
36  13 1720672958
12  27 1548512754
0  28 832455684
23  33 435106008
13  16 148876159
30  15 1398716935
22  34 1154557378
10  2 1242272021
36  11 1466843262
11  39 750113890
23  3 63132578
1  16 57537119
2  13 890370989
25  23 1319128307
17  31 2060891976
39  38 1841252320
8  22 909018390
14  3 944979446
12  8 2131060246
17  34 1512758605
16  34 692981538
26  32 1958463078
2  1 1740138479
8  21 1451007830
