800 40 10 35
11  25 245643623
16  8 169406513
31  26 1894814492
15  36 1449865998
14  29 1923093660
16  2 1533699910
14  1 240221299
33  12 1784262655
32  12 1686993731
7  26 1382176907
32  22 1794739330
12  37 368388100
19  3 991008061
36  25 1669082846
32  26 1858941977
7  23 709628346
17  13 594622115
25  34 8370840
29  32 1753028427
39  14 588878497
36  6 1019974664
14  32 1848169045
20  33 1648602357
8  38 860041421
13  35 668138826
4  27 1135474739
36  20 1160160176
11  37 914942370
39  38 1950359122
25  30 273071009
39  19 1736987685
23  18 1433061364
24  10 1144448748
38  8 15277788
19  10 1065898483
9  32 1335908285
21  6 1249435216
28  27 2049322842
17  25 1912502085
24  17 892393315
29  21 1166667722
18  34 932492474
30  23 1041953574
38  12 40125777
11  22 1564216466
12  1 647239495
3  5 929337029
30  32 1253829526
26  0 386221441
37  10 619983528
36  32 2093285800
17  8 489653903
27  25 368062548
27  30 1628070680
4  34 1217209289
24  30 1277132475
7  6 722724514
22  39 478743702
5  6 221348395
5  31 1836885649
29  5 1177837553
32  33 120719705
28  11 1505472961
36  17 901730547
6  38 2113092618
23  11 1241090180
27  11 1714317065
7  11 1116296347
19  11 1903572976
36  25 991094629
22  34 1487656819
13  39 403516750
38  31 807923054
16  8 418149942
14  0 1534206739
4  27 1737657685
16  26 362870245
33  10 1850392606
23  34 376373953
35  13 621563056
35  10 1035290464
0  27 441154617
20  26 1068440868
1  3 1988178103
14  3 1383432819
16  13 1689236506
31  29 125727548
21  23 220388717
31  22 1442555697
1  32 215639960
39  19 1763012069
22  21 1341397542
17  33 1746209941
8  2 816929975
8  16 523666025
13  9 1681105061
20  12 2064311003
38  36 1637817352
27  5 641938014
19  26 904441025
13  2 2102085500
17  11 1451920399
39  26 2022458158
6  31 1753642990
26  36 1031607880
31  28 312601001
17  7 1593021565
5  14 662274023
18  16 28768855
3  16 1361526993
16  30 1096490792
10  32 1775936417
11  15 699542349
12  31 872894854
6  13 1370215869
37  35 1097667352
26  6 1396874048
36  21 574518750
34  9 222225190
27  34 973648403
1  2 573294614
4  19 1876275850
26  35 1029069842
32  31 525163145
11  0 487361064
7  19 1218195775
9  29 406902585
37  30 2075874299
3  20 1461595397
20  34 2030931123
13  22 1092811347
33  31 1817834314
3  12 2143563292
38  29 674660724
10  29 2124063584
4  39 893923977
8  19 97525520
26  6 191311088
37  24 1325700587
28  14 319103459
18  0 804826468
6  23 1171502632
8  27 828535679
10  21 1999671836
2  34 1763562259
8  28 729822567
25  31 1184650096
4  26 1451369787
34  5 945369910
30  2 1781328553
32  25 2090796548
10  19 1372037480
7  18 833571902
39  10 395598458
2  3 361653690
28  8 1700546589
9  11 719718717
31  17 1732036307
24  4 605367353
18  30 1915607634
36  18 1530549590
12  15 2098504030
3  4 1411842183
34  1 542245502
5  3 1794337348
21  16 851404067
17  37 575352182
1  19 2007684270
22  11 272240867
21  33 1490370883
6  34 201457077
11  32 1695934708
18  22 618348579
13  27 1046686909
27  26 823713792
30  39 1764924132
33  23 1282104955
0  30 1478738583
24  29 1916632762
19  28 1525788553
35  15 1356954897
16  25 667672789
22  1 340455215
12  14 1723227507
35  4 42034729
24  21 2120340929
23  17 608653106
23  1 356296212
25  5 470592554
22  26 615510564
10  33 390512928
4  36 488552475
8  19 78728427
32  23 1794911705
30  27 177238728
25  23 660467161
3  27 1306401014
12  18 266802556
7  10 451544953
14  21 1701999240
28  23 1808589267
36  35 1372226455
37  26 1871024558
2  28 825926143
14  28 981216441
24  6 545860280
31  18 1402398501
0  27 413644325
27  30 1227176461
6  39 2027276155
11  21 322229750
30  9 263380431
22  38 1482867393
29  26 1672096108
6  10 364895250
0  36 1301516112
16  26 526228891
34  21 314708282
15  30 206491387
21  7 43941400
36  11 1118028727
12  8 1206025248
39  7 82771441
37  0 1310690129
32  39 491763120
0  6 14633578
0  19 1430346715
16  9 1791689814
37  34 1621498523
22  23 62855978
9  33 1019566808
16  37 1213591732
5  31 541502047
27  16 367866016
11  7 1402628787
35  27 801371339
23  16 1481075225
39  37 550536444
39  9 597009461
4  23 108328769
21  10 1849067651
27  33 318222014
26  23 157432506
15  35 1323333426
17  22 1027110822
28  27 1866688791
29  16 188152775
12  36 1368559685
12  5 1036324947
29  9 748018207
21  17 1749120306
31  32 891030898
25  26 756351762
12  14 729925997
8  2 731989461
6  35 532640093
5  11 2079719433
31  17 954557470
39  23 1000396463
37  24 399310828
23  6 770291435
33  16 2126285091
21  35 426846503
19  11 330059452
13  24 2042933841
19  36 439047292
11  5 1792787303
32  17 1951490012
19  29 1145949988
18  33 1743496978
19  28 337478545
2  12 1792409409
9  8 451780680
20  4 722222884
10  13 1187217192
22  31 860258615
29  16 78652344
39  13 1670660666
26  39 551205618
8  11 1108807893
13  27 529169835
19  2 1097245359
0  17 184557489
6  3 1279972249
3  6 618634694
20  18 901384119
2  29 931975478
26  25 1620702665
28  21 1410435118
39  5 1066655563
18  28 506450981
39  12 1648800520
12  1 921821191
10  27 415045529
8  5 764262507
24  8 979087424
36  38 361968744
1  2 329019934
19  38 2120999491
25  0 209905624
23  16 918821630
15  9 1619256057
33  6 209783436
1  25 1813782775
18  27 834260083
28  36 1371927989
16  14 551778661
14  21 648756204
21  39 1447355019
25  15 1083473053
12  31 1413116363
4  37 416077583
33  26 1963994535
18  13 1284633685
20  37 1128322384
13  22 1102347727
2  26 1227575533
34  24 709204823
2  23 2066347304
7  14 1173767132
20  28 1963366300
37  36 240539175
11  28 887952964
5  19 1308435047
38  12 341041074
20  18 1147934295
20  25 336313413
0  9 958301055
14  26 1234546393
38  5 1615615510
2  26 268379843
38  19 1563759660
7  26 1000069275
30  36 1253531751
5  26 1825759019
3  14 1402317256
31  18 1471283903
36  20 1343464897
33  20 203956932
33  38 1440591494
6  18 1544953102
35  17 213231448
37  12 829472381
23  25 1191544404
14  31 477065219
18  29 956866338
17  13 1765617266
9  36 269816263
9  17 582518627
19  25 1373769148
32  7 1311772991
35  10 1287031063
8  25 1961373759
7  20 557513104
30  18 349958052
38  8 933593969
5  18 1041381847
23  27 2093215667
31  34 980961469
21  6 1090150541
17  0 707756973
24  26 1973598472
18  3 478217770
24  2 1130040031
21  10 500334652
18  9 21870227
4  10 165809746
10  39 2082070948
17  33 1154707812
20  37 2053884718
31  23 159972186
15  19 1963215957
34  13 1361353976
28  30 2017272120
34  25 599035905
33  35 1432213844
17  38 24961433
32  2 1245104350
37  28 396254913
10  26 1426294105
30  20 405032456
24  16 925035656
23  33 1945788422
13  8 1385471261
28  30 481192960
19  9 148512757
28  21 1363180317
4  12 1382365896
21  23 1866870081
2  8 105958807
19  22 2088339441
32  9 1615326320
21  20 742983883
8  17 1963906397
35  18 1683471005
1  18 913808088
11  38 1266450890
13  15 1948852645
1  9 772916401
16  27 550310446
1  39 1955482186
26  23 602968738
39  4 757710962
31  4 1998060225
27  3 965797432
31  1 2051711618
15  5 349813106
32  35 753050358
32  3 2068551620
25  0 58014066
23  10 1689002958
19  31 1983493058
8  21 1513067286
8  19 977904966
4  27 1672553550
31  3 546076517
3  13 525157682
15  34 1185977823
6  1 118921027
32  37 125772042
28  0 1276546324
35  22 1709416984
6  25 1413313127
25  33 239595336
34  29 1138736391
8  2 1437828489
33  10 1658893928
24  38 1323747439
24  28 1706093015
24  35 2139048648
12  37 1955909342
35  5 619835471
21  2 1712202593
30  23 1175699585
6  2 1101684289
17  19 418142321
22  37 1566560655
13  36 1256067590
3  19 462629932
16  19 2015446440
21  11 828109447
6  28 1349355268
14  8 723319917
38  29 289246308
25  29 1482753314
10  8 1690804844
7  21 2136361675
24  19 728415009
20  13 1395556536
34  20 1030181333
30  6 24465347
16  24 567390225
38  35 955778928
34  3 283656442
35  33 1007955011
36  28 41502570
39  17 1642875557
31  37 1777843194
34  15 138745206
38  18 1593606002
0  5 551353687
5  30 1141568107
14  5 1107949469
5  35 606219527
8  20 1857515348
21  36 628382823
9  38 2013185276
12  27 795181727
8  35 77955880
17  29 1460528577
17  8 1520188752
22  21 475881910
20  7 940215147
10  16 1946598345
9  20 317803007
24  21 58876723
36  7 437417865
11  10 1901329953
24  18 1199687228
5  7 1474287937
11  29 809327859
28  9 814042684
6  14 135964960
15  25 776920158
38  12 893766007
28  21 1732408810
14  16 58697714
2  15 392196750
38  36 1829240518
0  32 1745035989
7  26 1202070398
11  16 644284491
3  25 539419479
28  30 1398102999
29  31 1911457888
39  22 1955063233
15  14 1341845797
4  24 317165142
2  30 1597010912
30  24 103210086
13  31 239091447
3  20 1674739118
20  3 2078235605
31  23 205344036
37  13 1125490236
3  39 174491919
14  33 226963610
6  3 1384439005
35  34 2121995089
29  38 777686921
1  11 218871964
21  16 1677880702
17  31 351580000
4  23 539179144
29  15 840963242
12  3 2029615554
25  16 1927509700
25  1 1546705867
3  27 2000913332
3  34 1231906633
1  30 1026386669
36  12 292685211
13  35 727080114
13  5 115483001
20  33 84135283
29  27 207616823
0  36 1859036690
10  5 1169682369
0  26 344137681
1  29 1691815820
32  38 1262242668
21  23 1801229342
33  32 1613979955
16  20 1839938168
18  28 97035106
24  23 25414877
39  32 1105825573
1  29 441348048
19  2 946008216
17  0 1240934102
2  3 1140044196
23  15 1056053183
13  8 2044686666
6  15 1203850138
37  33 1377568478
4  0 839057314
14  23 1822883513
6  10 994780560
2  24 709847147
26  35 2140661408
22  11 599126294
12  11 241410717
6  22 1699329837
1  24 255082509
19  3 2068822519
2  23 162913380
16  15 2098170482
17  36 2101916693
0  17 2026181724
30  32 861401784
32  36 437665850
15  22 236751159
13  0 408905080
27  3 68181199
3  21 901515249
14  18 1975002717
5  16 2099751118
3  23 560536201
13  37 689281092
18  3 1267348869
28  18 1392113546
27  12 804136839
13  10 1032506617
27  29 1607513710
37  2 468598992
1  19 1129329842
1  0 925181692
29  15 663709695
24  13 301237042
5  33 330583650
27  0 541708135
14  9 1067301556
24  2 816293204
31  39 1944712718
37  12 1854474142
3  37 1903111271
34  15 643889369
5  15 349723311
34  39 1421083539
10  7 1625465889
25  6 667313337
9  32 270201885
28  30 182276519
4  35 1111731662
26  25 708630718
33  18 84586444
7  19 190247471
0  36 1677301785
12  24 343405746
25  1 517056145
34  7 172750916
2  15 1482213595
12  32 1499872878
33  9 98040064
31  2 540629974
19  35 1402422652
29  18 1945712756
13  8 164334253
8  20 1133901223
14  39 505521899
16  22 373743392
39  5 450187320
2  11 884427038
35  39 1540236948
18  37 1013926538
27  26 1977068947
4  33 1579720037
31  32 1673384269
7  20 156347484
26  28 759554391
29  20 704222190
31  34 948942540
31  28 84782458
10  18 2023137529
11  28 440271371
34  9 900663034
20  19 1577570866
12  32 956682091
32  6 917270050
35  38 1720962042
0  8 1234755438
21  36 1451253161
17  36 345636656
24  35 2021882543
3  16 245406755
23  5 1429940599
38  28 1989505238
2  39 1930221873
0  34 1663248436
14  20 968037015
26  31 358030585
23  33 1705612567
3  6 47561821
24  1 221943602
37  2 1114193363
2  14 1396211296
21  28 637849400
26  23 1224996770
7  10 1764799800
26  31 1192316504
30  24 1743801179
30  24 1480213233
8  10 1594914023
31  7 419243221
35  22 752147183
29  19 516465518
9  6 57458542
3  19 1911213253
25  35 1176456564
35  20 1446081283
10  12 2005807779
2  16 1575412570
8  36 1447551244
35  11 693433120
2  34 80873162
21  11 350932037
18  1 54027675
14  4 1480340125
38  39 1970369834
33  24 85960563
1  23 1119546094
9  13 1707787763
26  21 1342673708
0  21 369253248
10  30 250982368
31  27 59380380
26  19 1077255494
20  31 857684050
4  16 707756467
33  5 1917729776
31  6 1622766733
6  15 1614816730
1  27 1835476787
0  17 1703161177
7  2 492355073
30  39 1422086806
29  28 1227512477
29  18 1456731856
29  1 958074142
11  14 369175717
39  6 2098413948
22  0 1676071363
16  20 1489465657
17  22 1354265684
25  38 1389506954
8  30 1464937956
8  20 1931614760
36  35 536543875
23  31 1628201139
7  39 499464611
24  2 100629970
22  33 1577904774
7  0 1677419648
39  11 1388448327
26  25 1357383261
0  16 1263169384
34  33 1841931940
30  18 806076285
8  6 1950941490
22  28 1646039976
22  12 1250406547
20  5 845754403
2  5 196136379
35  9 1919088086
30  4 1891095400
31  1 1345612721
9  2 1585148743
2  39 813000911
38  8 2020890089
6  18 80187302
7  2 2093127693
13  23 1430699520
32  25 2093431367
39  10 1543676283
22  4 1964302749
24  8 173710139
13  18 1832189944
14  27 768638077
26  22 402423506
38  0 1517985416
39  11 2102917324
0  20 1254239503
29  27 1318721529
12  21 670902063
22  16 773658050
17  30 399462310
13  3 1422977920
7  12 1476742890
3  9 865150547
37  32 202173028
25  17 1504629834
15  14 1856770046
16  33 787820376
31  38 418677924
23  19 1685279056
21  11 1363359581
3  27 320158116
17  24 1688379077
6  0 1669302927
23  10 1343566645
26  30 361725342
37  20 506206501
24  9 1595925973
27  34 680068386
30  2 2055008471
14  6 1002553506
9  36 1551369599
13  1 1915555460
25  30 1374148929
15  7 1576996674
24  23 1973291344
2  35 1812754398
33  7 1672148003
25  12 785064000
22  37 1607946581
25  34 199822922
29  28 1479557884
35  1 921490658
26  19 519189968
32  26 712853993
39  30 762901269
30  29 1443160593
19  37 1544853507
23  3 588751073
36  16 1494119755
35  7 1125682365
15  25 1640750173
8  9 1393639351
33  37 1219908523
12  19 266050560
14  7 1168283069
31  10 541915612
27  9 1362421629
3  12 569025377
33  23 1642358078
16  5 1478654493
14  33 1603134497
17  39 342664449
7  9 1927786516
26  6 1112544574
38  9 1484244460
8  23 844886428
23  32 1277838220
27  30 1671506801
15  39 1682589254
1  2 1918342114
22  17 1562254076
17  38 198264797
11  7 1570221198
35  23 1509067176
