800 40 26 33
35  14 1192563013
36  34 1177872701
24  16 580840064
10  38 1488293681
17  27 979088651
39  20 931441036
17  4 1867222260
1  33 170344286
34  8 28558496
11  27 1771198259
30  35 1380252437
35  8 1204088844
35  2 1222724051
7  33 542749794
35  11 168741702
9  24 430684383
23  26 1025180236
23  3 1056705833
10  21 1349634965
16  0 1403984965
2  14 967418578
5  8 290421587
39  35 181597907
37  15 1835172740
12  15 1557958901
6  1 799375830
26  37 1244936183
14  15 863952191
23  25 1884927547
6  36 1707075059
17  11 1180298862
19  13 743007467
31  16 1434342763
36  28 556895938
34  35 458123024
1  21 1907556548
13  32 529270536
39  38 1131773317
32  24 415085210
9  23 529497710
20  35 2009333907
22  31 1005195602
13  22 821936333
26  15 1149123725
10  39 19848594
20  29 105831151
28  4 1551195460
22  32 1518673757
10  8 103964223
33  7 12981161
32  22 813222753
13  14 550305295
22  8 1622760874
37  3 1206064437
4  3 1603950234
26  19 512620614
8  33 1748582812
0  36 1327668210
23  5 101959261
12  26 824510043
20  25 164590577
10  26 1000405083
33  14 1007386419
38  11 1700751373
2  28 59972713
13  20 530025683
16  17 287294012
0  30 983732731
19  8 908388341
17  13 647512002
22  16 349411976
3  37 887237544
39  33 1875915081
38  29 1197515631
9  15 372514830
30  15 933640946
38  27 1154191911
26  4 353539261
21  31 573929446
4  17 1374117205
19  18 1768969305
6  36 492844370
39  33 293465943
35  23 1144926435
26  34 1748907114
32  26 1181716762
19  10 371876990
32  27 658771148
26  21 926611393
35  11 1379014552
37  25 1032403803
4  33 1446125742
28  31 384879067
22  19 280850403
31  0 67169400
22  25 1457885080
23  33 2078078636
6  35 1241433437
32  35 2091206231
30  29 1276411747
17  21 735718061
14  12 1637282752
18  6 1514551675
2  32 910304029
26  35 925053290
32  23 738746490
1  16 357490936
37  19 1414851362
39  8 1605414235
2  12 384963994
2  22 105459471
8  9 881325933
0  20 258413779
22  10 1010735781
34  39 1480729678
9  0 1651915898
22  0 557499652
37  9 1629802584
23  26 44080396
19  25 1924610417
14  13 518552084
22  29 126170643
29  17 284010933
4  36 1088113387
33  37 54208558
31  13 2083341007
17  11 704574066
25  37 433316693
24  12 640575445
24  6 1649666705
26  18 1938497965
20  30 728986187
7  34 230298315
13  12 1041989419
27  0 1226170380
26  21 165778026
11  23 245788081
32  7 184002106
29  27 1270961323
31  0 2126383728
21  23 1367834088
18  12 97757718
30  13 2047923314
20  23 1156760200
6  19 1559199424
6  38 208465433
20  37 2127005722
37  39 585854212
31  35 1776385245
21  32 1322399388
31  39 1758470693
33  13 2004985359
10  30 1567839589
23  37 1044167071
19  24 1900640693
33  38 677218239
11  5 1638425659
39  23 187822484
5  20 1900809933
27  7 1910272387
9  16 732824295
14  35 770927228
26  39 570104405
2  3 1199742747
38  31 769586765
21  31 689322932
37  33 1700908040
26  1 678323307
23  31 29796258
19  14 2120229657
6  27 1366803565
34  4 119298541
36  0 1520790310
31  30 132121505
35  36 1883829921
2  33 1379417154
22  16 297121880
1  31 1060984273
37  33 541449090
17  9 909503108
0  14 661165771
35  36 629376287
27  4 799052720
0  16 1261535158
7  14 1288532248
38  33 596380794
1  8 1000507949
1  22 1283572587
22  10 822249615
37  22 1269047085
4  23 1181325268
17  38 1533135679
5  25 466353334
2  26 1678197667
29  2 919732741
17  11 730664756
34  1 1043540083
38  1 1418616608
34  12 1183112822
2  23 518190399
16  8 352507030
14  13 294978104
30  0 922179697
15  4 1707069086
4  34 1658633778
22  10 1406002477
31  1 1597103818
9  30 451288500
10  24 1390853490
5  37 1116975735
36  32 2138573831
11  5 1936830341
20  3 1201318666
0  17 1083603169
33  38 1540912030
31  19 1162671842
21  34 1880144600
32  1 762206632
29  14 1130429372
18  21 930754410
2  34 62680889
35  16 1546025313
13  18 170908223
16  5 873428089
28  9 313694078
22  9 1767018235
33  20 816591333
11  14 1037285448
32  2 854205107
18  7 957198610
15  21 97738825
6  0 1843487729
18  26 796006626
7  5 1427214842
24  4 146293066
24  22 2024327320
4  34 1543823362
38  1 659341344
22  1 952199652
25  38 1341018165
15  1 1850927184
0  7 893153881
6  7 106557050
3  31 1576651604
20  6 608278287
26  0 792867219
17  30 345495215
31  5 1174603743
31  2 1668258264
8  34 251553613
37  2 182397113
21  5 487573759
9  3 577233189
31  25 1586237233
9  17 1898687567
31  3 248390860
24  2 1235753639
39  12 1890096724
11  5 1454557073
27  37 180922947
30  14 116780569
26  39 829581611
19  4 960494738
27  1 646133165
17  26 566052891
19  21 1456001069
3  37 1190618816
29  5 369500636
9  7 2031579119
0  28 430568168
19  21 1174487490
27  24 1580412219
33  34 386178291
7  15 1942310508
12  0 1725190828
27  7 813915311
1  10 525588440
20  16 816327705
27  2 1801367778
23  0 1811331216
0  15 751848611
11  6 1017950471
34  1 1039251038
29  32 1332990858
10  11 822450455
22  8 2038276175
27  2 582758781
15  21 1171845272
3  26 998190102
15  33 206225983
39  9 702825847
31  32 837002533
17  23 700909136
4  20 830603078
11  4 860359788
23  21 850406766
35  27 96521833
0  6 1782080256
33  38 136255853
34  11 1226568670
2  4 1017583204
37  21 1923959016
22  32 1836915155
4  12 36455887
1  18 207099469
14  9 638315767
37  23 172941050
4  38 985973891
17  38 942675520
35  2 181920300
11  26 1246537973
29  13 2094526169
34  29 69247945
13  37 1775518408
19  17 1396363969
39  2 703376154
22  15 734354397
2  6 2005793856
21  11 1415094939
16  29 739348698
6  33 1998342321
24  4 2024702427
27  5 1336886779
15  24 1390976894
15  1 383524111
31  39 806992435
28  8 525252198
10  29 83959071
23  34 890022073
24  14 1616658877
20  29 2126149859
39  1 797171632
34  19 1181621597
21  20 684366891
17  20 1122280867
33  10 838250852
13  29 1422734097
37  22 1033483315
24  4 450197225
24  27 1526805784
27  32 1475914389
3  1 828214663
22  23 127014798
11  33 433421987
32  19 828970796
0  2 257632967
19  3 2063452184
35  7 2081655262
34  18 1119279958
27  11 1713149964
25  23 1566584432
24  19 2058427495
38  5 599929804
0  13 185930685
27  37 693134674
25  13 791886799
11  5 810955477
24  7 1512489474
20  27 329885461
35  25 2028259532
22  29 719450314
12  16 1284631770
5  7 202280121
23  4 854198339
2  37 81715167
31  36 587732551
9  33 2141998859
11  33 1309323908
32  39 1207337141
34  22 1833143922
26  12 1109512673
8  29 1619626253
16  6 546795267
13  15 996288225
18  23 757014210
5  10 1117356035
35  3 636816165
5  6 1440916513
4  2 585062174
20  17 233703273
27  20 2079059422
4  30 766988102
27  6 62874209
14  39 44153357
38  39 588929973
19  37 1453302857
35  29 290018085
18  1 945979534
22  30 461716852
11  29 1933918430
24  30 1363618157
8  35 425670716
33  3 1708596939
13  28 33323086
38  33 1750514611
25  15 264431739
19  35 1691437389
13  21 1246932872
13  19 1464120231
36  23 2126947970
36  26 355516389
2  12 852308293
37  3 465824220
35  37 190256341
5  15 465970901
22  32 1328383130
3  4 1942706458
29  16 264618303
24  9 1134251963
15  12 1722226703
6  37 527406524
14  5 761068464
21  9 498693777
6  39 1213180068
13  0 398849747
26  13 1377142830
25  16 1901220627
22  34 1973815034
39  8 653381021
24  28 425052017
17  34 1691781950
19  22 993357499
21  27 1464665715
9  19 1617506387
8  17 604119576
31  39 1155739856
2  17 1515696020
27  33 262417439
18  21 1049197824
29  12 209409128
0  9 2096526783
31  16 1403449935
22  38 1222085051
37  27 795130223
4  7 967621271
13  23 1975729284
22  29 809326492
29  28 2101430283
13  37 812497645
24  33 1357655580
30  17 1996896998
23  32 1613841059
37  4 706755329
3  34 1626778625
36  27 1974793354
15  8 1113165527
38  27 991529232
15  33 1117649751
10  23 2017704194
27  11 1037428580
24  20 9282217
9  12 1021856582
10  6 1538395236
32  10 1781232067
23  6 363310533
1  29 1973052351
13  0 525771188
27  32 531495660
39  17 1765792607
10  34 1022649551
37  39 1490116566
34  36 250121813
15  28 1750394308
21  11 14930045
22  32 1139107827
14  13 799646572
38  15 1073429240
37  14 991843730
24  29 828250110
17  8 1863362984
9  1 1103611771
4  15 671075573
33  10 985241760
39  15 1408150652
26  31 262847353
14  6 1946947356
28  26 1840744434
35  21 378966896
1  18 1499368394
2  13 1847569640
25  31 35837429
19  14 1478420757
33  38 144119825
35  6 1813476320
33  17 280254216
18  37 2003518794
18  31 1970471921
27  29 2066786753
35  22 611715887
3  21 1171107040
24  28 631781998
12  17 1189021513
27  23 302163767
35  28 380515646
8  6 450373182
36  1 749250930
2  10 1721632565
22  0 1016793479
39  12 951288030
34  17 1826691005
34  0 2075333714
10  5 961948455
10  24 1523292880
12  22 197404511
9  8 365065478
22  31 1585328241
13  30 1039500561
25  20 1918946906
36  16 2051281372
18  28 528516322
21  26 1545200600
0  15 393609293
13  27 987825914
39  4 503467495
34  26 1365726254
36  14 241914777
30  11 939249787
0  29 1067612833
5  25 1678874034
12  31 490004147
3  11 1964036350
38  24 1717943811
34  25 471933756
7  28 2109262099
31  16 1674041714
36  35 1536391271
34  2 1907275252
9  7 138131168
1  34 76978165
1  20 245131908
17  24 701939483
13  32 195476121
23  29 2112110723
35  22 1989536859
30  11 1130171350
4  2 1574885210
11  31 663336203
13  2 1140527949
39  14 1124782945
12  32 601392341
19  6 662885138
19  31 967996714
9  14 2033769337
6  27 2097733264
7  0 1435296941
4  16 405899836
6  7 526686371
1  19 768158106
16  36 1743089895
30  8 1207510458
35  22 1065505250
4  19 1288744208
15  33 983729013
25  3 350464688
26  10 1589481734
21  35 723562066
23  17 125004667
2  15 998805143
28  33 1198288467
17  28 1457125404
33  15 1323990355
6  17 820814753
24  30 1395496483
22  28 1445583204
2  4 182194725
33  22 1153053199
17  22 464557410
12  14 1109611117
28  21 592980156
0  30 1906668206
23  31 1301143922
11  20 1978967578
24  36 1332814357
4  36 1360395154
32  29 61676465
8  25 506428683
11  27 16185713
7  13 784612800
2  22 406625327
27  28 1723924853
39  33 853474877
20  4 1534618407
14  20 932792433
7  33 761220951
24  15 768013426
9  14 1465772566
34  39 562265953
24  21 625437141
26  31 998822552
18  6 955207384
22  39 1947668253
16  37 508153843
22  0 1946412927
16  23 939506530
7  10 1662246041
35  33 1447445951
38  12 176779683
24  3 502809318
26  38 988849786
14  1 1662376509
13  36 1509313055
13  0 929738209
38  3 1575126817
21  35 1807621516
6  18 1495741076
39  25 646951661
7  26 596656355
17  35 1864648669
7  8 1011884606
34  15 1928480239
38  36 115164426
22  10 267028985
12  15 1042714428
10  14 1425610900
27  30 293299471
33  16 445995021
26  32 1791364026
39  36 1656066605
35  37 2031276356
30  26 99891257
39  11 117142606
21  4 1231401203
0  7 277287711
26  10 111008026
26  31 1954480353
0  31 1187966675
35  38 851614687
39  31 1812925899
35  18 670213286
17  16 392258983
32  22 1641722466
17  23 1736157916
24  9 712574533
3  25 564678128
22  21 1979941097
4  5 1957345806
23  11 805566705
20  32 2090961126
39  29 1694567601
29  26 576605155
17  10 1440752360
22  3 1916739798
6  8 1231046711
20  16 477876679
0  18 652140534
22  18 1616012022
20  19 112617299
23  29 762697626
14  5 1495136344
1  0 112169034
2  3 1312297216
25  6 599222684
10  38 1178100498
6  29 987232034
34  26 1893963284
7  23 1514136089
33  15 1474704521
10  22 306571475
8  4 802499270
24  39 649251614
5  4 1160393058
8  39 1148782957
24  1 729976033
12  7 1336702571
8  12 797742862
24  5 171915757
4  28 414199528
22  14 1232987720
11  7 387878776
12  3 1357049452
35  31 264334489
6  38 2127989674
10  31 1204704708
31  20 401894718
20  21 1138982973
32  25 885627550
28  39 1580699317
34  9 922166461
22  31 76657736
16  13 357658145
10  7 1277344688
27  35 860663169
22  21 596700259
33  2 1482927958
27  16 2036041158
39  32 1687332190
10  4 898821922
27  13 2000229051
38  13 1650522599
8  23 1257698607
1  25 1835588882
13  6 307522659
7  13 614319766
4  12 1341486004
17  6 1431893373
7  24 1894917042
29  15 531228329
37  1 23296725
3  21 1253922193
17  13 1177040378
7  29 1492548854
21  36 1950201162
18  35 671736969
15  21 912019359
39  21 2146166639
14  4 659429898
36  2 2018004511
34  7 1557995710
39  35 1344172436
13  38 104155309
29  20 1280957591
14  12 1575564667
9  17 259449608
35  5 674820204
33  26 884634484
33  17 1659841478
9  0 490810115
1  37 1306371690
32  8 832680725
25  33 1241430978
27  26 1829479990
2  34 1407837112
28  37 183270980
14  26 291461818
29  14 842750852
33  35 1516822209
38  21 1307723081
10  34 2104147692
4  16 1860420123
30  7 2088475933
9  13 1672161088
25  31 515271155
37  36 1599078581
29  19 1880056221
8  33 1368260759
13  6 976765835
11  2 661940929
21  34 2095795084
13  19 85338634
34  14 2069265865
6  26 1710303758
37  27 1697264864
36  20 1494097854
1  21 761527774
30  14 1990891605
6  32 1899285441
7  0 11569800
22  21 2044016836
18  13 781715730
14  19 354663547
20  38 646216164
36  0 1449904085
25  23 935453506
10  23 1483858510
38  21 1217938802
21  12 1286056159
20  31 1554614063
26  10 1361283984
11  28 2012741030
24  30 367325078
35  12 645439029
7  20 2141533113
29  20 1039386541
5  34 1505444919
1  14 1235023886
17  36 958335622
27  31 886315486
38  33 1468714130
27  6 1202045772
32  13 1707102534
14  21 67237776
26  11 1611158787
35  11 1366732380
19  30 2073325299
5  9 1048298890
21  15 1981828492
3  18 1247361938
25  5 1920837804
9  0 305257887
29  36 1979146449
16  18 119130053
2  1 1658155362
36  35 701024840
3  30 150728837
13  4 1882730264
23  28 998738139
39  15 626885604
39  19 1607173958
20  34 1292832747
16  1 849378260
23  27 139250716
6  21 2033430586
8  28 540518110
25  10 1517678874
5  23 186891518
2  37 1064929923
25  12 1548239110
24  14 322495702
16  4 1559888336
13  33 193872607
