800 40 36 16
30  37 1273173582
39  20 1248081594
8  29 1698134514
32  14 1015621
38  35 1548020251
4  20 2055827793
16  24 663804139
15  25 674704640
18  31 1010809016
6  3 1816880139
12  5 119997779
31  24 1007820134
39  27 1774740206
36  12 57510875
1  18 379406985
30  14 1316386762
22  30 1454016644
33  1 1517085095
31  10 1803727449
1  36 1545369221
36  26 220649298
32  36 1893456641
1  11 2067658962
20  35 478241733
36  4 1054175990
12  8 123872558
25  7 410586174
10  21 255809902
9  27 2066744852
32  33 1355405817
36  38 1243138223
18  30 2102988559
21  13 635053958
17  0 1553241372
19  22 333270152
23  18 153476539
1  16 267566918
2  14 221287940
17  0 1873969122
36  1 1026196327
13  33 2129190870
31  22 307346134
39  16 953057749
36  38 1807207808
4  37 1193891241
1  34 283435343
31  9 673704707
33  3 739905662
13  34 2079790515
14  5 403980447
31  18 2058292551
32  13 1742718839
13  38 1634097940
12  30 500349543
31  18 596507326
35  28 807637431
24  0 1014953739
32  17 773094187
20  7 1112559992
6  39 1791057999
3  17 725431890
8  1 846056163
25  31 518344047
16  21 1011036044
5  35 163201070
30  9 599077959
29  5 1357009738
29  34 1437150911
8  14 94150910
11  21 1494551911
28  3 472426425
33  13 4659658
20  23 1480374481
28  5 743956899
28  35 672420890
12  37 1196807208
3  7 1737500758
12  39 1983547403
6  4 462269093
7  8 528893514
19  10 887733627
14  8 1018570194
27  2 1647688522
35  32 1140089267
32  7 1376989614
17  24 1612149199
1  33 45647421
2  36 1614551099
28  14 1933533675
36  35 131503896
8  3 954489536
2  31 1052103504
0  15 1748590977
20  24 887608111
24  10 1046138515
18  23 315236870
1  32 657209479
32  38 2132596494
13  36 327246584
12  3 1067658365
11  4 1703942751
29  26 1363895945
18  29 1140311093
12  14 1495129059
3  8 2049249313
12  38 371512003
21  23 854569913
29  13 1852971867
8  35 1894229584
1  31 704234144
25  35 2058838502
21  5 1254342008
37  11 1036950510
3  18 1480736345
32  2 1255217367
16  25 1350699569
4  8 532686446
19  7 506744712
7  1 805241720
15  21 490892907
21  34 1146640469
13  32 73506195
9  34 685560748
20  31 1487120949
36  22 961715308
1  10 1276882190
21  14 1324901079
25  15 1860467950
28  12 185794756
8  6 131446822
18  3 1200058697
2  29 2013050430
29  27 1033279664
8  33 1063109000
36  12 1148267361
13  14 1613839253
32  19 444532891
15  26 1457951549
31  30 899708409
37  39 17592987
18  3 1708189768
1  2 519530490
1  11 1610747046
19  26 1067131251
1  28 1473549803
19  13 1389522640
26  15 1788828786
10  20 659506417
39  17 856483952
13  12 44600230
1  36 1318090219
21  20 12099507
20  26 1118761267
37  2 1956624022
16  8 1260386132
9  32 1790053114
4  3 1281452324
10  4 133955031
24  9 428119064
14  16 1155853104
14  36 1656033177
38  29 511889280
17  22 1219903089
1  10 995714478
6  37 551304642
25  36 89026264
22  24 1513416368
32  28 401493918
34  21 2057961897
23  20 738483586
12  0 342846984
10  22 250463939
26  5 170013156
24  0 361438256
4  21 854262437
3  25 1336502399
3  1 1259255393
16  7 409205831
11  37 1770901619
24  1 1957658437
6  37 566892279
25  16 449007762
0  5 509349358
12  38 533417207
18  6 668852432
9  20 250123502
13  34 2044270302
14  10 31165376
32  8 1270453708
23  22 123726245
15  31 2045304860
28  12 1788618979
12  13 950630426
0  25 1691913230
37  16 400493266
2  6 1525428988
13  27 1493376025
4  7 173287139
17  12 1650159517
7  34 74480046
23  17 1753157423
21  22 1987789209
9  10 703738304
18  29 1253739715
24  13 1726675705
3  8 1854411698
32  38 1453402390
39  32 603778413
1  9 1696204629
32  7 313324896
27  28 1369905049
39  30 355413228
22  17 1860826085
4  38 1870136601
0  8 1013676730
11  32 1880885287
24  28 1251547240
5  6 417089755
10  18 1578087174
30  16 1602491167
19  35 654889003
5  15 651285537
6  29 74211062
36  28 2041077986
31  9 1511854099
37  36 1254459133
17  9 73640913
15  1 2011533915
36  20 1057197655
28  17 1417744499
33  22 329717655
17  38 2044710629
6  1 679296454
35  23 943417765
35  12 1444002028
32  9 885308882
20  38 131136009
11  27 321452688
20  19 88234037
16  34 1689705882
34  0 973921512
32  38 949306220
9  22 1889999029
11  35 1114269715
0  39 1128634785
39  13 1017474253
31  24 1321577375
0  21 1432861653
14  31 1438404992
14  6 1041923334
13  17 32834280
1  39 270762526
26  10 1333659384
5  22 78812657
7  19 854480688
30  22 2090858251
21  36 293111040
36  25 2031744037
13  1 605249538
10  8 1347212582
14  27 1417434131
38  18 1497990967
15  2 572422844
39  9 106178218
38  33 2103432706
8  11 1014815359
1  28 1759991367
14  17 1298654108
11  14 1596731894
17  20 874823091
25  29 782556568
26  9 221654174
16  34 66298323
36  21 1469864957
29  2 1231049468
38  19 1736514753
12  1 1361686573
35  16 2015369075
25  34 471413031
27  24 748013048
2  28 2078035253
3  2 1125083626
32  29 48246049
18  28 130644686
39  2 791457998
30  6 1077228613
38  37 2316764
34  32 352981659
39  21 1173521840
3  15 1600096176
26  22 363235667
32  22 826302078
19  17 1249924167
2  17 1413891211
23  19 1992876231
33  22 426150667
29  0 1229825111
22  26 1258221168
11  0 2038587425
33  2 92250510
7  31 1851702924
5  8 569234027
4  30 1641774213
21  2 198315261
24  0 2048553914
18  11 1795918720
5  38 372780976
28  13 1715358480
23  31 1408488108
26  8 1707324368
12  29 1232018930
2  34 1710775551
11  4 1070774948
33  14 1819084422
30  7 1429193084
32  10 2034206533
12  27 1984357454
10  5 2126401896
20  29 106810482
3  6 571215712
25  18 284415391
20  14 268569958
10  3 1647865579
14  29 936453566
27  13 1220469628
18  34 358510224
37  32 869156641
30  9 1639405517
3  8 1791155997
33  25 1988222090
23  3 959715438
2  33 1710106973
5  35 601579359
31  19 1207007313
31  21 1695468281
25  4 1410470866
21  3 1044853372
12  11 1636382954
5  20 619112400
6  37 911060096
26  13 1735620567
14  12 1695914188
2  19 1368749696
21  29 1482774794
19  27 331226741
3  5 1282936556
23  33 210428301
26  3 996825968
26  7 273371726
9  2 2144919011
39  38 85024332
23  17 1013261110
9  39 177653629
25  34 1048202190
36  27 783327988
18  37 2114460475
27  18 1575892892
29  28 112806769
10  11 435273699
14  19 589314017
20  27 1743492622
22  15 2038177726
26  7 905274560
9  4 1595246954
10  0 703411511
6  15 1964024472
6  37 945476410
25  14 153521389
12  8 792575687
10  8 2127853089
2  16 1326133599
30  10 1782124272
31  38 1121581482
7  36 841990564
38  33 536055596
34  24 97498822
31  0 1581012023
35  24 1125246978
23  5 211163514
15  11 1871444906
9  13 1821188008
38  11 1926995326
17  13 963945157
0  11 750622662
24  6 297508657
17  6 1966465018
25  24 1245707543
25  9 935163517
37  28 970848393
17  9 2118849820
4  28 460835733
31  19 1344437998
12  39 406799271
4  27 385924942
4  3 437849373
20  30 547003669
17  35 1036821432
39  3 1568183590
32  19 809457428
13  35 848020840
38  20 102123489
14  3 1368121421
4  12 1728951176
20  21 1671444813
11  10 241968309
10  24 98605130
29  8 1830778188
19  38 1127431896
35  25 779873224
8  35 408851289
38  23 1255194589
34  31 50929501
38  24 827102659
14  35 1278088272
4  14 860035002
31  8 95145257
14  23 684055658
27  5 583302684
12  13 267948968
9  7 639575017
39  2 1639833071
19  7 1935243815
2  0 1659026514
14  29 1936188052
20  3 2075414641
22  27 1502621909
33  39 825109607
4  22 887334198
34  10 1183419077
27  11 686318364
9  31 1119275314
20  37 1207635086
6  18 1662637323
8  7 1969716281
32  24 1164907088
38  4 401207867
38  26 1319333394
22  5 1986658766
22  32 1494705671
38  23 62235784
1  4 478055327
31  37 898409252
37  7 1475775972
2  3 74217919
9  20 2101751506
27  10 2090388867
12  36 373262692
8  17 811193876
32  38 1031517424
17  27 1814527674
28  24 1458800600
11  25 893692240
35  29 2125395032
32  25 1801293500
5  14 23767583
22  32 1526263705
23  32 654413618
35  3 297488007
2  22 35842785
3  18 1809810610
33  18 679489395
39  16 1046900987
15  4 1380029855
17  38 1841680953
31  13 1080754893
39  4 848120590
28  33 867506611
9  1 839845646
9  16 877716373
11  27 1598781695
38  7 1789346777
18  4 798416542
9  19 378269992
7  3 1510041638
21  14 1013105284
5  23 513047333
37  13 1276157469
29  13 276100584
18  25 1949028173
6  2 1838313685
3  4 1282975899
27  33 1067279358
18  9 347416331
18  1 188552209
29  23 1207055269
1  36 1429320906
5  4 1223314476
29  28 1521024101
35  17 1042232651
5  31 695720516
0  16 1800662301
14  22 1661161654
25  13 994705571
15  17 1746866057
33  18 1637607853
15  21 1385533309
30  37 1376103476
11  7 1471661359
33  39 37027060
7  16 1747230459
11  22 1915133889
26  29 166570395
0  28 2036091484
21  9 908575280
24  4 1649963153
25  32 1741679775
22  7 297162857
10  29 374058425
34  37 577638147
11  18 1315991196
17  13 2025641687
37  17 2054329586
10  3 1282975479
16  33 929383438
27  0 1494570121
27  26 1152370200
23  6 1857583302
4  28 505323917
30  3 455530762
25  34 1414620440
25  5 1097544412
0  22 1971492868
14  39 1915044894
31  30 2116917534
10  12 33316032
35  28 1086763496
35  8 1813551104
0  6 1832329452
28  22 822198396
20  23 983763088
14  4 1480531256
22  25 741479304
32  20 55787039
6  19 1665626287
16  26 1487035800
31  18 856634551
17  28 146150768
28  24 892354154
0  34 406305265
19  25 1271537479
25  33 365221369
25  32 1646931801
28  36 753310151
8  38 1547173185
11  25 1483519833
26  28 413463792
28  12 1444627997
11  19 665112779
7  37 1259537646
17  9 1508787307
18  33 126594014
9  27 1401663900
11  12 1593218257
33  30 1755994866
37  34 2015135054
9  1 72568178
30  19 55228415
30  8 558597031
13  12 571355953
26  9 71479670
28  10 600692923
17  19 1435004627
24  25 602501041
6  38 1798591023
34  11 1308863870
32  36 279522092
18  4 1758627350
34  31 1854580446
37  1 1337651335
8  27 388851191
4  0 177451846
20  5 1512886802
5  10 435037679
21  15 1956496993
1  39 252317626
27  10 330598492
12  2 1690380284
8  21 147509270
4  37 1609419669
12  29 915268946
29  38 2062839193
20  3 1555920311
9  20 734671562
27  10 1843575211
8  14 1222493323
5  10 1624587198
26  13 1098498449
4  38 519094779
16  0 890348538
35  30 648397488
27  5 1917728350
22  6 2052244981
27  18 386913147
11  20 519900453
13  19 1838392530
2  38 29393758
31  12 415775963
15  33 459836193
16  8 765714696
20  22 1579293786
3  21 383343929
35  36 128867838
37  29 1518818297
2  35 609097248
34  21 682625494
24  33 538024228
20  1 682554607
18  24 372077697
22  16 882804005
6  23 2054049693
39  31 311138461
24  5 372693761
4  8 1561658113
14  11 2097666176
11  25 522362166
4  9 390382503
24  8 2111007919
3  32 2081953018
31  26 1055619428
15  27 1284379328
28  39 1846175939
13  34 243231413
11  19 2134100304
21  4 1511059282
34  17 2056136678
7  6 1040816808
0  30 500764387
3  12 301244598
27  34 1491783063
12  21 80633375
14  13 495173893
38  5 1369657497
17  12 1086864451
22  38 47456336
1  33 1736770988
16  1 809303342
33  34 773062614
3  1 70897415
36  16 926544954
39  26 591692660
14  21 2078097473
12  34 257268852
25  2 1697211008
20  23 1810519161
11  3 448988916
17  22 1051177398
16  13 167554175
23  27 1087185494
6  11 124632552
26  0 1893894861
1  27 1118986576
11  36 1393356928
25  38 927017705
28  32 2049493264
2  10 1013421282
17  29 273865231
11  25 92749557
1  23 1566236093
28  38 1933301437
24  25 1655580113
20  14 260069505
27  31 1763809247
10  18 1924926359
11  29 987246003
14  23 514080882
8  33 2142263643
10  16 879185053
38  14 2092912967
12  28 207233105
13  6 1415946728
22  17 11730808
2  5 137531665
5  15 1749183556
23  12 906893124
11  33 26083744
6  38 1428513383
9  13 423675304
22  11 1645598950
37  38 1916794100
34  23 916700087
11  6 1180087632
18  9 1998992739
27  34 1969235516
29  6 793634726
29  20 533552629
35  13 2033255040
16  11 1347974426
39  3 325283387
12  30 1513488055
3  20 1936671276
1  20 1819606851
5  7 1612062092
2  12 373293373
9  20 1088636362
37  15 1230288783
24  27 1702679165
11  36 1039578581
2  8 412740234
0  20 1882722561
2  11 407757917
15  5 668478954
18  34 1265670177
23  34 1573514575
10  19 1682119429
25  38 842275061
24  20 782729763
1  10 1726189042
39  25 2055503217
5  36 1331612592
17  20 722907037
13  9 2012988630
17  38 934975739
0  30 1045593623
36  0 1023722198
17  27 1254147199
10  37 855092805
8  22 1040807370
26  14 1510273634
25  19 1082142400
38  32 1808227412
22  35 1456123860
20  18 76454317
33  5 644050810
1  27 737850239
22  35 1385338883
32  5 431374115
28  23 1966368985
36  38 564706275
2  33 753035835
21  15 1261034705
26  28 915007644
36  33 1433202259
23  13 893735665
9  0 1022154644
28  14 286225572
17  36 1825744815
23  16 1210701481
26  6 785146649
13  30 1692828536
17  11 983209700
6  7 1636365826
34  13 700575281
8  29 2092332944
18  21 1078262925
16  28 1161570720
38  13 1818640484
7  25 993528248
26  18 1971523554
20  9 1510638222
37  0 374448234
21  22 2040566850
4  12 2058185401
14  29 2123704268
1  31 2133460514
8  39 1575841431
2  32 323568843
1  37 1409835258
2  11 972250518
32  12 251973903
21  6 1144920088
2  0 180089885
30  9 1439194527
12  34 604681897
8  38 867025831
16  25 1423420720
32  20 647355205
8  3 840787131
30  5 1860121471
12  27 1729055812
10  20 958889499
39  5 1538973679
35  17 1359160413
19  10 793023845
5  8 758389956
15  1 402081405
34  39 1096774153
24  34 265470530
21  35 745382295
16  23 189807081
6  9 469695397
22  30 1985219341
23  28 608314217
5  2 575079017
21  39 1355818305
14  38 1931322997
11  27 88618224
22  20 257537020
37  39 1104617058
17  1 1449573252
39  9 513809136
6  7 1882936125
21  5 67801055
19  31 355450758
19  25 663440279
13  19 142197585
28  29 146821364
30  4 1662511103
32  3 2099268116
0  17 1990833662
15  8 456918372
