800 40 8 33
32  39 1137468119
1  9 1620860093
25  13 655234581
25  5 2105675534
8  24 1483485198
3  21 115933561
33  11 1674553186
11  18 333662072
2  38 1138049376
6  24 1628992668
13  12 1082809722
26  25 1497660586
37  31 289372326
19  9 1347799960
27  7 23107381
26  3 594542543
7  19 1972553005
22  30 100710683
24  10 1355512467
10  2 91645648
29  8 1328406097
20  26 1841832693
36  14 536543150
9  34 2058594578
29  11 727949724
18  0 494660373
22  20 422246395
2  35 1935451282
21  36 1316007981
18  5 919606651
22  16 1746939727
2  31 1507229176
25  4 343750845
34  19 1544556882
16  24 370167952
31  11 404737084
17  1 20600939
25  24 639751501
21  8 605621532
12  25 22446206
6  29 1488794655
16  23 876288889
15  25 598168425
18  31 1560413115
24  27 524577431
30  21 2042472676
21  1 1840490669
16  32 549466223
9  39 1472644388
24  11 1809712887
18  6 1926478506
11  38 1502801397
25  3 1056831532
1  39 1239143490
30  1 1792904563
31  32 1955872872
18  17 2085308824
19  6 1216096185
3  15 1826158498
15  22 406421293
21  15 891072351
18  21 355398827
22  25 1595424502
31  6 88666362
5  3 1553413619
18  37 592068203
4  26 137177228
33  11 899048283
33  27 1521310418
18  35 1406227201
24  20 1761051807
17  1 1356815159
30  28 119445595
10  14 1682719162
15  13 593360376
22  24 208849542
5  35 210434584
37  4 1499638879
18  7 2044372260
5  17 4281896
28  20 1921712122
19  14 964659701
11  29 1247196371
18  8 973069977
34  6 1200222029
38  16 1961596006
20  29 278875340
34  33 1976000943
24  9 147615509
22  6 1903034037
12  21 471021161
13  29 1528125651
11  4 1890282736
16  35 2078494683
37  12 207018515
11  3 1276791326
2  15 800910811
17  10 353122219
14  0 1816020275
10  5 1967296660
24  22 735855259
8  21 1977601936
13  21 1321158283
26  22 1415075058
7  9 1071010074
31  17 29880061
12  29 1424113798
26  35 1912211976
28  12 1019859847
31  26 1577764765
18  31 499535816
29  8 859529280
37  36 1938087857
13  17 1972868781
36  31 157671568
34  23 1892454217
32  7 945140715
12  2 1868849030
27  32 516802372
31  19 296305000
20  13 2021034808
0  9 625497367
28  10 1107676516
30  7 2105910778
26  12 124693899
32  27 727861616
6  12 34854267
11  16 92575437
12  36 1935064723
28  7 600336116
29  21 769534522
10  29 173364985
20  3 896784461
39  16 1831205505
6  28 1309085837
25  4 1747472681
9  22 1798496911
32  17 1477326750
31  39 1631060614
36  27 913820967
28  10 1417472872
19  0 264416569
33  19 1041291002
18  26 394223930
20  5 634995195
23  30 1964479181
24  4 1705505446
11  23 1775801084
36  17 519600566
0  32 1034553860
5  4 1056833014
39  20 1205513867
29  2 936202428
0  11 534358880
7  16 1189204687
34  27 2052133504
21  26 886180942
26  7 414790407
30  39 298696835
19  34 1714523842
28  25 324843446
37  12 1055879664
12  15 1898113743
24  28 375981190
13  32 220700375
35  8 840282932
29  5 2006181568
6  3 59726539
1  4 1450995210
12  13 446409834
32  9 1530975396
30  32 1468353511
5  8 1614814648
14  22 796435823
17  29 1640241621
4  22 427755446
38  9 1167768267
38  19 544664221
2  0 769142945
22  24 780710196
3  2 1297727543
29  16 1849369190
37  16 1899790635
19  31 2022068435
39  19 549070527
12  26 1055546615
22  9 732466971
7  38 1947178474
37  27 2114050428
35  38 1497961606
32  24 2110650014
1  2 1326162813
27  4 140946282
31  23 1033080109
27  32 1437184020
8  22 14697860
15  21 506935398
27  3 371360056
31  11 902631308
25  16 1068589985
28  14 1923005110
8  18 2011627001
14  5 506258415
16  2 1180336582
7  10 210074967
15  38 1175135024
24  33 646994257
22  32 932204153
17  29 1739379767
12  36 2079268319
34  1 1851937960
26  21 1246888831
7  31 269697756
14  10 1991882281
12  6 638522973
24  35 839270496
3  39 323820131
11  19 1623372896
39  28 1656629711
36  27 266388015
10  32 766281727
32  30 1369464224
29  27 1606850436
36  7 198721241
24  39 1866700611
26  1 1719161248
1  9 1288465285
2  7 1942191848
17  31 279397396
9  5 573367418
17  11 720005004
3  11 218734596
33  21 551803858
28  37 549156189
31  35 95683518
32  33 1567899747
1  33 462777268
34  9 923289572
3  18 1653009948
30  7 586627641
3  32 2087189841
25  1 68586843
25  8 1521450909
16  0 1217372816
34  10 1405502250
37  30 1145415031
35  15 1775645686
9  29 2131130543
24  33 1092528013
31  20 212386780
27  6 1318198343
10  14 754569761
9  10 1208580983
20  11 153366328
34  22 82968679
8  14 1187675364
4  26 1777334979
8  18 97964877
0  37 1750351244
22  14 1878276651
30  4 1938967015
23  25 1724042561
37  39 841761129
12  13 1729197827
16  20 1698176693
33  28 690371513
14  34 675601065
38  29 1866312545
22  37 935083349
15  21 1070814206
5  0 1787795130
17  15 1125430898
12  20 597478748
0  31 56905724
15  32 1134854760
16  29 700358829
20  21 724486535
31  13 1578631489
32  12 594793771
2  10 2015185424
37  9 1179876573
3  35 2003436798
0  38 1002206231
5  3 411441938
32  23 1613188210
37  25 695585040
9  23 2124377436
4  28 1197912187
37  35 387053400
30  18 943109892
11  24 430763158
9  24 6278992
18  12 617968412
20  30 1128503654
36  6 1979527237
34  31 649381279
20  1 647260168
38  22 1750234551
7  22 1637410223
1  17 409391925
6  32 1547317601
4  26 217558795
35  36 890342000
28  4 1684535180
21  39 309705736
11  19 1613406717
1  34 1049530952
9  27 1599244726
4  9 1407987666
23  39 1227322572
0  14 447171686
12  7 621719927
11  1 547792840
10  22 1093768668
18  27 1085506481
24  34 845563156
19  13 560112420
3  21 1142477766
16  19 394774589
22  6 719524622
11  1 543460577
25  15 1341311354
25  24 914277823
36  22 1418129792
34  20 1564493046
25  5 1550246408
23  15 1593321126
12  29 2033602747
12  27 295698627
15  31 1699818276
4  17 2138030167
6  14 1259771189
12  8 113308813
37  16 1480425918
26  31 1364937902
27  37 1500088606
0  28 1061345360
10  9 1885148514
4  38 1471875719
36  3 1254841296
14  35 1874763634
33  9 1265408237
27  20 440668294
28  13 1665756475
9  37 1384727701
22  31 260904095
5  4 788270779
11  38 600929736
37  9 1764723205
12  15 267254993
29  6 82334101
9  11 139115813
27  26 2044188483
4  12 2135947992
36  2 501631898
29  20 373259949
18  22 1946427703
13  35 1869905718
27  24 798205167
26  34 1319977997
17  13 1265199871
34  3 14666988
9  27 1240732708
2  15 869814513
20  19 1863246671
22  21 1751870170
12  26 689533178
13  27 686274520
11  0 667332916
5  18 692285416
30  39 348418142
5  26 683267032
25  33 426839880
14  19 1915901896
22  9 1724780904
35  33 1766968886
32  11 1709525752
35  25 1600714159
32  35 565596544
4  25 702216326
7  17 1852310290
30  21 565489229
29  11 1543565977
15  16 1551233551
4  22 278036917
18  14 460601470
28  11 594943287
36  7 123016190
12  33 1767704230
17  6 945208264
25  34 522705482
4  39 587650005
0  12 1291381424
17  18 448402718
4  25 1438752496
21  10 665654478
35  7 1737086003
21  8 222242088
32  19 2096289282
9  31 910567324
25  18 90893466
39  6 1305609693
9  24 538471124
35  2 1605391052
35  9 1099371566
30  11 832144420
36  37 1774931561
17  34 358321541
25  29 1566528608
10  13 1309824805
36  5 762958072
21  29 1540559960
27  10 1219172912
39  11 1226558045
32  4 490951143
30  31 2129687511
3  2 102849507
18  24 1488147968
36  2 456392861
17  21 975570950
20  32 515370391
28  20 1011231242
20  14 503836213
3  35 662604732
26  7 1252402163
15  25 162335561
18  14 288942548
32  6 591175752
25  39 457224827
18  39 1701302227
28  36 1455250541
6  28 958177242
19  2 235994943
37  28 2058715605
10  8 986593735
4  20 1532235842
11  26 800197287
6  32 162931
39  35 218750061
0  33 442840169
10  34 1472779824
37  0 386094559
33  12 167260055
8  37 399758581
34  37 521527054
14  19 222207669
20  31 643957413
29  21 1128514424
39  21 1131291284
11  25 598492315
37  21 217195729
31  27 654746352
35  0 1201414195
36  32 100514525
34  26 579100978
25  31 1939984222
17  23 864804121
35  19 1679188006
7  8 734350771
7  22 1464824278
29  4 1871757553
27  5 649400815
26  29 1939431786
14  20 675092294
19  34 1377472340
18  14 1718629808
21  39 905479150
19  34 319303941
29  4 1760282353
15  16 1977190609
27  35 1318631028
11  1 771088569
6  14 1589882831
17  20 1467391259
31  32 1736606685
16  2 1061097797
5  23 667797434
12  19 396807544
1  17 1721618400
37  2 1818684097
36  15 1300623454
35  37 1914820787
34  38 679795565
2  25 657445647
32  15 1034990512
30  26 159254807
36  2 607788461
3  8 1030226849
5  24 1240453989
6  24 234134999
38  32 1477576417
28  25 892601378
16  23 1493638918
15  7 1830545245
39  24 282841418
16  35 1885593112
34  38 1423341970
13  21 722618230
26  28 945765470
8  37 1886183590
21  31 1235576354
3  26 1615347664
21  30 554967994
11  4 621859925
24  19 1037734262
19  33 499570082
29  25 987618561
38  17 1809874952
12  13 1388434537
21  13 1357533572
13  18 275852469
10  14 590326026
37  27 1266361008
21  7 125548123
20  19 607330695
25  31 250067993
25  6 250841642
0  31 290443745
3  31 1605635105
23  7 356796732
34  32 927824523
9  19 1107833912
3  35 581497671
19  3 675984652
20  35 1690721298
7  27 833156294
14  5 1738736179
17  3 603882356
14  34 1030696431
34  24 895289510
31  11 239374006
6  8 300417946
8  9 1987324258
36  16 84676812
17  38 47987804
1  25 474986279
12  38 786224598
13  16 594894824
16  39 1093014916
22  10 625106567
25  21 1828263275
32  18 1722185265
8  28 1332514638
28  12 1815987874
27  12 1859493465
0  36 1334250793
1  24 576655261
13  28 1902449086
16  39 1012900469
7  24 824815360
6  35 430196018
34  3 475777903
25  33 1307677486
27  14 1991893788
34  35 207473564
12  6 53110509
6  7 1864487370
12  7 2070544474
27  38 1049644810
32  35 1425365464
32  24 872081119
3  12 1458671766
4  2 97021878
8  7 1001191320
26  16 1794915426
32  9 2140539056
8  21 1129685854
15  22 706581848
31  6 923892315
10  19 1027771865
18  15 1723890247
35  0 848770599
18  38 1971466867
4  13 1284074100
18  17 1306624331
34  16 1985905872
37  34 303504631
39  15 529659787
32  31 127491627
28  19 1610616293
21  0 599506091
0  8 198919118
16  6 162950725
4  24 1992779599
23  20 1403259837
2  20 222481041
33  14 199970398
29  25 1768574083
38  2 1357064292
12  22 1710586643
23  39 885898480
27  10 2108417200
6  35 1379816850
11  29 1136848310
9  4 1468072675
10  2 641019871
3  0 543680727
9  6 81000192
2  19 1921315209
9  12 1986516475
16  8 1305277727
34  10 2088580603
17  26 1314711068
18  32 1917917234
12  21 1836195074
22  33 38568199
15  34 426345127
32  0 955418337
4  0 881423938
3  16 1308528973
15  28 416733324
0  36 1316541893
17  2 1189460095
26  9 735561651
23  15 1891904717
23  16 1931161028
22  26 713567421
5  35 1935928049
17  31 1631550574
33  24 1619363674
24  1 557684030
15  35 1583201023
23  34 767188019
29  30 360931904
22  37 463823291
35  4 940927241
28  10 850522406
20  31 1179390546
26  25 262903468
8  32 776225734
23  22 260268556
12  36 1329357796
14  2 758744811
3  31 1946568262
31  27 433974996
2  31 2025385801
21  18 1068176117
5  20 643968568
36  13 398355768
5  38 1359292274
36  10 1800486674
9  18 879026656
28  21 745407951
17  20 132593000
31  4 96605833
14  38 2046012797
8  3 1067285830
14  17 1838855195
28  2 1505464799
14  25 710697703
10  11 1629441716
17  21 17313674
34  32 541233270
11  35 1763092915
15  34 775504717
4  39 703715710
19  9 263187835
7  11 1499430105
20  8 699613445
5  1 140980848
25  39 1868955780
3  20 1108190632
22  34 678832801
30  33 1075721719
18  15 1465502990
7  29 42400171
8  3 341323632
37  0 1068407184
16  10 8284145
34  23 1028127923
23  8 923260278
32  18 1630494439
31  27 621658183
34  24 172977424
30  6 151121020
24  2 484192440
15  18 651105136
35  2 302788094
18  4 70130663
7  38 907391416
38  26 569940017
6  12 595223359
9  19 308734381
39  9 462699273
38  17 321241791
15  28 1166724232
37  4 197151699
31  20 1277181097
1  2 523783012
36  8 210265997
14  24 1751419117
3  8 1789807947
39  17 1627200988
21  32 912377784
13  39 1492406873
39  35 611904936
27  4 1841383946
39  11 1473794138
27  17 2047039377
29  36 940188521
9  28 1746013929
39  36 1758844149
12  6 865416916
16  8 127801203
29  28 328823944
38  11 1622148171
4  7 1434098719
16  2 636208081
11  5 1485233962
33  35 157079024
35  36 618234660
25  33 1240796100
30  24 1864638113
31  24 1760217606
7  20 655941710
28  7 1093065981
27  3 1015303529
3  22 1101917567
37  27 295852825
16  15 2105677412
28  31 1363526234
39  28 1326655448
36  1 1357734889
22  0 837447976
35  11 1736442422
3  38 502048742
11  19 65862208
33  5 583290774
19  1 1885789496
15  33 7503511
14  3 1346324792
5  32 982161361
10  11 1323780466
25  4 1455149345
36  22 656239760
9  13 1299573561
32  13 2105553150
34  39 1334511210
30  13 1331372561
32  1 1063255733
23  11 1326988244
20  23 1037619010
27  26 1290251946
12  30 1346057298
26  2 1136934810
24  1 477526274
22  28 1233721115
23  0 73557840
0  38 595746629
39  38 1746978103
0  27 1326468544
29  38 1987233656
29  21 1893600075
27  3 1748739096
32  27 282323767
0  22 528095738
26  36 1175457005
10  18 1370888142
27  15 664138130
16  18 294227875
3  30 620247048
20  26 765515
11  18 36101140
35  19 1648898213
33  38 1024573472
30  15 1706393987
38  37 937326885
23  4 1456840901
29  5 2083312293
15  12 510093704
37  21 160715001
21  27 873743436
8  2 1272048121
21  14 2010848055
24  36 1093391057
16  2 1862300965
8  25 810252118
38  4 1964687990
28  12 1821989059
23  26 975872949
4  8 206535125
7  19 854121916
4  0 1395710244
30  39 1549816004
29  12 1547132217
35  33 1311198479
21  4 1043496758
9  22 168767779
29  6 1989484190
14  20 1968144453
21  32 2050711757
3  13 13303388
25  20 1812731303
19  34 1110399396
27  10 100125110
14  17 271752003
4  3 1720832144
29  13 826185874
1  8 255980385
39  22 1532962113
