800 40 4 7
10  14 1917464642
4  9 1002294477
38  37 1578926764
39  15 890123793
36  11 750277829
3  10 2023666064
0  29 1774440230
29  18 1573506243
27  9 375935913
24  11 1416932240
15  36 1490856972
13  8 705397604
18  3 1825583619
33  0 1895392233
26  12 990507564
22  2 1687726223
15  14 1194128818
0  27 1256931585
6  30 1987245158
28  2 2000416488
5  12 615685473
3  10 741313193
26  37 2019632009
12  19 1490854813
1  3 1284639780
9  34 1595204159
24  29 1930037927
10  3 1158779790
13  18 497155392
32  27 1319995850
37  20 529642444
18  15 485606608
38  14 1992627300
27  13 1822407094
22  29 1231885619
9  34 162348840
11  32 392964011
34  19 1277322912
26  20 1971059464
2  37 143500106
38  21 778915840
0  9 1016323914
33  27 1325548727
8  23 1933440795
9  6 201929786
20  38 75466091
27  20 1725848594
10  6 1265819492
39  35 1394159142
2  15 279042667
29  18 1462849314
7  33 918508566
32  33 640345217
39  32 390262339
16  24 886421461
24  10 587680073
10  35 1946776848
21  23 1471309980
1  5 647859469
31  6 153945823
38  17 427424358
17  20 982344654
17  16 2061825285
1  27 1220303214
4  21 1362825008
3  10 1089064950
11  10 1526928886
27  4 350672127
30  38 315248878
3  26 437678922
28  24 1939111758
36  1 1021436179
28  39 271244273
12  23 2119795759
6  0 1914558500
15  7 457897420
15  37 141693900
23  25 2109266144
9  36 1265579020
37  18 969508634
23  37 1714232483
5  39 422493217
0  22 570014188
35  17 771726126
24  34 644271828
22  16 105561371
27  20 819966288
31  36 1407139461
20  22 102020638
0  7 1001257132
37  24 932075693
28  30 982008613
31  7 516406790
30  32 1452686249
39  28 464677657
0  19 550621148
11  10 1062656824
35  21 1278291329
16  31 191719139
30  24 1778481937
18  35 1689708900
30  28 57465935
2  9 1180367816
22  21 1114822948
13  29 594948561
1  32 1370256705
14  25 369525739
12  14 1165171726
31  36 638716690
28  15 933468650
25  11 83985031
21  26 1257008446
19  1 1534717488
25  14 1003721676
30  0 2082342932
35  19 1196051518
38  15 1737514564
9  12 1447226178
14  25 1290345132
24  39 1868438447
21  31 1917820760
5  37 1376931059
33  30 1465479056
11  7 2042236287
29  24 1608782570
35  6 602887223
1  9 1771224853
8  32 706949763
27  35 1537272083
6  30 497123760
32  19 1655358642
21  27 1408370454
27  37 76459425
37  19 704936475
18  2 456577983
4  39 424799053
39  16 2097533473
38  8 657519335
18  0 839743666
38  37 2016083278
26  20 1152219811
31  37 721720311
13  17 499457728
39  1 270787395
11  28 1466083319
21  39 206244892
9  25 1991938922
5  35 1495459625
31  24 1361061616
28  6 860419765
34  6 620444706
27  34 130550178
3  1 53207583
9  16 2012354673
4  25 225526904
7  28 614775022
36  6 1549253150
28  32 137095378
39  22 218885914
33  4 603749747
14  8 352925909
11  14 733440723
14  32 814460462
23  12 1037300165
38  16 836435038
2  24 1262723210
18  13 898257267
39  30 394637452
24  4 932828147
3  21 1357781091
18  27 1121865577
29  24 1432505229
5  30 1311022897
24  6 1425352054
5  19 1337501831
21  31 340393046
31  12 1244932884
23  27 852412211
19  21 1613263069
25  8 407980628
34  23 1109552295
8  32 1563902457
5  35 338522846
29  28 685101311
20  0 1884006122
34  6 594566071
13  37 1682167794
34  19 1834455765
38  29 544009120
14  9 1784880309
18  17 1578692621
33  22 562615588
16  9 42351657
23  35 519822168
2  38 274787521
27  38 28280037
22  23 199026723
21  13 698527537
18  2 1465728220
24  19 1594969065
3  19 617172301
26  20 1137613442
7  0 976032084
27  15 1910524853
17  4 786674867
19  8 860132260
21  36 740374833
34  15 978881228
30  7 735137048
10  8 607306831
12  20 187357782
31  18 348983658
30  13 886004212
18  3 129924088
30  21 1045747606
21  19 2076673552
36  26 1561565452
18  14 998675232
0  14 2118714845
23  14 896500129
14  2 1824540090
30  29 1287881624
15  25 1050948199
10  25 41518544
2  24 2133268487
26  18 1271864384
32  18 1526613966
7  32 846674671
21  0 220478852
16  31 640106191
32  28 947240767
11  30 1970961931
4  32 1871470672
30  39 815102959
10  6 1329072204
28  21 1381720402
1  15 1467138667
13  38 1172205231
8  33 814160134
1  10 209218257
15  28 170573154
9  35 139147448
27  21 1601865486
30  21 1911589697
24  36 1404029829
6  26 345187927
1  16 1458348929
33  23 1146474134
36  8 384023858
22  7 54103437
1  14 1343536677
39  31 349645794
33  7 1374961244
10  35 1470798731
11  3 283027052
35  28 500464693
5  38 641632370
17  8 1979652011
1  2 893998695
10  22 719051221
22  24 223453030
0  30 2012155831
10  37 83958339
19  27 568396980
17  26 1324803990
22  28 54222742
5  37 1419634015
26  14 1600778977
1  36 1955273692
36  33 880973237
31  4 1744078009
28  14 1284313453
3  30 247851299
1  28 167580411
13  35 139126381
14  8 1186649981
16  8 464970075
19  14 185838484
19  39 1424258427
18  24 2014859226
23  6 710808539
31  6 698583486
21  6 918197021
31  7 669925774
3  14 942292169
28  17 1228986712
34  2 274862372
0  30 1834749160
15  39 463413571
38  15 1356354977
21  12 936288700
36  22 862104963
30  13 766866249
3  33 1785125260
7  37 330529080
28  38 56347629
36  19 429224134
37  8 456224879
21  15 1219173087
18  37 293880925
11  24 1324576293
35  32 1415670156
8  5 980222326
0  36 338852520
14  15 2013462774
13  39 213406481
35  36 1258866026
24  9 904916783
13  7 1177922237
7  19 1908812310
17  0 1584719919
36  18 1568150072
10  13 1566379656
19  17 606799790
34  3 37998506
33  13 2091679597
35  27 130771813
33  3 137331172
38  1 1359780482
3  20 508933936
8  30 661817712
3  0 155448505
15  18 1185117019
11  27 68512357
33  35 1077561142
32  0 1518618685
30  7 615153406
1  36 1841766495
36  0 2117830486
36  26 844487019
22  8 546288128
29  32 134129589
6  38 2079029594
35  26 521299892
1  27 1044323397
20  3 1398351098
26  10 345955622
20  28 2136158477
16  11 435698114
1  5 1685435050
23  27 2008724508
32  36 1816899704
18  31 455802032
15  35 1174580379
25  29 353934663
30  33 232554650
16  36 419551629
25  23 1695637051
17  6 1537187678
14  9 1523408736
3  10 692137720
22  24 1189884405
32  20 1777214670
35  4 1205000101
29  21 1072515167
21  5 1205743594
32  36 425023489
12  13 401354703
19  5 229208389
1  29 323643175
3  37 1050257963
6  24 274951993
4  3 271603749
28  18 1523048016
35  25 1186965958
39  11 804533805
33  2 1252361136
11  29 2134780351
24  1 818632075
19  24 701307637
26  5 1695146365
34  1 1118501592
4  36 1644155157
29  24 1880085197
18  26 292259125
7  32 952940669
13  32 1534836766
21  16 1665711471
4  11 1361241756
8  18 1463525633
37  0 1767440640
1  36 27483172
3  9 985103994
12  31 27172448
39  18 258718865
31  15 289225013
9  21 546029179
14  24 28775424
6  0 2129481530
18  28 745946011
2  29 1031704764
15  5 159503382
5  22 1602266538
25  9 514056517
9  20 450487194
14  35 2012261594
5  29 709073212
1  38 1868410344
17  31 1794734662
19  32 831190108
11  6 1197182803
24  8 644820993
32  25 59186594
7  11 414769671
20  9 522026977
14  16 855026106
16  0 1710461278
26  32 1728795893
10  35 909069128
39  3 1822797083
39  13 829673289
9  25 1763702389
23  2 136318378
19  14 1429965967
39  13 1400417565
36  14 833901163
17  5 1118885874
29  4 485606511
11  36 990078706
7  38 2141904263
27  34 1850310887
37  36 1471955699
1  5 1845618439
14  30 990052043
0  14 915362397
29  19 6328909
17  26 540707723
28  5 573187784
15  22 1021672004
36  2 1953203004
37  19 1547392584
9  31 163274333
31  32 422462460
5  7 800122950
30  0 1359780126
0  4 545290846
8  4 308034368
1  2 171613885
25  13 929460467
3  31 1413874891
5  29 792817823
20  19 1110192729
8  39 636598328
15  28 1777599131
23  25 1069446637
29  10 1648406489
27  0 803709723
22  16 1179914778
0  7 1903659985
12  5 1190957764
12  34 1298054126
23  8 1444279219
0  25 1036940462
16  2 408317786
20  17 547770797
35  34 695069093
2  33 2122475123
35  16 2066619678
16  0 1644461135
3  13 2116007324
7  27 489762696
23  21 1268541017
3  18 1948099380
14  12 1383575954
20  1 1102484531
15  2 1584215089
18  5 379471504
29  37 33994240
31  36 1730875481
26  14 171654122
35  9 1520725355
16  9 2043092675
22  34 77490980
13  23 33712955
32  36 1854510910
14  32 1478669377
14  22 925236763
16  2 488704957
9  13 1720297557
20  2 1666511992
13  20 1785888713
11  30 832255154
32  7 1461119810
28  19 2004194632
27  33 748260361
30  22 1608377512
18  37 839661614
19  36 678293075
19  9 887100900
16  10 402462068
33  4 501858652
34  4 849716052
20  37 667554929
3  29 613355566
30  23 1401208378
6  23 636546073
21  30 854784990
5  30 240030380
19  38 1446867409
5  32 1180129268
9  19 1123308663
26  35 225863078
5  14 1083097365
11  34 682919331
24  34 456063119
12  38 1257076796
4  37 1403838877
20  3 969402420
31  28 775172506
1  2 876261466
28  23 662366056
13  23 192481121
30  18 77509091
2  4 67461763
14  37 478338387
5  30 582742628
29  20 1969622613
31  20 946260792
1  17 1191370067
29  30 1217667501
11  18 31388680
16  1 622853233
23  36 735558016
21  28 2036218649
32  16 2024094096
20  24 1761296493
18  23 649242088
14  28 1775647471
26  30 1190802619
36  28 1735216511
11  15 751123950
5  13 837399575
23  0 16888895
12  11 2132483163
17  25 949645083
28  4 1398649409
10  25 1562691106
37  39 2044526914
25  27 1572651076
7  3 654479579
28  23 1269688251
20  13 1731036915
4  23 1129491939
7  24 715645114
35  12 1113655733
32  29 425146531
35  11 1750824336
39  31 1435544256
36  35 1204792993
2  34 106502670
2  34 1174470992
2  27 1065258802
38  37 215651551
6  35 71930081
27  34 1274775679
31  11 885320131
21  29 287957011
28  7 1405608477
31  2 1812311000
30  26 83438268
16  36 2139581348
38  37 282242646
2  34 597562445
28  6 95783335
13  31 1926698369
20  37 320929115
25  16 492894688
34  38 177121790
28  20 1256106784
27  30 643886860
1  33 195039167
38  30 976238734
4  3 1389801767
3  0 1500154428
26  15 1355125613
16  3 839359197
1  33 203856495
35  22 1481211736
37  31 423394769
39  0 1954069045
7  15 1682653674
21  22 826544780
26  28 1347828974
23  32 1856563312
3  13 787920896
27  31 1964070190
3  37 1409322897
0  35 37610194
24  19 111699333
7  8 1332036787
19  12 1258714122
33  9 209564838
7  29 1422933095
31  4 1173087259
15  12 409738254
29  21 290378316
39  2 69102707
8  26 1515930693
16  30 1504039062
14  17 2074942034
9  35 1882713997
8  5 661241951
20  15 1316264335
10  0 1627008886
27  12 642462250
33  6 1392155917
37  34 28483702
12  16 787756558
29  16 1830083660
10  35 1791732329
2  37 823254898
16  3 540163277
18  8 1925965332
6  0 994706469
31  1 1994481450
9  35 56456520
36  22 139070044
39  10 628408207
13  30 119331132
19  39 1803923441
8  9 1434905252
7  26 1591572118
5  12 297619585
6  24 759341331
30  19 823972164
24  36 499300236
0  34 565155095
10  1 192425983
29  12 271945659
7  32 503449472
34  21 1259499453
20  7 1459930744
36  19 347096154
25  2 640144180
16  22 513667399
38  26 1486323156
17  29 1263409161
17  6 1044402451
39  5 75851071
35  31 388754681
17  9 714603059
39  22 1939416418
30  1 422066890
4  31 938721394
4  25 1505338307
9  6 1754501230
29  10 402103781
32  31 742516262
30  33 982733429
9  29 1224060627
9  37 735229448
7  16 770901992
9  32 1042398265
10  1 840832250
13  31 1950652741
32  33 1819068864
9  19 1571065098
3  24 988530551
29  35 1223466479
4  10 1996179864
26  3 531348618
14  38 2054157721
39  4 1274718842
32  16 1770085423
31  32 241109275
24  12 1124431111
14  32 1597736969
22  34 2048820485
17  8 1417215422
12  4 1140653746
28  29 2123549322
3  21 1249445638
33  21 261639090
35  32 1454563710
35  36 903850839
30  7 60814179
26  7 390794429
38  4 640768002
11  35 1494715523
30  13 1155022372
33  11 953227158
9  25 331949809
5  19 756786569
33  14 104925115
22  1 1185294890
10  26 551615892
18  36 1626425603
29  14 538180193
21  31 902735535
29  21 1328885599
1  35 1302951489
24  19 1928473536
39  8 1641588759
7  37 1649595808
38  29 863325681
2  0 137367560
32  9 1596745455
12  35 408723375
2  15 2067715914
3  22 1490693066
5  12 194595606
1  13 1333949932
0  35 784894639
1  4 932216997
25  21 1416118363
5  7 1328477877
8  2 971054468
8  21 1741504487
11  13 731663576
26  30 108185139
23  15 1252574258
32  10 1594508246
39  19 1488144202
6  39 2020336168
10  13 110370218
7  14 1605161498
7  3 574512726
23  34 875060692
6  38 313507810
7  17 1683842788
5  14 1401677001
13  34 378529432
15  33 1962994737
1  8 1322269381
14  38 1124654350
38  8 407136845
17  2 1580868425
18  11 1457616177
36  10 675731467
14  15 346908226
15  12 801141896
18  19 600981947
25  14 1451579629
33  9 2016262331
8  3 292125327
1  13 328978826
0  12 348400523
27  8 189150294
5  23 1966306707
5  11 562742197
31  16 86108857
25  38 426603171
24  34 387587531
37  31 1180721191
20  32 342010582
9  24 1782489837
21  23 2054256470
2  19 897879721
9  10 424803191
1  2 1719457612
35  31 1733565141
0  11 1975216269
31  22 1501987053
36  2 2109273937
29  15 1045447729
19  31 1447371972
10  35 774507161
13  39 1914473614
6  39 230175446
15  8 371054217
28  0 1985193061
6  11 232379393
29  34 408483687
31  8 671392724
35  10 1517712039
39  18 1574882102
4  11 665166939
0  24 1984130670
5  31 1791335297
0  10 633180932
12  31 1178191111
22  36 1301643031
5  18 1335826203
38  11 1403597265
33  0 1012319573
39  4 788757324
8  14 1357612996
18  7 578600635
4  18 741215697
3  35 290331299
3  25 1459387566
17  9 646004267
20  6 1662774516
11  13 1465300132
8  32 1893926275
15  30 728444397
25  3 203136526
35  32 860795586
4  21 2142438720
29  23 251975300
21  15 413939749
12  3 1181931913
26  25 739536152
0  21 48599951
5  39 15697560
19  4 1596014755
38  24 1712677417
37  4 819462182
15  9 1111839201
31  23 1661950506
