800 40 4 13
1  5 1597756648
11  2 2091002065
21  24 2136354191
26  0 222019453
11  22 1220168923
21  9 1169140536
28  4 37790747
12  7 465447200
24  32 465353624
6  3 247843968
6  9 1997677381
11  27 1938072901
34  4 1609138913
8  16 1439893914
24  1 1974861019
6  21 1833112014
11  2 1262059450
21  34 2069961897
36  35 1340677585
10  24 488545659
1  29 1444927765
28  33 296840542
20  9 1700839899
30  38 1333833132
22  0 302051129
19  33 1253042536
4  17 1611034260
15  0 1004446687
23  37 1596165703
2  11 1706614137
35  32 1813103710
28  38 822082931
7  10 1199649021
14  30 248440019
23  19 837094211
33  5 1373238003
38  18 1632419753
15  1 566198766
13  30 235981028
22  26 1215882383
3  29 27562754
1  35 1412849045
34  19 2121606920
8  4 1930724450
3  0 672949324
29  3 1516734116
7  21 1153116503
30  39 201779805
20  21 609727607
31  11 413368385
25  34 2097738784
37  39 437043445
20  38 1955323325
38  7 1265180161
36  0 1155118493
12  38 1811840021
15  17 1331146334
3  13 1116066860
28  23 1455962697
5  9 2062115107
3  10 895418884
21  32 616892576
37  16 114083
29  9 899860883
25  22 1994613563
29  18 1884892022
11  37 2017708057
0  15 1637508282
16  32 1480833221
37  20 1454593570
34  32 1834851241
4  16 1301641615
31  38 1765079168
26  4 1210339868
30  20 1535881061
27  22 411790429
28  20 1174965725
31  15 982832495
25  28 206135280
23  32 650751265
15  4 60929187
34  37 572784092
29  35 675872645
10  31 2093543621
25  29 1731652096
10  25 868711736
31  18 387611404
22  38 1335047921
12  23 595829023
35  26 551022601
20  12 1633802045
39  37 1201452281
32  14 996592408
18  24 2028757497
32  21 1587781024
10  39 1262971621
20  10 677967084
6  22 365393305
12  6 368126211
1  9 551239327
37  13 659957065
10  15 832685776
7  32 1195555212
13  14 434949695
1  13 1319759270
30  24 2141501281
3  25 197089128
29  18 577301644
5  24 1886375845
27  22 358672451
20  37 1105498382
37  19 319757798
4  7 633890072
5  24 1717998098
26  4 281760133
1  18 1815728593
26  11 765400461
20  10 1270374889
19  15 904899499
12  35 254972934
7  13 1295923940
6  14 1847277626
34  32 825071512
19  10 2021842920
13  31 803600912
18  6 987655902
14  18 991166134
25  11 1468346971
6  29 1594781966
15  9 1458107659
14  2 96781264
23  19 697955424
31  39 1994231469
7  17 1576336010
3  10 1497711595
28  17 643276008
10  29 402315169
22  16 997251832
14  31 1138183514
31  3 2012775301
36  12 1964251625
0  36 1525593824
7  39 578112548
39  11 322673095
18  14 195800957
14  13 1220807273
6  17 315066468
32  5 2046123449
22  31 1457932913
26  39 2043001498
13  36 2120007526
23  28 1747158455
38  22 2009694176
19  10 518091529
35  4 1269297810
29  4 717134481
3  5 33984296
32  10 873540603
27  24 1708915136
24  26 1398647195
22  19 1610801286
33  19 759521212
38  8 500035648
37  31 330111269
28  11 1815944696
20  23 982556994
33  19 572610922
32  12 231431035
28  32 1384235929
7  11 726918204
31  24 831879839
0  8 1025430190
21  19 527926392
39  11 1432662604
3  28 1302309190
0  20 1233905124
21  34 153391921
34  38 1750453570
25  39 1874115991
15  35 466688198
24  29 2045456529
16  6 684365648
14  21 151222221
24  37 1347158924
38  31 1648938678
0  30 1602877558
33  22 83328122
10  38 1470818686
10  8 1109740393
39  31 2093454845
5  9 231962199
23  11 146912646
23  39 573981502
21  27 1736697791
4  8 1326005395
14  18 669705408
17  18 2041838882
12  9 338587657
5  29 1177610281
39  12 541525944
11  15 1828911222
3  1 708010965
18  12 1024377609
33  1 855287747
23  1 1866547241
39  0 1788547554
34  13 1393147969
25  22 175764645
32  10 1630655771
21  24 1701159884
17  14 1479300663
10  17 1338985339
27  18 346156502
10  5 861710636
34  14 83093386
12  2 325605756
28  31 965706304
5  10 2004900769
33  20 726289480
13  7 731456002
3  22 673374736
16  14 1451554850
26  39 136721459
23  17 1462119639
10  33 431074300
37  29 863795947
10  17 90752794
39  29 748419324
24  6 205693059
9  4 527833650
38  39 11270299
4  33 1197031188
28  0 1637716038
9  6 873895026
16  39 704438280
23  22 293521529
30  18 1052712369
0  13 557462889
27  32 1413867180
31  27 1700284978
32  17 2059348970
31  29 777514358
2  39 2138594524
27  28 762847174
11  31 1124224021
35  24 2013856756
23  29 2012130093
39  33 1591760685
21  24 1188782488
33  37 967592956
22  36 647351867
5  1 29285644
27  3 2135411018
19  22 1668135491
2  38 2063849175
3  14 579818541
34  35 1901791365
34  5 664939814
29  10 183919588
30  31 940745558
27  8 870748810
11  9 1983198044
25  34 1598347772
25  29 1635298076
14  16 1247521937
13  27 1538676550
21  2 615435081
13  35 165023599
13  10 892791204
36  18 1915175064
11  29 1476822582
4  37 449319487
28  5 1228953171
33  31 1599313477
31  10 2055409884
25  3 2012795882
6  13 1095121246
3  4 2049525537
12  13 1377960050
29  4 360346819
21  3 1894312453
9  28 359377933
9  0 582437653
31  27 1576048683
3  1 1931333900
25  5 985389852
5  8 271606838
29  17 927959008
20  11 1506920383
17  38 983132302
1  5 761283912
35  21 19764771
2  22 2061709447
4  30 660906062
6  0 854205648
23  18 1335036060
9  33 1490064256
15  21 416803484
21  6 348547600
30  26 703418801
10  16 787460462
12  4 2097434273
14  32 935662474
17  32 1008202998
14  21 1376930152
0  28 1149003736
36  14 1291881627
27  9 1834054940
14  35 869985496
6  17 1612627998
9  30 284135032
4  23 428707191
6  20 884547059
1  15 730867250
20  11 1866754479
39  11 564464991
7  32 1098503317
7  1 1176297285
21  31 424571164
7  6 1758691686
9  33 1224279676
17  30 1820869160
33  11 640240259
27  16 1889994111
32  27 2092233932
5  10 378988824
11  23 941668737
13  2 1765416615
25  39 1473086425
4  18 763285000
25  35 1992140947
26  29 1834727775
15  39 1066742374
1  31 2100671568
17  18 460376520
31  38 1816104059
0  23 274352750
33  22 1250595443
29  24 150414589
1  14 88695671
11  37 1281968039
10  16 1119255960
2  19 116501395
20  5 2081037549
26  4 307542673
3  8 1561237240
31  30 1707920858
22  1 1953056105
3  19 1370457215
37  38 1634857718
27  3 49094925
38  27 749573779
20  26 455713105
31  34 1053999776
10  5 852684316
34  10 1903398979
28  37 2063376368
33  5 1913548898
12  34 2000206396
27  31 1906203013
11  36 930439242
12  32 978171026
12  2 1802672014
1  29 2059625931
0  26 32031355
26  0 1553710251
7  25 1753848249
29  37 646328850
35  25 312116854
34  0 1815637267
20  15 1173968475
28  26 739233709
17  6 489643951
26  19 1457719228
26  25 339112206
13  14 1804053214
7  30 761512848
11  7 933574903
28  21 156865277
0  21 383604564
28  4 1197298182
23  31 275031429
16  28 1546242787
15  14 821897442
17  26 170907508
6  11 2055491936
24  7 721453154
7  26 1461644656
25  7 1367016035
14  24 2080394146
24  19 2025199312
15  23 1069895532
4  28 495511327
5  0 603932680
8  39 120148033
21  1 1513861635
29  28 1495891375
9  29 2312995
8  3 1868242543
37  12 554064000
18  5 2024368466
37  35 1755625814
10  28 851366239
7  36 2080311512
1  10 2059145396
13  28 1016129801
19  1 1004570651
21  18 671769046
29  23 738183031
25  31 1612996663
13  12 1854137795
21  18 1309636509
13  29 2048455400
36  19 1184313176
11  25 1953739809
12  15 1994593004
37  11 1596601399
3  19 437274016
22  9 2108713934
19  16 1923600654
39  1 805971124
7  16 2090335442
34  13 1172688936
34  21 409609428
22  16 2142516889
25  10 1425956092
5  32 231801220
28  20 1145619259
9  26 1952580437
24  21 2141007306
39  32 602727460
8  19 1986962511
13  23 20903652
26  3 103033876
25  17 803518922
18  27 1741175963
27  13 1802167391
3  9 621517552
10  33 131732161
6  27 1434831718
16  29 2116048226
15  24 299852419
27  1 1169364299
9  14 885640535
32  0 1879485211
4  33 75408113
16  24 101495469
9  11 923421095
29  22 27104155
27  33 242682316
23  4 1255599462
15  0 1751557969
11  20 1615136991
19  37 1053620016
21  39 2040684290
39  8 1838865260
11  18 1770152401
22  39 1811288506
0  2 905848150
10  22 1832800482
11  7 418078912
32  14 547049416
30  8 1787011436
31  0 177026535
15  13 1899276466
34  22 972090199
34  8 1608191113
5  30 2066618380
22  10 859227026
31  17 2116422921
18  15 1514349227
35  10 2146464747
34  3 2004250961
39  34 1557338427
33  31 25867377
14  9 711861751
30  6 1849294650
1  12 1183784778
33  37 529580874
7  24 51813067
3  39 275907194
12  4 93894723
29  34 1994228977
28  9 617457968
26  11 1426002044
34  26 1025456095
26  4 1848582603
31  21 756833830
39  20 506332837
28  0 515206887
39  16 952171242
13  14 2142013673
11  30 578057583
2  11 1896425324
18  7 254793764
5  27 1865439222
8  4 280358432
2  30 1065913963
9  30 836990761
24  29 1821004226
28  13 1275509353
30  2 177201316
0  35 245193163
4  2 307467884
3  11 963836942
29  33 726117137
10  37 1394848105
4  26 807406329
23  21 210536561
34  22 1597286800
2  17 1656166123
17  29 1331688095
30  11 1838667391
20  29 633289319
17  10 1117311926
3  19 2057991159
9  3 1464510036
29  0 396350236
5  19 250573807
26  30 291961317
20  37 1771978376
23  25 894600293
10  21 340084881
23  34 1019774071
17  13 688256038
31  17 1663025299
18  39 852545768
3  18 1238355291
8  23 222367433
39  34 2116831930
11  39 380421276
17  12 326993352
5  2 1740061905
33  22 945933217
6  7 620453285
21  37 1270850766
5  7 1558735408
7  3 2062884048
34  20 765241532
37  0 257985670
13  37 731028419
30  25 1630237264
3  23 411670392
12  0 1633119814
36  34 2092930914
11  15 247980353
25  30 1688852401
27  14 963034623
22  34 2032773880
28  36 2034737237
2  32 1972390746
22  21 714282860
32  9 1155955684
4  23 1850785423
16  11 1868352209
14  3 1086885417
14  11 1247888993
34  17 1876340569
4  15 1338537476
39  1 801903170
28  31 2101369338
25  3 1924546604
23  3 998566381
2  30 888864264
33  1 1771906078
25  37 758268153
21  6 2044952377
19  18 1624309314
39  34 2072844397
19  33 1733017927
39  12 385104071
19  36 1745811505
26  10 1395243347
11  2 525042903
19  29 529679625
1  16 24887933
11  26 1680280987
7  8 1188741366
37  5 1465845817
18  20 73469043
20  7 1722410128
14  29 1693751847
34  11 185150032
35  32 519029999
14  8 529929306
14  23 68799007
19  13 825273542
22  29 1554065253
23  9 1758073076
36  30 779063129
36  28 715206265
35  20 347653102
13  3 1655570320
0  22 1300000582
21  31 920287835
37  39 1224194786
21  37 1649265494
15  28 1835338506
22  13 1529449977
14  7 212125015
0  23 879230778
7  19 1986725779
20  39 1564949107
26  28 1415403752
10  4 1683486778
9  38 493495928
37  2 1092014334
32  1 943145257
13  14 580475568
0  37 188481698
37  3 846425543
32  6 666010595
29  6 633106131
21  10 1060697517
36  21 967704419
12  30 2036157402
9  7 186799337
26  11 461001152
12  4 1261254302
21  6 678986730
36  38 976038409
24  2 1691138747
18  37 1402678366
1  4 454605684
36  38 665339068
9  29 171573770
9  13 1575564933
5  30 2029456978
23  34 407686112
33  21 704522805
7  18 1518302797
33  27 474618760
37  36 1234249776
23  6 108265313
22  21 1931679744
30  11 258525785
10  39 1977116797
0  27 2062007879
37  10 1690876811
33  17 282591526
30  19 1018501714
32  21 1309160177
33  24 1862530830
34  15 879874749
35  16 1496846974
5  37 749023930
30  4 196779511
11  35 625207696
12  16 204252967
1  3 1184832665
5  13 278605340
33  29 1994574627
33  27 1251445365
9  21 85830874
31  8 2062766189
34  21 85813982
6  20 757376689
16  31 738704184
27  34 1102007892
13  7 188922647
5  27 1690340873
8  6 1015869193
4  20 127673007
20  24 2080402712
29  7 549331101
26  15 1033669796
10  2 1016497953
36  32 1517438188
23  34 1952920687
19  32 1038541492
15  34 371971836
22  24 1487777144
3  37 1409427514
24  20 1976592990
1  9 459354911
37  30 1304661428
16  10 1003027356
1  33 1806256135
19  9 1760986499
34  25 145704084
36  7 490561832
6  18 1357397733
16  24 24464568
21  23 581148342
14  31 1074593182
27  39 160020035
22  12 1008732663
39  16 655745180
26  33 140801790
26  3 1492284175
32  1 155813625
0  4 207263117
15  19 1421276635
35  5 1226803938
1  12 374504314
21  2 728294720
21  8 107170436
35  5 1700281645
12  0 1660981175
19  11 1834465393
29  27 1408045208
3  5 914619346
38  15 1961981914
0  7 2092090658
25  23 348986743
22  26 523276121
16  26 633026569
33  27 537459160
11  9 1994902110
13  2 408493954
6  8 1133533376
3  10 1824051990
3  19 740185369
27  34 407714257
33  34 1619095515
14  33 1698052727
22  37 662958300
21  7 937480635
2  8 1685313730
11  10 607007625
21  14 1585863725
11  27 1166408702
13  3 1994952757
25  20 473552566
4  14 1644333896
5  10 383437571
29  22 174882632
20  17 1078621139
26  21 876205816
19  0 949315074
2  35 1218043706
26  32 997015862
15  14 1309386988
27  38 1531665550
0  11 1913471449
1  32 594162487
34  28 746860202
25  33 38911643
14  7 1923696706
26  27 256049346
10  19 1181368997
35  21 139927413
1  33 2012140644
35  24 1602163382
26  35 1612802126
25  34 1221364827
21  20 968654557
17  39 1441428156
5  36 116804267
1  29 410111471
34  9 683905381
33  4 420892944
25  36 1126585755
31  1 1732300220
24  14 2033645700
15  9 1756401388
26  4 1049937243
32  30 1601171708
36  17 755478249
19  38 789454710
2  15 684903438
38  16 364996257
5  24 576794979
19  17 1580844782
33  25 2031182533
3  5 10972072
34  17 1833594872
23  26 1132305551
9  34 679254974
11  20 1122641451
9  36 1343105276
37  12 1301741776
7  37 1666880626
22  0 985357739
19  26 376353291
1  26 1016958373
33  39 446830419
32  20 1214001819
8  0 1128577841
25  2 80840264
9  20 993877629
6  2 835569829
16  5 603899093
4  16 1775231600
10  20 406631129
25  12 1808764615
20  33 69648815
2  24 774524050
17  14 2057651846
35  1 1422377392
36  24 983037360
29  14 843552544
11  18 910402034
37  3 117823073
20  39 2082984369
29  38 1574567047
14  9 358153522
30  26 141617110
20  2 1527513955
32  6 801942774
