800 40 32 0
14  34 1753105224
18  37 1579664929
17  4 1926289951
14  34 59192377
27  17 1345216124
31  14 1624555434
29  30 912789927
37  33 1262724035
19  30 290417966
28  23 2107954537
24  7 697330413
7  2 2017543254
20  24 1703785526
4  29 1093152678
14  7 1555452123
28  36 1361375523
38  19 474419373
10  12 1071312070
13  21 1586648344
0  18 991197456
12  19 1087092702
1  27 1655628658
0  38 1450089414
27  26 1158472958
34  30 2055090308
27  28 1775740817
6  9 2105891220
21  38 719220957
6  9 788234270
39  20 1209271880
37  0 606474577
26  9 466765033
12  6 1823070694
33  26 313682403
5  19 99377722
35  5 1907714017
21  9 1647890195
26  39 958118018
17  29 520428746
3  8 1766794044
21  26 1286646880
23  15 514146242
33  23 1535060510
37  2 485422380
27  32 993521238
3  39 608992836
14  39 1134495570
1  30 2088476223
27  13 280737906
3  14 1288246270
25  20 1959069670
18  35 371023187
25  19 1480886201
28  39 1867686549
37  3 882527285
33  17 193625104
8  7 1003496359
20  22 1851337562
32  33 140337994
34  6 2131420494
17  19 1514288349
6  21 1907821876
28  20 1603637653
17  20 1092735074
2  38 172286203
12  4 337011486
7  15 1990947329
6  33 1841564682
10  11 553001972
24  2 272752388
22  13 1910469562
32  9 898912371
1  32 1357503343
33  37 265515110
33  6 573744096
21  29 1792756193
25  20 970721004
5  26 797239908
25  18 1433168884
11  33 1272223068
31  23 484695009
25  28 1938303684
3  33 1367550186
3  10 530815829
34  31 487148838
10  11 84649504
12  6 1382861393
27  22 697776598
8  38 557021009
18  17 1873595845
3  8 174275686
22  38 2141394907
33  10 1150535227
15  26 315587607
2  3 1966067272
38  36 1954610737
30  21 1297223251
22  7 960580452
1  31 1809438391
0  7 1166875602
9  14 768638156
38  7 429568730
18  29 1386736423
15  27 102178436
22  12 1067328271
27  37 1657121983
10  26 1537062400
31  11 1606594724
20  10 1502325133
21  5 2020609065
30  39 577093025
30  20 1390742118
8  16 1956166611
8  22 528817130
10  18 1447475163
7  18 1715981761
13  24 96828530
21  33 1100812678
0  4 1639296121
33  17 1934114109
7  11 876577762
23  34 525243299
27  15 68847022
29  17 1780613420
24  8 5080389
30  23 899301655
35  9 133002684
8  0 1608171387
24  32 1433984703
35  13 2077194062
23  20 2067059426
38  12 961724835
13  14 1219302964
28  21 109374837
3  2 61206279
12  23 1127991631
26  34 1192791683
27  34 281359683
13  10 745430266
0  33 1800195915
7  24 1609755016
34  35 1669998536
27  23 2022588961
30  37 807135203
30  33 1849707591
15  17 371236156
25  18 499977985
4  8 351725535
16  31 913934225
9  13 1518010170
37  30 465194007
3  29 1964593719
1  23 1632548651
38  37 1678590958
2  20 1743843450
31  25 1913780261
38  0 1085701285
18  13 724790441
16  25 1129205125
3  8 484281786
14  25 560070254
22  36 394848750
37  31 386696459
18  13 1475683030
11  6 514124137
26  14 1396847957
19  31 1658073123
16  29 2053319181
4  11 1526318167
33  16 202777821
36  19 1494667755
3  20 1166841195
39  16 1721771399
27  21 1143260464
29  5 1311225209
11  15 948667327
1  28 457705398
18  36 2104871940
3  19 1917320868
12  23 1572404381
10  38 176864023
19  37 1390759337
14  3 1161989327
15  16 2116716083
11  31 1793732020
5  18 845040574
31  8 309734123
31  15 1432035129
9  39 2099563732
8  33 959363009
38  19 816539712
12  0 1062641877
20  18 954010432
14  17 175074257
11  23 415659211
15  12 591218666
34  14 2117833883
13  6 1640843312
29  4 698873283
37  34 321065082
27  28 1291072609
2  24 1522361085
38  25 1449688605
6  16 1022967084
9  5 1722558813
9  3 1241483080
12  4 7487312
36  21 159195087
25  19 140104912
0  16 374332846
25  31 2031578469
26  34 595328744
33  19 362435986
10  13 575369065
23  39 1746465342
33  6 449355089
23  37 1850827323
0  24 182797895
9  17 2077510703
20  31 1988541582
0  32 1946849628
23  37 1814630716
30  6 1551413301
27  18 10686918
22  26 236684159
39  23 1040879819
19  39 1760917173
29  15 2120462410
16  8 223714424
17  18 123003791
15  14 448147321
19  14 108511308
3  16 1785854935
18  39 391220185
34  14 387236441
24  21 802071482
8  1 1834594767
20  21 1802242834
22  10 2068766267
5  3 971228444
24  11 1857669180
26  2 1493059555
31  3 328524238
34  0 923464882
5  16 443689238
15  18 1875080956
39  25 1168036457
9  6 1648094067
2  15 1543658598
19  5 1406023205
16  0 1435727870
16  39 1170701943
12  28 149182793
1  15 1016023928
11  18 1623100746
0  23 1419146610
22  13 1738382997
24  33 853888366
9  16 483759467
5  10 1621827030
27  28 698473812
7  32 1047951862
22  39 1516258323
37  35 190265422
9  12 1972912492
33  2 94176411
10  1 1747614308
15  1 825834850
18  32 998270285
22  24 1787487087
1  39 1585124556
29  26 1670240456
35  15 1318480443
12  0 1526269806
11  12 1605338621
6  8 1183247820
37  18 1718754273
36  3 1370055940
13  5 1818981403
12  36 511709779
38  19 282503933
33  19 1166844230
24  28 753837338
10  33 225695009
25  36 839516668
2  6 1288516780
12  15 554157246
19  2 842359024
9  34 815133857
35  25 2132228137
0  38 752839167
24  3 758642774
38  22 2028503403
25  9 573862804
11  26 1892657425
12  2 155055857
19  14 221650622
23  9 968867003
22  35 1421133567
26  10 1420814960
21  18 616929004
3  0 1641279664
23  5 1701147697
39  26 25094640
31  18 1121711883
9  12 1767296259
20  23 1540360694
9  37 442088905
31  14 169881794
32  14 1712465644
30  38 1858583311
11  39 320104938
8  26 1684946361
29  36 857130224
25  39 1041403569
22  8 1895530859
35  30 94102833
5  20 2033481355
30  8 1376937258
12  22 819460037
39  9 423250488
17  18 1198931244
20  32 2138199914
5  30 745323488
39  1 995040602
15  2 1681979766
10  28 1211812277
7  9 400886294
2  10 1354891651
19  11 589087382
12  17 1151877371
13  35 1437349704
31  24 1650708716
3  30 447847051
15  22 1309161833
0  2 1778746863
39  9 1605976276
18  4 1824787359
25  35 449156167
24  3 1631224848
1  10 629874951
34  6 716995002
10  6 198566103
38  16 906242802
34  21 926935180
18  27 525564657
25  16 1931917671
30  12 2006306828
0  12 627624027
38  0 444237495
1  5 1755419378
10  33 688592503
19  37 1895056707
37  33 983286425
28  19 1113134380
4  11 89979822
27  23 1572141668
20  37 480989107
20  15 1784652139
4  32 1202548458
26  5 56808054
37  9 110506450
37  27 1929377306
39  2 219413294
24  30 1111975015
23  36 2103416240
32  29 1745962875
15  4 227028981
23  28 2147431440
5  14 1596306475
16  13 409618303
33  22 839116659
17  19 396859335
18  22 1662111389
21  3 1781218270
11  23 2113183725
30  26 924484826
12  5 705263904
12  30 2055113798
6  19 1224179642
26  23 1739209114
39  7 239027409
16  5 399255736
32  39 399338526
6  33 786264055
39  7 1918989594
31  14 1867622914
7  22 595397822
24  39 1055676969
38  10 318119070
6  2 2030421324
14  39 1200385866
2  35 1071562528
35  21 2120630737
31  23 746958023
13  3 2066356493
14  12 666242513
14  27 1866685487
27  12 807720909
5  16 1678225884
26  18 936239120
33  21 1839001791
32  8 1695808312
18  14 1436525981
31  12 1009643269
25  17 1589419859
26  2 395699293
2  26 1862632175
18  3 1221766647
20  23 1632936209
17  38 736238746
15  30 1385477846
9  23 265038183
18  27 1812904207
25  28 840339671
12  24 1966071082
18  3 1671810476
11  35 711501801
36  4 1159132015
1  30 1585047943
32  1 898203642
30  16 1679529908
14  21 614791783
19  25 901693623
4  11 417130486
14  5 266135390
3  32 1459004026
0  27 222946702
28  22 464696823
3  25 1845213554
2  22 691034691
16  3 347140084
10  25 234250476
27  12 1489244182
29  6 1546565239
8  33 1742370964
21  39 1408227692
9  10 909722307
17  11 274865843
14  4 1711157812
24  15 790474141
7  33 1917260157
30  27 338336679
7  39 1286109871
6  16 1177155056
23  30 1582511087
3  32 718011615
28  20 1227580341
13  22 1042206901
16  15 61755453
2  16 1520818048
27  12 340694940
31  38 1256799916
6  34 928879004
17  26 1385784810
34  9 61246397
29  32 203026587
36  39 1791374616
6  25 2025112267
35  39 36215278
4  39 576795021
16  21 1557091976
6  13 2109532033
27  10 1657349144
6  31 214838435
8  7 1714263974
36  28 1558952436
24  6 2106638361
36  1 1532775524
5  23 88568394
29  10 1190427479
38  4 211082545
32  5 915478413
28  39 1677513013
10  16 53303352
15  28 1623863880
22  32 1908021226
36  8 682391694
26  19 1700026681
11  9 863988326
20  33 293517079
8  13 2103563002
11  4 319073422
10  38 1516318143
24  4 814240128
26  7 483121295
19  10 2146691239
23  33 1240351210
21  18 443426497
26  34 1757047656
6  19 1771958600
20  26 873699411
36  1 1656122300
30  9 1219512500
34  24 1839360195
23  13 802908285
1  19 602711915
18  31 84674207
10  6 1261646817
27  30 574939301
3  29 271698123
29  17 343430324
39  20 2129459304
38  18 2125232978
29  38 464252580
16  8 617036629
25  0 2034697852
0  30 190594982
27  11 817915362
0  39 1351613132
20  33 601381515
7  5 677996619
4  6 122977759
35  20 423872102
26  8 1119528261
30  22 1909973687
28  17 1757594853
21  30 1356035305
27  35 398740758
30  9 224349930
14  32 1085379004
28  5 256996277
3  37 1357716161
27  18 1991799605
15  14 1208026593
26  4 1845530618
37  5 763950378
32  26 582571364
4  15 1606326496
19  25 1569800986
38  11 1030408074
6  13 55807369
9  32 1313054022
33  6 1085787522
29  10 2011473570
30  27 463697324
7  12 956436671
16  20 1510032191
18  32 469211373
4  13 2009481058
26  18 2113945648
27  16 189474874
11  14 845816074
28  2 1903089942
36  21 98914360
23  39 615137810
18  25 387874836
30  26 1959772265
7  32 21539866
0  8 2048579169
3  33 1560177930
17  27 961925146
9  18 1991712313
13  8 776806769
11  25 2031951579
1  9 1104350516
31  32 147188416
18  19 292173595
31  17 818465750
26  34 1104445459
21  13 566677707
7  22 1370363322
19  27 700150166
3  4 503654447
7  6 727768863
0  21 648196947
7  20 643494172
28  11 428363277
15  6 1045238082
39  20 973825997
11  6 665163184
14  27 862828127
27  8 352860697
8  9 1457336927
12  29 716506957
1  23 169762968
36  5 1384383213
34  30 1486253842
9  27 1918085060
18  8 187976074
9  29 1743081770
7  38 1127655006
14  38 979692637
36  11 976138158
13  30 1430910207
22  14 1008413496
39  34 1620903164
22  37 1550369684
23  25 1291196210
32  5 1307544274
0  34 661334747
15  31 1360487687
14  26 1820279544
16  13 2107273281
36  28 2145466918
13  10 209500036
8  19 288180885
39  17 1801417102
25  11 1497684234
0  26 1461178970
35  22 859711608
17  11 161950678
13  19 1305049262
1  26 1372644427
10  24 1060344169
20  39 1092768441
4  16 1059556734
29  25 344512915
10  17 1605182919
14  39 188041762
29  23 722103890
10  2 814825684
18  5 1136017140
22  3 1457901406
25  15 952334436
11  4 1435394409
35  33 1950686075
4  33 1930232256
30  33 1836194433
6  5 1540083180
18  39 352846541
39  20 645955195
38  27 1873063310
28  11 1455468340
12  20 1109484063
25  6 678090655
13  32 1553288128
33  29 175127101
31  26 990573622
21  3 1233005815
19  9 1482684914
18  36 1781696680
26  16 1199540549
33  32 1780084770
23  39 1451907185
14  36 87322441
37  14 159181536
19  39 1520993700
17  2 1280616417
4  0 109061282
2  11 984996166
13  12 1894675624
13  0 1608397505
39  31 1298538518
14  24 9931243
4  21 1393825152
36  37 907905146
29  14 1106410439
37  20 547218790
34  38 257884666
8  0 1237889528
7  32 635507045
3  16 68231260
33  36 596843545
6  2 2043743839
21  35 1363793063
9  35 1203341455
34  13 1082855058
37  0 1862984601
35  28 1647238523
23  38 612798149
21  29 1804685430
35  10 434063500
34  37 634322511
4  35 849048711
17  35 140738575
9  2 2079985430
3  31 1951316210
14  13 698657905
34  20 405504224
3  32 414758179
26  21 1353742615
16  30 1990195613
13  31 1886359095
37  1 1377366164
19  10 1415952544
36  2 1499013259
20  11 1566298904
29  19 979557789
6  16 520294120
19  0 629224386
36  34 1615534079
7  26 4381430
36  22 1696461082
31  24 238078810
11  27 484242631
9  18 1701544923
22  30 780981847
14  13 987192146
26  31 1180918848
12  34 706815342
27  18 1697966216
17  1 523167766
3  30 1407174672
11  0 1298350831
31  35 876795800
27  18 832079241
19  10 1658423535
4  15 358732379
17  24 2090311941
8  25 1035488707
12  35 590667995
16  35 753279738
35  16 423510982
22  34 2107349867
5  6 627006129
22  32 1811806657
23  22 448418459
24  5 1123155396
28  15 684443699
39  23 2143845538
4  14 453691014
19  22 1247749731
39  35 1703619147
5  31 1856966797
35  15 789766636
2  7 1903840961
36  15 688936735
15  21 865456597
23  0 1580905050
0  36 1912091317
26  14 1572723984
16  34 705840414
22  15 628080901
6  20 1795225127
14  15 318389698
25  37 866547583
6  11 1156206833
32  30 470855991
0  31 927624626
30  27 2022942828
30  5 2027383762
26  34 823836318
34  31 972824576
10  28 1131707365
36  0 1143692907
33  9 1988202507
8  33 341828352
33  31 394887380
14  28 1522097723
18  12 52751730
27  29 292091817
23  12 1247189993
0  27 944507262
23  0 633870089
13  33 914009493
15  37 1636897295
12  14 146897795
24  30 564710069
10  0 42521813
18  37 2135901630
8  28 193041246
35  38 1909149063
4  37 1175710966
24  31 1287545700
16  24 731402221
6  37 1334140226
39  0 1198213947
15  3 1661279758
24  13 898533316
36  38 1820625608
22  35 553707293
10  31 1083007814
22  10 1219850144
28  35 132863688
10  38 2024844643
36  35 1144252768
37  11 1380474216
30  15 1420329351
1  6 298333657
25  16 2106890814
5  9 1638848808
5  35 1176652090
15  36 878070165
38  0 774672991
12  36 456089656
21  28 1715749415
19  8 1294780074
36  7 283138384
15  12 1562298285
23  33 1336810959
0  25 1859581298
28  12 1757730683
16  5 343032637
5  8 2051063119
36  18 1209753826
21  35 624717071
27  3 415751970
19  21 904473561
13  32 1517937048
22  24 2110539789
12  13 985906686
20  28 404742558
18  30 984191408
36  35 272871438
13  17 1447779797
2  8 1459292390
29  9 1094612387
14  3 310002329
18  21 1441352012
