800 40 36 24
2  38 672472444
21  6 1566645572
1  24 2080664725
4  31 1165032437
13  30 1925142064
4  22 719116956
19  16 627463652
7  32 75232389
6  26 243993536
4  1 95756361
22  1 1085406759
24  17 1152134229
7  13 790200888
9  28 1263431655
22  15 964999411
3  27 268435879
18  11 539675929
10  12 1540776067
28  18 1243739325
26  19 2142964857
36  18 597368721
8  21 870073477
34  29 580930989
24  11 1393192643
15  16 810889003
28  15 694343672
10  28 209203632
34  26 187994979
4  24 211144930
23  30 409547173
37  2 728429214
29  3 2054611563
11  0 925545311
31  2 1028445831
35  16 1099320992
1  33 380329551
30  2 1535245729
8  9 39821640
15  17 1912011000
32  20 505838710
37  3 253809670
17  0 2078727122
13  16 2096136498
7  5 1139854708
30  3 66145307
13  25 1354531720
27  33 1638932235
31  5 691841873
33  7 384601309
30  38 1770463294
21  39 695781972
22  29 1053061697
31  21 944960340
29  24 615314444
39  36 1754574885
10  37 234623767
1  27 1512121404
13  27 208592477
36  26 644613731
1  36 585209426
25  1 1222253014
33  9 348295544
5  7 322721400
2  27 1241788053
29  10 1500479065
6  18 1469855861
2  8 698925445
0  23 349151997
9  0 1871882942
37  33 201308126
3  24 1163741961
11  37 1586131353
39  32 449312766
13  2 987207139
28  16 1637366029
28  14 467634883
5  19 1752763332
32  34 299596759
18  9 1464327979
39  27 1399213913
21  2 779530264
37  20 1431710422
12  8 906325789
35  31 94092459
20  9 1258613803
18  39 117463881
32  12 2000638403
35  19 1403651778
8  6 308450470
2  14 501910384
22  38 1211499113
18  14 137116459
18  31 1932942164
8  35 1245097737
5  8 395866673
2  0 1369096644
36  19 1145005658
4  9 1481181777
28  0 1512797375
16  19 585653419
26  23 1981592679
3  32 1880606342
24  25 1200983043
27  18 751713678
3  20 1941440044
31  22 876284695
8  2 797524245
19  3 1422401065
34  18 1008640086
5  14 607136964
1  38 504835072
20  24 1822262714
27  11 782530282
30  38 134348747
2  18 1395157419
28  23 206238250
8  9 366843974
33  35 580843011
17  0 1719822150
10  31 1061986433
14  24 2099427974
18  0 1922989332
22  14 1758603482
14  21 760873570
9  33 431286466
5  25 1179415565
19  36 2068763102
27  19 2107946222
20  7 615388544
39  31 1956143215
22  2 103200171
23  21 309187898
21  11 996589047
10  2 1370942263
0  28 1341330135
22  29 873716002
33  32 1504733582
12  24 965950131
11  3 1044448888
13  19 624272690
28  38 1593358193
24  13 586889402
9  26 641393415
13  14 199863699
39  15 866570929
24  7 1529713379
17  27 76772523
2  10 1640439873
8  30 1269511134
21  25 1942186893
32  9 1641785119
14  7 1225859723
38  17 1626416195
3  13 689773635
33  24 111318578
30  35 127236428
24  36 1035267161
39  8 315438707
13  14 950285323
32  33 983476644
7  5 881925249
25  38 168378580
32  26 1045261533
8  35 153705206
3  29 460847890
1  8 1161490200
1  18 766988053
0  4 10156019
26  3 1845307473
31  19 589396218
34  8 43510453
19  8 1764228586
34  23 789272952
6  37 2069330965
33  2 365505497
19  6 1151922679
24  2 2006536394
36  30 924616968
9  18 1357925810
0  5 706643411
3  26 1668402272
0  15 169956857
21  18 1910576891
9  31 848041425
27  2 845996253
39  0 166637325
38  31 1372618265
26  13 1623520832
16  14 135244645
12  24 2039641955
26  9 427058100
1  26 507814099
2  17 255303429
2  15 1247782091
34  17 1592672558
5  13 1265342602
28  19 888991040
31  24 1598844554
19  33 1393220437
17  9 1945806500
25  32 1235444067
7  36 492737825
39  21 1883169144
27  19 1050906820
12  21 671031999
11  18 1671534086
37  22 911903729
0  27 413292594
24  35 197436010
10  36 1142746932
35  10 68484038
17  15 2092094634
6  9 332159909
34  9 1928085381
6  25 1142619536
15  8 415594483
29  34 821656812
29  10 1294061732
32  14 1471227789
36  11 1868052425
13  31 1474129157
29  13 2055460079
36  18 1978101716
6  15 16336186
13  17 979864875
38  23 1530602764
27  16 1915617046
19  3 1248664814
3  39 136267306
10  28 1149319457
12  29 1518746001
39  8 1413103095
18  24 1633521212
23  13 827493841
3  16 2034283741
19  36 356007014
3  22 311904339
39  21 1563266769
6  29 1518078247
5  35 1347867806
21  2 180771321
13  9 137902081
35  12 783472004
34  16 563901521
38  6 441178274
7  21 209751428
0  18 1379518255
2  16 1175539340
36  28 2090719352
13  31 1414294903
28  10 492375450
10  0 355552418
12  20 1555395038
16  9 853397619
15  16 389039895
17  8 1890643088
30  33 693313499
29  3 998681969
18  28 1072457406
13  24 1714591817
16  4 514100928
23  32 1272188871
33  29 750909812
25  5 385098455
24  18 1248957968
30  35 795099035
26  11 7579992
27  30 468758536
22  10 1554149827
10  29 1952540889
14  28 420467056
16  28 588091084
1  17 559818842
17  4 116218882
1  32 574006678
1  23 828861674
14  5 1213721082
28  20 606894205
34  23 373267359
18  34 530961153
20  33 967465536
34  38 1907183292
39  32 1975665336
38  37 1502191808
1  26 273734721
33  9 1402915927
21  30 1123867889
29  37 2016359091
23  9 564986097
4  11 2146282622
14  13 151104443
4  25 1753886210
22  9 1653439737
30  39 2111313316
25  37 352760944
39  26 387941008
15  31 737134109
31  1 928852662
30  20 1612304705
33  19 386143146
17  34 1185283753
11  9 501400238
38  36 2059842655
26  30 2139617405
33  26 766326108
24  9 992806045
9  21 1684408687
20  29 311259568
13  20 1666676776
31  11 592376310
39  27 1238605273
12  34 1716035135
0  20 841437888
30  0 627433325
8  36 1591949283
23  17 411415480
22  2 2025295064
30  33 863594521
33  3 2010650107
4  12 1873940289
34  23 1308232570
39  23 1915319022
19  3 1594167028
18  36 148559681
19  29 2132116445
20  9 1471540721
4  39 1355939418
38  30 2103275734
14  28 249067007
10  8 1314548301
36  17 745493229
2  11 690975847
35  17 2071327269
26  14 1293554595
30  38 50011247
27  33 2027857363
34  19 2015810383
3  2 1665690271
25  8 492316634
31  1 1180466385
5  21 585570821
1  32 159543526
31  23 899134942
22  31 325106040
10  14 136458474
7  15 2119629684
3  18 1029495257
5  26 1378497529
24  20 183680300
12  1 1597273224
25  20 2116897645
31  12 345107304
20  33 1107980030
1  37 5928621
32  7 671759407
27  26 1003882180
39  32 351033754
4  5 936222184
26  9 1386760722
31  13 1108472415
38  17 41364795
28  20 603498166
7  39 1451009675
5  12 1155728009
19  20 290385021
32  25 773741708
8  11 1902244844
30  34 446243640
29  8 1326359370
37  15 1986429324
33  24 1053696308
25  1 1521771147
21  10 1897321622
33  37 272730496
36  7 1783229728
32  7 424841582
17  7 1621676247
1  2 536275558
30  1 1879554019
22  29 1008508968
0  7 2047403646
25  16 556419401
15  12 1304835501
2  16 1068066198
26  6 539976454
15  23 2035587680
23  39 176330851
6  20 1563107958
21  28 1050078989
6  8 1860245142
18  27 1498609431
5  19 1345008083
38  15 409052467
19  14 1652562120
26  38 692454012
10  14 1571894030
27  29 106890027
30  16 672842390
33  5 79472569
22  32 1724651021
0  20 966633138
8  17 640167109
10  22 1053446125
21  14 36499929
33  13 2028557407
27  9 897653519
30  8 1272096038
6  22 754637005
32  24 1532856324
35  26 732545346
9  22 658210883
23  2 935523687
14  25 1785299526
23  36 1826901382
25  23 797611118
24  36 1077110888
39  29 877086531
5  13 1962353856
13  39 610511707
31  36 461195621
0  17 1403156511
33  20 918322967
18  33 534055623
15  5 738922708
11  33 1114462385
27  28 1828649035
29  13 315341828
5  19 59260387
29  26 1295341697
8  19 414507183
24  33 1720771832
14  4 1584826536
21  0 498569836
4  8 139936548
7  36 1674004298
10  12 780560514
34  20 1403264157
19  1 1311609502
37  28 312860711
20  8 495587714
18  6 31604003
9  28 2620824
37  12 473853743
13  11 92961093
12  7 470592386
37  25 1727418133
12  31 746681103
23  4 809191904
19  38 1004570414
9  1 40528456
18  17 1303129888
13  17 1662845701
22  19 2060059600
1  11 1511395125
29  4 586206290
21  12 2101900086
37  36 1379284890
39  24 467357005
31  2 1908929633
17  24 2120638928
23  29 1723589244
23  0 1901225461
7  37 178483874
10  0 1682573432
4  23 378963634
23  26 620793337
29  6 2075177750
25  30 37622734
13  12 1730741457
13  39 850105812
3  9 27177340
24  6 741671200
10  21 993719437
31  27 977281893
0  27 2120168028
39  26 865458433
35  16 1851099470
25  34 1565428535
27  6 2071626969
2  20 880130894
16  30 1983098224
23  31 800128959
9  23 764541541
20  2 1612400460
16  6 971740329
39  33 674545675
7  19 2133023067
37  12 453441854
34  22 808491815
8  25 1907431330
34  19 1693206728
24  34 1362119628
10  17 1350706784
2  36 1808130392
14  7 810267669
11  38 70890330
23  26 1540126672
34  17 110810972
21  3 1218124917
33  4 321977426
14  18 14179815
6  4 988682133
24  21 1342136667
1  18 2085535723
36  0 543840302
30  20 1883175358
19  3 1097143416
1  26 380535876
12  26 1980419757
8  25 667923146
20  8 228912299
26  3 1977091196
6  39 1776525778
18  11 670361765
15  29 1830648805
14  27 2072825062
32  11 1716231513
26  7 273540054
37  31 1343564127
34  4 741444613
13  16 1513848185
33  12 398744258
3  22 221839580
6  16 1950616998
26  31 119179739
36  39 1675555477
24  9 1100838523
9  11 490911012
20  36 1957428353
31  10 1354866321
22  2 1920239680
21  0 620329227
38  15 669194653
8  16 236648160
32  31 1948192066
31  21 535230710
19  15 1481933317
31  23 1489177355
16  3 1161835869
11  31 1487142338
8  37 1636441691
9  20 1875682959
1  16 894324800
25  33 992765475
34  4 275434890
18  10 1596012654
26  36 1923126516
1  35 577325067
18  29 587209831
19  31 186006510
11  17 1150094865
1  20 1852556405
37  22 1848615513
21  6 722583097
16  38 819034340
5  31 964205629
26  16 1122758533
27  18 387091349
21  38 286670882
34  29 622062243
38  39 1508052044
28  18 954563483
4  20 672231213
36  10 1551487048
21  8 468015384
27  1 935555
23  9 628215981
29  1 552843014
29  31 31525748
34  2 1501910426
12  37 962224818
34  10 113462336
15  2 1407010445
36  11 537597535
37  16 73296137
30  12 126965250
28  8 995312942
6  2 1497163457
20  23 1530575058
38  14 373646185
2  4 864030214
31  10 1527667672
39  24 960583747
22  28 1438502822
38  26 1924994699
20  31 1170787496
12  17 1651857366
28  29 1957296086
28  33 1410053731
35  30 164693982
27  39 601207537
18  3 455893131
12  33 1002386730
29  12 623762936
34  16 1915462372
9  14 1371031994
5  36 81709065
25  30 1234961524
33  24 601303680
18  10 1603784327
13  22 1665520792
14  8 810627384
4  23 1515545414
6  29 1950556680
1  39 2017622988
9  26 1560446537
28  34 1051640564
17  12 995686645
33  15 513096312
0  12 952841948
0  8 20954095
8  28 547749758
29  37 42529417
12  7 1924351019
16  25 1044327956
4  12 1082712760
21  35 393777415
28  31 670948148
18  39 1353145491
5  35 514919093
15  17 1613770703
28  31 1774253468
11  22 1525177570
7  23 694353237
13  31 1911723769
39  22 956216314
4  13 2033923755
2  7 1749426342
20  1 729557437
2  20 1304318259
0  29 1484644345
11  23 1302714253
6  28 2066854938
8  24 1070431217
14  12 505963819
35  5 1744708229
32  38 1301960997
16  33 850342816
0  24 302200572
33  7 93488085
9  25 730991609
8  35 1291468018
20  8 962989367
31  22 1054237378
1  7 1421786058
36  9 426107194
20  23 1566988841
35  2 120884893
24  21 170699992
4  31 1095864893
22  32 994728254
11  9 966632232
11  25 175387228
33  8 1434520973
16  1 2006227334
2  14 40971819
16  24 1099837082
28  12 672690967
29  26 810377045
4  19 1513402020
28  15 807251902
15  18 1417670168
8  16 1397496461
33  30 500756637
11  20 2062304456
7  8 845933268
11  3 600320125
33  31 1946921509
39  13 1394304369
27  12 2027621408
34  32 1935240050
14  21 235898819
9  23 1618467347
18  28 438025351
2  27 1422753205
9  34 2075841151
0  17 315264630
6  34 513898896
15  0 416815503
19  33 1747263947
32  15 796692315
19  17 1254901151
29  5 238461009
19  26 1419296826
33  22 91637869
31  0 1929608652
29  19 525972092
25  29 1387187388
1  21 404737177
15  25 1931422
10  20 447178612
28  10 658032178
18  14 1375737079
4  13 389879957
6  23 1967403232
15  29 1972423882
33  4 1340966643
6  1 365968193
25  17 1442205175
16  12 2040077391
38  39 103099539
1  18 2125008237
14  38 1633559665
14  10 144804389
39  4 47596456
12  22 599146952
17  31 1979917638
23  39 1228192145
19  23 438311446
9  34 1249526650
25  30 1762586016
5  30 530554116
11  37 1918272103
13  10 18660428
37  32 385281441
31  39 832865240
23  14 462257688
21  18 934189597
19  33 343726080
20  9 1976131833
28  30 372910876
12  38 146966335
7  25 367590139
23  7 566693751
8  11 1393208137
7  15 1685435641
20  24 2002787879
36  24 33237708
22  1 476363558
7  31 1075098141
4  19 805347934
31  20 793636330
29  21 1188162044
26  38 1980477480
7  23 1001149882
33  2 1048771086
33  12 2133150911
30  16 1545320494
19  14 1755108581
16  23 129599653
11  35 1231392296
13  27 760951980
15  0 1801763034
30  38 297978349
21  5 759954939
30  35 1491374075
24  12 303893153
15  5 2104477918
28  24 2113655397
30  1 564247503
5  26 453696876
13  29 1412651647
20  33 242238410
33  31 1628915890
7  20 558287278
10  37 514749115
33  17 1848471610
16  26 154957264
19  28 1913872045
32  16 1984914613
11  10 1209668080
28  20 325303681
33  16 1494023418
9  18 1791322777
28  14 117324162
11  23 310929616
38  11 1742995457
22  27 1928629206
28  17 307459470
29  33 231046911
23  5 644651093
18  3 1738226514
5  6 967975290
20  7 1745296695
8  26 1434015808
36  6 870014515
27  35 1227166251
15  6 539299154
21  31 1735801088
14  7 991465120
6  29 451261263
34  30 192773061
8  23 1906254743
24  15 689945625
3  28 179821338
15  20 1909400828
11  23 1217789677
30  9 840746672
6  34 1381150206
14  8 436065144
39  5 1141650441
13  17 665443622
6  12 1503531041
5  23 1967349321
16  14 1085014026
13  17 79847039
28  20 671728574
18  9 825343392
14  37 1625425373
37  1 419189539
