800 40 5 4
16  24 1862018741
38  37 461754566
5  30 1268894317
26  30 1835208149
37  22 613960507
13  12 1908337086
28  22 1837689012
29  22 1007693749
0  25 1982332936
8  34 1961103920
27  39 1822048806
39  36 1239751963
28  22 1256914795
39  17 1795635857
30  1 673080686
13  15 1427644840
12  2 2074534476
29  17 1167506632
24  33 1068207962
32  26 1869168488
38  36 1677587305
8  30 429097817
22  39 83337879
22  26 1952413621
25  8 959961067
11  20 1419706375
11  10 1538980213
3  12 172813373
12  15 1664681228
32  6 1784858469
32  33 1831975106
12  30 932279758
15  34 974177864
26  35 990193672
14  38 29301965
1  9 1744934667
23  32 1006322584
6  22 809479561
28  27 985112142
2  15 1844022330
17  13 2004283149
7  28 1387180212
32  8 969494481
20  7 1819551216
19  36 588418529
34  31 515272661
21  7 603622748
5  20 99240452
5  34 1984706775
0  6 768724264
26  37 1573596681
28  30 1254353742
8  33 200209929
30  14 1473285687
20  33 1911254959
27  6 2018369864
8  33 706828592
6  34 2086159287
28  34 915976934
33  37 1891187441
23  25 1174667452
35  27 81061018
3  14 502147800
17  29 159874550
3  24 1396665784
23  22 870454231
8  25 340767024
21  8 57178086
24  25 958935575
17  10 1526209506
24  7 1767766666
11  27 1410645225
4  21 175841451
38  4 938176051
22  21 1657679824
6  10 3790312
12  15 1795089277
36  29 1393786495
5  14 2055980885
2  26 1669678486
3  7 1882644145
16  4 825131253
19  27 1447201398
17  30 1824994172
9  32 1944435454
1  7 1397839337
27  6 1730338646
29  36 1546133461
36  23 1916125546
10  31 1095717509
15  9 2115304083
3  11 280558697
39  18 1250054229
18  28 1110663002
35  9 1793646556
25  36 625627892
35  11 389205663
21  18 1883070694
25  24 388605950
2  31 755508665
30  10 2093564199
0  39 266171712
32  20 1059481565
20  37 172527845
38  18 216684630
31  2 1696370944
16  4 436381561
9  33 1291493759
26  25 341609503
18  14 1536487224
37  14 1692296163
30  2 1223029060
15  7 99569406
17  31 1539754416
12  14 2127291792
14  16 1611484297
16  3 1452799841
9  16 1067024975
32  34 20523384
32  25 156011887
21  39 1004259720
12  23 70428495
31  3 281203701
26  9 756222885
7  25 2086171734
33  7 928870599
6  16 260808481
20  27 1971513505
14  12 594936303
38  9 1684664776
3  22 2118615976
15  1 309281673
36  37 1774115184
39  20 1951404872
16  26 1313220456
10  32 313201490
32  34 1574441511
19  2 232959534
12  25 1124247095
7  37 706363255
24  18 1803986852
11  13 362190673
25  1 2053159250
10  5 1772112069
13  35 846276029
38  8 988104121
31  32 579983791
30  10 584001113
18  22 1816129115
0  25 1884398978
23  9 667035174
28  32 1116375450
20  33 639963171
18  32 2064879499
35  11 490141534
38  18 354776236
8  21 1928803315
32  29 347812502
36  9 1834003906
16  1 796098743
30  32 777270659
24  26 1676753931
1  13 1870640140
32  2 1312545118
13  6 788924772
23  31 931990840
12  32 1575824382
38  15 930830444
22  2 318527721
24  3 1919442128
1  30 1187239146
6  32 1925172169
4  15 1634572843
20  5 1498036728
30  27 48945235
39  17 448846219
0  17 1607870859
18  17 351125282
5  6 2134621025
26  1 1077563194
19  29 815413661
13  4 1507405078
18  27 1333093736
24  38 884381827
18  33 401195392
21  17 368307917
31  16 727531183
25  13 456260565
27  12 1471844422
10  30 1695496472
7  11 1317610798
12  8 1031902463
21  3 1801780863
0  36 1300036376
35  25 437768327
38  19 1709114610
30  26 1297234923
14  32 1666037373
17  3 1040611294
33  10 411857592
24  7 314076930
6  1 666847127
33  5 573572176
14  0 351530568
31  4 1157582983
36  15 1257884300
22  11 66627104
3  10 93383217
28  31 1451030075
37  16 14291054
22  21 51202075
8  37 266529358
21  25 52014728
34  23 248495065
34  6 1147372812
1  16 134907453
6  17 670652236
2  14 2046699555
11  0 993853647
39  12 804519992
15  6 546620748
34  11 166356888
25  0 1519145921
18  28 1416517219
26  21 1478726998
7  29 438421694
23  21 2075053010
5  25 1681389892
30  3 859296110
34  29 238198281
32  8 2130238607
20  11 581973575
34  14 1330628188
20  30 1242168443
14  28 17437208
33  36 1038333417
37  18 1863423673
11  1 1155462702
22  26 1151405872
30  6 260877984
12  0 2128493735
32  21 1801882576
22  39 881826274
29  10 1449493722
2  29 1261334892
24  14 2104784276
20  16 930939218
25  21 2016696417
18  33 467415688
8  22 472509720
35  19 1150927091
38  6 1772814133
28  36 1738602298
25  5 1045310889
0  11 719249479
4  26 1745180435
10  35 490836112
26  34 399996944
0  8 989188268
12  34 109591566
21  17 198355282
9  28 505755308
35  4 1534296587
8  27 1407163411
25  21 1606279520
23  3 2010723114
19  20 917164638
11  20 2030152892
2  38 202025013
29  7 1400651218
18  27 1401897058
15  7 24129435
0  8 259604529
0  13 1102285538
14  24 880378626
16  17 1608690086
29  32 1624481387
24  36 1121595931
18  38 997176379
0  37 1088395677
19  38 66032218
10  17 444018103
6  1 1943551222
22  25 1227261043
4  20 1201894500
0  12 944719229
20  14 1389641444
12  36 213353566
36  3 1581584812
24  7 537298748
6  7 1085167258
27  25 629823162
27  5 141882515
27  18 786812985
25  13 1094172138
10  31 762881110
29  3 1670032223
12  26 564360655
22  14 268563609
27  30 1265052592
19  34 459536255
25  2 1317392103
9  15 1799701544
2  15 1614437005
10  24 1188287475
19  8 838770633
35  36 649939812
29  9 794595324
8  17 839637187
21  8 1799849828
19  21 1067724593
20  22 193356340
1  4 1319018536
30  23 1502925811
5  30 1530790285
27  37 1047795035
36  22 402238781
34  21 19192086
34  0 1267433076
23  29 303297694
19  10 635153485
30  16 1394917772
13  28 1291188281
19  27 579335899
20  9 1707362284
9  26 1412592046
21  28 407316899
39  28 701015182
29  16 84934498
33  5 1182905735
33  37 717032537
3  36 1693525741
26  34 1962275499
24  10 542492872
11  8 393801648
34  9 1855386596
4  22 1784514804
16  13 10474669
25  27 869556256
38  32 1310793935
2  37 519310957
23  7 474899316
31  11 1989676952
12  13 475219480
38  32 1567420247
2  27 638444916
33  25 2119087908
39  13 1992011392
18  21 2081290627
30  3 1660503113
38  15 1856854694
4  15 1696731505
18  1 637939788
7  3 2089138501
13  2 1231493806
25  22 1270133503
10  14 1815824596
27  36 475578144
2  18 1533907487
10  3 908464631
34  24 1983287897
2  37 445527800
12  8 391952065
35  24 1698936299
21  5 395491865
28  16 1008848373
12  23 184093106
3  10 280823063
19  27 1946799834
6  34 1891316485
34  10 853760147
6  9 530300992
32  4 1374775198
23  22 1709458499
30  31 804595331
21  22 40143091
25  29 1620189401
34  16 241345649
16  4 741134278
26  4 1621378253
19  0 1414635303
12  21 269303883
37  22 1989598057
1  26 1746393665
38  18 63540485
12  18 1060182586
37  20 1050763738
30  4 1490990533
15  21 1833038139
16  37 1681376176
16  26 824787142
7  32 779675709
5  11 381732748
7  0 1666299609
12  0 997278432
27  17 1229829061
29  13 1675947136
34  25 604098176
22  24 1024129613
26  18 856581281
4  27 1622407491
29  3 2125472480
0  13 745801131
2  23 1549207187
10  5 1259714472
8  12 1362694049
1  2 955073920
39  24 1982257525
33  9 518845472
30  4 1833337316
33  14 1042971935
6  0 1743752990
5  11 1629884689
16  10 1745235657
8  11 2063334450
26  2 145971798
39  20 1449773156
24  7 124728238
34  22 1324444421
8  17 1785241789
31  3 847438543
21  37 511891133
16  25 73562474
28  4 977607646
29  10 970137828
4  17 819166116
27  28 1471303679
34  7 321343876
7  21 1447979972
37  8 1113164970
8  14 1593271204
8  5 816110353
34  7 2125407864
30  1 229543003
3  6 1085696469
26  0 1866341878
13  28 648807388
21  26 2165408
14  13 1641010587
35  18 882702087
21  39 1925056096
16  0 1345087669
18  12 1016542270
12  27 1443867845
38  9 1231661178
3  38 923181550
15  8 573481911
16  39 832288132
16  2 767411022
38  20 46097612
33  25 1971978763
37  17 1538807330
6  12 1835910008
39  21 198615688
24  38 615465125
9  24 1256446151
31  15 1885478145
22  10 1059601910
32  4 146802581
30  3 349370053
17  20 1379748512
25  37 1305630268
12  0 919310481
32  23 1111214805
20  35 1165001249
4  0 1011702945
18  3 1200906247
23  27 1174521926
36  22 528846190
21  38 330931980
31  7 1861145479
17  35 64918054
10  8 1653318517
22  4 1373402179
29  1 1154289484
1  5 1055672107
11  28 1061669500
25  1 1267122655
17  25 139572163
21  31 1965697052
3  31 30940850
11  12 900784510
14  12 330631798
20  5 2004533686
7  4 1587210240
14  31 1955090971
14  17 1215140972
23  18 1920207283
9  4 146718309
16  28 1574213659
5  11 153969050
25  11 1009252755
25  0 521449020
0  35 1740089656
3  14 335355521
4  14 1513899144
37  1 1096359272
32  17 1013001755
37  16 1505893148
20  25 1911929338
20  32 99785662
2  6 155879932
17  3 270790666
16  17 2133033021
9  39 56441536
11  34 811316066
13  25 429886379
19  25 2126527387
30  34 1757845248
4  22 1833414825
10  26 191340531
10  19 1868728400
11  25 2035557518
14  26 1497897130
4  35 1853782822
5  24 1104590662
25  26 1597871944
13  4 243613952
27  7 249496526
4  11 1073555725
26  20 24076952
17  34 150450612
2  21 1634866171
39  15 652600
37  13 955997247
21  26 1885223015
18  15 1326448572
32  39 2085228016
9  25 1080468121
35  33 378302270
0  8 2073448157
16  32 338879257
33  37 1969955662
0  11 939448985
24  20 1260925299
34  31 823681118
10  32 361764710
30  23 1958614971
33  34 779144655
3  13 1581177837
12  17 192475372
21  3 1201943718
28  20 2078479232
3  21 1043778115
19  13 1334120654
29  27 218086990
4  34 363512746
0  15 1530035593
17  24 1944730308
14  17 1411961575
39  19 1282992204
1  24 1838395645
13  30 390250677
32  37 171205703
38  5 1642842977
21  7 8436432
13  33 95522077
16  5 1281944671
8  11 1534805805
3  14 1743181327
38  14 530590844
18  34 184738592
19  38 934764005
23  26 233677202
31  33 85406797
1  27 869591771
15  28 1112255151
18  3 785115222
33  27 28152945
34  8 876600701
24  4 553301678
0  30 1253403724
12  21 863299471
33  32 979718007
26  33 1851085628
0  3 850810145
10  13 228325773
37  34 1991002939
4  32 1175882951
21  5 308609802
8  15 1462232112
12  19 148448292
20  29 1676445803
5  37 651973603
39  23 1412724549
15  29 1215399374
2  28 587516781
25  34 1785233495
13  18 1435666121
33  25 547961847
8  35 1147155835
6  1 460804818
26  10 1469002948
18  21 1626000473
11  17 681970750
17  34 1743729100
24  34 202105112
11  22 855098933
21  20 630810987
39  29 830368338
0  19 1610946718
9  20 1933068499
27  6 1943717146
26  7 1567159773
33  8 1576952869
1  0 1431044133
33  9 909793783
12  19 44443326
19  20 1097282535
34  4 1048459803
11  30 1968087400
22  30 400035672
35  5 64798280
6  5 452333462
19  36 1396644483
0  1 246598313
24  2 1942885671
34  14 175563805
27  6 440561529
34  28 34199713
30  33 1080734586
3  4 242313461
31  18 305667952
14  18 1009860400
13  3 1782163542
2  34 362333507
32  22 742926576
15  32 595000949
27  15 342759991
25  22 785923957
25  32 428688355
19  28 1604157152
34  17 2138475383
38  0 1979231312
33  16 1286769356
7  18 1761558567
27  5 1480896396
34  2 1399525678
37  2 1512791284
3  30 1994743156
11  14 377775058
38  12 2053366948
4  2 334098685
27  1 437602606
27  25 364898363
35  27 1316275471
18  29 1344768226
34  5 114512544
22  35 115117575
3  22 761767987
32  36 1299590778
0  32 1998597304
22  2 1561748707
37  38 1862134094
35  27 1646040706
36  9 1986069344
33  37 904209578
36  35 311486590
7  14 466776453
15  23 171008531
24  27 1328402980
26  14 727648634
5  24 1956575193
27  30 521642713
38  3 753944426
15  25 808213192
25  30 1794704152
36  32 1286984348
21  18 1712600554
10  27 114501003
12  34 147666637
39  34 45657656
16  24 1702930139
18  21 597038066
0  20 556553128
2  22 2126386218
6  1 1062610008
19  28 1607791024
35  25 1154004079
12  30 1630968231
38  17 573410036
5  32 84555782
33  17 2537231
31  34 2065711500
30  9 1251023324
8  18 1189149840
23  1 1139057600
37  1 2044116306
39  31 106543907
7  6 224644291
33  30 1232133366
12  14 641137379
23  24 475631819
1  14 1352609670
28  29 95589073
7  8 134829788
6  39 1251315105
3  27 109232468
39  38 152990549
1  7 1403966092
25  4 1412980743
33  18 401640804
35  12 1108705767
17  32 1718652191
23  20 1374039735
30  23 2026546191
12  3 1077559350
26  23 2103552746
1  4 958454146
35  20 2008839358
34  39 1484621431
34  39 407153501
39  13 2056845789
24  30 1940879215
22  29 1088847041
34  24 221583690
32  20 1292564325
12  9 1870023228
22  16 1912152092
24  12 1619831099
35  6 303319990
10  14 207132818
7  0 1481833967
12  18 2075222191
24  7 932694064
22  37 1912782743
4  33 1649417597
36  27 1685350895
27  10 845389204
27  5 1006416599
39  0 6895960
4  5 256304724
23  33 403944737
16  34 1901121735
26  27 409171321
23  9 1169239997
20  37 1001032915
24  28 385406915
21  3 1775612671
31  30 352145909
6  3 1458178979
34  2 423227678
8  11 1121232019
30  32 220476153
16  34 1926246267
27  17 275590978
28  23 214414168
34  15 1702455244
1  16 1517914999
31  30 1015612222
4  38 574999903
25  1 629841586
10  33 1697161653
38  11 1108452091
3  20 166410732
34  0 412611395
8  6 580408184
36  1 306683819
22  31 489333012
19  24 1171307379
17  5 799552385
6  16 1385329595
15  12 1755416001
17  30 1039856828
20  12 1241649454
17  8 1693166246
0  39 427618384
31  39 1965279000
6  10 516751794
22  32 1230321627
31  12 1167288452
32  2 1296618405
2  16 703013872
25  2 474681073
8  18 484439231
23  38 981432738
23  25 551425031
22  4 1280534405
17  32 283897227
0  27 1634485171
9  38 1322306126
23  5 1362322780
35  31 467139135
3  36 1925134305
8  3 976073849
35  2 643106923
29  2 374910985
33  34 422726589
10  14 569257252
13  6 897028098
23  17 759282264
27  22 566104172
21  6 911351917
23  26 1246231487
37  33 1741076929
2  3 2001722098
0  6 2102874126
28  21 914416219
21  5 157957851
1  27 232344854
