800 40 24 28
37  2 941536990
32  37 1515878267
32  29 1873962485
24  1 660403027
27  39 199680244
1  28 60214896
21  17 258946510
30  26 1855362557
3  15 1602481127
8  7 1175026397
23  10 463323804
19  25 1731900047
32  7 904252922
14  24 494481388
0  30 1322479769
5  22 1409378164
37  25 1193945820
6  38 1622625061
20  2 1066977280
33  11 856363940
38  14 1878334629
31  21 1716384936
13  29 167443424
17  12 399738550
25  33 178523991
11  35 1572222119
32  2 715904640
33  29 1195910946
3  17 1323421132
31  4 1105721474
39  19 137567202
38  36 92488992
18  33 1089911286
30  7 292983485
21  5 1581798288
36  4 334393338
9  14 1571892625
32  26 1419869772
1  7 2114756493
31  26 677705671
34  11 210385586
36  20 599648015
29  28 1653644640
4  29 1774241268
37  9 1755186736
38  15 262455515
12  33 1371818578
8  32 1660159230
26  1 699021741
39  7 1938713598
9  23 209820328
13  32 1174716374
37  31 1839684782
29  25 1716696364
27  5 324425853
28  10 163167527
33  1 573138769
22  3 1769747155
37  13 962967854
28  32 688261617
30  5 201374368
21  8 2029197364
36  18 573977728
36  2 2028584333
17  25 1561935302
39  27 1902071842
2  24 106687192
3  8 1479168136
38  9 277787791
28  2 720859008
21  0 678010923
6  2 93035635
21  13 697420181
0  17 1949806429
6  39 747095039
39  28 122628703
11  28 399993383
29  19 1756920830
8  16 781684861
18  1 1282023682
0  37 712503534
17  1 41417899
24  22 1134109433
37  8 501695920
34  29 1053263187
22  31 1427464017
15  7 380798687
6  13 147740994
22  29 34343173
5  2 1055337672
23  0 1363665306
2  7 1229383974
21  18 952466442
22  5 1178391048
6  25 1218619357
20  0 318340563
22  25 2068668499
18  19 1295618234
8  27 1323357938
9  3 1028548728
15  14 1874781531
2  8 991628907
8  2 2010833134
15  11 1653448813
3  31 1050127483
36  20 1659654249
2  31 1935326545
23  19 1850218799
33  1 216155734
4  32 1272853663
34  21 1465472044
4  11 189885654
31  5 247965958
18  31 823714569
12  9 1892040044
35  18 783370925
21  20 604655987
19  5 2060603456
35  5 275780603
4  36 287362482
21  27 865211863
23  3 330334725
37  36 431530602
33  14 1476857203
18  29 1545614457
37  24 1353525672
31  7 2027594651
15  19 1443570853
2  3 928662035
33  4 393902839
17  16 2094562955
11  37 2027992891
18  27 548141598
8  22 36691771
23  2 1068708407
33  22 1713338625
18  4 508798515
19  1 724798994
36  23 1066862987
31  32 2005560544
17  8 945781625
0  4 1607787073
7  29 92621282
25  10 308239274
4  26 1241385048
23  39 1844307788
31  28 1279299119
11  23 776392403
24  29 1604263191
26  14 847473388
4  14 988014136
34  1 448627439
19  6 689593832
12  17 1974728829
2  17 1203887251
4  37 722904577
1  33 1131381661
22  12 962784774
19  15 1894635718
31  12 418057471
18  34 402849845
25  15 1024426217
3  33 298946314
5  11 808561418
39  35 368433805
4  34 935316882
13  4 584473287
15  13 1485167113
37  24 405501188
36  33 1134350285
20  31 1239380720
35  30 783021816
14  18 1607416965
32  13 782103229
17  31 736776745
19  1 741838571
24  29 364779371
17  7 725655524
36  20 311102085
22  1 138233888
15  33 899852664
24  33 866722153
28  39 897958624
12  23 378247358
9  38 1643011604
19  12 755731518
1  15 406378068
21  7 1658578145
11  35 1250941765
26  1 731239883
0  24 804977146
17  19 1981230314
4  21 1759718948
31  15 184356199
2  35 187538879
9  13 953143874
4  11 600769624
36  35 1342569377
19  35 1922652956
19  25 233162430
34  23 904445944
22  10 195259726
16  13 169611442
29  8 287993506
11  9 161414017
18  13 1678917072
20  24 946279032
18  21 1594828078
23  19 707167945
17  24 63869020
27  20 577492788
22  16 1883784886
7  31 539082929
22  35 2065309179
18  1 731312485
37  11 676859030
5  4 587447156
0  30 1903329698
1  21 923102083
22  25 790081016
27  15 1197592757
31  12 1690622685
30  8 1341209870
28  39 2051465888
38  24 715472729
5  4 1693804054
30  9 108834239
29  39 1021432622
2  8 525679997
32  5 684271201
28  13 1526673554
32  9 786642990
1  21 2079972360
3  36 689147207
26  8 596763067
15  19 22380701
31  2 892993378
3  36 1231330161
11  5 770921026
10  1 364082794
0  31 1568537987
5  2 1410672427
27  7 1800953766
13  21 408350107
32  10 644183494
25  18 1081717114
33  24 1889842272
37  23 804941128
16  11 1908786299
24  35 1105322918
18  6 1148051413
28  25 1398007105
37  15 2038431642
19  1 1119905635
2  32 1724894826
18  20 1144443222
22  21 358003663
30  6 897659030
23  10 2064365701
35  25 1909300402
34  22 1970849630
6  27 1488256029
6  35 1776987667
3  1 1047467666
8  9 1700128540
29  9 791789574
39  16 675232405
34  4 293977261
31  7 1251779240
19  11 553225351
21  18 931350434
27  29 1710978002
7  17 1571471136
32  35 1177207754
15  2 1562097231
7  28 528034338
2  12 394615169
22  5 571655909
4  27 1074180784
23  1 803205176
20  36 131863279
0  11 2053437807
0  18 24381274
1  16 1844584524
24  4 705192677
28  13 726503521
34  39 35332219
36  13 248609275
23  20 591847292
31  28 1443901080
26  34 598795553
16  34 1809415932
19  2 453980596
39  29 861990823
38  10 666251858
38  23 98443101
32  22 1049541322
35  12 1830779771
22  38 1870271640
38  33 45691418
14  22 1943982142
6  36 542926169
1  23 801094216
23  31 816766330
32  28 1148278308
34  25 953179983
19  27 1449798651
16  8 1366623525
18  10 1479760258
7  28 138737380
26  33 1426405049
21  19 1837980043
29  34 1133283124
15  7 1434946696
33  25 1965219416
17  12 878487568
9  3 1635379409
17  34 1484535321
19  22 114803227
14  23 443755637
12  17 1857590528
25  29 779724626
36  5 1472230646
21  37 939274471
6  18 542101790
29  1 1362025960
13  35 1764312082
20  21 268980918
20  31 2003121309
19  24 526777121
19  20 1533283410
26  2 262020788
7  24 1459772139
15  10 1377760340
32  6 1121637581
27  19 1253886905
25  5 1942003587
14  2 2021196909
26  8 1487914325
4  28 405190285
33  29 1493172748
30  2 629396482
4  35 1443389834
35  19 1305442612
34  10 1001382294
21  11 1912040535
7  24 1795471914
20  15 1733706180
7  11 92703510
10  8 1147827645
36  31 1903259825
12  26 1188639800
25  7 703039784
9  19 755495575
23  17 935317045
4  37 1249272580
18  16 861045341
8  33 1451862043
26  19 807434716
19  14 1773508368
24  18 1129816200
12  18 284482775
5  23 357655111
22  24 1063113679
23  36 1607846039
2  32 768596775
34  26 1044819999
30  3 2042895086
13  11 62425423
8  3 1954411426
37  16 1293735706
31  26 1349800608
19  32 589017515
23  32 1442557656
1  25 276926295
7  39 1053335908
29  37 254810142
29  36 2038714494
2  11 550354183
35  38 1762349059
39  5 172022354
5  37 311913982
33  14 1432923862
1  23 2058395820
23  19 1483388420
32  22 1950021516
22  17 523571227
9  12 460488328
20  7 1428142830
34  33 868214199
15  14 235316298
1  19 888579815
27  8 1048761410
34  9 942269341
13  11 960698902
2  32 427023575
8  30 1109313271
28  17 1846974816
19  27 404882791
4  29 1280477870
3  34 27970674
15  28 949796879
17  15 652726962
21  32 583786043
18  39 527215203
20  17 377643237
26  1 1178262525
37  32 120999117
0  29 8467142
33  25 840807403
7  11 1020117034
38  4 2033977056
2  17 1223202156
26  22 76691991
3  13 1721150047
14  39 318483119
14  3 1979152283
12  9 1912074670
25  27 1683187362
12  26 1341597425
20  35 1791537921
8  0 1919162701
15  14 568684817
6  19 1680614568
37  21 1819891839
14  38 121240913
4  36 211964430
1  25 1848641755
8  27 1178367370
23  24 597006446
24  6 1126146033
25  24 741265866
37  24 863276054
14  10 1957443259
31  4 1671653396
10  35 841048489
38  33 1321710823
18  30 1109004819
25  7 1019418118
9  25 60002726
34  4 743170694
30  27 1188858250
23  15 488197040
2  4 1031480048
12  21 1294777677
6  11 676570042
29  5 1863413620
17  31 2049558862
18  6 1683803958
23  29 996514539
26  3 1141948774
21  19 1653705200
13  24 878878805
18  31 491784408
20  8 440223723
28  0 1365638448
14  27 1744658082
3  38 827587140
19  16 1009069719
14  27 1942569732
0  26 2064403121
1  36 1630185274
1  20 344697948
26  15 493839656
20  22 1202002742
5  27 1703543661
8  17 423334071
17  2 1542703449
18  35 1814902569
16  3 293828982
6  24 1435242497
4  12 49877670
13  16 633339542
3  32 1028148863
4  6 864646409
34  26 1791778764
11  29 1692476931
37  28 709556599
1  14 1977264788
4  1 1584023222
15  35 128667019
34  10 191164849
16  11 965339961
11  10 1683288436
12  18 2114719770
2  22 2068495131
12  32 361099291
1  36 88423505
31  3 619533628
38  7 1941785309
38  23 1141080628
18  26 1049637069
8  13 1842286692
12  39 601855391
13  21 842187167
9  2 1194495232
28  32 1036172378
3  34 1176614425
13  1 2039907576
35  18 2084135249
8  20 1978301947
34  4 1809561800
19  18 1917942107
28  6 1812341601
2  30 1420316194
9  16 988866837
1  2 1287894929
22  4 16211052
30  16 2105456537
36  18 301591532
6  21 1302143765
21  25 1117611867
15  30 1803181090
32  9 479875955
14  25 203748111
9  37 763523618
35  21 1079446065
3  7 1684188660
12  27 177435247
35  29 1700715582
6  39 1219654002
4  18 1736248788
24  22 30260473
13  21 392836703
6  18 880204191
26  25 218479942
21  14 1016015044
37  6 668784477
11  20 1817147612
6  30 440465748
29  32 1743363555
3  0 1152109358
23  33 130272931
20  6 1413063553
14  33 956058727
13  37 1408416302
29  33 409696211
17  24 1727300524
18  0 1355876929
1  17 1490786340
7  13 396387438
15  36 2106278789
17  25 263315892
11  2 34228428
16  5 198699486
9  39 319609921
38  39 1988420612
34  12 925770089
6  2 1136078228
17  4 812341172
34  2 614783228
21  15 1503797057
39  12 1559826099
24  15 1467903427
16  26 111407888
23  11 1668619601
4  27 1428177697
1  18 1992387124
31  20 2016035426
36  35 773774945
29  13 932932087
2  27 2074248886
26  27 802636742
24  3 662019725
8  22 750084818
4  23 2050691515
4  20 1102773194
24  9 535587624
33  20 1793103727
25  2 652725224
0  14 1347521641
39  34 367583703
0  12 2143187329
24  18 528137462
12  23 1063818300
37  14 715620203
13  28 2115696500
25  38 2117112463
22  10 211252715
5  2 192749572
17  19 20921353
7  35 346970763
13  7 1853194545
2  29 1759131144
33  27 642896200
11  26 1680310736
11  8 1377600214
39  18 1723631880
5  27 293494917
30  32 2038351905
19  30 898378770
16  26 516719581
24  37 1777573524
16  24 374300857
24  21 2065558522
11  32 2035273009
15  24 1694448793
19  13 2087021535
14  15 954249777
24  9 190250960
37  26 1201956440
4  21 1787954111
38  26 407889885
10  21 185997560
16  3 683490112
29  35 696331451
27  21 546463646
21  4 1773669678
30  28 1149344318
18  26 979073288
37  18 1926033263
24  33 1661794484
22  17 1629020952
28  33 1178549228
20  0 2073992215
6  19 797294840
12  4 1260797411
37  33 720184825
29  31 442194965
0  15 2051888250
18  34 909940441
14  20 2022087670
39  28 610527277
37  7 853463771
21  33 591358055
12  38 1151507732
9  29 293801230
26  24 1254788698
28  38 1812075456
17  27 1662397329
4  5 2111602692
26  32 1191420055
34  6 774381290
38  5 410960986
12  0 1802822933
23  21 291259138
8  22 1025942350
17  14 1765478220
28  10 1012468628
35  18 855234641
31  22 29322333
1  24 1666852087
1  4 1344281018
33  21 2089248685
7  28 511460526
28  13 1481193553
18  3 1642641096
6  25 1093402056
38  21 59847522
8  3 2111852987
26  24 1969542662
5  30 396770627
9  5 777083458
9  22 331702667
26  11 1619767963
38  35 583322870
7  3 1851663186
2  37 653912586
10  23 1143980679
26  24 1602292004
35  31 1199419674
12  27 1354746364
16  24 444280273
19  10 1140121145
8  23 1864037314
11  36 1127116162
38  36 1296762794
6  33 40628378
1  4 1613008143
3  34 105935125
23  34 676245252
12  27 423493565
24  25 1488249116
13  15 24666492
13  23 1171107820
26  18 1363758511
27  20 278382216
36  30 966899445
10  19 497503997
30  8 108457434
3  26 1513853661
16  39 955551555
19  35 1433596052
33  23 1250368326
30  26 91445583
2  12 821945781
33  8 1812882465
36  27 1702239140
0  26 876152038
10  9 327949214
27  22 1497723134
31  28 1843494228
31  20 1462902596
30  8 1690258143
29  24 1332988060
5  36 1125029692
32  25 45306406
0  21 1747914909
33  3 1415282429
15  2 161312392
39  1 2045945782
17  34 567498837
17  32 110424006
36  15 928391405
2  37 1204058924
36  9 2000327506
2  32 1255575754
27  36 637118982
15  21 1023839626
30  7 1222621341
15  12 1900799621
34  26 2061805370
26  12 1471747499
36  25 334642527
23  28 1785190390
27  24 722568529
12  39 2009764028
16  23 108144238
4  13 574969791
39  18 331330807
8  39 83576983
25  30 157414805
34  26 65510180
29  13 1554283423
21  35 1223796342
27  26 1917123661
18  21 422807007
23  6 1534722069
12  39 1099113866
3  19 735892691
17  37 909117906
12  36 1818375675
7  37 733474257
9  18 1104523891
34  17 1048986504
7  33 421252697
31  20 1782899918
17  36 567675372
19  2 354765974
21  39 782776052
20  7 1201315177
16  15 773376121
8  14 1091386989
21  32 1655464505
30  15 196283557
23  9 868691129
0  3 263408586
13  15 1620339687
9  14 716803937
28  16 2119355933
24  15 615427423
22  15 861526757
14  26 53572172
1  11 1680802532
5  14 1475067808
4  9 1264210641
3  18 96768587
18  36 1842181938
13  2 1254231937
4  39 47303489
23  33 149530365
12  31 472719939
17  19 765107793
16  3 1675466098
3  30 1478706535
20  11 285748377
22  21 1591078962
28  39 1178127499
4  28 984525712
31  13 1278636147
29  6 332202934
38  5 662773058
7  37 906606816
37  1 147041097
0  1 1309607732
3  24 1639951264
39  16 1271167092
30  19 806328485
7  9 1464353875
29  35 123374433
29  39 226569879
23  16 2090398330
14  27 1252549046
31  26 575004101
6  37 1681299943
35  23 1635561486
24  1 1895751693
21  6 18196286
26  4 740273683
31  13 119082330
14  13 2047811656
27  11 1192887043
35  18 1638656116
39  5 107778294
15  10 1725281051
9  13 1944748179
31  38 1721460158
26  5 1700143424
19  26 1781826188
33  9 1499520409
