800 40 4 30
7  1 2000625877
18  36 842858377
9  16 742069455
9  32 1904314852
7  2 201150482
28  39 404994333
26  16 753546632
31  8 1670400551
11  37 1111935976
0  31 1554100656
24  38 100447095
29  3 2072334970
6  23 1248575526
25  38 234378116
21  33 916182360
0  28 23683509
4  2 591436017
11  7 984050045
19  37 857376278
24  27 1104803353
6  23 1989798697
16  5 1215128234
22  27 978153488
34  14 2002266130
8  33 72952941
23  22 1087476944
32  29 1337860564
8  39 1344557031
13  32 1477776981
32  20 347077552
31  0 863095048
3  6 52283529
29  17 2046308976
11  17 508862491
33  2 1634074221
15  28 1052299208
18  20 728207610
16  2 1006869834
34  14 1045753891
8  30 492559236
5  28 1971866226
15  16 1794946056
3  15 1611671125
18  4 499804421
38  1 710746364
0  10 841259431
25  14 175296885
0  3 654044138
23  1 44070599
21  10 1207176246
3  10 2037202942
12  24 1409581726
7  30 1196929952
21  17 303179643
12  4 1324341768
1  5 987491639
7  9 1965009661
21  29 2044631276
11  12 461878427
5  39 60365784
8  24 936533339
15  5 687506764
28  10 1362531733
31  18 1895876657
11  8 1604849611
10  3 2145510522
26  16 1297413460
24  2 1928858174
31  10 721484490
34  38 207577093
10  5 1592095080
1  25 1952817970
37  38 2063985335
26  30 93625484
34  4 552204109
31  0 698501733
27  7 500536804
27  3 482291123
8  16 516784568
27  28 1169256111
20  23 1662900374
34  21 242509214
26  33 372301010
37  3 668724438
14  22 696954290
18  11 2126987974
31  23 1625389907
16  29 312685595
12  10 1328296806
6  27 2080042384
24  5 1819883080
26  2 1300444989
16  29 1071867988
29  11 827328185
24  22 2007431135
4  7 492409744
10  23 1191280113
11  5 1921559333
34  11 1556379104
31  0 1252850758
35  13 618733372
6  20 1590571100
35  2 1982097784
1  31 443169288
30  8 350820726
0  11 1504458486
12  16 969625176
31  29 1440747785
25  7 471097095
33  36 1741478621
35  4 1618344162
19  10 199309942
35  1 965237155
33  8 1959588835
9  39 526681995
3  38 1241337349
37  18 1921154014
28  35 110806367
7  31 566550379
8  32 740614473
27  6 1447378260
11  10 1524415075
8  0 1573057785
14  36 2055614544
14  4 740837680
7  20 1327272673
6  34 1819438824
8  26 167949675
7  19 642776137
9  35 1205316698
15  26 213652772
35  5 911114880
16  15 1161737351
20  16 197577756
38  27 818441430
38  35 2096871491
2  11 63302940
8  33 1548004723
15  25 702627063
38  6 503670574
24  30 1344435184
10  4 1220788436
39  11 1642689144
13  4 33080209
16  17 69782721
23  2 556427526
0  35 891223106
2  27 1264189416
34  33 1952337930
25  1 2024893964
4  25 1664761768
27  34 609315234
3  27 355490455
30  13 1062191326
18  15 851002131
26  0 1691549071
33  39 1051050902
14  21 1156858588
1  14 223943463
15  35 1730954822
21  20 1759193429
13  37 1150516355
13  26 1115152463
4  22 2062775198
36  19 204424309
36  17 896683070
0  15 1055393850
35  18 920272001
22  26 1239607564
31  10 867075625
31  25 929420795
32  3 519337439
38  35 214180786
34  19 1399484973
7  11 1707559812
4  27 944351477
18  30 1280206827
0  21 219700368
4  23 1155986161
32  21 1203324145
17  24 277690406
14  0 1862453857
13  18 437105032
21  9 1147870636
19  15 1755790092
37  0 490917789
21  35 1784493236
25  32 689384333
31  5 422055434
19  31 1958062257
39  24 1226183016
10  7 213033791
27  25 1930830108
0  17 2135364063
28  6 1718767656
6  21 710867419
24  19 1075816052
13  15 1556399469
3  27 2112291112
3  20 1709532023
26  3 87889488
12  33 1414684107
13  2 1377115819
13  20 397713693
35  13 1443520929
16  26 302411879
4  16 1043962414
28  6 1713685560
11  27 1987498432
34  12 1267148884
31  37 1927947806
14  5 1148225497
5  27 1638376634
9  35 1283205076
14  18 640069819
19  2 444643272
19  23 480237566
19  21 1004289211
29  1 1022715200
7  0 1920350159
3  19 1388058889
30  22 114184779
17  18 68464904
16  12 544418893
12  33 723609113
0  10 568448720
22  17 677515714
17  3 380310062
33  21 112389224
39  36 1128084865
22  28 1802238141
34  2 2009009348
18  11 125317106
20  38 822700312
19  26 754331564
14  4 61008919
38  34 1450629999
15  6 1811192930
25  10 28527366
17  5 1889919955
29  35 663301563
13  10 147193379
1  15 1953640977
30  0 1595241638
4  33 634947285
1  24 657819475
23  18 184064225
29  32 1693524073
32  26 1667505028
4  14 1048136195
9  23 1261878689
38  24 655771276
3  21 603917376
35  26 1070539790
28  0 2019461732
17  23 242151095
23  3 2118558201
24  14 122058849
5  20 1919557027
16  0 946105270
10  15 1315181689
37  31 1312982762
12  30 1086689319
26  25 459160921
5  23 652746060
12  34 999843871
0  22 388853936
16  2 1500072077
7  16 849715147
0  25 611967366
24  14 306281534
18  17 846801564
32  26 63010968
32  37 1140184633
37  23 2060954597
22  27 569375204
28  29 366331053
26  19 1605824116
13  37 1500465856
7  17 1360680704
39  34 551324077
0  26 1908347815
30  23 1947504249
0  1 916733937
0  39 133866982
0  34 1556943774
34  21 1711567050
28  23 1393290282
27  0 785766173
26  2 1317451031
0  29 1767544184
23  12 966371196
34  2 608116854
0  21 133621390
13  0 1306661559
22  17 196912014
22  1 951041773
37  22 1741580927
18  12 593023978
6  14 1033203271
12  13 917943931
7  34 290855924
21  37 950559455
22  33 1961204093
12  2 2002704534
8  28 1360274172
8  4 824354893
31  23 1134084275
6  12 2114364160
28  11 258552008
32  7 491773764
36  9 7911930
14  7 1842644395
39  5 374005320
26  19 264974876
9  26 689590227
35  23 287906888
31  27 164181586
21  35 1305892806
7  13 1824983453
32  38 1168556009
13  38 1177441447
17  19 959223923
39  10 689141915
24  36 1083192326
10  29 329014293
3  30 113548032
2  29 93071188
17  37 1563879151
18  1 319650419
14  20 1300780050
18  21 393251454
16  31 1257785856
11  30 1885834915
1  25 1107231764
2  21 632092903
22  10 1429009569
16  5 1205325994
32  24 1892099030
16  24 564438475
33  32 1850228412
36  0 1749294963
7  29 1611966648
30  12 1457470190
11  38 579172314
37  25 602991330
5  21 1607453655
4  28 546580685
30  4 1813375020
4  8 1758168611
11  9 1114941384
17  32 687576854
28  6 1414291216
1  15 1771890736
7  6 435209638
12  14 347012867
36  1 1314187565
28  24 1815044079
1  32 1124871034
31  39 1152255406
23  6 1141720328
33  39 1389427857
5  12 1866066145
21  37 2112499356
38  12 1317088660
7  13 410597821
3  21 677585839
26  12 1644254387
21  35 1208197369
38  9 303930260
23  12 1989785821
21  14 1017097051
9  0 532046930
25  13 1461997947
35  37 1230825576
12  6 2086604119
22  6 2125127584
13  27 1612262171
39  12 539567898
33  20 796252673
35  17 1023674201
0  25 1244771677
23  0 697378104
13  1 567876189
10  11 1571136532
21  16 19118877
15  13 616176232
32  10 40861965
24  19 951504706
9  18 4539528
16  27 1190302906
28  17 2060018909
39  24 65580081
6  4 1235119758
26  20 2130751976
27  21 779263617
27  25 868057496
29  0 88062003
14  20 1600298821
26  29 1774866974
31  30 539052968
17  7 1843850006
28  21 951683802
39  33 817375963
20  1 2136635215
37  11 609540673
20  33 518850744
1  16 2095651835
21  18 145031107
34  10 484786424
11  3 2005362155
3  22 2107901475
28  16 1776940565
12  17 1159442881
39  33 318562011
20  26 2078829344
17  23 362112683
35  0 812884713
39  17 148244508
13  8 1469060939
34  33 772294012
35  23 62156366
6  34 1971837686
25  39 1010660274
29  13 1368444401
17  22 1884326906
3  18 236019753
25  34 1719953341
28  22 1030519100
2  0 749059726
10  0 1641943918
20  12 632159982
32  18 591786095
7  19 45311801
31  21 1329274861
5  26 1019464498
20  24 1552576711
9  29 1060984054
35  6 124130655
35  21 580749296
18  1 1402144471
9  30 1752645706
17  14 541087464
21  2 911562967
21  36 1065574864
31  34 1832113743
0  24 1521102223
10  37 2045579233
27  11 53590546
32  39 601771704
25  0 624295229
35  1 1603541753
13  37 1130610648
6  34 1822401481
31  15 624434770
22  20 1613106163
4  9 302413639
36  13 413219987
34  16 1124560691
12  38 1150234329
9  27 560490525
21  14 23151207
13  10 741670121
7  35 1009532443
19  12 990093908
10  33 663726332
15  38 135040285
38  30 1617416850
23  1 1360495318
20  24 2089074359
38  1 956035204
35  4 203016899
3  18 446838411
38  20 1528380746
16  33 1221268647
29  7 2022295520
20  5 442629560
1  34 1588590855
34  15 491748595
24  37 608505091
29  31 734558142
25  9 829540321
17  11 1093426259
23  5 522293957
21  20 1193323051
0  6 449981585
36  12 292408292
18  3 792844705
18  27 1345929217
9  8 252884861
17  19 220125331
17  28 1008807009
1  21 817862688
25  18 2018299033
13  24 459625650
29  14 1486953499
11  0 781408228
39  9 1012076339
18  2 1789750548
1  22 2081666925
35  5 944772340
28  19 1985027966
30  27 997663597
14  37 477604804
12  25 1831789010
27  21 996806943
29  20 429424134
14  38 1451621841
5  36 745896898
10  9 1871745351
3  19 1963668270
16  22 317909929
9  4 1239430395
27  29 1437233999
32  35 1492102292
13  14 1262943050
9  1 1324451285
22  11 908405735
15  0 2103077207
13  17 787827448
21  11 792982259
7  23 1025079660
39  23 1130474719
28  2 1564681491
27  34 1804228290
4  18 547336443
24  6 22582275
3  12 788349637
18  20 1966787824
27  9 1388744474
33  24 382687322
11  16 171651060
0  10 2128088906
35  19 1627443301
0  19 395141455
3  7 2109306293
13  20 2115108829
14  27 156651366
16  22 1326558482
33  22 1357940515
31  29 2091928733
33  12 784015666
13  14 1558712169
15  17 1430665559
1  38 122855746
4  5 776398980
16  24 285455446
4  5 1529887648
23  24 898503690
6  36 1972372246
12  21 1338054824
19  30 1094775649
22  21 988790149
16  21 791359177
33  25 267601367
21  7 611000917
17  9 355333771
29  16 1850287739
20  29 1267452244
32  7 968458884
11  27 1302261110
10  28 969827076
2  37 628345211
13  8 850189381
29  34 59351022
13  39 25889793
15  3 1194281332
25  0 1922650930
24  21 2139160574
31  13 1949259468
32  17 331693830
35  38 1035094230
8  10 231744001
39  11 1626835210
34  29 933480233
33  15 1384056165
29  1 1789217089
23  7 2093529891
9  37 1070333037
38  12 1229999325
10  23 1216804028
14  29 1842805741
10  30 972248154
12  3 844899149
34  10 1847102380
29  37 1985204439
1  33 2063894757
25  3 131664509
6  14 3050392
29  38 1295242189
23  0 1388252139
38  11 1934288939
21  9 894503431
22  30 1308604621
6  19 1104819194
31  19 822194492
15  10 1482824691
4  10 1456665626
35  39 225273347
14  4 985798227
5  7 1361606351
4  8 604865196
14  10 2113495724
29  14 273049911
16  0 1529551943
29  15 1235435144
16  30 1031763723
21  34 428271005
26  30 875532785
28  1 640165784
2  39 103410074
0  1 1330496852
11  34 354649916
25  2 1436811895
14  17 246082318
12  35 1840492380
36  16 284040675
24  32 1206112482
9  30 555307139
15  7 1628241866
26  31 948111052
21  3 525653929
16  19 1845077634
4  15 1854748585
8  25 611175316
16  26 694636786
35  30 1473518796
14  25 721137847
19  3 1954367009
19  6 1230800253
9  2 87168402
29  31 480818361
15  8 263166553
4  20 881877345
11  18 945912251
37  17 1684246495
23  7 1060714677
14  15 2041447282
10  35 445832158
14  19 1475398017
5  20 588414087
5  28 414751735
8  27 1308976480
0  37 1460770806
2  38 965439173
30  23 1426154722
8  15 474752245
1  34 624960000
6  18 1449969851
39  2 1765146778
12  8 865755203
6  3 1979648827
14  23 917994516
30  28 1459412245
8  22 917778974
25  22 268598209
26  1 37391575
10  21 983714761
21  6 471901282
38  0 676758547
37  0 1260530419
17  27 2027779941
17  13 417643462
8  37 783920309
22  25 183770575
8  15 1383845286
31  10 1032396093
12  28 1632767187
12  15 387164221
11  34 636035122
15  31 882058532
6  39 676322205
28  23 829436414
4  29 260779206
36  12 1123531992
15  10 129213580
4  1 1184006800
30  22 2107321498
23  1 2010457650
14  7 1506265247
14  25 1023354313
17  16 790053235
22  24 1179445878
13  38 175625956
32  23 897101535
6  32 1040303442
24  36 2122747077
18  29 350696351
30  13 409937385
16  33 1156730863
20  8 829174543
6  4 1251410580
24  26 21632766
26  29 1353409405
23  19 486306367
35  29 375256581
6  39 1460092903
6  26 445470918
4  25 1271424403
2  14 835708548
39  26 24325344
2  38 1346089282
0  15 1245798997
22  9 1279564887
11  10 1217732420
12  17 1185962680
2  30 106673670
37  35 1345271647
13  12 995532745
0  17 808160429
10  9 1811572400
12  3 1334472912
3  1 1783590779
6  15 1505436911
11  23 2096974769
5  4 2102353205
7  25 2128101223
20  31 2119980726
36  14 1350593592
32  1 2022266425
13  27 1074065235
8  19 1859330455
16  1 1393185237
21  10 38421672
30  35 745229645
39  8 547827972
6  32 2041527219
12  17 819266915
1  25 1237923898
31  5 1627441223
2  39 1071586923
18  20 231280287
0  5 22184624
33  20 115624456
8  19 239849524
36  35 207237197
24  4 1553483489
3  13 1715959739
26  28 281167783
29  24 30425520
26  17 253545200
17  27 2111357581
27  24 317345361
32  19 1262363242
9  0 430494372
39  2 514456088
37  4 987397280
33  6 303442380
4  35 1292522383
20  4 1401767076
27  4 382426598
8  38 1826417672
8  21 1914700840
31  19 668176336
13  19 1571588209
3  31 711298915
15  36 2100055934
14  20 429623242
33  34 861019666
19  28 1064009148
35  18 149008778
16  15 743967716
5  23 1302001148
17  16 772437723
4  23 307884506
19  33 972422219
37  12 1854412757
23  13 1551628096
28  34 49192934
36  31 1151101504
1  38 1706555108
2  25 138627414
26  23 1492814457
12  25 1267387398
25  14 388219279
23  18 162584041
9  35 1157199855
9  37 1845974837
33  15 2120011697
38  21 292539611
16  5 130617247
28  11 3280519
1  29 544590097
6  10 1765655191
7  37 1027557921
33  6 430594948
16  34 105224210
15  26 1146325571
33  13 161559363
36  26 1218268192
5  28 645595470
21  32 1812354467
22  2 150442477
6  20 2048308966
29  7 288514265
1  37 1048000899
5  19 962373677
32  35 721658281
28  37 225963356
29  12 1947791883
