800 40 6 21
39  17 671680908
9  19 1244510256
12  1 1382528873
6  18 433755132
16  27 1661501972
39  18 1180677159
34  1 612858733
17  8 28814949
0  16 1250145305
20  6 1770878642
39  23 1774900187
26  29 2129955439
34  3 491284531
18  12 817630206
11  20 1786990272
16  5 1411161367
15  26 1881921048
6  25 1961430301
36  13 1808315836
29  22 1843082896
10  6 2096537269
31  23 979303722
1  3 1364859361
32  20 1965630135
27  13 856008501
27  16 1234021172
2  0 1232850757
38  6 513449520
9  31 451948241
32  23 1234286425
10  29 1533123551
30  15 1011885224
2  15 1683246455
1  39 1867426838
14  36 1131209509
31  11 1112010128
12  18 1312068836
39  32 1520239778
0  33 1878303792
36  10 1361329481
9  19 25882351
4  20 532331270
17  30 2013436342
31  39 883549846
32  21 950849878
21  34 1162541805
29  17 684699560
17  30 1358658719
30  24 1661553802
10  38 1634348879
17  31 446683903
25  28 1350802976
9  14 502548763
5  9 305782686
25  29 284137756
24  2 1893729465
31  37 615628784
11  7 982650843
38  16 1423143742
29  14 262124305
31  23 1258625851
5  16 2086471668
6  39 1359841897
11  39 595873242
38  8 326275333
28  7 54827748
31  29 1583047713
31  8 742969789
13  26 377377409
16  20 1312466177
19  4 693812938
11  1 531982151
9  1 1468981237
27  20 1662515285
9  18 1159278478
10  24 1773497104
20  0 1673068678
2  11 1648992
30  36 124390270
10  9 1973067530
23  38 1338961602
6  25 955153162
29  17 88684880
28  26 2114389424
38  4 706153094
9  10 146542901
6  15 1858195532
35  8 1075477937
9  16 602160550
32  3 355867991
5  19 1159682991
10  11 537826880
11  34 1954686077
1  38 259364646
33  36 1112726369
29  14 1255263546
29  10 961101495
11  5 2112497141
14  10 1717554866
2  20 148200494
12  1 2058150027
20  5 1177996347
36  12 1850322843
27  17 1367238483
39  22 1747878311
27  25 917290320
15  36 1299330111
35  0 833504168
14  5 881674619
13  31 923323465
36  0 1817318678
10  23 886036533
35  7 1204614564
35  36 2002340415
13  36 2073431475
19  24 217115045
38  4 91458587
36  32 683711015
0  19 1667166979
9  15 298046668
8  26 1408934593
5  27 352121889
26  17 1282941074
14  20 373019885
37  22 1138037983
16  7 2047436975
16  37 848814697
3  28 1695148064
14  29 1176745941
5  20 587920579
22  23 1536630236
10  12 1877674092
28  27 2058726444
12  37 1015242264
10  7 92921707
2  5 1169679314
27  36 467242203
13  32 1203105664
13  35 1007268187
2  17 310504980
17  10 1364280182
10  38 1745029296
27  33 656400747
6  16 1230477206
26  17 1710851526
12  21 386258372
15  34 491372522
3  1 464927032
19  8 387889532
13  31 239355180
13  26 1402730950
38  26 1601362115
34  33 1386172825
18  14 575525199
37  3 2018259244
21  26 1687468718
4  25 1858540935
20  25 2126987706
34  2 987882227
18  22 874050558
34  6 1908188443
6  14 1290364254
2  12 323318791
18  28 1976100190
12  5 131526712
28  36 17151834
21  22 953191975
26  11 71296932
11  30 986070113
22  36 1933305591
7  28 651943525
21  7 1169422426
25  13 1588012046
6  8 2002120539
9  31 2130478078
13  26 1426430222
15  13 1923275012
28  30 1077149952
29  26 2140783105
33  14 1272338893
10  23 1437150047
28  26 1294178187
16  19 2135026526
3  5 2069034886
27  17 733675016
12  29 1034773982
1  34 848364963
30  34 1129728103
1  32 1012465479
9  26 1192254327
26  36 2036377603
28  11 101247455
5  35 569539859
13  29 2056759859
18  7 80068547
33  10 1396820553
28  23 1500696021
5  28 970905665
38  14 406520149
3  8 108152013
23  31 1976354254
33  30 1190183330
37  34 123363926
35  11 1709632907
14  20 583498912
36  3 1803780442
24  39 967403958
33  2 647219228
4  13 2142020497
16  10 1503836317
32  26 1891530520
34  28 960649633
4  20 847136051
5  16 1835973252
7  9 411773545
36  35 2031351517
15  12 2139077455
13  31 896843186
16  27 365176657
14  1 1495243459
33  31 555246997
17  36 1248852271
14  34 1577512391
37  6 800601258
18  4 1217970470
24  31 773074126
2  36 882473178
23  13 1321959725
6  22 1405759061
34  26 834395700
19  22 782590351
31  12 1052945937
14  11 1265400007
17  5 246361888
5  27 119212783
37  21 1576490845
11  1 817705050
11  32 1403899532
22  4 1212406833
8  16 1726519705
16  38 1767522437
2  26 340667267
6  17 643461868
34  20 896397592
26  17 1302294431
11  23 566796673
25  11 2093093650
21  35 2099912974
5  2 1404541955
16  36 98003468
20  22 1897119299
25  28 1586121637
7  33 377822921
9  37 147937407
25  17 1362488806
29  1 464894587
6  9 601222775
10  13 1826701254
8  2 1688123794
35  37 43563112
29  10 1578812795
22  20 1908787204
16  34 1974542820
6  39 1989328203
28  16 1340200813
8  13 1389786858
26  6 975938737
11  4 309262030
38  14 2133238450
10  11 116959946
31  13 28372045
26  18 683378
7  29 1610586620
16  19 1271686927
4  30 1652001405
9  15 295042983
31  32 613608248
13  14 1252884726
30  23 339545895
12  36 21559561
33  13 944400965
27  32 1683267353
14  22 1821321518
12  27 2090422316
9  5 1408703562
8  35 1646996738
13  2 298452532
21  23 326610856
20  5 1858662783
20  19 28061423
33  22 307778071
2  6 1877778666
18  12 595144631
37  0 54879618
23  6 216984513
15  24 1178691535
19  39 12350170
23  13 211561121
29  31 925502632
16  1 387393544
34  21 1013751195
31  28 138606073
15  36 1494531850
23  27 1729772139
1  39 1092760710
35  25 429168899
30  28 1825643036
18  38 1934207022
36  31 477461026
1  16 1178193117
12  23 561371077
12  13 586668359
6  26 123333487
24  5 803861225
35  8 735399816
2  36 1194719121
8  0 2003319857
8  6 1010705
37  38 375501320
19  12 1551463561
2  33 1885353102
36  3 1602936271
16  24 1928428215
31  7 553023822
17  34 738437067
16  9 618092808
31  36 1232780953
5  27 437661964
32  39 608988943
29  26 1987602790
27  11 727962356
7  17 1857144136
10  22 1611667864
11  17 294728675
7  11 1323050265
8  10 1829067876
3  16 949320134
33  18 849944760
6  30 261469933
1  11 435916815
16  4 1058521105
13  19 550320783
38  18 2130256013
11  25 128481118
3  26 1083547148
19  11 1126128329
34  38 1683603404
13  27 39749940
33  1 356977348
10  17 979255170
38  29 1968182079
24  6 27435592
0  25 1764790215
29  28 973795873
34  21 1308093812
26  11 1791325707
19  28 738841945
13  39 1864182007
3  31 1933312614
11  38 1888380357
11  23 1397894585
33  6 1879271269
9  23 1360752933
13  23 1534955291
3  25 894383822
3  30 1983923091
36  21 1764430933
36  4 184005931
11  9 905395230
3  12 1795088933
19  7 649404290
1  21 1003572000
33  6 1360503673
38  39 1920365921
18  13 1477689913
35  0 33711004
4  14 483407372
18  34 73749954
7  23 1758473130
20  14 784380461
8  19 1388970644
27  34 1143907113
9  7 1905612050
11  39 813269274
10  8 958793689
14  1 238556329
5  10 1931930062
22  6 150669445
24  7 271349880
18  26 234415381
1  22 347684442
35  31 672590039
26  24 715571816
4  31 883124857
2  28 221166812
0  31 606469556
9  7 1960322346
22  12 80755397
6  36 2130476354
13  23 1570085865
12  30 110020419
34  33 804125928
16  22 1822714024
21  32 693935
4  18 570084900
31  29 904234423
7  30 325261329
4  37 961402031
26  31 1791523458
36  5 376397803
8  19 713923367
11  5 608666848
21  8 734952597
23  3 1420279783
24  0 1173347059
12  31 1026868944
2  30 600463382
29  13 1239127305
13  30 621922357
20  27 1392044495
5  21 828856599
2  28 63223929
16  32 1006983371
0  28 1177745105
21  7 1248115653
31  12 2128745475
15  28 413727037
19  0 2005496170
15  37 1489451752
39  16 407215730
18  3 308001784
19  38 541272380
18  24 721697920
35  37 1957426269
19  8 1495303736
13  2 491528632
36  2 1028779887
2  35 693832701
2  27 1990333396
39  34 2076158597
14  15 1758870997
33  3 1368946284
18  14 658952370
14  37 92005152
9  34 63160610
30  13 346581276
31  10 1373165600
39  35 1547372189
23  21 1115387796
20  27 1332204337
26  18 45974752
2  1 226736564
6  4 418316910
1  22 205088390
32  23 56510714
33  11 673188169
32  31 1666795431
8  20 2108524992
12  7 1718042864
19  2 1224489826
5  33 728683297
32  4 1492122876
27  20 302162964
11  14 1897796201
29  12 1229260859
11  24 549933950
30  7 945926738
33  7 577335931
13  32 827711833
4  36 539891931
30  35 1737415448
39  34 362278404
10  31 1019831874
38  10 1267965344
8  6 969522210
19  7 638862225
7  39 912945759
22  35 277470989
15  20 272972174
25  30 1194463882
23  39 1416385305
23  7 394846409
39  28 1975209675
38  36 1631705380
37  10 2122342374
3  2 1404972880
23  26 1091783089
27  14 214280064
36  7 30343127
20  1 1371216634
11  28 1165885147
34  16 1602044954
3  15 1667278671
27  25 1667100004
21  39 1877921558
32  0 100944983
19  18 428527961
3  32 1660908599
6  28 174388192
25  28 551254727
30  22 490702775
11  16 1725745831
38  5 88165076
24  32 971011171
10  26 1840863500
35  34 47039461
38  12 1834184860
30  29 1707622748
35  39 872710223
0  9 564648362
17  26 1805106228
11  38 2005396066
10  15 89685948
17  36 1508430882
25  10 1466136168
14  22 1338481669
24  8 272761187
33  13 325856376
30  23 1536615501
29  33 1271021845
0  5 376251761
18  34 123021559
5  37 599990426
20  2 2008613554
12  21 1710038139
29  24 94764258
6  7 681475675
17  3 2038012519
38  23 683718019
13  20 1517095265
30  35 1903492979
11  19 1312145811
0  15 2073210585
17  0 1204225564
17  33 1161430948
33  34 1339382796
21  7 479587422
38  0 1772971113
0  28 88718615
6  13 1210888231
20  28 450617115
28  22 901843028
5  27 672617374
30  20 1880103548
26  29 1725717473
37  13 2004798678
39  9 1560757141
32  6 509387590
15  13 1863920455
9  29 1808315350
5  3 1530984222
3  16 489714125
28  38 2069734588
14  0 1815349526
21  20 14736774
32  7 1165930104
22  35 995700294
9  4 860636145
5  35 231795718
19  24 206706391
14  37 1507611653
26  8 1984992062
6  31 1823622588
36  8 58989361
23  4 564441802
2  26 934225276
0  10 450539626
19  11 1584557168
29  16 2060012558
31  28 310254351
0  28 859153867
3  1 853588302
20  33 1063008227
26  5 1138065290
3  13 1964207634
26  13 1494738842
20  25 971673298
14  34 183633825
29  20 923946426
10  28 1310665641
9  26 730660690
22  35 533710642
17  33 1758959814
4  23 422733566
26  9 920483480
30  35 153237042
25  12 783168341
13  34 1504458891
21  36 810705834
21  19 2070849438
29  14 659542231
12  26 452264564
29  17 615312820
27  26 1899880627
4  15 360774040
38  19 1172405993
24  12 124881213
24  8 288153370
37  35 917470465
19  27 65261813
0  17 983755536
27  14 1344267377
37  11 2019501368
16  15 697669820
28  16 794295500
25  19 1244148710
35  26 898572711
12  24 1653937133
2  27 328433628
17  29 1971600680
22  36 1702185306
5  37 238620222
16  9 1185120565
1  18 1976117287
17  25 1031204807
25  37 543091499
13  28 1898832552
15  27 557004924
7  34 1690650556
24  34 1802965292
12  7 1157898316
16  3 1986322159
37  21 553162139
0  2 605807399
13  33 1662542920
13  39 1620955169
17  19 2102041632
6  17 1293243057
24  4 851389427
15  36 1180431630
9  14 1472518040
8  31 749326301
25  7 2092290867
19  4 233256655
21  9 562598727
37  22 741942971
24  9 1356067494
7  4 842931863
38  3 1506421412
25  3 1338162693
33  21 1016329527
29  35 201955435
5  15 1722345493
2  23 2017965471
24  11 148219366
28  0 824582578
16  11 207598036
5  12 1949948376
14  38 70849802
3  4 1547228624
30  1 1549646337
21  12 2637554
36  21 617077856
9  4 1013382421
16  6 1672629905
17  31 1849094963
11  15 1655372691
9  33 2039112540
3  17 1363707804
29  26 1917538604
38  13 138695941
32  36 1300590697
19  10 155319073
23  12 427290313
39  22 532332800
22  0 751400179
3  38 730791743
27  20 328438612
15  3 1474953559
17  1 1042489758
37  18 585240033
29  1 638034142
6  23 563730088
3  7 440113468
5  31 684094937
10  8 616376412
39  18 979418647
13  19 27254714
19  6 1194858543
34  2 177224870
2  28 1637655431
4  28 919352775
32  13 702752494
23  6 1183470350
36  31 1588302922
3  32 1950830956
3  24 504980873
1  3 817713243
4  1 755832468
24  33 731161066
31  36 1325626758
35  25 2056739172
35  22 1771593177
14  25 18856918
38  14 1704277132
27  12 1794882619
30  10 1543946298
31  36 478505352
3  32 371839155
25  33 1582146918
27  20 1423866673
37  32 1020815181
39  30 1030490924
20  24 1249898527
30  4 1700711440
4  35 1187826549
23  22 686716411
24  5 1675898165
28  10 293119930
5  2 1007167383
15  13 1976028653
36  20 622251828
5  38 519116815
4  19 463096812
31  15 705486205
30  29 1530572410
18  33 406110198
24  25 346803425
10  12 3514961
24  15 1569124274
26  23 2091764953
28  6 154989641
17  35 748631258
25  34 1221512215
4  0 871307718
10  39 1133137427
28  21 118329995
33  23 1646324322
27  11 1931539979
31  5 237895560
5  30 472677850
11  13 2147253535
11  33 2040147788
17  36 1754344949
2  8 1930401408
25  4 386715227
5  0 112913274
31  22 981251177
31  38 42034929
11  18 740641775
25  22 1046592675
0  20 1915905150
4  32 1394133483
9  33 1521000873
22  18 941190381
15  1 1221471885
29  4 1600733214
32  30 1593553958
24  22 867280578
22  11 808902619
13  31 1370785691
35  32 1905146397
15  19 64688345
11  6 307732010
21  18 838474772
38  16 919978091
36  31 510235855
16  20 1002708983
14  17 1791262818
2  7 1524943019
26  31 1356094767
4  28 421195054
2  30 613981829
14  17 137148079
29  19 83299506
19  33 1514075923
37  6 796510583
0  34 592168947
23  36 486792101
4  26 1145815852
13  30 1165465632
2  24 22435246
6  28 877292083
28  10 429763487
34  19 1165142084
22  14 172256420
24  0 773329153
0  12 2111347368
29  18 378190821
30  27 261386914
11  23 1152713407
0  22 716255596
33  29 1880380443
2  34 541380645
28  30 1288889999
36  10 1287565256
16  36 1436112578
38  14 958451285
22  37 901164286
27  19 2060054842
34  33 995023377
38  0 287557350
26  33 1216398735
19  29 247835967
17  22 482859753
18  17 664639002
14  30 785514342
6  1 564116220
20  29 530183276
35  10 1741018789
