800 40 10 37
21  32 54713823
39  28 337018891
24  9 631432519
6  27 1244417388
8  4 337469167
7  24 1712375684
21  32 857987683
28  16 178381970
12  4 131537266
19  11 1384823048
15  39 668791228
34  21 1201970432
2  9 1804036191
23  20 782784017
37  4 1666880244
10  30 1501594690
16  23 749003725
35  23 223489015
2  22 1405493711
16  12 505774037
27  22 1422461501
4  28 1564654521
23  29 1155831549
10  27 1754264402
28  33 2135547038
26  4 1581155617
27  36 2019049154
23  25 92972833
24  15 2103712237
39  0 1605140281
8  22 1649436128
39  12 485317205
4  25 2108642184
16  15 1416017514
17  3 1681536633
4  24 2145547704
20  14 212276220
26  0 822996892
19  25 819525720
8  11 397243309
31  9 1026896064
7  11 1556585974
17  15 1868381971
36  5 410714468
34  13 468427110
1  3 1676764730
21  34 597722568
24  3 504763434
30  29 584406950
3  33 1238117374
13  39 1003871911
12  20 1843682910
4  2 856590818
38  4 1596644184
20  5 1461411905
24  5 1929825165
32  34 306731266
5  19 722866015
38  29 68121856
8  3 1459710873
31  15 1313933933
28  13 1032382226
3  1 66816275
34  19 1211781953
25  8 1722249531
21  3 332918648
36  12 314499301
0  6 442259305
26  15 879183982
10  14 2126293582
15  29 687712133
38  1 762714908
25  24 5891613
37  10 1958441386
38  11 376510104
28  29 711185681
5  18 1055103533
26  32 1220867270
14  29 1881577844
10  0 1355878114
16  38 1397198091
9  4 845715836
11  6 2106954029
23  5 1108609343
26  2 1075058584
15  4 88810804
7  38 2140893166
28  33 1481539225
16  17 541277067
1  20 1664402667
37  20 304840276
31  25 1903687078
5  8 148758984
7  9 1330541165
39  10 1664182918
35  31 1459868614
12  7 1300674773
28  34 1718159074
29  31 975288474
12  24 1996112852
26  3 1732973002
21  31 453727141
6  32 316403420
24  14 188303906
0  6 456657640
24  27 2022319426
7  0 1048606451
12  16 424462396
5  27 1149754155
3  6 31741712
32  28 1614471411
35  4 2082506973
2  39 1998526398
18  28 2127554787
8  24 1378269255
15  33 1166103310
23  0 491809715
27  10 807941730
24  26 567036604
0  20 367498860
9  22 2011155616
23  1 660651110
28  26 805002569
26  38 864614575
15  39 1390817777
29  11 803468386
2  21 1838731748
0  33 1199718778
28  30 1377218158
7  4 1305214208
39  37 2100876608
25  3 2116756459
38  24 10661729
37  17 408467687
10  0 248033312
32  23 484085234
35  37 982480806
36  31 2137706855
30  20 540546771
26  22 1059594266
6  16 263613168
26  27 1087892220
7  28 1392599043
6  28 151872450
25  0 385904901
8  15 2031242898
11  4 403780387
6  36 1931645464
23  34 165772557
31  18 629716681
31  9 143735170
25  10 68339837
39  15 18941237
22  4 1196363992
3  29 819264484
24  27 893871046
11  3 1956550854
20  38 846849831
2  32 1302151768
30  8 1362324704
7  3 329614179
37  21 176234403
37  22 587695357
38  16 1675764743
3  27 2029956103
15  2 1103355057
0  36 1108933816
1  25 1948066699
27  5 2097899511
20  29 658563657
22  37 2070439619
2  15 1567947913
19  27 869525667
8  4 649519700
30  35 534388317
1  5 721410440
15  14 1405438849
34  15 1334631658
37  33 990001810
36  13 1707126437
23  21 1367147339
5  3 1194311647
19  35 1458125998
31  24 2126941532
9  20 273939520
39  18 2072573094
24  2 402557851
31  20 1026210833
14  1 1098762287
26  33 1686451119
36  29 252861296
23  9 486539390
19  18 1643465196
33  0 1929232466
0  16 1682075284
20  26 1229256070
34  16 419889037
17  22 1663770400
32  10 1706462875
5  34 404303121
23  11 122681848
27  2 503884947
12  9 131389965
7  14 258316374
4  9 232852990
26  33 1685242725
20  19 1934666931
1  8 1865201107
23  6 1068271768
12  26 727014939
8  37 1402832498
9  14 1673770109
39  37 1120724421
27  10 353666456
16  14 1776463788
32  4 161192047
6  24 191062958
21  13 1890492877
1  28 271907691
30  6 1592020854
7  36 1714730534
5  23 961936727
23  17 36273929
27  30 636922647
24  9 1371513484
31  38 48516441
38  9 885865798
37  6 338686364
3  5 695345925
7  15 323730735
34  24 965438560
5  25 308739019
15  29 195968745
28  9 716934778
18  12 1066343022
22  18 1326363208
9  5 1141225925
22  13 2088311992
20  21 62358601
32  10 1306795281
39  29 1273247071
39  33 904513704
20  9 1833395928
2  38 777764257
13  26 90489049
13  2 920297742
25  13 724509450
25  13 1955632900
36  7 497248862
29  0 1118479450
38  24 1270971175
32  20 1205504230
31  17 371903962
26  16 1826475291
14  13 1799002788
35  29 1252183564
5  25 2134898284
25  32 28061915
35  10 1367406690
11  36 2080977776
13  6 760764074
4  21 735216889
14  11 1495556175
30  36 822502025
39  17 248973544
2  22 1879340976
24  17 346781555
16  23 1529002423
1  12 459519346
24  19 544704952
2  39 163751339
37  31 1786503592
38  39 6535285
28  4 1032166020
5  22 1375335653
19  26 2005660244
29  39 1435609155
7  22 531263919
3  25 795228499
36  14 361878682
32  3 1276051962
35  10 56908631
20  0 1329172503
32  4 892771867
26  7 1256506543
10  27 2003286360
32  25 504962564
21  11 181819209
22  13 1639792676
37  3 1281560961
4  35 776340831
31  2 1784019754
4  25 1552910772
14  37 579188217
24  10 1388864410
25  0 2089295692
34  21 779119081
26  15 332234754
35  30 1529625334
30  35 1607744529
8  27 1969725229
38  12 1161503196
36  39 714657627
8  22 466392073
33  14 1605349443
11  26 1449931644
37  5 1482528226
31  13 1367686533
19  24 302087882
11  23 1996416215
4  23 1831484401
1  24 1047548340
21  20 517669601
18  27 406463444
39  13 2120778637
19  36 1505708172
22  33 1304374222
8  19 620648043
22  0 672368929
28  25 1352214678
36  16 412545730
3  25 907982754
26  37 1928371778
18  5 544968704
21  28 1641200091
14  39 741763112
15  26 1200058159
13  7 697824311
26  39 1962148310
21  30 1379929669
35  8 58679438
9  35 466155385
3  7 582451595
4  6 530094472
5  6 1173786337
34  28 872821857
15  4 1087893824
39  11 58260935
15  3 1228473666
4  7 925429095
4  1 1149448620
33  10 835425721
0  20 1499163641
27  24 2112997126
21  17 1201377277
5  33 1358050176
34  2 843064766
12  13 1379859012
17  33 77944522
21  35 1172875398
3  34 1778020734
27  21 1377602312
19  39 261958829
29  14 646603738
8  7 1043337003
12  23 326122966
1  32 1717275910
17  18 1105359649
26  3 766369102
2  33 1573732063
10  0 1890109101
19  35 1852360911
21  8 1662674625
33  4 31982568
14  22 954878351
6  39 719613555
6  2 1630228180
9  13 1791577961
20  13 938081938
17  36 2125128989
11  37 132463021
4  31 1928976645
19  14 667051216
11  1 331998932
18  37 1173580142
22  21 732995078
25  19 693142285
32  34 288705145
37  28 1293101330
22  8 501998324
39  7 201079136
20  36 330296321
7  27 593775704
10  16 399797830
19  14 1190148006
10  30 1203108948
15  2 1964526433
31  4 526377283
36  14 740506380
39  4 2037182072
37  38 461281908
25  27 1270207873
9  22 882796635
7  11 1432532002
20  35 87310450
20  18 728967042
13  3 1046981661
11  15 105108918
7  2 50764462
7  36 1788578929
31  21 1706603808
16  36 580948259
20  35 2116366167
24  32 1000569205
2  19 2088273428
12  17 843400046
9  5 1427498677
17  3 2068392666
2  38 154150514
34  17 1044669156
3  35 1725982373
28  18 1376587628
6  22 1653532226
30  10 856892967
17  22 984177218
36  37 285132115
9  12 1580280768
29  12 385707399
32  30 1152825926
27  20 1563408323
34  16 968907322
9  5 2060232710
33  17 1512597900
12  22 1684680794
11  37 1823922047
13  25 367294832
13  6 1647079116
10  12 734331529
36  12 833875879
36  13 1592719992
9  7 1673459836
14  5 808579563
6  0 414559981
22  21 1050669148
36  19 1661808691
12  0 699387532
11  5 1893194446
14  31 270752353
39  3 2133262538
5  15 554378670
27  7 171903760
18  34 1143454444
11  13 1982372935
8  9 471652525
36  15 1626025775
33  26 1463805123
23  11 2080093561
38  11 741154965
33  7 1994547620
13  8 679444365
39  19 350472465
7  25 1446428789
9  11 800221027
6  5 896553265
31  9 13462922
10  22 297901699
37  4 749652282
0  3 1237709284
15  22 2134312529
31  20 267059700
15  21 619207931
14  26 742938212
25  22 860703854
31  28 2076216020
15  30 92002598
0  31 916974163
36  34 899920247
30  16 1831008319
32  34 430866322
1  0 146365981
33  21 202712824
19  7 1373421574
15  7 183260297
17  39 126646994
34  4 528820990
8  38 1099240862
5  3 775584337
28  31 1854652246
3  5 1731877291
26  21 297473788
13  37 1572848815
27  22 1178294608
10  26 2126876000
31  2 113075673
4  19 1764652298
36  3 919245707
9  35 1251855544
27  31 1461224879
27  6 1241809850
23  17 134743390
25  1 1887054224
30  4 99976275
32  16 873467379
32  33 1519616492
38  27 884394938
12  8 2059911000
25  16 1497628905
34  14 1747617795
12  26 4081779
35  32 1765961980
25  11 1309452395
38  23 421443543
15  27 1341985026
30  27 996382014
1  7 2011465795
7  34 1751834097
3  1 490017937
16  1 1529056569
39  18 348518646
32  18 1723031586
8  1 872204128
11  25 1131743017
15  11 486103496
20  38 1614164883
37  1 1302356923
11  36 79925526
27  33 1657900952
10  28 325214592
20  37 501019583
1  12 2123297931
25  13 1989561917
9  11 1060713635
28  21 41913475
39  35 1696529323
37  10 644346838
21  31 1644829577
12  35 108615580
38  35 1353563657
29  28 1952596781
39  37 155201025
19  1 1349308044
22  34 1600008109
19  25 195976426
3  33 1038230046
16  30 1527150278
11  2 1821030911
11  19 106426555
2  27 693293916
19  32 1146416091
21  30 1648321151
2  25 132004408
13  25 69602781
7  21 1921022700
5  32 1609215217
29  38 962555180
27  10 837714816
25  18 372956458
24  5 1309334167
16  18 1225949314
7  12 1260783961
35  15 1781776901
38  23 490177275
2  5 355790140
17  4 347093536
4  0 272182632
13  36 1479531199
18  27 1865864123
5  14 366612190
34  17 1904939953
0  20 2017891469
9  15 1026711676
6  4 1909935515
33  36 27877765
7  37 225608007
24  39 1342133038
23  26 1423425767
10  20 511758075
28  4 1568403999
36  17 1590350419
9  0 1968137491
21  36 517534952
20  28 746669862
34  23 944209246
2  32 1290269514
4  19 1618991236
3  19 1036760581
33  36 906257217
21  28 2071879195
36  11 361723324
12  7 93633371
1  19 1253802496
8  23 1976244411
24  33 248116392
37  18 2008489716
10  0 869858677
32  31 570967644
31  4 561767842
39  18 1440074236
33  2 1132699500
15  13 905625248
21  16 328207164
28  14 2005609838
16  2 1513981592
10  18 1263172345
4  34 293778571
11  13 1803443770
2  22 609982451
11  34 322654684
28  18 1146649569
21  20 1908132111
24  35 2048769317
2  5 70934624
38  23 1279446751
23  27 1927790166
7  32 411916863
38  5 155982328
36  39 147929538
36  34 2025108778
12  28 1204456237
21  17 1277616599
32  15 1237861030
1  18 1945504884
18  37 1986049058
37  12 2112269050
32  34 926509901
6  30 504571915
21  27 1358538380
36  15 406336622
19  22 1229993249
31  17 296896323
24  20 1732783950
30  4 66678811
30  9 1938358963
33  2 103882518
39  36 1821144748
28  17 1364666954
19  32 591204087
32  6 323796599
26  32 782578998
17  16 1927566233
24  33 150988779
8  34 1138347453
15  14 1920620656
31  7 212901919
0  36 225701997
31  15 1177774354
24  13 1217223187
2  18 405873118
37  4 1740587417
27  3 1338938483
13  17 523031465
33  32 686904184
20  37 368913740
16  37 487320711
4  9 2021844751
6  12 607998834
21  17 1872096443
12  13 278589991
3  22 725519163
29  25 105336762
39  5 1562649631
22  10 825111072
9  26 1943107591
9  28 183952412
22  10 1851322726
20  21 1863228932
4  2 1690110679
2  25 2008014514
32  7 755304420
35  30 903856738
17  9 887165042
19  30 246944176
33  23 701668323
31  10 1541450578
24  29 1718793700
29  21 1443332012
20  13 1019998996
8  39 1110542625
11  9 1179265376
16  25 1242076939
21  24 1982964751
3  8 456232484
6  31 614286428
18  13 1873936083
39  12 762192268
37  3 130882325
25  22 623952608
18  21 739402726
14  35 174606339
26  33 2051076867
0  11 333241780
10  14 1202880566
14  30 1013728799
28  1 1547896773
28  9 1386166718
13  38 784719069
12  14 153998494
9  31 721532068
0  21 1759281562
14  5 933399379
6  39 970332411
0  22 805682137
10  9 273246653
14  12 1515267449
27  21 530955971
25  27 322051350
38  31 1860415167
34  24 1715754604
34  37 1049601099
21  19 1376777907
15  29 173719372
34  26 1372364932
35  2 1144353133
17  27 931787752
15  19 340168688
9  5 468428228
8  3 1822801036
31  27 517476356
18  3 468095471
37  39 1767905213
28  9 25174825
10  26 151357129
26  30 2036812934
14  25 1439782180
32  35 665979234
39  18 126447336
26  37 1258366954
11  3 719248503
38  13 12060669
23  0 1257326739
16  6 1558360364
33  24 2146382281
19  39 406467686
22  36 1733679641
27  7 1807986668
0  39 1756155731
12  38 2015438578
13  22 933546859
20  22 1606312154
11  0 1727204732
6  19 1266110239
15  18 1116141465
7  25 36533792
35  31 231169834
2  10 1731828361
11  38 1373808613
8  21 485511682
31  3 1209795609
12  11 779196177
1  14 83411100
26  25 280254764
19  20 821003459
19  31 1490779160
18  7 1560829758
21  3 491891723
30  11 336696022
5  20 1690269180
33  9 700962773
11  28 1490964773
31  7 535001134
33  12 1238769944
39  4 1325892162
4  16 664895995
18  36 604210675
10  1 1084703464
18  6 1065483182
13  9 2028778942
7  5 973730648
8  36 885349223
15  5 1863090950
23  35 1123032738
12  18 1299604398
8  37 1847620501
25  16 452852019
12  11 575186232
7  32 331914927
28  23 1304821480
17  13 61515312
22  12 1669825108
19  1 1617466942
29  23 293523549
9  34 1064018007
30  34 841468749
3  0 1480058607
33  16 1381717309
11  39 979523164
32  36 1575633949
9  38 1454539624
27  37 518204597
28  12 663694796
3  23 1213151845
17  20 358878308
16  14 756604122
12  37 528054157
29  34 615865218
7  23 2041977954
3  7 1183092256
15  14 770307435
38  16 1321783922
23  21 787684498
39  21 937235690
5  4 370847040
2  8 1888476129
19  10 466185186
30  6 941707706
24  13 1044681234
37  26 399074351
9  19 1236791978
20  9 277038585
0  23 1906268777
