800 40 6 10
4  18 285833460
35  17 633401986
16  23 555757897
20  8 95172061
19  0 1768826571
36  5 2007142217
2  16 2038359506
28  15 561789655
16  2 2043820592
35  39 564819254
30  1 788358295
10  8 864503723
23  31 1339304229
19  35 1175468819
18  12 2109049570
12  9 730513931
4  24 805723757
7  4 1357767625
9  33 1907586
37  11 1147696685
20  18 1435284176
16  13 1814403342
25  36 1842185486
38  2 246059853
33  34 1961443499
7  25 1742022797
24  13 1640244350
3  23 673923831
6  35 1332583111
12  37 1608581456
34  27 1935049246
24  4 691907790
34  33 1001821175
29  25 910952347
24  34 1565739
30  13 207396445
32  15 1560206029
28  14 4080527
6  4 1341760516
3  4 233901649
4  0 14275386
30  21 1581398590
20  3 627188577
1  10 540347985
34  32 1171341514
27  23 1661689023
14  23 1534466941
19  15 1222885725
12  30 610079054
29  8 399734628
29  20 1135915896
0  34 203211619
18  26 872055441
14  10 1255263128
24  13 976212567
12  9 1965945662
10  31 1347819201
14  27 647411662
35  18 798953881
6  19 1645686594
32  0 1647498142
39  3 1567415393
36  6 1352495196
31  4 173365228
16  39 138659537
20  10 885718288
39  33 2038539268
34  5 1400877912
8  23 1152655125
19  13 1477223598
15  39 2039393306
14  16 209978768
7  11 1523665262
16  39 286875690
3  36 1344409770
0  17 1486073401
28  3 2101369947
30  8 1671004684
39  11 1668161268
13  2 230270859
12  16 1073200125
7  24 358147583
23  6 1186590494
8  26 1227139117
38  1 229542331
15  23 1760763861
6  32 177460730
23  39 1329246677
14  30 947030350
34  25 573154053
6  32 848049307
31  6 103245998
0  3 1400193577
14  26 377782260
7  22 676994822
2  27 119253811
36  38 1287900340
18  21 1229512510
38  33 787757443
21  16 465521998
10  11 1991424449
12  26 196931791
11  16 748448681
36  32 2119527413
11  18 2046590160
5  1 2081958219
31  10 1117667618
18  33 1419582966
29  10 326095826
24  32 2121552358
9  39 1837313671
14  37 1132812735
5  26 1027887831
7  0 1835016791
7  39 1407659305
0  1 558920310
28  31 1957445198
9  6 1369587841
36  18 1138489167
11  18 1164343570
32  3 230932441
4  19 1454293623
17  12 598807950
29  5 1771437056
4  26 1514634933
19  16 518001333
21  3 660360407
37  20 1097872196
22  28 1780470666
38  1 773293306
9  23 557987574
34  0 2132791491
3  15 626687750
11  28 1659520403
3  34 589204046
15  0 306243282
35  21 91925107
18  26 1985769683
3  7 1714579975
18  12 726094635
34  21 1431954603
6  17 1080248425
22  10 198287876
4  35 1632111483
19  32 996783355
17  7 2081392875
13  18 717324192
37  4 235796971
17  30 1160997353
6  24 329112729
6  11 947318835
6  33 1293943872
17  12 1720274169
27  39 105005799
36  29 404858644
9  27 1255835163
21  38 1374985375
32  2 261663771
37  6 829600816
6  13 1538412811
14  9 504761734
19  16 1798072597
7  5 1239280084
30  6 1420300579
11  21 2144377069
24  21 80698327
30  20 1024550318
11  6 41832601
17  5 1609402698
8  25 1846251214
39  35 1804254678
7  39 1708679327
14  37 1626746833
24  26 1476122791
2  3 1848658938
12  20 1197031379
37  5 1469129205
11  3 9211399
10  30 1656947431
1  16 1942419068
4  6 135600417
5  37 265265241
6  38 408472263
17  5 826588738
16  5 1234418575
7  19 749532787
36  35 1432379313
10  13 1668805247
16  11 85195509
32  17 1968852926
18  1 1199515786
27  6 1879291907
24  22 1363182008
13  7 2027591319
16  39 1818257487
5  7 108572953
7  24 1190247815
35  21 818282320
31  21 1250207716
32  11 1357123014
12  0 1000705514
24  31 2125611286
23  32 1115286568
15  9 919803289
0  15 583238630
5  17 60818171
33  14 2109649035
38  39 365328287
3  25 690259086
39  9 1607674143
22  17 292700392
4  38 1898421046
34  35 643266162
16  18 344685192
21  14 704139442
3  7 1053187271
11  12 210335268
39  9 767487831
37  20 379766168
12  35 107038515
10  38 1247365113
14  38 40545608
37  26 2127639900
24  23 1808931303
27  17 54291793
25  21 2143334485
37  4 2129967880
37  6 1114892104
14  26 1788079033
25  3 1802127004
38  30 22165286
11  36 1053970634
36  33 1110965399
23  26 88696031
35  32 1657098685
25  22 858401148
32  0 1452978975
8  11 1056061246
32  25 1372765802
5  14 1520529932
4  39 1615388696
28  24 90208199
7  25 847886001
3  34 1765303722
28  18 776566046
21  14 487640896
35  13 564662230
32  15 992606013
27  1 420529326
27  34 958100798
38  27 1663388287
7  34 459804948
12  22 205793258
5  20 2012201985
0  20 1640047156
31  0 1354026669
33  21 1348006747
27  30 884119227
24  5 507330094
13  1 1155853528
15  33 768523522
14  1 1458787578
1  24 2060441621
6  0 1833351302
1  25 1320794346
11  29 2040489680
18  21 1707957631
1  18 919034901
12  17 814265889
35  11 348844581
30  24 1943525100
25  13 1884369081
31  34 761711109
22  29 1108660020
0  15 532381018
7  21 872966066
4  28 1297629997
33  24 1121808855
30  9 272059100
38  0 1518611380
36  37 1766939623
0  37 172383520
20  32 2053308324
36  38 384736928
2  36 1045990162
32  4 771913317
24  30 2041986365
27  38 1425442247
11  1 1954874953
35  0 1604853540
18  17 1465217552
38  8 650590492
38  37 1744773736
6  11 1639213209
34  29 97509774
16  38 1573189813
38  20 233211784
39  37 202041162
7  36 1909726478
38  5 587554559
11  8 2013374982
22  35 2102998041
16  18 1074553603
31  20 774846307
23  4 713130713
32  14 52295549
4  28 1369779482
36  6 2054714693
5  29 1202482571
34  37 67540483
1  16 1226687773
18  10 560625493
9  2 1345161870
12  28 1057931461
38  36 365342712
4  19 403536294
29  9 764247133
21  32 1528096128
27  12 1397715203
19  5 1107277769
23  8 807288757
30  23 182792600
9  11 854270400
6  36 608122762
31  13 1919890301
10  14 616164808
23  29 379514661
35  38 2102388540
5  23 263453616
31  13 1771787581
7  38 1789881364
28  16 615728617
25  16 307653678
10  13 340457486
33  18 186386750
19  16 1373188356
12  34 2004635649
21  30 445499838
3  28 954652905
36  9 1149019486
14  26 1315462301
31  18 1881542670
6  38 1068577814
6  28 780021806
13  36 1802450780
37  14 568587973
20  28 1488550763
0  30 1099755635
29  3 530965196
23  28 628437276
23  13 1448903178
11  22 198828764
32  12 568682927
10  37 520056269
0  30 1224965408
8  20 1876838257
38  29 305280056
10  5 985175837
39  34 1087592542
6  12 1437697533
19  0 1054580187
18  34 1304081549
34  38 1609938812
23  38 840364590
36  18 574079187
38  39 1236549743
9  30 1724838575
1  23 1007585597
35  2 1469132553
1  18 826110748
28  13 1347585031
29  16 668759748
16  31 79457880
6  25 1675941976
39  1 315742036
39  0 2025360683
10  33 1700867944
37  19 327417544
27  18 1163153188
30  35 1700456113
12  3 1058600353
34  28 546676182
3  31 928207441
10  18 863282286
23  2 1298544998
23  1 1008674451
7  26 2026959080
7  36 655843468
20  4 1922635695
22  1 1715761554
23  20 1857095309
34  35 737801252
26  14 338789849
28  4 1591205729
25  21 1924485837
14  3 2051794464
6  16 808274384
4  25 154281894
30  5 482396582
9  0 854471477
29  23 1619028515
18  26 1172132261
9  35 1199485793
20  17 2132065209
28  25 1722780016
24  5 1153645405
31  36 1392125351
38  15 1876253222
35  9 1215322652
26  39 206878305
31  29 1065740433
15  25 784378851
7  22 2006495703
29  4 1224538054
16  3 1392707336
0  10 2037238847
34  37 1591789433
17  9 22896444
32  9 451211355
19  28 104394300
22  14 456414890
2  18 119327448
30  8 994714916
27  4 1371368975
8  29 310390781
2  9 17272081
33  14 503096643
32  23 1067490394
39  4 568819414
18  36 1806511540
20  30 1973488551
39  24 1966705656
36  39 1361046253
24  18 1243631516
33  37 368415650
27  17 343525674
25  38 1501554927
24  31 2034141508
21  12 2021417474
35  31 423613420
25  29 1658085868
6  3 1452480781
9  19 1760792750
16  35 201840358
24  28 859681326
26  7 2082595414
33  24 971173939
15  33 2097223686
9  19 1196893335
2  28 915597240
2  22 665831039
29  23 686693808
19  14 1011740229
36  33 2012758318
26  17 1866183316
36  21 1506807424
38  16 646269405
16  21 917849755
7  11 424430793
0  8 567632029
5  29 1810445471
19  32 136809101
37  19 378424726
23  14 868138038
6  7 1082666005
14  9 1429917436
13  35 1066698571
26  4 2142549385
2  19 290420998
20  30 1860522789
0  33 905931103
31  22 19575791
7  9 1984470456
36  15 1880848455
17  1 1372297595
8  13 1314135648
18  9 1286763804
9  24 1536106274
8  29 1012676991
32  36 1795581254
21  18 1730412704
16  18 1880352150
17  22 1697558790
36  18 1266690615
14  28 59417029
9  31 1933132937
10  17 1961944827
25  4 1268166340
30  14 1944045864
14  16 1812701911
16  21 985369984
2  30 1465823283
20  16 174712794
1  3 165093582
3  20 670249758
0  6 1813859642
17  30 1412582110
10  24 986358851
23  16 1542188490
35  2 1706146451
25  28 984130703
11  4 1625337201
27  23 196035830
22  12 1711410449
12  34 367599396
2  24 298493779
9  38 1862336506
24  33 1490553220
36  38 276416865
6  1 145615221
37  31 1595319930
39  28 1764398126
19  22 939114117
15  10 2076532768
0  39 404972312
15  28 1017059377
6  25 635957200
19  22 939766039
19  23 1753818279
12  36 1292988618
11  34 34699497
37  0 1910089379
29  26 116236467
5  37 735549826
18  34 534467799
12  3 818156075
8  23 10866881
30  13 1812815143
1  25 2125739346
37  32 482125370
4  25 1049309994
11  14 1965316801
36  17 190960504
4  23 1413700095
25  39 1260428559
5  35 304034596
33  25 1343960125
24  27 2068887783
35  9 84720328
19  21 1802395906
25  38 267192982
37  39 1313632328
1  19 1147854998
19  18 250540284
21  4 1998894027
6  25 1138315271
8  16 126719455
25  9 518154046
15  11 691116026
31  27 584225788
8  38 878011619
21  18 1273017223
13  21 240856870
9  29 148074109
33  21 2144990265
37  18 572864100
7  8 863727787
27  39 1919850258
21  37 1382982289
22  20 2038098697
12  1 1115506929
3  27 1101693671
30  39 1902254593
9  36 963294244
31  35 1205992650
24  14 1310905267
23  19 375509170
26  31 975823214
9  32 261255000
4  26 209655496
39  14 126777081
13  15 1353222262
16  11 600530636
29  6 592804007
7  24 300696665
24  19 1627096428
6  33 1261148181
20  10 494064196
35  19 2131703159
32  17 1174175590
9  8 2067841526
38  21 102770730
13  4 1646540375
20  1 464276416
19  11 1092828133
36  33 77762123
3  12 1113451005
5  27 1352566489
24  11 35284563
34  33 2024743116
26  5 481853073
1  5 90089126
7  14 1064549049
21  5 1155513811
5  28 2012513459
27  9 883577897
24  28 432561367
11  33 462255635
28  29 2122447805
21  36 1424361859
23  17 1057535051
8  1 80186116
32  36 14586714
38  28 457885643
36  35 1805213292
26  18 1955763079
35  34 812134676
1  15 1516731556
34  38 1398516328
5  8 1527672717
32  19 1586010523
38  15 1653678946
29  23 1439570723
9  36 275013459
8  5 1729639148
27  34 1182352792
34  24 1892573146
34  11 1635354845
15  7 1586684321
20  30 1118920215
14  26 1285972409
2  3 2087847022
26  21 554818656
38  22 744325626
8  24 450700299
13  35 824370689
22  18 699439089
34  39 1333828798
4  38 829345877
22  24 380151530
2  11 990921164
36  10 1314856056
10  27 1981609709
23  18 1169659085
26  13 2132000788
14  15 639401560
23  26 1126812582
27  19 898826850
37  36 1316113249
35  10 589921732
22  9 1319459
36  12 1419258055
39  1 1413487485
20  38 699282152
39  21 2033675554
17  12 1631521431
21  16 298753924
37  13 800327623
32  15 1702981213
36  3 768239966
5  18 1943651661
30  18 936935063
31  12 1423678729
37  15 695856582
38  8 1237323829
21  32 569527980
9  29 1243364307
38  2 154065903
3  11 998181211
14  27 854985205
11  18 1058937413
6  3 1489706402
20  29 203682318
38  1 361178532
38  4 1366837760
14  17 592517706
30  7 260063502
38  33 882287592
2  25 1970626303
28  29 472806002
36  9 342566278
15  28 1907302178
34  26 1010796936
25  24 1805698434
34  35 1805680928
33  17 1994942908
31  24 202880554
31  1 362780679
29  8 1801761678
35  16 320495691
10  17 377684191
19  20 426004130
6  34 695206834
11  32 1167574667
10  26 525396499
19  0 1886027150
22  38 1393203557
39  8 2134481809
4  13 240222733
6  34 1081621789
15  17 2132918072
39  3 1540173902
22  21 1550602061
23  25 29529766
11  8 1939900116
38  7 1053242501
8  23 1874313368
10  18 1108275325
23  2 716860603
26  38 135942344
22  26 1070958615
26  19 471741932
25  4 1975187823
23  35 80682474
10  23 2101648459
22  29 713548106
30  19 933985571
14  1 1794348140
7  23 328692721
6  7 2131483668
16  7 1559215297
3  0 494730711
35  36 1658139071
25  2 1682547366
6  25 1549140611
18  3 1530664101
6  22 1521268911
10  16 290227453
11  34 1453401250
25  27 1754886748
24  28 1872745797
20  35 615803690
9  21 1697139349
17  31 723990046
5  21 1171797780
11  25 508461457
33  13 867698912
11  1 1854719737
19  18 248162156
15  6 701613343
6  38 1388993047
36  34 1611445019
10  6 759733028
19  28 278550277
1  4 1574472023
6  9 720311183
36  37 1546791691
38  39 475677415
20  15 1779416354
27  9 416049326
24  0 344739603
10  3 1528548111
14  25 150715894
31  4 1410468272
30  17 1317645137
39  31 1288432043
23  21 850645454
38  16 782862419
22  19 970461543
23  34 397027494
21  4 657367065
32  28 873367066
25  1 254434353
16  22 711142909
33  28 1126582136
38  37 1590857631
18  32 389733612
36  32 357709817
12  38 1323335793
7  22 1396370270
16  31 1151705336
10  12 2103702188
24  30 1466315951
2  8 663291991
33  11 1281649519
9  35 47875248
10  28 2059399921
36  23 1181778549
11  34 1528123104
12  31 1683129306
9  13 908910507
34  28 2072127143
29  3 1338066858
9  11 1209343528
23  0 664974820
23  13 1935514450
9  19 1145346930
14  2 509322809
21  11 1333106618
34  26 1293575805
13  0 1447807266
4  34 1096228761
13  36 394678171
30  14 1722787349
29  12 227978200
34  25 1237813416
10  0 188357219
1  21 1242931417
38  26 159788320
0  23 1722341858
23  10 1803630721
31  21 904726014
35  24 2109407243
18  12 1659353642
22  9 1819937359
39  36 388404070
32  11 1467318944
13  36 2046931601
10  15 733231749
12  30 23121234
