800 40 0 14
30  14 1488118582
26  28 1093152151
18  2 525753956
8  21 871717536
21  3 2085187412
7  28 97266552
13  14 1168658166
33  2 594358823
29  37 895683552
7  29 873690854
2  27 724995794
25  29 424590442
2  3 1915258056
0  37 168758728
27  16 352243380
20  29 993561682
38  19 1760648240
37  34 1673570064
33  14 1585858655
39  15 145047133
5  37 1999932663
22  10 1334083400
15  26 1376202894
11  24 1768712731
27  1 894236865
13  1 919781793
3  31 768201607
8  15 1470103479
8  14 1499670481
18  34 92176031
39  30 42603266
33  1 490165418
17  3 1006572886
9  14 910573568
7  33 1890322965
25  3 1390500224
37  29 928242184
13  33 1272395837
39  4 768558459
12  28 1760837823
15  23 1050591843
21  32 544155418
5  21 1734492156
14  20 2056620622
36  2 476267703
38  1 1208109493
35  5 1459699757
29  15 798713155
22  8 9103226
0  16 302177269
14  27 12856230
7  9 758674131
1  9 947310193
9  12 1426132130
19  36 232826790
29  5 2134009000
10  37 488792785
1  20 864993782
31  38 336785497
35  28 1506340397
20  36 1942010174
38  30 769896895
4  5 1562149699
23  24 494069299
31  21 649009406
23  35 644023682
3  36 1809269916
21  31 613995937
37  38 1261702548
31  1 2013988459
17  9 1668698766
33  37 495392711
8  4 2137674417
28  16 92013879
33  14 763299857
3  21 731951963
21  30 206044712
28  35 296490955
39  6 877415549
30  17 1533831635
31  0 1187576125
3  36 2137272730
17  1 333988038
39  6 1251262620
2  37 1514709274
0  13 866236972
27  36 965642974
18  32 1890761922
12  25 542311187
37  39 1723428917
10  16 281230913
21  35 1853038422
33  30 703391260
20  31 1851987930
35  14 1647655950
21  6 399008182
1  28 1201119113
24  14 1159912175
8  9 1507176749
7  27 1098665011
0  35 1716483998
23  3 1937418057
5  30 399566384
22  18 1968290852
35  25 1345493542
32  4 876659465
31  6 150071031
20  31 1282530001
12  16 1524616093
18  5 2012728442
11  12 1438459137
1  3 1842915706
35  2 1567503975
20  36 1813480875
37  17 1426096628
8  25 1401604254
4  8 2008510170
5  21 1678994187
13  34 845552118
26  19 1866218623
14  0 116076443
15  35 989307290
16  15 1098474791
31  28 1745743578
18  2 1478061563
13  7 288364440
16  32 202726666
19  36 1356893205
38  6 1288425620
34  32 858571670
25  34 1877027785
4  2 2136569566
26  31 496089471
0  37 867702955
1  38 1940606051
20  21 803750264
19  9 931159459
19  1 228428534
22  5 545428064
24  4 966881128
11  19 678233327
2  34 769858333
4  14 1256597266
18  35 313370378
24  12 76849933
14  2 2145903742
11  36 627769479
21  1 21194036
18  26 481306282
22  7 152346534
1  34 2083215357
39  32 897531116
21  2 830404498
12  5 1877414771
10  16 26947614
32  35 763880127
26  13 710185991
34  33 298463181
6  19 590926833
14  29 1288796027
26  21 73945663
36  13 2111607819
12  5 1721436445
38  24 1107009941
22  1 1749063197
9  37 1674057159
23  15 72241467
32  28 850120998
38  18 1109770665
28  38 695615220
20  10 717995259
6  32 457969962
33  28 183691387
36  38 1311182434
20  3 640259876
4  33 1844048642
39  10 1014954024
8  33 2064924842
10  3 16539585
1  9 565850324
22  21 187955023
13  10 1031150958
29  34 619373795
31  30 1969288389
11  25 1143600632
36  30 2049678764
28  0 1252606018
18  5 1301237069
23  17 951844675
30  5 1299368351
23  26 37951163
35  5 622222172
21  19 1093334809
5  15 24631407
39  3 887612257
33  11 1280822893
1  37 983495971
19  35 232048116
22  32 872902533
8  10 2002565767
32  9 382712264
21  16 289988948
27  16 1083095714
19  16 184545214
15  5 187059688
2  14 1447754711
28  20 1677510260
39  26 1564665013
1  18 1897981665
13  28 366346326
24  0 1810399454
13  17 361747194
9  11 1580034742
23  19 63027079
30  26 715245048
36  33 1809769866
29  20 271959621
31  34 980724260
31  13 1909627398
36  28 798569270
12  9 533378682
4  25 1852129137
21  38 682667948
36  5 2682918
1  34 644906558
38  25 1394711263
20  17 1699945020
2  3 1917621037
20  29 398198311
28  23 977592047
14  32 520564837
15  31 1047157802
4  12 1837299695
2  15 447096070
12  17 121925780
35  30 1381871552
20  35 753952982
7  0 882228737
14  3 1132257695
23  36 155702271
38  29 1429534713
22  23 1809460849
11  30 1454962412
22  16 865359899
2  23 967580285
37  9 1596595751
14  38 2003549226
37  21 72403560
19  13 772259964
32  38 2082174157
33  27 1760728048
31  38 1782937993
33  16 844974561
4  17 1141404380
2  28 640119255
28  21 1525126396
9  36 373825002
33  1 823115284
5  38 1552236075
11  15 374253176
13  6 871231831
4  9 232221908
22  23 1403132668
17  37 543727566
29  22 1593153741
33  15 616542593
0  20 1779380499
9  23 800908612
20  12 299967946
25  30 1062221107
31  27 1052141719
4  18 656450132
30  11 1484438995
20  19 1070226332
17  32 2019949320
3  18 1822039001
12  10 1759632934
32  8 252518667
4  1 49816790
37  25 790858343
19  5 1080524591
20  0 1057845594
3  10 1605378304
2  29 1012380493
7  38 547550786
25  24 1064889667
31  10 1371032273
5  33 784749896
32  6 507201714
4  5 251188324
21  18 729338611
26  2 1297602068
16  13 2022216386
24  39 595032242
0  6 401208708
36  17 375326589
22  18 1975351008
6  32 313805030
27  21 1534049609
36  7 1300234620
19  6 643524121
23  22 1960645782
11  8 1962980732
7  28 1018517224
23  4 1244158536
34  18 294348588
7  12 1469050727
10  15 1513075672
30  10 45168943
37  31 34745537
36  12 1905142455
22  39 2143066252
15  11 1412105669
18  12 1167831663
22  33 1287024368
1  16 704232156
26  30 1038119932
15  11 406349414
27  7 893357292
20  27 1525909841
30  2 1759229764
37  35 1254111642
20  11 152554519
29  10 376387449
26  21 2036715964
30  28 1717008807
35  9 151094774
13  2 439197221
24  27 544081168
15  27 1727035561
16  17 1440279060
39  13 1159338154
36  7 1286435764
1  2 570416057
0  36 983491484
26  18 973979293
35  4 632085371
16  17 808499256
22  21 1044883103
27  16 1348590827
37  20 1214832238
16  38 762271798
28  29 15177616
34  35 192491651
23  15 1708307960
35  11 835277876
7  2 186237949
19  34 1697503029
12  16 1063114226
19  5 1520754425
0  6 1547076564
13  37 938612489
32  33 2006829608
9  1 249209298
36  26 1086903566
39  20 1518234538
15  4 126024423
15  13 1697903676
30  39 1761620521
32  8 616714381
34  32 1834225962
33  1 2072188870
28  0 2025208532
21  37 655936710
34  22 1267004037
36  15 1144812483
11  31 2072198783
12  34 1759179801
24  11 1680392219
28  6 1615047707
0  3 1461446670
16  28 1952520569
16  11 2107461013
27  3 1544265956
36  32 890133697
2  19 151017436
6  23 826935698
38  10 1313476061
33  12 1292443262
12  38 1708252309
12  0 807023943
27  37 1375590339
38  9 1669344339
7  17 98841693
14  32 937906302
3  19 514758181
20  1 87620683
9  36 714653130
5  29 1571432361
25  1 325693072
25  28 942247369
13  32 1276726297
22  33 258737512
26  34 1983877815
18  32 951334707
13  24 353707547
18  36 1506833328
39  10 1059364104
6  2 1091117152
5  31 1809626134
33  0 1511382399
5  37 312773616
14  3 1271840408
7  31 1093710156
31  0 1673886164
35  31 249546104
10  35 820531738
0  26 672669400
24  22 1857882675
20  12 1521804862
13  25 757618950
10  22 331789753
28  2 48352131
32  36 1833016698
7  22 661502577
34  37 98983607
28  12 1902167397
23  8 1552253589
16  30 1036662468
37  1 1560759316
9  38 1555472308
4  26 49062897
39  20 802093952
12  24 430617729
34  37 404621182
34  7 23738392
1  23 1321114571
1  21 1949442766
29  6 802105306
31  36 1426301933
21  9 1874717865
7  18 132772790
24  27 1184220346
4  33 2030828433
20  22 935470401
3  39 1039474657
21  39 1948008192
13  24 1009557735
39  32 525339355
9  8 1777954032
24  2 1153613255
13  19 1143216307
12  18 1007539677
19  1 1699853557
20  9 539033724
36  0 641860804
14  10 665671412
6  37 676486155
19  27 89627594
17  25 533575067
37  6 1004355476
12  10 1150614236
21  4 274378818
28  18 592969545
32  14 764971380
27  38 1479236720
21  24 610867195
12  9 1827095433
39  9 712665006
24  9 1881934278
5  38 946614082
12  8 306197476
11  33 877931408
27  2 892802949
18  9 2095636429
32  5 1164313731
35  5 715058184
10  14 683224290
37  23 1043739127
19  17 1803666262
21  29 1474748441
14  11 1864251255
34  35 837036744
12  1 1568996975
2  5 1931642985
39  2 1268301589
6  34 1179720354
4  33 2048928589
17  1 394807189
6  4 347639406
19  39 607603732
23  11 1324369425
28  23 760834332
16  33 972791068
3  20 761860123
27  34 1782945906
3  16 1365332176
15  14 1917415058
35  2 1397120794
29  11 1618372792
7  24 1917890918
8  12 1669801454
29  2 1086224494
20  16 1379000943
6  21 227832860
25  39 1178453746
3  39 1388041135
14  36 87531410
37  13 2138557213
13  20 150119323
14  2 1942772435
11  23 1241028200
34  17 1334982329
16  12 898018157
37  4 2036886079
14  21 792531438
0  37 432430364
4  6 816264697
39  26 1443866786
13  19 381793226
3  16 1744872161
27  39 1269301134
14  8 1094950027
38  28 1194576617
22  29 496080952
19  18 1047346677
27  36 211200518
34  9 1173809075
24  31 1831571574
27  18 1694224840
30  28 544879601
11  23 1126276120
18  38 1906068145
13  36 1401905174
33  17 1148791448
9  36 358524477
28  1 2085529712
39  22 72126479
13  35 806678933
9  8 1862566677
39  20 1572611703
10  28 1497807389
28  17 1665211140
19  30 917255710
27  37 542556093
33  10 1783644899
19  37 692918390
30  21 1286136143
33  22 1158726038
8  27 988151300
26  10 715088295
18  10 1734174620
39  26 1302268875
16  36 334392389
34  26 1509006351
27  21 1437900350
29  3 850555373
33  7 73541836
22  31 2068081049
39  33 491145722
25  5 696215570
22  4 664847663
12  13 306178373
2  16 614241792
8  23 59390725
35  5 1152316477
11  35 480444857
2  28 1027061818
23  13 779388489
4  6 388170610
37  9 1804034220
31  4 551334830
29  15 125538136
22  32 724287038
4  15 1644661641
13  8 1818809958
23  38 207969566
5  32 116868109
37  36 491672179
26  21 1111293202
29  14 2030372051
6  30 1147122042
7  12 2030512653
34  19 1504844567
18  37 703143895
5  14 1098390689
29  7 1415162451
24  4 1830898212
23  36 1418296943
36  11 140756660
36  12 1645389955
23  3 320225670
38  5 57358780
13  29 1944229352
27  21 1290689642
33  29 2009101581
37  29 988056410
25  23 1477324067
35  37 1880518983
5  24 1583246480
10  21 1649228070
3  0 1609801621
37  32 1867139230
33  4 70258941
25  0 1324120292
31  0 1007681279
5  16 1939474716
14  38 1458201771
30  4 1488408143
10  33 458337793
8  28 251223914
2  3 927395596
29  10 588772621
7  1 1117344360
38  8 250180446
20  6 796054836
21  20 864592754
17  15 134596251
31  28 163405567
23  21 1202311658
38  28 1293108149
33  16 457770992
34  27 1642455589
16  31 1795827593
22  15 1196257467
5  37 1230949467
5  20 2027510711
35  15 2043352916
22  17 552378757
2  28 280703005
29  27 61863129
1  8 208127608
35  28 1360887662
8  24 156988562
12  19 361389851
13  38 604789443
33  1 1759269554
16  10 1434146766
14  11 270993517
29  33 381510468
9  12 2103003745
11  12 638068342
32  21 2066563979
3  24 1885718182
21  8 83091896
36  31 1082129946
23  27 1529586127
27  26 1049603333
20  18 845708918
39  15 2063081839
31  14 378771638
12  7 959974118
39  30 1078883854
39  5 1731074669
34  28 1216756363
31  14 1372707062
6  23 563206336
34  28 1685108490
38  21 1904791329
0  9 1056454176
35  26 1558943944
17  28 1479254487
10  28 1168549563
7  6 50092366
2  29 1728796262
1  11 2035756821
34  29 1399940921
25  16 479181107
0  8 2014122661
2  35 1016640083
20  26 1259968113
25  15 1325292296
10  20 1954038035
39  9 1574678269
2  6 1413533613
38  29 812401866
10  24 1653352096
17  27 961929836
15  30 22023669
0  39 734399368
30  23 1602914230
37  36 1139893359
22  37 1514493776
0  2 892792305
6  18 393826109
8  13 1393931777
37  36 1362528533
34  33 2146279357
0  5 1673305741
31  22 1466840712
13  0 1966189043
24  13 545850869
6  22 139735085
7  36 121615807
25  4 957756012
0  32 871695058
29  36 2119885966
34  9 1312995891
6  13 879990030
8  17 1333917537
26  3 1806898284
17  3 614530978
10  0 2095902055
13  21 131077240
26  32 1736066258
29  24 2004442378
14  25 2038318868
25  6 363836603
24  5 849479991
37  21 936760860
19  6 1508638904
18  11 1634466215
9  21 611531622
25  21 1075605461
18  33 77948915
21  19 1148974782
20  24 1105245532
2  15 1370968876
7  14 865844499
6  22 1397372792
3  4 957516902
39  17 1077313075
15  13 1692056399
8  23 1842420825
28  16 2056668781
28  30 1777911845
15  32 1811933611
29  24 1440679073
1  33 214709950
33  10 781887809
35  30 1816037028
21  18 621598374
6  11 632939511
32  38 1633229131
8  27 261601368
17  9 2114997274
15  17 339592287
28  7 746523904
17  7 1432600062
15  21 18708028
26  20 1999933766
5  24 2039658981
12  2 1921534641
7  5 1963790394
17  27 857654470
28  3 1900754048
39  10 1241164645
9  29 75916255
1  18 344495263
22  5 205172981
29  37 832950789
9  27 98763261
22  10 2111936899
36  8 917538693
18  7 864475946
20  21 78003363
39  15 1472978957
31  12 841111918
9  13 114314002
1  30 1922830444
2  23 826729126
37  36 301304852
22  9 2073304316
36  12 1435790231
33  29 2118003737
35  14 970760309
28  2 1905261941
38  28 953604089
17  23 1202638171
25  36 2127998130
15  26 2113693609
37  3 1122798639
5  3 408199433
34  30 705150136
31  32 1662886831
3  15 1475737475
33  5 809710609
25  12 730138927
28  20 1784543468
21  29 1113706553
27  5 480903742
29  25 1945549394
10  33 310018244
8  37 1578204521
14  6 1613194772
20  34 353010487
35  4 1142837533
8  32 1380098592
34  23 717646532
25  19 1685282089
39  12 345190435
31  25 1071783698
39  5 975984709
19  12 1854737146
38  26 692136092
0  30 21595059
29  14 1189235123
28  14 314802076
1  11 26695989
17  3 1001627310
5  12 1762576761
7  15 1736085199
15  27 561549474
24  14 533924111
33  6 2067645615
24  7 133495313
18  20 1930059370
36  11 85452859
7  1 2084436555
12  39 116171267
