800 40 26 33
37  16 1066336694
6  31 1201254089
20  9 407551775
35  11 1693119559
35  31 866838697
31  7 1535932975
2  27 1685228190
16  24 1419102062
7  10 1578744611
16  20 1838827403
11  29 2048844267
14  30 1302139632
12  1 1265729592
23  12 69372037
5  15 1389945161
27  35 761995435
31  0 1530245983
3  21 1496535270
6  31 2146783319
21  4 750124784
34  27 1189935230
12  33 209813258
6  1 2095173663
25  19 893729544
32  24 692945921
13  30 1907470580
11  24 1917950625
36  39 31722187
2  20 1366997130
32  16 79688856
1  7 588183784
36  39 1224228550
32  11 641512667
26  12 208300543
17  22 1632969986
36  0 1711514267
32  26 2101904120
28  5 727845376
23  2 1080727762
10  19 19897940
9  3 1213944086
39  5 304199602
28  30 1738625545
22  18 410563954
17  2 822670212
23  11 1837732443
22  38 131187449
36  20 1642687629
21  33 1585034415
33  23 1305739122
13  14 1009300687
10  3 981045406
39  1 1991081674
4  16 1588944686
21  0 1784979248
6  29 857934358
11  18 2079206099
3  25 1302537350
29  23 659959919
13  5 652399928
6  25 1170537167
14  19 1126573093
24  30 1028497468
25  4 1546015469
22  32 1210608141
20  1 1275425046
32  1 993265237
13  4 569895546
17  32 954165346
35  7 1763783136
2  33 2008560092
10  35 112137448
29  10 916542841
31  36 762784232
20  0 901280021
21  37 781076687
28  25 1481333446
29  37 761417773
11  6 1380156514
12  26 967184832
25  16 1158100929
4  11 217999813
20  35 63456313
12  18 67142088
4  16 1064714961
16  5 191347340
32  15 1123399453
3  7 635777076
14  23 518817691
4  2 515808710
11  33 595082931
23  14 972818775
7  17 829164233
19  34 1021523303
12  32 798100917
25  5 1166122668
13  28 1297925708
32  12 341986062
8  18 129022365
7  21 2101277882
16  31 210395735
19  24 893687979
10  1 255054921
5  37 662470292
0  26 2133550837
34  39 1614349805
36  13 1175024081
11  36 1163080840
19  20 2135609785
16  26 1347064080
6  22 1603357661
20  32 1757503967
8  28 881573617
25  33 1807187009
12  10 1152229323
29  9 1912693310
32  30 86845874
25  35 14210582
1  36 238627927
36  17 777254595
7  28 338749019
32  6 1429457701
4  19 815017012
4  18 1681000272
37  38 1251283169
26  5 1679333103
17  5 1814018153
32  19 1766820689
33  34 321719560
19  6 2010774996
25  15 1266199087
36  16 823809842
28  36 1495502790
21  31 2132782807
19  38 1089086013
19  10 74080235
30  18 113130332
22  33 1680048185
19  6 119931526
37  21 1550406538
24  36 1527977645
9  31 1086102379
5  15 1580373630
5  8 645898403
20  6 2114319512
21  14 1106402881
0  18 1837384361
29  30 2068866749
19  17 212474425
38  24 873370381
30  9 1028623636
3  18 1019014531
2  23 2095987442
36  23 568820753
12  18 253311464
17  14 734210169
24  34 1580006177
34  7 636139762
14  33 1375997617
8  28 809659361
31  38 688684507
10  21 378690186
15  33 213528008
10  17 1035759649
7  34 729403631
16  8 1686711328
34  12 1450067944
0  25 1296681573
0  8 1185535761
3  21 1956741945
23  14 1918732966
37  18 1194128926
18  6 964445903
18  0 1031031302
28  34 1545347463
24  4 949275779
39  34 267706971
9  32 514093669
14  15 568809907
7  27 959902900
10  39 2109640644
35  33 1522696650
5  10 1626466425
38  22 550290830
27  29 872949296
23  37 691189681
31  22 2034277154
31  30 2118989919
23  10 1057338954
38  0 1404140788
19  26 1612617983
4  38 681866798
39  3 69700028
6  31 821715164
5  17 996034291
14  29 2000958200
32  25 1092248478
0  31 437885620
24  5 333555518
16  37 994063538
14  20 462286228
38  12 1795040641
16  1 222534870
24  23 1795403117
16  35 1305743367
14  19 970388736
21  2 168901944
38  30 1550287320
20  2 2126433501
4  5 1916165510
30  4 956799553
23  0 174232296
27  12 987502594
18  7 1590512701
36  33 612428814
1  35 1691043616
18  21 1402932570
3  11 1276717338
8  13 724856116
14  27 921190808
2  29 1095076388
37  16 1375100056
30  32 439950669
5  15 658203673
31  7 1769167403
31  2 437526904
19  1 1955498655
10  38 938903494
9  31 950069074
11  12 981426331
20  26 2097545941
17  1 601330068
35  9 1033197880
39  37 1824131239
2  0 436174923
4  16 113202595
17  36 1388883106
19  26 1499789701
23  29 2127943671
1  17 1321232680
21  20 1091883460
4  21 302381278
24  37 740227550
39  2 396728493
17  6 1772112395
23  32 1454757362
39  3 141980512
31  11 1173834462
8  31 545673780
32  10 718026266
37  25 382710745
27  7 1337124393
29  34 378613773
3  32 1753554815
39  13 1921218060
0  1 836864066
18  17 929257585
11  39 450063226
6  29 337148242
26  36 1813839374
17  13 1167081395
10  4 2074716107
16  36 1632579946
10  37 778014700
35  34 1548793001
36  20 51120943
13  16 830671358
6  10 1865544016
25  34 1436637292
8  6 1049151619
38  19 1276261763
38  27 842396135
8  31 867235131
36  24 1673288597
17  0 1470833219
7  6 2042531553
17  11 323765238
0  31 619985723
27  13 1811829057
15  20 499602557
36  24 852096751
36  22 1176817866
38  8 1082974789
20  6 1923726431
32  39 28383384
13  26 1045344071
19  23 1164822188
7  6 698106529
28  9 143343839
2  7 43946301
4  0 2023375515
7  37 206037114
36  39 1549336291
16  5 691598693
6  38 1971522768
18  23 117924027
20  4 1451549805
25  31 766052344
14  29 1383768043
28  32 276631066
9  27 1141934781
31  23 40877783
19  6 1550537689
8  22 840413148
17  21 1752605327
38  18 916585457
37  30 305176440
10  12 904313276
38  39 989182805
38  14 968299851
38  16 1380420934
25  0 1755913655
35  30 1828126449
30  17 523451482
20  10 1753816972
8  5 1877589430
21  0 1427838510
8  20 63843853
15  11 356564915
2  22 1573439760
4  18 1179626187
21  30 802882506
36  33 589106395
28  29 775610310
16  9 231502019
2  34 1432822476
31  37 1563771555
38  4 1727572269
24  23 814620179
1  31 107016388
37  1 1549219696
25  14 1398857972
2  21 1685528563
1  35 113187123
11  17 977048665
12  8 530132931
27  24 355446216
26  3 796376627
0  23 1758682152
8  17 1796283914
20  18 1193662436
2  11 304970834
35  36 224299295
31  11 27033814
20  18 114397349
18  31 938154570
34  37 215030125
29  3 1690875434
6  38 1371172736
13  4 637631181
3  18 1575754021
36  33 948078857
27  20 1019065636
33  2 279209641
33  0 916713490
17  34 1498336983
25  0 1665299430
13  21 417856706
38  30 566404475
11  14 705350373
21  37 1423996260
26  9 693300177
1  35 1210485560
15  27 1926517608
10  9 1241596132
36  5 423428923
4  17 1186489943
12  35 1005477069
9  12 354751825
2  37 21851013
3  37 130811954
20  34 65186002
26  35 1924725881
8  0 1852681458
25  31 1589062767
31  4 1117185009
17  3 557981950
28  14 1907417601
1  9 581970671
17  39 800536798
36  35 730977726
20  25 745347179
25  14 1918669282
21  11 738146122
26  7 1421439962
15  1 25771566
8  34 1388317265
1  8 1065384622
25  24 1547844919
4  3 2069032644
8  2 1236575695
28  2 903557116
30  20 807971655
5  29 908116142
37  27 1338974168
4  34 1428153949
34  6 836386424
35  32 1750534144
29  1 475764084
16  27 1822654227
19  5 239533638
7  19 513496473
6  39 15418297
13  26 1465608582
20  36 1697497586
5  30 743867183
20  32 861027308
16  18 1370669745
38  15 1037173237
0  8 1223797324
5  25 1688141174
7  9 684540791
38  10 364903033
11  36 295338835
21  39 262478558
38  36 2147179092
20  6 965489317
25  22 1858681796
28  4 463133585
27  29 1080286605
23  16 1779434581
14  18 970567921
32  31 936773750
16  23 310323897
32  36 1153762365
15  3 134570612
12  20 1436507861
31  1 646152033
31  15 1303019406
3  13 809452762
15  25 490969815
21  1 1874542507
18  7 1961921098
35  31 259260046
4  5 413019379
3  29 47763085
31  20 1886597581
11  4 68138929
12  21 1970967651
19  9 1948537189
26  1 2045999694
31  19 2044708644
7  39 1418930924
31  25 1123676765
26  34 1853268234
26  20 47565235
2  4 423233845
29  31 1850548281
12  32 63878706
0  14 1910890778
30  31 554203921
15  36 1186683347
27  8 1416500688
18  32 483639709
16  29 1267569802
29  9 1947321795
25  35 1191883616
19  6 867725165
32  30 1665845774
17  0 409464403
4  30 1526710719
7  32 1080300153
22  38 2080590068
37  12 811134099
7  22 1975829647
23  0 828545252
4  11 250102815
25  3 1058126789
23  33 1404425924
0  23 2109825887
34  8 1247537578
13  1 1798848647
21  33 1636040523
19  30 425856808
38  26 258191145
17  31 317986153
10  25 1786464487
15  19 1662343311
11  15 1439741792
29  15 1771099091
38  7 1463240611
23  15 596452679
29  12 557612796
29  17 1568547420
21  4 1898799784
29  33 558006993
0  34 1495906987
10  2 1744928218
30  21 944911684
18  20 923114236
14  22 1108638611
16  26 1995199444
6  19 2139875946
12  4 1276624663
5  11 862200147
27  23 296165320
38  8 1144620998
38  12 1200101911
7  24 1499688694
34  22 167439871
10  39 215890404
9  13 785430010
6  11 46264944
9  25 221902190
16  11 414022469
11  24 1998653642
32  14 175612107
2  36 687046581
33  0 1239832573
31  6 1315554576
16  26 134425948
23  29 407967227
26  4 967764402
38  16 388967283
6  38 1347549175
14  5 1698724467
36  14 1471394184
39  37 1540712566
10  23 428501868
19  20 1305706076
26  16 1896606131
33  6 773881907
7  32 742024780
18  30 82075482
38  35 44875802
23  3 583484019
30  11 2130764407
17  7 1466534156
10  27 351885849
3  32 1121789506
24  31 2093064666
18  6 104742997
12  35 2057340792
12  19 107353918
15  20 955688053
15  30 1773270859
11  3 1962706884
12  30 1283638677
36  10 1028438871
26  28 1046180108
0  2 471823261
6  9 382088532
15  20 607103404
22  28 1122677014
25  0 201205409
4  1 1522342102
13  36 1015545698
6  39 480538671
2  20 2126736186
15  30 1698580952
28  21 1494763059
17  1 1831205967
23  29 1850262083
34  26 2134721713
28  16 280343071
8  20 339522161
37  10 1365027383
29  39 629083153
6  21 1474601886
17  29 2133981374
6  10 934448120
22  30 1575465911
35  29 714377045
33  38 1759385555
29  8 1293109184
7  39 401791543
34  15 87347209
8  13 1384997547
29  38 1601462880
24  30 767915252
6  22 981449411
2  16 10408920
25  31 326403468
16  28 423676083
9  1 1593531510
34  26 1339794175
9  11 220790853
37  1 2081174489
22  4 421872756
26  19 1826939107
33  38 2143122207
10  4 1672126361
37  29 1938242350
28  32 1841790302
27  29 1759709161
26  17 1439972080
22  20 86215869
1  33 537305535
32  12 1956091792
15  20 1691404994
2  6 1839213125
9  39 948173291
8  11 1009263484
26  38 1885540060
12  14 1554020005
1  4 471401524
0  8 514712520
26  12 1382721287
31  3 2126568627
9  22 924102495
13  17 1765386659
9  19 13214228
4  18 1377414084
34  24 1068426570
4  15 934213886
18  22 2007900851
28  27 1078266894
8  2 1875132258
6  30 1027932624
17  23 34184662
27  29 1887017997
37  5 300463928
2  19 1803787202
17  14 1432683567
39  35 2094402735
21  34 159652166
37  7 1122567206
3  17 156937255
29  6 273313166
6  35 1943370252
24  19 1604811983
25  35 1914210996
35  27 804572662
19  34 1904359934
1  21 1895925772
5  18 1725871546
30  14 380829682
27  14 503906882
2  8 1045203706
9  28 349674682
31  23 1071279819
22  38 436116177
4  28 1984566604
30  21 1651756663
19  35 1471126756
1  14 1166002291
10  9 1004900782
33  0 2083984534
38  4 383049208
25  36 1624639075
35  6 580400655
36  5 580239381
19  6 55814366
14  17 1253965128
37  18 2052499996
11  9 1159260448
0  35 766848735
16  7 1206957383
2  16 934170517
30  29 1136192073
2  8 1971406136
23  16 1420947268
34  13 1829205055
33  24 1420059046
9  31 1254638630
23  26 1586498699
15  9 1695783301
6  1 1049543727
3  25 344731512
29  36 1597211712
29  18 359813263
29  3 1654776446
8  36 942598397
2  31 268607323
3  30 1410828481
7  36 1817688017
35  39 638585948
7  13 454193115
37  7 633599346
12  29 1968351282
7  12 437023388
19  8 1056103631
37  19 833010440
39  21 513883411
22  6 1954710807
12  32 255583777
7  27 718473108
34  16 887112739
5  0 424874718
3  34 2099450676
4  28 1614101670
12  18 1971999319
7  32 2011077781
32  9 665449660
38  18 1392497723
13  28 981942815
11  30 473215038
10  3 1257286735
29  37 1369518541
18  0 1185419435
12  11 589407292
27  20 1538966879
4  14 44703022
29  11 560208238
12  31 1086547941
3  6 996931443
39  37 1446494827
2  6 682523155
5  34 1394882136
31  11 587569686
7  33 916067067
23  4 1295519848
37  33 414127731
28  37 913567532
19  34 813360289
37  25 226439179
31  10 1026967543
26  3 2113374341
26  11 1501941529
13  7 874132768
13  32 1490651391
20  24 683930762
36  35 639094491
11  31 1883727760
26  14 569149777
17  28 1627399941
35  13 1481623885
19  27 1323262001
25  7 645639610
33  38 927500220
2  9 867325758
28  16 275121165
2  9 561779042
3  39 1615736400
3  13 548678360
19  3 1359992521
1  21 2038853252
33  30 961429628
23  9 1592149450
21  30 941066668
7  31 1794204233
31  7 1374071614
29  8 2103006689
1  25 1357798983
31  12 1337450400
34  37 2009184366
26  18 61484975
25  18 2080111574
19  29 1392557932
25  11 977080996
26  34 633647845
18  10 615180069
33  21 402979078
37  30 830854848
32  13 479951689
24  32 1720360575
1  17 1024379305
18  8 1077707239
27  9 1366187306
35  20 1056433146
22  1 802986108
37  5 913411001
12  11 94831523
20  18 226848061
18  37 1059844995
31  10 757639659
1  5 1375476749
26  0 167985777
14  15 1635447647
29  34 1054044301
8  4 11134721
8  17 1098714638
11  24 759181142
28  18 1583531862
17  37 1038829902
16  30 587632224
30  25 360219779
7  5 436908493
37  19 1916753818
8  1 41693600
15  18 215214623
7  20 1110612712
32  12 1959015380
1  30 982714536
36  1 631658440
2  30 575043135
12  26 54721899
19  38 927448694
32  23 2120300774
19  25 829925666
22  26 247502699
12  23 1798581607
2  17 747909122
37  39 1688045155
34  2 931059709
15  33 1180323489
12  31 1697143470
14  27 966664217
19  37 746287763
30  15 636764818
11  19 1862551781
23  6 134806156
25  35 1421965381
29  34 2581642
12  25 386249213
5  2 180164783
20  15 1730844267
10  15 538400349
26  28 1385160293
30  24 261014666
