800 40 32 12
4  19 667589235
4  18 761645570
19  1 1998331678
0  24 1096549904
11  13 1897538866
3  29 1651818768
5  18 540058796
33  15 688255374
18  7 2002203031
16  29 1173932372
21  6 1636400960
37  26 801960370
2  6 1697395572
21  8 1532169708
33  38 38264622
4  24 1027825786
18  27 1813762171
24  8 2142863943
18  2 1987627034
14  8 1041883677
25  34 1086648468
35  23 1134749759
22  6 666323360
20  28 1476955575
12  15 9753895
39  23 1064705709
6  22 613980506
15  29 860359807
32  3 1270021475
19  8 1476352045
35  8 586776013
7  39 1579492340
8  10 215980484
24  21 746499053
7  30 1148309795
36  29 880386676
36  34 163337612
18  30 461637190
38  24 1902312909
5  38 1039217441
0  17 1110341744
14  19 1767601623
9  33 879645276
7  20 1962882777
25  38 652541557
5  14 1799152764
10  2 1138600435
14  12 462706075
29  30 1341912609
20  37 258248820
3  39 1966292477
29  23 1445667358
6  19 1478810925
1  33 1667599821
17  34 936322691
7  28 1040741729
12  25 1862125045
23  26 1423358148
9  34 148990129
26  17 347330609
25  0 367533511
31  7 1768163546
39  6 1702428736
35  37 1313519883
16  28 241794515
10  9 2115841287
3  23 1922252306
33  18 2728141
8  6 1641629670
28  4 1814113393
19  11 1189869204
6  27 823928852
21  28 274837670
19  1 2036307773
21  38 1495004220
12  15 936804672
14  28 2018128660
12  18 608948767
33  38 1280097502
37  19 126725315
0  36 1770556270
31  2 2045894128
36  30 235093944
24  27 89594549
7  10 1951960655
3  36 914945099
0  4 2103059617
25  18 1942806136
18  20 1039947387
27  1 2133416
7  19 1075173082
13  36 1456369587
35  4 1567213388
4  5 1099165469
34  39 1236751273
30  19 918412405
27  14 1342457136
35  8 1089433442
30  7 1223490313
10  19 1573148912
25  2 1316714117
13  32 930073658
0  12 2043864302
38  26 559602430
28  33 1439903362
17  14 224569057
33  24 101577794
0  33 285327518
6  24 808550223
4  29 134386113
14  12 1773563325
10  8 877190038
26  13 876276024
9  22 38290785
1  9 564037019
25  21 997706687
14  17 148664055
2  23 645081081
1  0 1615241876
35  14 99895834
2  25 1093686596
36  34 2023049131
27  2 917354405
38  11 1069307189
2  34 501377455
39  38 855481779
15  11 1225772533
38  10 5224381
8  5 1976486476
21  27 183561977
16  14 2128703363
10  24 1898018144
29  3 104667032
12  11 336777143
11  9 1688967826
30  35 759464385
22  17 437479409
0  7 1162934657
32  29 1731775864
27  6 1542234723
7  27 245404204
34  13 1281988005
1  37 1952526863
35  24 1613948690
39  10 240035102
33  34 426906358
22  35 473630070
23  4 1426051911
17  8 1349623852
38  15 1869508038
24  15 1764674471
38  33 1852991759
6  18 1608747752
3  7 1857018594
16  9 1546898231
3  14 1477283407
28  1 1088442340
32  38 1174226271
38  30 688174557
25  35 1493603720
17  26 1094863696
0  10 1380044507
15  10 756956524
3  19 613366605
3  24 1443267041
37  0 1079714597
20  10 1748474353
32  25 1905374833
28  4 628559651
0  7 2046083805
23  35 132444150
39  29 829024566
18  7 1173216909
33  6 246097373
18  36 2122097638
24  0 2043190124
19  34 616986163
39  3 464143550
0  10 1067886251
16  7 425665847
7  30 797276033
35  19 2022262979
24  6 2117569406
13  25 1412528850
37  23 1151552270
6  29 1013117185
23  1 954028076
17  21 1279397916
23  8 388433079
9  29 1680842133
0  37 1134338689
9  25 216569221
12  33 1304322454
31  20 912747438
19  27 557975747
27  32 613799538
33  39 1221534693
19  34 1773917985
36  23 116403471
3  1 279459312
33  14 133124161
20  29 1472897421
39  19 1853448122
14  0 1277239519
18  24 696079397
29  0 1699291301
28  24 490752723
26  38 1959512884
23  14 734623065
37  24 1640482088
8  19 1875013509
32  1 278512213
33  16 1473884967
38  37 1067655058
30  14 1510208599
18  23 1349987576
34  39 2017664186
36  7 1900378328
17  7 232626059
19  38 1229891375
24  27 1193816791
0  15 1214960694
20  32 2024128551
39  37 1772229849
5  10 49599547
38  25 799543881
19  12 1241729128
35  12 406977933
2  16 473645905
18  15 744595242
8  34 15709471
27  30 79871763
33  38 857304173
11  36 812096775
6  35 1101034668
5  34 961874965
19  27 173282959
38  19 214177501
38  25 1732331915
11  29 488487712
8  33 1949891886
2  28 1010648230
39  17 1254089024
24  8 415554824
36  32 1936653660
35  39 858001947
6  8 1508942129
17  5 1178058994
13  15 2062727696
37  32 593177870
27  35 1905395185
38  22 397755080
1  11 1871169694
21  34 2031105137
11  35 1126000811
30  21 480545882
34  37 840788294
17  8 1323485941
26  34 448601093
11  32 119228315
8  32 972218196
1  4 1409550071
31  30 1760323406
11  3 1965941130
25  13 1163719969
11  4 395144001
35  38 1952322055
3  35 675449640
25  35 1295454776
6  11 265842134
4  8 1806200782
33  14 1823590925
8  0 58566212
26  6 529832276
24  21 790249189
6  37 268589200
6  38 500098241
9  5 2094569225
26  28 1040250931
0  24 1198394342
12  35 1954603177
35  24 585378451
21  2 1395098929
11  29 1912820185
17  14 2005984726
8  16 39945998
10  8 1198786858
11  36 1736302873
38  25 998604774
39  29 1183768011
29  6 1685355293
17  12 994170154
9  8 106877785
5  4 1147841558
27  39 1468671434
17  26 618319125
39  32 1458536577
29  13 1821740722
33  37 937129909
37  18 1096477510
38  23 485118635
35  22 304559763
17  23 1123292212
27  19 1830441969
13  23 1666463500
15  33 149432560
19  37 1734186839
32  9 281048771
26  25 1644393240
8  25 1434896695
6  29 626509385
3  13 1326055349
12  14 1246838205
12  14 505666114
12  31 1138385984
22  38 1479167540
20  25 1895940556
15  28 2078966057
33  22 1058625870
2  35 1454000086
27  20 1510242085
1  19 1429150991
28  34 321193476
2  27 1454278249
23  6 1235756141
12  13 628959577
16  3 39971266
38  23 1317796791
29  30 440002519
2  34 1629007299
19  2 564996359
3  16 1467499600
37  22 1596021429
27  30 56914262
27  15 2128187347
20  18 1204695536
9  35 1208070546
30  2 685738883
16  8 255362243
39  12 2069330703
22  1 2075737406
24  37 1513008677
9  5 1115018989
31  27 1678091262
2  5 1072293784
11  32 285864266
27  9 1433269314
3  2 9423221
2  4 1617139240
33  12 319534462
4  0 384758612
28  33 632925439
8  3 689770329
5  10 1538818220
26  30 1818455611
34  8 651092342
21  17 1335040752
9  3 197381778
36  6 765159664
3  25 1963728550
0  24 1254818179
10  4 2132419647
26  23 1135315473
31  13 975707123
33  5 1281998010
26  25 945512056
35  4 1772332444
32  6 27252873
36  2 1258479791
38  23 928042647
20  28 362271993
10  2 1669918136
35  13 221214084
1  31 76312455
20  25 1361006686
19  16 1002813881
5  10 1712797536
27  30 1279979831
17  38 740967319
30  10 1149817842
37  21 1779738307
39  15 867811944
7  11 2021635576
13  0 884100610
30  1 148759222
4  10 1319158592
18  16 2102347380
1  36 343179391
29  34 1717686142
12  21 2050703607
14  8 102796620
17  8 168477183
14  27 966335800
6  13 29676420
31  25 1946032638
32  29 1157224519
6  33 617847719
17  12 652945092
2  22 889101972
5  32 915269485
12  24 1349807561
12  35 740265387
4  11 2048922245
27  26 1083377722
8  30 679281798
28  15 2093282244
22  35 1199376770
19  24 1458100207
0  11 1912915406
24  38 864115036
28  31 1154653835
32  13 1949681560
28  26 2036368196
38  3 490950295
21  23 484609036
28  8 589415739
28  31 1113069768
30  13 407421061
4  10 562864582
25  15 1891280164
25  7 37506997
29  21 2012410901
37  7 1557912245
32  31 567028388
39  15 1519688259
11  27 222209272
17  32 26400134
11  30 1689516147
21  5 1318337356
0  12 35206619
2  10 396787652
21  3 1546696590
11  21 119512046
29  2 1627319916
4  8 1107279118
9  1 1308107573
12  14 570710994
9  30 1769557315
25  26 1173450781
28  10 2136149523
4  22 1961760732
12  18 258692076
18  9 772169972
35  32 687316150
1  23 119210264
33  37 1916108746
35  36 52510404
30  32 464598688
2  38 1640156202
12  30 818539067
18  29 620423620
4  19 171143973
2  29 1203542718
1  13 1723912038
33  10 1596152365
34  18 1799199765
6  36 405929468
22  26 217750381
35  1 928033577
23  0 1624881601
28  12 980744840
20  2 2053144974
18  13 862613830
36  38 2019963455
24  23 875692725
19  21 1542151889
24  7 298319068
27  12 1401086236
39  8 1775786231
6  0 1223074447
22  1 1036344724
29  7 67001194
20  28 2068758905
26  14 2032943723
39  0 318025111
28  31 1433983499
0  39 441882693
28  16 1813682418
8  37 125355302
4  39 1536601449
25  19 1760711749
5  29 965196612
17  9 1959727856
15  0 349665778
4  0 1931912244
27  32 1964667043
19  15 661264640
20  7 1081870980
34  4 582196073
19  26 67722073
27  13 120272317
9  23 480540155
2  4 1843144076
11  2 1845349720
34  15 492889462
21  7 751137515
24  16 528172797
28  33 1347661332
29  31 1318543022
28  31 1246837071
31  3 1740072543
21  6 1718752220
6  11 646534363
35  2 1938890044
7  11 583020401
21  6 1330140248
35  19 564813784
39  28 1747511371
35  11 2107484987
13  14 1131063146
38  15 1912481083
24  32 556460759
1  33 468866250
35  24 1280800176
7  38 1519021803
28  15 1302143464
31  6 235863632
0  24 784518581
4  32 642201325
16  0 655577148
21  35 1679109843
10  30 490777236
10  37 646611189
1  14 799446426
8  32 827938748
33  28 889422914
6  0 2019144184
28  21 1775651126
12  0 1021259388
9  14 356547235
7  24 647247852
1  3 20301737
3  2 1750766352
12  37 1465969091
16  27 283260431
29  11 923103677
27  20 2050435136
10  23 1432415569
28  33 239578707
28  16 967279951
13  1 428139619
8  38 1266672179
23  38 848220150
21  8 2137508024
11  25 2131160921
31  10 45320905
30  34 771386947
19  20 268762301
23  10 925276788
2  38 328603440
28  8 1569849182
29  15 397747976
15  0 1630740520
28  34 852359796
31  16 642719480
23  17 400269608
4  10 1896913206
6  37 384108236
21  36 938345645
39  22 2111300681
10  11 1279310344
24  18 1526131067
6  0 353744749
22  35 1523162418
37  4 646519113
27  26 1182634328
21  17 1531627757
31  0 1238272436
39  36 1364566287
31  34 1551392483
11  15 993659781
20  18 1959796041
7  28 1818602960
13  39 1364237522
39  32 1195582102
21  20 230442012
1  29 279012107
4  8 2036237652
35  10 126085695
25  30 223486658
0  38 1621966005
29  33 1552294548
4  22 859042955
16  2 1769012394
11  19 403974061
23  39 838885958
6  27 1119284579
33  6 1186020726
14  11 1945483938
22  16 1023468954
38  16 227517220
35  28 781307815
17  20 1720877631
0  16 1252491063
35  11 303905943
10  7 570331907
21  2 1315109030
22  3 1479440927
38  36 1427405052
32  24 1343231300
16  32 1097870821
20  35 769760480
10  28 991502437
38  0 1664859951
23  14 2098033642
9  30 313235826
29  22 604185660
21  34 625120121
39  25 162635649
36  5 1105398739
34  25 1737349438
34  18 747621979
3  26 820580313
23  3 676915998
38  35 900563386
13  37 1182600625
18  21 1778850299
32  23 1697742397
33  1 1518898909
29  38 864012290
29  0 9490221
38  33 605997086
11  24 486082284
14  23 127557269
4  36 980873678
33  26 870982282
3  10 1134262817
11  30 1028363101
7  14 2110416240
8  16 1867750303
21  30 1186173823
24  17 1242249454
16  32 1302703258
39  1 425275835
35  13 1982271069
6  31 1736608393
7  25 685658222
16  19 255218634
35  34 34804993
17  0 833403132
12  3 687214299
16  11 256415087
17  27 1874594711
30  1 383929603
9  4 1388624731
32  18 684597599
38  17 973307879
34  30 339316257
27  8 1398423743
12  18 626972014
22  23 1563642270
3  15 1902667459
6  10 1291991748
11  20 970404136
33  22 273175572
20  33 359022661
28  6 2058509738
23  6 1451741117
16  3 764881413
23  13 956823560
16  9 1396660721
36  22 1920130362
6  24 1731595190
32  26 2005618504
27  30 1124115227
12  23 1995767673
25  21 470143210
25  20 515353553
31  29 959186988
24  13 1944202985
12  22 1449814045
1  29 1755963037
2  7 335650440
5  37 1144053509
20  4 633139457
27  13 826535444
37  31 1325043930
26  32 323422807
5  32 227162710
29  36 469159518
22  17 741203221
20  26 692329226
9  11 1509132661
22  17 742256505
8  33 283899157
14  31 962773823
28  3 1865465713
31  15 975808629
6  26 720430425
34  6 1812024423
14  5 1439920053
7  24 173284981
32  31 1459000196
30  4 734565482
9  26 740782261
17  39 388033382
23  20 1704359903
29  18 1761410956
33  6 1596253859
28  21 1350036934
38  7 1315439441
13  5 1827907761
33  37 1016086076
16  19 1063923456
14  35 890235657
23  37 869748312
10  13 742191237
27  12 879114572
31  11 328557015
2  32 1061820253
34  16 265434731
16  35 857199929
0  31 1049215823
16  15 753329160
5  27 606052130
3  23 571237167
23  28 1174600233
31  12 203304206
6  1 1424077911
0  17 1009754611
19  5 681042474
34  25 458876734
30  35 1006179851
2  20 15682413
9  16 1241481208
36  18 1537617177
38  7 440923603
16  34 1376373732
29  2 591036180
10  17 1434494231
19  9 1987310697
39  7 1531156123
29  26 51348023
24  4 1253067924
16  4 1698914684
39  3 984431519
3  8 59909202
31  22 861658911
4  16 119833068
21  16 1792480253
17  31 712110033
32  24 572311831
37  0 1716424627
4  18 89438408
7  0 607400971
22  34 261199598
9  30 872352294
24  15 741335669
8  1 1829219171
14  22 1962034288
11  15 957888308
38  23 386476938
25  19 15853895
10  29 1055947286
23  39 1382894792
17  7 1554101149
4  32 679797068
0  33 1513041660
10  35 180851240
37  29 1489931895
39  36 2032302006
0  38 1495140407
25  0 638132183
22  32 921981603
22  32 540392394
11  39 1576954933
24  17 581496437
24  27 1325843333
24  37 188541465
28  31 521206336
24  28 869658725
25  8 398813902
8  24 1063306604
2  20 1726867252
21  16 1370259431
34  28 2025891483
8  14 930382099
7  32 1472822110
24  33 387865787
6  27 1100907213
27  24 1063952972
1  28 429362916
20  2 1337095348
0  13 1390863491
30  7 1068983951
26  34 676547018
30  8 1999078641
33  22 293871627
39  19 1663833775
23  14 1880309045
12  30 197911115
12  8 1689790793
14  2 858246448
32  23 1172828908
30  35 1727123736
11  23 190950683
3  4 2026394967
16  18 1170466283
3  36 423311333
12  17 1143643761
