800 40 26 18
5  29 300859054
21  37 1869521111
13  0 891782380
33  37 49411612
10  37 1238775375
25  3 1699936337
37  28 965923386
17  30 1442021178
11  20 1133384851
11  38 671786670
38  12 1371683462
14  38 268631883
30  29 1420260144
21  39 101471855
18  11 19629267
34  6 1520864268
33  11 1125465558
27  32 249607273
0  33 1923646537
1  7 467727544
7  5 745919971
4  28 2069265400
4  0 216120225
13  9 604758281
38  14 1870486180
39  19 119649988
12  8 1557718105
12  18 1942394849
4  22 1545577837
22  24 190689430
36  24 875781028
3  38 99691082
20  39 759198916
11  26 1424543993
7  16 1465394930
5  33 1423079559
29  0 499204022
2  8 1910160585
26  7 1785237063
7  28 498385017
25  8 470847438
26  22 829944053
12  32 319171031
31  33 426101590
17  19 1309593795
28  6 1886369317
33  27 1852155147
10  25 298846565
17  14 1925235198
7  23 1595485029
21  2 1296329070
38  27 1052616398
12  38 515670640
18  17 14112247
38  36 1026782910
38  23 1473662686
6  27 237895645
5  10 1963004662
2  28 704894402
12  26 802577406
6  30 800354656
39  26 1589018289
22  35 1925104487
35  21 864642062
2  35 1386115132
18  3 1360728691
5  22 1729711917
2  33 1390759505
3  26 633044129
30  11 1627109020
31  11 626778703
23  1 1428565595
34  31 77371575
19  21 79436599
31  29 265946855
23  21 341389724
5  10 68393608
10  22 2020172026
39  2 959917119
0  38 316560869
9  0 323666399
22  10 719322356
3  27 1624309846
5  18 1794954863
33  21 335450329
32  2 701452946
28  15 2037799477
27  29 1084947094
36  37 1802499513
7  29 904344671
28  18 1660176862
26  17 1954024745
6  12 1251476206
38  25 659980216
23  21 1937702527
14  34 1243872617
17  24 391324413
32  11 704652247
24  12 330595564
22  20 774121311
1  5 774166336
33  2 1675759838
39  12 1948952965
37  38 1321508900
28  18 1538782179
29  39 1886337202
20  3 962348194
18  30 1407068395
7  3 1177957689
33  22 1151696486
26  27 2032187433
25  8 1727303455
30  8 1073639924
35  39 571173618
8  31 1818937218
34  6 2140710139
38  39 1038979014
27  2 655940472
14  2 2047343552
19  13 1972866579
15  1 1588156522
0  33 1386027519
8  34 1626869777
29  17 1669535760
14  12 1746098561
34  9 1070113337
39  26 1858575216
12  11 1791854376
9  4 1601518778
4  17 1725327992
5  3 1472623979
15  19 1332008746
37  15 1276445565
19  31 1663884152
37  20 1759482056
19  22 1055857980
33  18 2139490005
1  22 377569158
36  3 1892248724
13  23 2067431108
10  8 302789773
33  22 1128748704
6  3 696035102
23  1 1206316563
4  20 2081430702
14  19 115742837
30  29 891087718
22  29 1505510974
31  36 1342306696
3  32 111948028
5  21 429156451
31  15 2066700980
1  14 663865170
23  34 325221167
10  23 1527227468
26  36 1489820677
10  37 491180589
9  7 1051904915
5  26 272862273
18  34 1791925180
6  34 1926623972
24  28 991381082
27  38 760269687
36  26 1861742722
15  17 529817100
27  24 680711991
13  29 1410971073
31  22 865508083
33  16 1721560330
19  34 1876792625
33  17 1885692646
24  32 345236401
15  23 845233747
23  26 463504216
35  39 985315649
20  34 1072254445
17  21 1506219972
28  36 1548726074
22  21 154017625
35  16 293292691
33  12 530750485
38  21 954691196
6  21 1920440600
4  12 446377232
27  39 1378981105
5  11 670381501
8  15 507780664
8  32 2104100509
10  11 789552569
37  7 603631812
21  14 1226781549
8  39 1444709377
4  3 303774554
23  6 1618750935
5  1 1191508054
29  23 10673041
13  30 933423803
8  39 700165589
10  22 1823109411
33  6 839734377
22  1 1476245712
3  17 1452657119
38  24 815815271
11  36 384884231
1  16 1797112050
7  11 1502153196
34  32 2028917270
37  3 894531053
22  13 334147260
36  39 1691440773
35  16 232583871
23  38 558737652
14  16 686800903
7  20 1485906199
21  11 1622258952
25  37 497194684
3  13 678712406
23  0 1974015425
20  12 1492174679
9  2 1853097324
31  38 1044225666
12  5 589978260
5  33 101238456
28  31 330935330
4  31 2013248930
1  38 119802202
19  0 287310638
34  33 542479361
16  7 636157826
12  7 1570997478
12  33 1073173787
11  29 113913683
9  10 887906461
36  25 1209090420
35  18 793224010
6  26 1897684928
29  1 1035047718
38  32 134198667
14  11 791340000
28  27 1559438628
36  3 699554078
4  9 677185953
39  15 1026903240
34  3 1711611477
2  14 1999654340
25  8 157556216
2  36 1170479357
34  24 699115621
19  28 1424030770
28  5 941806929
1  35 1732144549
16  35 2137092033
14  29 1425731953
4  37 1082241407
11  31 1288039444
33  19 1117683180
21  22 1044692648
11  37 199715901
11  14 79776446
1  19 1264461215
36  33 1390855579
22  36 1839098708
29  38 2013828212
28  15 685476749
18  25 285743220
4  16 1823584800
26  32 674735043
26  37 853796052
3  14 505276750
16  23 69639771
33  4 2040142445
38  22 19641984
12  3 1469074891
15  10 1836202769
0  22 197393791
17  3 1915813119
10  4 1561299245
17  29 313878231
9  21 157174070
35  30 33951312
10  1 618021695
0  36 896242191
6  28 356751311
26  31 1971987262
38  25 1704535595
13  33 446969931
10  23 207218271
18  1 529471579
11  12 1460181225
37  19 371772309
8  19 1725298124
0  15 1696526801
34  28 12211233
14  8 367517633
0  19 531559988
28  32 1463570764
34  18 2035962497
19  6 719828573
0  38 1652249430
27  18 766233308
37  28 1865550748
20  25 1316263944
26  14 973860940
21  22 1618522333
10  11 1950760213
18  1 82768707
1  7 1143620825
34  32 1811548841
8  35 382576032
15  34 1373096071
13  34 295458556
6  0 1528473259
3  11 1362591059
20  12 1487411774
39  1 1529887776
19  14 1699508298
15  30 1621628795
13  1 371706764
12  5 1388196585
13  21 1271996401
31  5 1356596570
18  6 700125069
16  13 1476506548
35  16 515010522
21  8 1580665874
32  14 700897219
6  39 1843231969
15  3 1925344531
21  30 2036150952
2  22 1724217518
7  24 610036256
11  34 247192527
13  5 1629125003
22  6 872039250
3  6 742158997
21  2 266830753
0  2 1385083918
39  20 1219895926
36  6 2124239144
18  24 876822635
11  39 199896523
30  12 1854904379
38  10 723024386
38  19 826404795
8  3 1618304474
34  18 124280446
28  3 1526535448
19  29 45604785
26  39 1028371357
20  0 1889507745
14  6 2132647768
16  15 1349192006
30  18 298403514
3  7 1447138219
27  15 780288311
22  1 825696705
4  39 106449630
20  16 1238268781
2  17 476128597
39  22 2015178094
29  11 1007169160
10  20 1904753745
24  34 2063862805
36  33 1859249318
18  29 504545690
7  10 1660381059
0  33 1450509467
33  3 1403446442
17  38 1837155527
27  20 341123313
1  27 25763721
1  25 1657364749
13  28 728387351
16  7 1592375074
26  31 1261974682
28  5 183135762
37  32 508672969
9  20 741670664
38  25 1267572668
23  3 1188223180
36  5 1059413068
26  7 1101477258
37  1 1818104218
38  21 1818816181
10  12 1185188901
5  21 455473474
30  24 864820713
19  38 2075022295
0  21 712469189
0  35 1021375815
14  5 1722582335
28  5 636057254
38  11 348122922
17  23 310013441
2  36 32206461
13  16 663126648
8  10 870521770
37  39 1831639381
26  33 498644083
1  21 357243385
1  35 8586835
35  36 565735752
36  16 1968097211
31  36 1782510182
29  12 1991534471
38  35 1728261175
5  39 652636752
28  39 1305913628
31  5 1806491759
18  4 582302797
3  24 1047882340
39  13 1952745496
22  32 2111436183
18  14 1939450184
7  38 1686670124
16  18 1106358717
33  18 675853752
24  7 916648721
23  6 466298097
14  26 1051801458
11  24 1906235317
23  30 839895917
8  18 1183539345
7  29 182198154
7  14 1947792621
31  25 904478149
19  16 931740337
34  8 1228248652
12  20 1351008846
4  3 416780097
7  11 215808622
11  36 1597449807
19  38 649984894
14  24 459184291
8  39 1890034597
36  16 924019944
39  29 2139361178
19  13 77138337
2  37 1336415384
13  29 1577009153
33  6 1216918948
13  11 1241341259
22  12 143322909
24  16 520667644
26  9 1700613998
24  27 1707826046
37  33 885105397
7  14 2046845368
21  37 1069473912
5  23 1214950860
39  26 1634064412
33  12 1640744545
21  34 317344188
35  34 1911496045
10  38 147986747
24  28 1810469649
34  31 1676236365
27  2 683837320
11  2 1913299932
39  3 1882452234
10  37 1009072268
3  19 98473958
38  8 435659371
8  17 1044017899
39  34 766316706
30  14 1415295393
25  1 1710531788
6  14 1909345563
12  33 1901521020
24  30 1495046031
20  10 1231236264
4  20 1108785434
17  24 1705280902
18  28 1988810203
33  18 408401454
8  16 1524838470
25  23 1923583162
33  15 583840616
7  31 1548253823
8  30 1894923500
24  31 1518531584
4  9 1081716848
33  39 361337482
4  7 873172121
7  24 1610916850
12  8 572108327
17  5 1852733091
1  11 404710588
26  22 413621446
11  32 1803260737
10  37 149938475
16  22 1408526662
1  32 1020781335
39  24 1975056991
9  33 495125691
23  29 321425189
5  26 912400364
24  5 940601080
37  24 1260932694
36  9 1275255826
4  18 1097271525
8  25 1930329266
21  32 1328168586
30  10 360513167
3  23 370557549
27  31 1696367691
34  23 13402743
36  22 2027339592
16  1 625699798
26  29 413908389
10  5 591944272
22  5 557057820
38  32 24106667
24  30 207764523
18  38 311393442
1  27 780168888
13  30 1300255146
38  28 2049316631
24  20 2073325346
36  12 887717785
30  22 2035817404
4  23 451013264
6  20 347947073
12  17 1205942944
9  22 1767783570
28  27 1551387047
38  36 814020343
31  0 536691938
25  30 995410449
7  21 1731496479
36  8 1029151290
10  17 798437531
8  1 97821805
9  11 1318185746
14  33 1856735147
22  29 1256151814
21  12 446422259
11  7 1197874162
25  28 1506690059
21  14 1102549024
4  35 130134763
4  31 58037412
33  27 1314768205
23  11 1525125928
14  22 470151662
30  20 1602709640
7  16 1878161143
17  29 869558526
32  38 1557866302
12  7 1873640914
15  35 264957082
29  18 1542324066
23  5 423462716
8  23 1381342812
1  16 639842702
12  37 200547293
13  20 379969408
10  22 2105177338
19  37 1796664446
18  38 1019142951
36  28 659619168
7  10 896123270
13  6 771528007
19  21 581129733
5  7 53793883
3  38 211066735
14  13 549544393
5  15 44329383
24  21 1075813881
14  28 1767358570
33  24 250398870
17  37 623821064
17  7 778054277
16  5 273335284
16  4 237269819
20  3 1835753131
14  0 255818890
32  13 1701181900
13  24 613595795
36  24 961630328
27  9 1177119054
6  22 650493005
26  6 690224729
33  35 1582360290
36  17 635009422
20  39 925200365
4  19 1170419666
11  30 1584751891
27  23 1145829102
15  10 1465850206
29  18 1281231249
4  1 340466516
37  38 683666872
4  38 1523989119
13  15 2019283032
38  31 1906766366
3  1 1047492168
31  0 1063532250
38  2 274136236
27  22 652298110
34  16 125196897
22  21 761454140
28  18 839242755
28  29 1751289231
8  13 113267401
6  10 1223726654
35  34 1252272872
18  25 1362260643
13  21 1833870910
27  4 1961800907
35  30 1882907620
1  2 2118324609
24  34 1150736524
26  19 1656854607
10  18 1856463561
33  38 1062107936
27  30 2092380786
30  6 326365235
13  36 2077827833
21  32 1806522968
22  24 1810876126
3  7 24153139
11  31 465717492
17  3 1471431667
31  3 773806721
17  35 1416632053
8  9 480584355
22  32 772835051
16  33 1319182533
34  27 1150087301
22  6 1104850250
0  3 974255376
38  22 2013964411
29  12 1579923875
36  9 948335816
15  25 1530737211
1  36 2082330558
14  36 626598231
35  14 2008701252
30  21 358859722
37  34 593898638
31  17 1457684806
22  33 1672592488
2  30 689593494
24  12 1853038017
18  1 675744159
38  12 787246289
29  1 686607443
19  11 1235431751
16  13 1744905755
9  30 1600070839
8  15 1926718902
31  2 1282562071
15  8 634712169
22  6 1790195435
30  33 1728303927
25  18 1606884638
15  31 337960084
1  37 295756214
39  9 790437603
37  26 1936254121
28  17 369498212
13  27 1024063866
2  23 124838941
36  26 30403843
26  5 2142324524
32  21 1924476268
6  5 933565841
15  26 965271096
26  30 297120420
16  11 740353030
14  39 82015509
11  21 649511548
21  29 123617158
35  37 987064577
21  20 829162671
28  12 204028715
0  10 1626552122
33  35 166935464
32  19 1583862342
13  27 1900763478
5  13 2102900357
28  8 837635255
13  23 1118254685
30  21 2129581915
25  3 1676662722
17  24 957691337
12  25 2093598068
13  37 762028471
30  14 617984018
13  5 1494415855
13  39 454732367
33  37 411301320
12  22 1190445767
35  0 1834769398
7  23 431977677
16  26 1642240739
37  38 732784906
24  39 1037273182
0  5 606786417
16  35 1562741399
10  7 820915781
23  12 950674281
30  29 1504454246
19  12 1336223856
10  2 1878199748
17  12 1424494397
13  24 343594437
10  12 437769009
35  13 1603697323
6  13 1139928204
30  32 494264985
16  37 1822372973
39  5 390394895
22  36 1311511173
35  1 1645932616
25  33 1612702013
9  13 33763995
25  26 643243426
6  7 2016543319
24  3 838672835
14  25 241768390
31  34 1299791459
24  3 69133249
5  12 1521860858
23  17 638492714
29  21 1825479676
32  16 1323103380
36  27 130473692
8  35 1083342245
7  13 1902643662
30  12 2050450120
37  38 945623979
21  31 771707387
22  14 1658390929
28  12 1127276131
3  34 278936570
29  30 1051292448
28  13 1822981737
39  24 1366204661
9  12 1446732044
0  14 1781627562
32  10 1766029495
20  16 577864250
30  6 1775462332
30  32 584050534
26  39 978440644
38  36 810011164
34  16 1757467126
12  29 1461039894
20  5 312203088
22  38 736287877
28  23 537631177
25  6 1660518465
12  13 1911049665
12  36 710612006
4  39 1488461585
20  4 1650612327
35  34 646769598
39  24 705989462
14  4 493903488
15  1 300607988
19  34 900969062
36  19 1067535434
4  10 1971794053
4  35 300177615
9  13 247503277
16  32 1934433838
35  2 236201087
27  31 1740918409
5  29 113600931
17  26 12459004
18  0 429719264
10  36 32305304
36  29 20875508
12  5 1575199251
10  30 62274806
0  1 124411212
11  2 1810407116
39  35 1036418207
1  39 1145158347
20  8 995047545
23  3 2042949175
36  32 1673563177
32  0 104617545
0  9 1445561901
28  16 752632199
23  14 318387642
34  38 2004712159
10  33 1784803827
32  10 1822604186
11  18 776386350
2  13 1371214357
26  2 2126495980
26  29 846561016
6  12 922669056
32  3 832397080
10  12 2012083782
19  24 971138708
2  19 2095922081
