800 40 12 34
35  29 1985622210
30  39 2385579
3  15 2043984819
5  9 1568176352
4  21 1930010913
39  17 1193870792
18  8 30191758
8  20 1592903056
27  6 612976578
3  26 483315486
37  15 1955885176
5  7 1459154704
7  30 1796671428
7  36 83573969
0  37 1878029419
27  0 1795470724
17  20 1389968322
16  38 1604234327
8  28 275353427
15  1 451833246
38  8 1622561584
3  23 1393433098
5  0 1985995786
12  10 324531089
21  7 1523622748
28  32 1448302377
31  7 1856018273
36  39 571586306
31  38 469867346
17  26 1743961755
1  10 37413919
2  5 1881083618
36  12 1566815904
8  29 1470323013
10  1 425034513
20  22 2091661306
13  30 1032145539
39  16 2028506986
21  5 712291590
36  34 1700835864
29  27 1926538432
3  4 1409969328
2  3 212924516
26  10 1003436097
35  24 100433756
37  38 202494480
4  5 1104566871
23  30 138923358
11  38 1934555052
17  9 1795154613
18  37 1559724436
37  21 1659331861
4  33 679188985
0  5 182813469
13  30 1141293591
1  10 304134135
33  12 292074075
17  23 1665643850
34  37 1099112942
5  10 943021074
28  11 1100524740
13  11 1200982998
18  29 2009851030
3  33 725369400
10  9 782358446
7  32 1576826628
18  36 1046918436
25  19 1448676688
24  11 489523781
34  1 24129783
20  16 804928609
14  38 771123624
25  39 1539316710
15  22 1294287906
6  0 341879388
12  9 1768112888
15  7 424067714
22  4 1186312402
29  21 1936383357
12  25 813968674
5  28 9591726
36  21 977633525
35  4 7231794
7  27 1493103928
10  37 1731300340
0  23 1691786892
29  31 653997728
20  27 1823979352
7  9 1192849745
37  20 321839185
5  14 1263066591
28  24 956126558
37  36 354178692
3  37 1142025503
29  19 1114551971
31  2 1965938616
8  37 913563431
20  26 450644952
29  39 1280598378
36  39 1747545340
25  12 1168602280
7  23 614974335
3  7 1932841713
10  36 1323476262
37  20 307285951
12  4 1014392131
5  39 796657899
28  34 1708430011
15  36 818997766
6  20 424922595
0  32 1265758985
24  38 2126315597
15  23 2000967904
18  37 1911510768
12  16 1743798495
29  33 2036342845
21  14 943729018
10  35 274352358
38  18 2066030806
5  39 1639388834
16  3 667201589
20  4 1103493660
28  14 126302970
12  25 925747824
11  2 175257432
16  36 137747789
4  10 794462256
30  23 1651100053
14  30 520426198
4  28 1843577116
2  26 1890149453
24  35 1571667761
35  32 1138222457
6  24 920231922
26  24 2038321961
17  34 2030279597
33  10 595443051
8  31 1766743136
12  13 815836520
26  19 668202937
32  2 49820895
26  35 1841333949
13  11 1958713562
3  14 250376363
3  21 1626421597
35  33 472202884
12  27 1750272323
26  39 866297026
33  36 1228563897
8  27 53829691
28  1 1650274597
3  34 963717273
11  31 1814898285
37  25 94405774
8  12 1300298651
14  11 1933973883
21  1 69430068
27  30 1403285361
24  21 104882220
12  27 1291442288
13  18 1856186922
35  2 370403753
33  21 1615831778
39  6 1923179416
36  19 378353187
24  13 1556864598
26  27 801698156
26  30 44429616
37  14 642169400
0  18 270968094
19  15 1317141246
1  17 1413366576
12  25 1095876604
32  38 145885301
26  18 870650814
11  3 1651196613
2  30 1612546918
1  20 345897174
29  11 510504173
27  21 858867654
11  19 1150098747
30  4 1444558665
6  18 1354270264
0  37 2133032672
7  37 203475433
7  20 1195261892
18  33 1032914569
39  20 1321877409
11  3 487610168
13  30 3203907
38  3 1612489374
28  6 412235055
28  17 625822660
6  16 1316624301
11  23 1075957864
22  17 535403658
39  1 1284718084
12  11 131480361
13  39 869104816
1  24 20496672
29  39 283170622
24  15 364691215
37  12 422095021
19  13 1645411765
2  17 1170224470
32  4 630829480
30  3 1005471643
2  3 779234949
30  20 1391027098
16  38 1587270446
13  16 1819389202
26  39 1177486454
27  26 456108848
38  25 702525035
18  11 990795553
3  17 1181737776
0  26 939901220
26  3 1301260034
30  18 1352512494
32  36 1025394629
28  38 94213736
36  7 1699817723
36  26 608965852
37  8 1377043029
39  9 707690091
33  27 1607590237
34  11 265180634
15  34 2071945590
6  10 459328448
0  21 151879726
26  21 584969361
1  38 1976522584
25  28 1155522795
27  9 72762527
33  27 53742082
23  31 63385388
19  22 193677153
34  13 1743733117
39  3 581370244
30  39 854314108
2  38 953205048
28  5 1039135463
18  25 383082878
28  16 124686719
1  17 1848690661
17  4 1094663407
28  2 1139674711
31  7 1419679057
12  28 1061388051
6  2 48286561
33  34 954422508
37  31 1095143302
13  37 1374125870
21  2 715718255
27  13 554842663
20  5 1284643325
19  2 2070484143
14  19 385142693
32  36 1855321220
28  11 83581719
14  18 1459535149
22  15 1397058958
23  11 203474491
13  4 117766885
0  27 1689250642
21  25 1788994442
35  1 1248550162
37  5 1413398800
7  29 1751971214
0  1 1853889674
1  25 1461948423
6  33 1490660702
16  39 143655440
28  34 1335316897
10  30 1502068364
23  20 2147415133
21  36 1332151450
31  8 552721145
38  7 1986803810
17  26 163263568
16  22 1289250935
22  23 883009914
15  19 229512025
24  12 1488170556
9  25 544112079
2  10 651066333
21  39 1033874602
23  0 1591594457
11  13 442318858
26  3 702764366
10  23 582248763
37  7 140162167
1  29 396827143
37  25 1491387254
23  12 800464572
16  9 1363736430
37  0 1762244068
24  9 493513741
3  20 1236802679
20  31 1396403355
4  1 1849034426
17  21 442955557
24  0 1719605671
18  35 1509671492
28  6 1462713469
0  36 1226772360
17  35 132823726
6  4 2141062341
22  21 798424236
2  24 956180281
16  37 61431859
23  20 762591701
26  32 1509745347
5  18 938745516
26  21 1864779182
0  36 1538765313
8  28 969771907
6  9 171064800
1  39 1665325728
11  14 1416027340
15  7 675602759
28  4 467455223
26  32 613848817
21  30 288145219
28  39 1141560779
22  4 1077109381
32  7 1198442642
33  25 1801804969
27  2 1509679738
32  23 1814081198
25  21 987849659
21  3 649255563
20  7 87514195
0  23 1480182207
4  29 1117022641
17  34 64952191
14  22 1775473740
5  17 432654784
23  39 668410581
23  0 1561541664
24  39 521434590
38  23 1589038699
32  5 1783123195
4  25 479267367
27  21 2117641376
12  23 2074195189
1  10 1410043069
5  9 1061386366
8  33 78286581
1  24 5206747
5  19 729448766
34  5 581737681
37  3 1788524129
34  23 319854304
26  14 1722008450
7  25 44432048
29  36 157623192
10  0 531147688
26  27 319497661
32  10 1393567707
4  12 1525788559
20  11 708104626
8  16 33102118
11  24 1423027982
10  14 376061427
16  13 1362144046
6  10 218267635
5  12 1260634553
13  3 672451564
19  5 1341466277
39  12 905026962
24  3 992153135
22  15 1322398617
6  15 714918336
27  33 2071670988
12  14 1372864162
17  7 1066042311
32  4 1138359298
29  18 1359616609
8  2 70597915
27  5 159057254
39  9 251302585
14  7 81127291
10  34 709623034
4  17 1467536151
23  15 460292256
5  8 618463512
24  33 1535102678
9  4 429549122
8  11 1697356337
31  1 1798052910
29  17 2113336015
39  26 396535420
14  13 198024013
19  9 463934800
33  13 1717209790
5  7 578710701
21  33 1092267920
7  31 1980632860
6  14 930642330
20  10 550174777
19  4 35608652
13  14 2046589405
7  8 1153551560
34  36 1521849503
35  32 801098929
3  7 2141422796
15  24 825485488
4  14 1347935596
29  10 748671016
19  13 1449447600
32  6 399007153
15  13 1465243682
38  33 1654533799
10  13 762912984
33  2 136700438
34  4 1493998918
28  16 409103684
13  9 1392009552
34  6 96150462
37  27 482053158
33  20 1120105122
37  22 2081449414
10  38 758542650
18  39 43954442
16  34 573577642
14  24 1870151579
28  7 1192214317
7  19 279187257
16  37 1282437445
9  8 345343224
29  24 1959588179
23  35 272495865
34  1 1938301844
21  9 1016738242
35  4 832551198
30  19 253290745
26  6 614903933
33  9 991796598
36  20 1888276647
23  14 969796289
17  26 2061554883
19  15 810327402
10  35 1555582510
10  11 560590890
33  35 997152330
36  5 2001318445
1  30 829741894
10  21 116653286
3  36 912299285
1  6 2081754986
32  4 1443419218
9  25 1317370047
32  4 149326683
35  16 1105468200
6  37 874312234
6  39 576982098
7  11 1538398909
29  2 629926317
2  32 19187984
8  21 1122202354
31  5 1821986082
29  37 323745185
7  39 1074564712
34  17 574088325
33  11 1537648068
8  36 1216861880
25  5 1923984755
6  20 848945924
35  29 1707823846
34  11 774556966
38  5 1089914927
15  5 1796130278
0  21 737679500
4  35 856164784
37  28 489442257
38  27 863685951
24  25 1828538365
14  10 638256559
7  38 1762036492
2  15 1281943142
7  28 1260003504
23  38 1074688377
12  16 547433335
32  0 1992477115
3  32 285318989
24  13 1732833042
14  37 1732877326
6  8 1726848502
12  13 374548785
39  34 57511537
22  10 1680292797
29  35 803607228
12  36 1363650515
6  17 1300970762
24  17 1901793978
12  36 1852532824
18  24 515962614
15  18 1368612127
7  10 1132032627
32  38 2121958533
30  16 1166417405
4  28 582171015
15  3 546345033
22  5 1240265530
2  19 1698576800
15  20 187149013
18  31 1308947272
27  12 261348418
7  30 1580230223
14  27 620714738
29  4 1773464398
29  19 2143088931
22  3 438284679
33  26 2110397191
9  29 1010633614
37  30 1706531296
21  23 918827598
21  39 832380979
8  21 449394455
23  26 2077829009
4  9 652858919
37  9 1176125026
5  8 1206084076
9  18 1965659644
29  38 1273420644
10  23 1950775084
25  33 1382876855
9  35 1868031931
17  25 627752983
22  5 2025406067
39  15 1666151848
9  15 1036008016
35  0 509452951
37  21 1911737745
9  36 1864418376
21  5 731996929
26  16 692572999
7  34 1890255961
10  18 312788097
3  11 1520983362
5  1 315866474
27  14 398186741
14  6 1691253564
12  1 1008396942
12  30 1674265914
20  35 1716511063
39  21 344859876
39  36 1801820429
13  9 177602349
11  2 500237837
37  16 38810033
28  33 1661778622
39  34 124566857
36  18 1732845394
35  4 62876985
11  4 949587597
16  18 1729395483
36  4 1421759485
25  23 2011069002
36  20 1419961828
21  29 335696889
28  7 15797870
1  27 1934020508
13  25 425921162
12  0 466612627
2  31 577539630
28  8 1220062929
4  1 2022166086
5  22 1615063991
0  20 1718614955
9  37 879401979
11  27 1589480853
31  18 1063677524
15  37 573930629
36  14 2102922003
24  23 474019280
26  39 1816707549
12  11 570271486
20  38 1391251809
12  21 1342206610
3  15 2031937587
14  26 249812344
17  14 170256335
14  13 1167993079
1  30 1151500124
32  14 1162262759
29  23 909756667
25  18 356160076
21  19 291637540
3  36 1720462608
18  26 365451786
10  23 1042401296
32  37 1392726358
27  21 125307133
37  35 771839370
14  11 343652087
16  3 936576679
3  30 1882693611
4  19 1469515526
27  2 1284914537
36  2 662164736
33  37 1433995442
19  6 1525900155
22  28 737543657
20  8 121746895
35  34 1803229376
24  2 1855067105
33  16 1584548668
19  32 1280214308
23  32 1138641045
20  17 1032581154
21  34 845938069
13  20 1298230889
4  13 1557702322
37  19 1599288493
35  26 467342514
2  20 784921680
35  17 1076769864
13  35 893113160
34  26 2066640474
14  27 741111303
38  24 662422333
32  6 1796376530
37  25 1483979330
1  2 692086148
3  18 1150592519
23  17 324210527
22  7 177828064
10  36 1971257620
13  4 1210838173
19  29 1878897803
2  18 1166640465
16  5 2040785355
27  37 591285126
5  39 1741611303
33  22 574048215
16  9 527033759
9  20 1236816746
22  15 964950910
33  4 1602805832
6  32 1582091877
0  5 2034726016
32  11 414229608
4  9 1996164608
38  11 1756279138
16  21 2040238017
38  12 1142445462
33  3 1798997921
2  26 796687756
6  2 1349745359
39  28 2034040988
33  18 2083309886
13  35 1901532542
8  22 103881597
30  2 1215982031
15  2 872072032
5  25 277647767
27  35 883494257
19  13 447452490
33  35 1950996346
24  16 107187455
28  24 1575695543
14  27 491152934
37  25 587345050
6  2 1893883373
36  14 938207315
26  3 1184192664
27  34 1915483594
27  0 139329866
36  32 1828571563
36  0 20266991
37  18 585541728
8  17 1120105993
22  4 1593947334
36  25 25894820
22  24 1371910076
33  12 1528223642
32  24 1438926087
25  31 161950877
28  17 976146989
22  14 10587766
17  29 1305699207
16  36 734728300
6  36 524862949
39  16 1060866519
27  34 1041293082
29  7 378625632
6  10 1477010311
6  26 878239558
1  8 1944586123
21  7 1693220286
17  37 1213836620
7  15 1349530273
1  32 1417554526
23  12 985579981
7  16 503531082
27  24 414514432
14  1 1421011366
36  17 1084426178
24  31 2038694858
30  9 183619650
10  19 890457897
32  25 650080780
17  15 1578463604
3  30 885117204
30  32 1873575260
32  11 1203373336
27  35 1810995740
3  37 1355401069
37  16 1642851716
34  8 697217896
29  19 1513573437
22  25 1572368146
32  23 1867062004
28  35 325852765
5  9 1944184764
29  32 415611057
9  33 1642738204
29  7 624118789
11  34 908458675
10  7 1003242549
26  1 631574747
8  7 2094879856
32  22 535193542
6  0 826724800
37  20 1650581468
17  26 654853818
34  9 447541885
23  28 1638193676
0  15 1007267757
5  38 854162879
29  30 1490518452
38  5 1053319547
37  20 832063754
38  11 728953713
27  17 526484846
26  15 1766853325
0  23 1210318175
30  26 297382102
2  12 927911720
23  24 1953210792
5  8 146669261
23  12 1817600003
8  21 2031121486
14  8 344806318
25  23 474892650
8  26 509777502
28  20 2088964469
33  15 679029872
17  34 305912123
21  37 1008376733
34  0 425350406
20  24 1879857413
6  4 1917701041
25  36 1768975257
34  0 614171312
38  28 1758472230
7  16 534212550
34  39 1047174334
30  28 1200874116
35  13 1370684096
19  17 1194765098
22  31 1431026770
9  3 1090007675
34  32 2023018012
14  39 784707991
1  0 1626828409
22  4 893114536
7  12 285585198
38  26 1886499480
25  3 1214796783
11  31 890054101
39  31 1235229593
5  28 1985345686
29  0 214327940
36  0 1265615698
32  30 1205732811
12  17 1927648515
24  18 966727688
33  31 1114224826
13  32 654403996
34  28 1140534831
19  29 891285892
16  32 1002231522
6  31 284845922
30  36 1202244281
3  4 741195768
12  39 895854377
28  10 1277313513
20  31 1778111509
8  15 168493232
29  14 766045165
1  36 1123099055
17  33 566820809
13  15 1087340595
37  1 1607454664
27  15 1358449676
2  10 537613852
6  37 1957485855
