800 40 28 17
17  31 1024717655
21  22 1398890383
28  15 1243250600
39  22 1710260760
3  0 946033014
7  5 2131714653
2  25 1098871028
0  2 179806361
3  36 1523087267
15  23 840886046
22  4 197705518
33  10 118611944
5  29 1481425277
9  36 1918937168
2  13 672042898
37  4 317905873
12  11 1587644219
35  2 1911645406
17  30 1407564277
34  19 1056532016
2  12 1623293530
18  14 1798689300
13  35 268691867
27  11 1621199615
31  1 1137386600
26  2 440109493
27  9 1198433917
12  28 1744192331
23  16 1481100146
24  10 1427407741
14  9 1229663575
6  14 1960334305
23  1 975180038
23  28 1643633498
25  2 854821214
39  15 1401307603
24  23 391797831
20  39 744812716
5  34 30317369
25  32 652271142
1  3 844697215
14  5 1656653836
24  23 2144774651
14  22 476300724
28  30 2041685173
38  16 1907552025
26  21 1053433404
1  24 700734165
19  17 1539835937
29  22 540556831
23  4 852641965
27  3 600263974
18  2 1386324414
28  4 467016095
20  38 567000352
31  13 592202148
33  9 960376298
31  18 1944232041
10  5 1710962583
35  14 1190601045
19  31 1600399596
22  29 1435254008
15  29 357657625
26  31 1947300097
16  18 1031981599
8  25 2055170017
0  6 1286034725
38  32 1688671149
36  10 1957195313
10  2 1426275237
38  20 1928324187
38  1 260136882
12  32 1467197344
31  24 512331151
12  33 99714575
3  26 1378894010
37  0 274374737
32  39 844541954
30  14 103382929
32  34 1940039443
12  29 950680054
16  8 166531207
33  20 188494358
11  21 635883853
11  1 92542176
36  35 1509061600
20  10 453929989
35  15 353814096
1  6 2036337237
7  11 102595608
10  26 1417429845
18  38 858224254
39  27 106739002
39  1 1341660686
34  16 276691356
9  8 557721070
21  7 525563217
35  17 1548637814
29  39 491601626
12  30 509456319
36  12 1488380935
32  13 1981910999
38  30 524976096
21  31 944277292
37  26 1728023391
39  16 1185468456
9  34 1603359451
11  28 1603812860
32  29 1204138057
30  16 530430456
23  14 880209416
37  39 338842235
6  28 20881503
31  9 113759309
13  26 1777189185
34  10 895252186
11  2 2047391008
4  36 744608116
33  12 1773310082
27  33 1885590067
21  25 2009973031
39  2 1437894205
11  0 332911227
39  27 896017587
19  24 1752341599
20  14 1420402661
21  19 1730978024
10  38 1906087744
15  19 1641042558
3  20 1629092749
32  11 918543734
25  17 1613384261
35  30 2059768828
39  23 501813627
37  39 36141319
6  32 540193428
24  1 1208724623
39  13 319384479
34  17 825172723
30  13 1625038827
21  22 1053642602
17  31 226835221
6  34 2006499954
39  11 465538105
18  14 1678264826
27  30 1792827549
0  10 1360888226
4  1 2108015853
22  1 313501609
24  35 1366048750
5  13 1605213416
27  26 1094417401
4  35 336426707
23  28 1774781605
18  24 974185773
8  30 550833440
13  12 221534352
25  16 915647774
15  8 988602159
35  9 306009625
39  2 260563150
25  35 1328485356
21  36 2044099315
5  10 720214025
38  10 1014596628
21  22 413157913
23  20 602112511
21  19 119008393
4  25 2055911424
11  23 1468325679
31  38 12311901
20  36 167710967
2  31 706967887
27  3 1489571890
31  8 1241658706
16  14 844765012
11  24 131876856
33  26 494724575
20  19 616794710
27  14 1702629656
33  37 1360449713
21  26 330079594
16  29 929621545
13  14 494649959
35  39 688053960
8  25 1509009603
8  19 1726121164
17  24 190401500
10  24 1067496896
12  34 1874070888
28  4 328091050
3  29 719891856
27  19 974749699
0  19 1339890217
6  37 1130307041
33  24 947364445
11  17 315213018
22  18 539617159
11  10 1214816957
8  9 1691670231
9  38 1549662880
4  27 67735678
36  14 157625786
25  22 1644390862
23  28 1552300417
3  1 1737364979
13  28 1148998065
33  30 1384772201
16  15 182815624
1  13 919537561
29  31 1975251533
17  11 1247042718
6  10 1759443016
11  16 242169145
38  31 198241145
24  10 1520982276
17  14 690613340
3  23 497439169
36  16 1207943288
34  24 1591087886
9  2 326272239
13  10 1251659481
6  0 825107380
23  21 1109046209
13  8 1779081426
4  37 2038346817
6  36 1394081687
5  30 647522859
3  30 1541879748
39  1 382984794
0  17 117024767
37  14 257579280
2  36 582477585
6  11 701063517
16  6 1793891938
22  23 61294493
7  27 341564184
32  1 593003784
16  34 927005105
15  17 1247676363
30  34 1945812949
34  31 120512239
29  30 1505667467
8  15 1250919182
21  27 1993599162
13  29 1035933281
28  27 128561944
4  17 1129607236
0  34 1460652191
30  33 610710922
12  10 1181727977
7  9 1286155065
9  8 463259507
30  8 2115681598
37  8 498708965
1  0 897709180
1  26 495441132
7  29 1518788081
26  2 155403286
11  20 2062341789
38  34 1288175697
29  22 600721989
3  7 79977975
31  23 1285328156
30  20 2118234303
10  32 1732002774
10  18 1124428372
22  11 1153178869
1  18 1717449815
0  9 352348010
25  21 70246834
1  24 479013855
21  35 629322876
21  22 709845934
16  25 25494059
33  37 684250063
18  0 1691485326
37  4 1667330281
34  1 1036932039
15  3 991991611
12  14 1972588936
39  8 936226880
22  17 731138396
22  27 1301905692
1  27 793946613
25  38 234106391
7  26 1833646285
19  26 1329796262
27  10 1327118692
8  21 1317017969
34  37 1962815731
9  14 2037976072
28  30 1698232772
33  2 2038099483
4  31 1211708193
34  9 508898513
12  36 725378769
35  26 1226349861
17  16 576212043
25  31 822971052
25  3 1595451135
21  12 661384685
13  34 1981205012
17  8 1883569771
10  39 844704221
30  5 303608736
6  19 1610950482
26  38 1413886656
5  33 1226209354
17  24 1768485168
24  21 446421539
12  10 1915946489
3  4 1090798823
34  14 964056420
17  32 455699157
37  26 1681813207
11  8 808081235
6  29 1058638038
0  25 1974728226
29  35 308504165
25  28 1125324226
17  30 590241686
7  17 1539388192
26  17 73243312
26  0 487426157
10  37 766465112
10  39 1753687472
17  10 253530374
21  36 1800024747
15  16 1301447032
2  6 1121340812
30  33 1215147136
31  39 1971965031
14  19 958125751
24  35 316196065
14  0 1641603602
23  39 32446191
39  7 852281334
8  4 1223980498
26  10 284880981
33  39 1737899679
30  17 590888508
1  33 2047115447
31  32 1778109580
16  32 758411569
21  30 1968346435
5  19 122819658
18  31 299967168
32  22 1393873513
12  18 2034640878
3  28 274113384
5  28 218966606
6  24 486335401
3  17 498521196
25  36 704482719
19  26 2021782173
23  1 2073747631
29  25 1000048619
22  33 1478132707
17  38 1065492617
10  31 1057603488
16  30 1560336769
24  21 2070447314
28  7 1306667132
38  12 1038389064
32  6 1892580054
12  6 1427733202
19  34 1691170100
15  30 2085719468
16  19 2146653764
4  12 1448752754
28  31 695617072
34  29 602718841
12  9 1101581347
24  29 1215143206
13  3 1911185166
6  3 817220984
14  30 36410818
8  38 968564528
1  33 1172716448
29  1 531647337
15  8 2053517097
23  15 1719261402
37  14 1443044258
25  39 1518873371
39  25 1842643474
21  33 1258847835
35  32 136415715
7  25 1724720066
23  39 1405776985
7  8 1518946919
9  11 1519503770
33  8 767861436
32  24 2039758256
26  30 1392342470
35  37 684859134
9  6 1903267399
36  0 1789339868
16  23 1158739791
31  14 1607337211
27  29 428105167
37  6 1308196284
8  38 732317261
17  38 652826896
25  2 1342586185
21  28 35782936
23  3 1941384046
23  26 1056284694
21  26 1088249553
7  16 259007823
9  13 942193726
21  23 1665394074
30  39 1324868860
20  36 901408159
24  6 1712282067
30  29 271145980
21  0 120693521
26  37 1363147367
17  11 1718704619
38  16 805596584
32  14 809762973
3  19 1651574777
0  25 767882098
30  29 1904798
22  1 1376741609
21  0 804975275
39  12 1066882081
20  1 614994816
35  28 1128064979
11  39 1549985772
34  2 538615176
27  7 1822549593
33  20 162150433
33  2 1848677540
24  7 1192454203
10  29 1934313104
22  4 731905425
21  25 761415669
1  8 1909484725
32  0 1102574269
23  30 452221345
25  9 735686855
0  39 698990990
7  24 154486682
2  26 2055885674
11  20 446862172
9  12 1633126777
32  33 1857279448
35  28 840925592
25  5 46431252
3  12 897387009
27  2 58638545
2  38 1298537515
12  35 2137244342
36  33 1772273334
21  32 787862945
38  17 1199736599
22  17 748723097
18  19 1265285156
8  37 1501196617
13  17 1345968872
10  30 1646727755
15  33 324170873
34  20 2109459990
35  8 240307259
6  39 242439848
18  20 1921506773
39  1 1554643893
26  20 1534123853
37  19 1938675347
30  19 1005275221
18  14 843933336
2  11 561458860
9  22 1079149473
27  11 1006877538
22  6 152389778
27  11 1959509588
25  26 2108663118
27  12 1346124507
34  11 1081249809
15  39 585277856
18  37 982839447
12  19 1755368400
38  37 1658743725
29  35 823882299
6  33 1175245980
36  6 1455939570
28  23 1294757340
34  17 22959593
18  22 1033013119
38  20 1040869102
10  34 842452745
19  12 1845432229
39  23 158546655
27  29 1749093214
38  25 1036120369
2  21 1704328008
11  32 180865258
37  39 1013463401
2  29 180094988
4  22 1379307376
36  26 685430673
3  16 2115423940
10  34 510755023
34  16 400178438
0  31 1187255923
32  7 30355019
8  9 1300481406
8  35 548213996
6  18 2039683620
18  13 984874478
13  15 543185818
33  6 476384235
30  16 295031356
13  5 429202280
38  13 1928705868
13  36 2130144254
15  16 1464438659
25  6 1339175800
0  18 435008826
34  21 1491447950
11  21 1825557589
9  34 1040896558
1  25 1717631644
29  34 1595042976
37  11 2055924267
19  9 1486426184
27  21 1587369157
25  12 749009146
33  30 1421894322
21  37 747337226
23  13 883227252
23  18 794669511
14  13 1817133955
29  23 822090756
26  37 50805184
20  7 1611332143
20  36 4214698
4  39 748443741
15  19 377227539
34  15 1434212823
9  24 1518978390
20  14 2128980409
29  18 1219815250
18  15 1455710867
33  21 1758314501
19  5 466241447
4  33 551004712
31  8 1893699911
10  23 1679290768
3  30 51200143
35  16 853226866
33  23 788870777
24  16 1022467994
11  15 1407135406
31  9 1851427406
38  3 1205040576
39  11 1879344980
26  10 1028317775
18  20 432668395
21  26 1798276140
3  6 972554242
10  32 1442387833
22  34 767826407
16  26 1987348737
28  4 1448715123
27  4 1687566314
17  20 1658163488
17  20 1591358193
27  13 1805697420
21  31 159539186
5  39 449473978
7  8 1221146264
33  5 1843541952
3  21 285951684
10  4 793072311
14  37 995584243
32  23 1361165361
36  25 1602166511
38  2 2028326934
23  17 1293002062
0  39 1053176114
37  21 2103296700
26  11 1966416285
15  3 132105087
29  39 465344696
21  3 208155395
27  6 796242437
12  17 426763791
2  30 1605376855
6  10 811189922
21  36 1262199229
34  3 1173913251
18  11 545930654
13  35 699163004
22  7 182670491
20  21 435501372
28  34 1058277495
26  6 1532761187
27  16 1563684237
17  39 1150682513
12  20 897923486
5  20 763671541
10  5 1297705502
11  20 581201315
30  34 1159972817
23  25 892639741
3  34 1557163619
26  20 277079170
30  32 1575263521
16  15 443640134
36  2 64181078
30  27 2015873365
29  7 1287840407
21  25 527826896
38  28 1504990963
21  17 747298863
5  3 874069418
39  33 370480881
6  32 1529474159
33  25 606132014
37  0 1816569923
38  18 937296608
21  10 1298699486
11  9 1558969005
8  25 993715349
32  35 1216967402
0  19 1681863027
24  16 159847854
28  5 1922318557
14  6 816055928
23  31 909409061
38  28 674129835
35  21 92603518
34  31 664130056
35  26 519322485
11  31 240195015
34  23 2077012179
20  35 1299968911
11  10 1608526128
14  20 2060362378
15  37 737597100
36  31 1461781810
0  8 1796268210
36  19 1973904510
10  18 1020170352
22  35 2021626870
5  19 1616141434
21  26 1875649196
20  10 1304047209
25  11 1866683427
9  24 35993137
10  27 1810985118
18  11 1284410115
26  8 1952466822
2  27 1415743655
6  13 476297192
17  32 1392673005
28  24 1847795995
38  9 1723676845
26  35 1105447014
35  29 1323134035
10  27 2000979817
31  26 1825671575
36  18 236940235
4  12 1697311331
22  13 1781871814
22  0 304281018
29  9 1291458067
30  27 429286235
3  16 3751183
10  37 785717071
11  6 1794365689
31  12 1170883174
4  29 1616302987
35  32 1363954419
31  20 140117255
9  19 400461474
2  22 351406838
6  31 1205616423
4  34 1526248407
37  15 1816319331
23  26 1338310458
17  23 777788301
6  19 1266614586
29  16 1898297395
29  14 251100379
11  30 1924462079
36  33 413697171
25  24 157006415
4  22 53011543
36  12 1172715537
4  6 1457969296
0  27 1949895682
0  39 912945756
12  5 1375299882
20  15 2020460246
29  16 688400130
26  5 934798841
0  37 803580686
2  22 28095243
19  37 1243285100
12  39 666186253
14  24 621108746
38  12 1461243204
38  29 774940913
17  18 24984149
1  29 106589083
21  35 679955740
19  18 541466078
4  0 2062520221
30  33 1754150740
25  28 1356479589
28  24 1658391765
16  2 580701576
32  18 1539936956
12  15 1343852156
6  37 412743566
4  32 441258955
18  35 2059378069
27  26 1830133354
33  29 176381037
5  19 1716594660
13  10 941086314
34  2 1990402162
3  35 550491975
13  3 1702305269
25  7 1108798144
15  36 322860960
26  20 1611034893
39  12 1163719866
8  5 616268450
28  16 1869727523
9  0 1424317902
31  18 1397967666
6  36 886298374
36  11 488913506
21  26 1542362936
1  36 1701719526
3  24 496148645
20  30 227985806
11  30 1437759273
29  8 1027157878
15  12 823512121
6  29 1025672564
35  27 2015353224
26  4 42129313
19  26 693146836
32  12 1757135030
21  23 1804944755
1  25 1528265097
20  3 870091283
20  17 225880135
17  0 1029287755
27  37 950274535
9  25 476891047
28  23 1165536812
6  9 1617943995
4  11 182518528
28  9 741425592
38  35 633206834
4  27 1682606685
35  39 1255320941
38  35 1586309766
15  1 170030865
0  10 329908472
39  30 606151814
26  6 10471035
34  32 1062092764
14  2 623828736
35  24 1985218035
15  13 377094469
16  24 2034509533
36  21 1374454514
35  37 525131418
2  14 1446270637
36  27 898708004
28  3 338409115
8  20 107357578
23  27 958115888
12  25 2136701054
0  39 428319442
25  27 1718119330
14  29 1618223921
28  22 1578517107
31  4 794281610
38  14 435016569
20  14 392828872
7  20 1172213557
37  8 1174325910
37  31 1933173087
18  33 461015473
32  7 783931443
30  38 202738261
30  3 146908215
13  16 1402648586
28  32 245545198
3  8 960786253
0  16 1920614622
29  35 531144151
