800 40 29 26
16  1 379181015
27  36 816961944
13  0 930520422
26  37 113892720
0  35 1719343415
21  24 969153844
19  36 1616290086
1  0 2133689040
20  23 925813537
34  37 175913828
18  16 184145227
18  0 1351070405
28  37 73547286
14  7 1208342167
17  10 1232513868
38  7 1023440546
25  13 345745628
15  8 1927502487
24  32 1907566248
17  6 63205484
8  16 588281148
4  9 251331735
13  11 837135641
3  8 1229007672
7  37 1228642748
34  36 43280045
31  29 1454878043
8  20 1723894234
25  11 309192877
7  0 954484771
26  33 1047875091
21  13 568982306
27  1 1092708441
20  28 1383616601
30  32 619407328
39  34 604706442
16  28 538218039
11  22 1007863169
34  2 1290174534
14  36 1611072153
23  15 975996926
0  18 2099148187
14  10 315049358
30  31 1091486151
3  0 1348841974
36  18 1497485710
23  6 1792506320
9  31 959133702
27  25 1456769497
31  19 316680212
17  0 1471660057
4  20 1371504941
39  23 1293466708
17  27 992392054
30  18 50652739
11  6 1342779496
0  34 1660817626
27  9 831189233
9  6 1386998975
19  22 1124768474
13  34 883776035
36  26 1027872547
4  37 67628051
38  0 448462413
14  26 1948621488
12  20 1174424915
6  5 1588137345
13  18 838368424
36  10 2102671578
8  19 1363748069
24  6 1535042158
23  39 1092366857
13  31 1197026402
4  23 254198834
20  37 1200273818
9  23 1973471081
18  11 1676203903
6  39 1012102542
19  21 229964876
18  28 245163056
30  27 1727289254
4  19 1789302591
39  4 477699351
33  11 1930664790
23  38 762461496
27  4 777817361
24  20 2067974842
17  33 506863451
35  37 139823024
28  25 1670580443
22  15 104053375
6  16 2023726668
4  20 834311896
24  4 1938678102
28  4 1914875543
11  39 157360875
30  15 1585281220
36  24 139703871
27  25 1340283715
39  38 1453513414
12  6 1755085866
11  38 1362029894
2  32 395353480
12  8 528222411
31  38 1714718024
17  22 308301166
31  38 1059631679
5  35 1578454068
29  15 966297130
39  32 1469178798
9  29 677861417
7  13 407696691
35  34 251773957
14  13 681519963
22  20 835751071
30  15 14142601
20  27 391129064
30  11 2034796088
21  16 1524967303
21  12 1700704444
14  35 1882589384
26  3 1135572990
23  37 302046261
33  27 1913257449
23  1 404586526
11  4 1264733278
37  38 905713398
24  28 1163374117
35  5 684389907
0  29 548980014
28  23 484059523
16  6 1134011998
39  24 505905069
32  16 2068719871
23  39 1272063262
5  4 1552590122
1  37 1814303771
7  30 1447986928
6  17 1339883957
1  29 1284910196
7  13 41501414
6  36 554198451
2  13 1669037462
36  34 1632727078
4  37 1012194167
19  32 1713505346
20  33 1962376454
37  32 979851160
28  30 355674373
2  6 1687401439
20  38 1320530290
30  2 850639639
1  19 1082031827
17  26 1087860811
13  3 1479320277
10  31 1536515669
18  26 1495351989
32  31 275878730
34  1 101510754
18  27 615587023
24  9 1835734106
11  38 1102371420
3  1 640732453
31  8 2046938936
35  0 1372719179
37  9 1932846512
30  39 236367514
30  31 1128295551
17  9 385676869
35  6 1440145959
8  13 1786551030
9  15 560933244
21  2 37140975
4  11 1697768628
34  0 244749243
31  33 1818839308
33  16 569167627
38  30 1664361207
3  4 1529842714
15  38 377656707
8  13 562169210
38  29 2055611575
3  4 2118046919
8  23 1887977736
5  25 503126845
36  6 1159490601
29  3 744802643
22  37 1389548327
24  3 1763029499
9  36 154199951
23  33 1917426336
24  19 78258396
8  2 1420219777
15  13 1532329242
34  21 1945082118
15  6 1836550569
27  30 197146017
9  12 598274268
12  15 213004900
2  10 2005812236
28  33 1188550781
12  28 1602468039
35  39 617553977
6  17 1626248624
11  10 480057573
2  23 337561580
20  8 126741382
10  7 1905728809
1  2 898192589
26  24 51710175
22  36 219462699
18  30 1224307145
9  30 1423081804
19  18 122507084
22  14 1341021158
30  16 1314343575
33  15 782685474
30  37 911851953
38  15 948722848
37  15 1940706015
34  33 2029170161
20  19 508111415
8  26 1734523564
12  18 535655395
34  21 1833226021
30  4 2015071910
4  37 289721968
6  19 1604251596
39  27 1456699714
29  19 1214131833
32  8 1307735885
21  31 955210146
31  9 98644253
2  17 157364330
31  22 1839856081
4  24 585200857
15  38 501229111
24  39 619599492
27  30 1953816096
5  0 888266693
0  36 1584063604
32  33 876620397
39  12 102486184
0  34 1120467880
39  12 64169486
13  33 1670437654
37  9 1281766089
9  34 1766642656
11  7 1915827645
25  16 433537410
12  36 1896574444
2  3 102202418
4  33 545566016
15  8 938423863
12  19 2081665354
37  26 1726601329
12  27 1125371676
3  28 123215104
3  25 1446522735
34  16 449104972
8  20 1955175272
32  3 239763401
18  39 424764399
29  27 1098405390
18  35 1651809146
30  28 1572637894
11  35 1312821234
12  30 576986868
3  19 1271913584
26  30 1266854090
28  8 763307208
16  9 1144424506
35  24 1817667192
8  4 1207238301
27  4 1597925007
10  26 640820891
24  27 1759757767
22  35 1123980503
37  26 1795476340
22  37 819684329
3  11 637562064
36  39 808796422
21  4 1948371691
25  12 1490170167
7  17 1710227891
6  13 2093008010
0  31 1722566905
29  0 1375648885
13  37 165758277
36  24 1780259546
38  24 461622125
23  15 912500949
15  26 741566477
36  22 610445298
2  38 153477311
39  28 477496666
27  9 870948895
28  14 108442243
21  8 1714485626
29  21 1642105219
6  10 658469235
4  39 1586858611
6  2 219109852
20  16 2072344352
33  38 757579809
14  4 616309774
8  17 2019163501
32  1 1586066557
31  8 683558529
27  39 1603664248
34  37 527906635
38  13 1131869188
21  33 380368835
24  5 1768769791
35  32 1322219290
5  17 1045793584
35  3 501226140
7  12 893778749
35  21 2104829580
31  1 1496903506
10  36 144672222
14  15 1299907083
30  1 1954381367
16  35 472317398
17  1 2044619143
18  1 894804146
8  26 236796771
32  22 1706271595
21  38 1680132202
11  17 610417981
1  32 958142670
7  14 1661441542
33  36 554486840
25  33 1002074836
30  36 730576858
2  22 378073488
4  27 1189115940
37  28 568323319
34  37 443250671
14  9 1036918272
17  25 1941442768
9  21 532777357
23  25 1828776642
19  13 583407637
18  1 1128120750
0  30 1938379961
17  11 1125413107
21  1 1068747778
28  2 1504660772
23  12 1969219738
19  9 1864051547
19  1 657572597
8  19 213689582
19  38 1344316003
32  24 756753969
29  7 2048044861
17  39 1087086501
20  5 159858839
21  31 873507846
1  13 650875924
26  3 652795314
2  15 968463912
18  23 2143344031
26  15 2055743909
35  8 739435187
29  26 186090755
28  38 965138653
16  34 1143899250
36  2 1813689446
3  14 1880043793
13  7 599187406
3  24 889123299
20  18 634581785
3  39 1672979701
17  34 1457767108
37  0 344954715
29  27 1783694884
34  31 1392640847
6  16 461946484
22  3 2028317475
28  15 2099320342
14  30 1608468873
6  17 528525962
35  15 1152108239
10  16 1400260139
4  14 1522168433
18  6 1075891187
25  0 1123749261
6  1 1037898015
5  34 1645468723
14  2 720960824
33  0 495688561
27  22 1873706492
22  28 1839605406
39  21 486242721
20  4 585705676
2  27 1356685625
4  33 98488028
38  12 339756814
13  32 1941464436
20  37 1411403465
34  35 1533216713
21  18 1132312800
25  29 142564733
15  3 647697519
11  5 763650420
7  24 1819387381
28  8 1095697403
4  22 1074400620
13  33 76555157
38  30 891655628
36  28 1400271127
8  4 360633203
20  31 280251202
35  39 1701015953
6  15 817638508
30  20 1080846550
19  11 987039897
1  31 989531898
22  13 1154493995
5  6 37313543
12  10 1449579840
39  30 143984395
18  36 1086105558
8  28 1176629501
30  34 1390788412
11  34 108308438
8  16 839846702
7  39 308287590
18  24 2098195626
16  13 1571031935
26  36 1869680349
32  29 634766039
34  26 539099754
1  17 701582828
32  20 598930597
32  34 2012673291
2  1 3070109
37  18 57588770
8  19 119441517
30  6 247598469
36  28 2010694696
27  36 296998252
13  23 1595266213
12  38 1243951799
16  11 1590698095
27  32 1325359112
2  24 1813435228
9  3 1732446154
26  37 1880206833
36  2 1876103077
1  28 1533437045
15  24 123346905
7  31 691855851
6  32 805722636
39  38 153342254
21  35 1132390303
6  3 1947204790
0  38 1812856334
20  7 154778065
28  38 1282284600
8  7 63815566
3  8 1288589690
1  2 1061593521
6  17 1310484087
32  19 1184181869
4  11 1448238135
18  15 193608496
23  18 915808063
13  35 640959193
20  15 1144383099
7  9 1402774268
5  29 176285594
14  13 1776419733
36  17 892040180
17  18 49446497
31  1 1236967168
0  11 1283595290
32  22 725488436
29  24 1310837235
15  31 1085944891
15  22 483201411
10  29 1949487592
14  27 1511960062
8  25 361361489
26  29 1886842375
34  6 773872566
4  25 1143034110
0  16 22658927
24  34 1377970954
35  15 923284230
11  27 660008010
37  35 555330258
21  6 1191671978
32  2 822567559
6  17 290368933
3  11 491973115
35  6 985443804
7  20 1245498392
30  16 1296174001
8  30 292921367
2  36 1804998809
23  5 354490528
33  22 994598784
31  14 1586042448
31  1 696859196
30  1 719181154
2  39 1871433694
19  31 2045288158
26  36 472791101
33  10 738146549
28  20 1102951232
21  37 503925324
25  13 123875741
37  34 1511722112
17  31 1416078790
21  3 1756747099
38  37 1472534214
2  8 153117304
26  8 1091574507
4  29 1480276253
26  19 1221264086
36  26 113320738
19  20 533983157
36  9 1914168430
19  37 2112822645
30  19 2063207839
5  1 1934617249
6  3 461298224
18  35 630500108
3  28 1886255457
37  5 2083821816
28  31 2224395
20  32 1258256420
8  33 1562981215
10  8 650297572
29  17 482074662
30  33 626010817
24  11 2094804029
11  3 1087076976
11  10 675115788
23  16 1650395129
6  0 341403513
27  8 1091527700
12  4 1121928727
1  24 702496029
1  19 865195247
16  26 1229391247
24  31 626886374
32  8 607493660
33  6 1770344306
39  16 1893342977
4  39 2083281896
13  33 1140016011
18  7 1903848390
33  39 1124247974
30  3 1278227778
36  32 545069744
19  39 494492368
28  18 2057062093
39  17 1494826929
7  6 521755821
37  10 2124425313
0  33 1974234754
12  31 2122265107
32  9 1040732564
21  30 949485427
8  38 432751568
24  29 779383158
37  16 1352773032
22  19 632498711
8  23 105435013
37  14 869847406
11  20 1661338717
32  25 692446139
13  6 77280830
11  26 997523345
16  15 974299678
27  2 823038094
38  22 982497299
20  10 937130575
36  1 2113635141
23  24 1254169892
25  36 992807383
36  32 683109929
35  39 779784465
4  38 616405633
7  13 345048003
6  17 1230146614
7  17 543353816
19  22 123465079
25  20 191293355
6  26 895148906
2  19 779242918
22  37 1750252311
28  12 1918200998
31  13 946216467
33  36 232770006
35  9 713628078
11  3 54578907
1  30 1469912313
14  5 1322239159
19  7 110007812
27  29 761643539
39  26 131631494
12  36 50375987
37  11 417306284
37  11 600223693
14  19 1896381175
39  30 160117810
36  39 1011582433
17  28 465576023
36  5 879259557
24  20 416270805
7  35 544612901
16  0 725074208
6  13 1359026430
26  10 1326115597
30  27 1178448956
12  11 1133133425
15  13 1767825418
21  4 2144807038
16  37 426108038
16  9 1107499223
18  25 244613255
38  4 809380885
10  7 1781770348
2  37 1444927350
30  18 585064172
33  18 1648170498
6  5 1018413829
9  33 2005333644
25  3 932400373
0  18 1972971759
26  13 1252878424
27  31 1627529109
14  17 67139344
16  10 647675599
15  38 1955103338
26  27 1155351964
11  30 57666984
10  27 1599308232
20  38 1241049456
2  30 957583389
34  17 311926494
16  23 711414656
36  7 466874608
11  32 2102563159
1  35 24547613
19  4 545877756
3  27 1271232305
16  29 519654973
9  29 338183298
32  12 214573877
1  3 557015089
21  14 1594853706
6  21 491090887
5  25 277245315
15  32 1710984327
29  37 41142906
8  9 726414636
21  24 1385380470
2  19 394949854
27  35 79822469
22  20 2078983862
9  10 134559075
31  33 929326137
12  20 2068341073
23  26 1295955381
35  15 132447719
15  10 1925628404
3  7 1275005381
30  39 1306206567
32  5 1345311164
35  17 808127652
18  30 1758406799
35  6 407370126
26  33 1497712677
3  7 234511234
35  6 516224830
24  7 1327805461
32  37 1124944537
28  39 280045399
35  15 1744135619
12  4 1384133086
2  33 1360670780
34  12 1094951901
26  20 1202716798
20  34 1863847832
2  28 1655191560
23  4 777718757
28  25 917486901
11  7 1028806490
20  37 1849609640
2  32 479737022
19  14 3668414
18  34 854172143
2  26 247049539
38  28 1399668965
20  36 1154436516
19  35 28732678
15  4 1465989933
4  3 1396883472
28  16 1141792788
37  14 679091294
34  10 630892573
27  6 2077529737
13  21 1640071116
24  2 48653773
11  7 705857596
24  4 1140501349
14  29 1479139652
25  9 1511128716
35  27 1706615458
34  28 1937293512
12  37 1037938689
15  39 1225068805
28  32 2101229103
34  11 1080699872
22  13 1401497348
2  37 766266921
26  33 959935842
22  3 1183120245
26  21 2130006484
16  32 1398634897
38  35 1464908819
10  33 925015575
9  11 1288408590
20  29 1783144381
28  38 1353222753
20  18 154242559
24  37 517589361
6  39 1734702515
9  13 594219699
2  39 396088610
16  20 1911181551
20  5 133432886
24  18 1182866506
31  26 1609240575
14  16 1659585892
35  2 1854577088
17  18 1184239802
21  35 1804796032
9  2 1367010928
5  9 350648376
10  30 438239304
1  0 776124525
39  23 937752589
8  13 116822911
31  1 1632294801
24  30 252604739
7  15 1028964299
8  34 2047485087
19  24 733833740
1  25 779677655
1  24 1279023952
32  5 1857459098
15  23 23574829
14  16 240657509
15  20 535562172
10  39 554097239
16  23 2100522022
10  4 843808197
35  32 1854993674
30  35 2056891211
16  15 1933942472
39  20 1979685494
26  12 467192707
7  9 337131619
17  25 1557788766
33  34 294750910
11  37 855525664
35  7 2083565086
6  33 111871274
6  35 322576243
29  31 5588058
12  34 1436630163
13  25 1969046016
26  19 109413892
0  14 466286698
26  20 382115212
32  25 166499273
11  27 1416100593
34  36 1975107460
12  23 1194996875
2  13 1803546220
37  26 393255957
33  38 385839784
11  23 684940239
37  29 95603861
22  18 1162490957
39  7 952828725
36  1 1751937880
36  26 1087716801
26  29 242573245
29  9 1922371326
6  4 1581340359
26  32 10033515
37  10 4338756
4  22 1886872762
