121300
195100
137200
127100
204800
183500
150200
224200
163800
197400
369600
161300
158800
171300
158000
432600
178500
186100
166600
225200
197200
186200
184700
179600
794600
168700
185100
157100
208400
207400
179300
1029000
126800
217500
176200
173800
557100
176000
209900
216200
197900
180600
121900
179100
131600
175200
220300
195400
175900
125800
190500
219500
199400
183700
202000
204400
301900
168700
127100
190300
133700
209000
146300
191100
183000
306500
168000
136700
184300
230500
161200
196200
174700
186400
161200
178500
185500
116300
162700
182400
119700
214600
168000
215500
218700
172400
151700
649700
153800
176200
208100
166300
222900
241500
180600
145900
187500
204000
212300
165800
