7400
5500
10000
7800
6600
8600
7100
6500
9100
7100
7200
8500
9200
6800
9000
6800
8100
6900
7400
7800
7700
4900
7000
6800
8000
9000
6700
5700
6200
9300
5300
8400
7400
11600
8700
6800
6800
7700
6800
7600
8300
9300
7600
6400
7500
10300
6700
8500
6900
9100
10900
8500
7800
10300
8600
7600
8600
8000
6600
6300
8500
8900
7100
9200
7700
7200
9000
12700
8500
8600
7900
6500
12000
8900
6500
8300
7600
7100
10400
9100
8900
8800
8900
8300
8900
9700
7900
7100
9100
8400
10000
9100
6900
6100
8700
8900
7600
9200
7700
7600
