832300
2406700
1408600
1306500
1311300
1021000
737100
770700
907600
1348700
869600
1042000
1506700
1167600
915300
1113900
3061200
987800
1374600
1103100
768000
1122200
781200
1123200
1854300
1245200
1485100
1994900
1204100
1186900
1386900
764700
1291800
1222100
751000
1099300
1231500
1597900
1079100
836400
1360100
1174900
2493100
1224500
1057700
1359300
905800
1103400
1277100
1542000
1422200
732700
1207000
1480800
1350900
1373600
805000
1152000
1154500
1457900
1221400
1032700
1279300
773600
757300
740100
1046900
821200
1212400
1744400
1411200
1135600
1150200
1188500
1740100
1247300
1073500
773000
1079000
1065000
1137700
1321800
1143600
1203600
1317600
1077600
1072700
1077300
733900
1109300
1150600
1256000
1303100
1192300
1483000
969500
1461000
783100
745700
1028900
