200 20 18 19
18  5 148679510
15  13 625640312
14  2 1336386329
11  13 198576649
15  9 943094528
0  14 605763776
16  12 681479719
6  18 1599236905
14  11 2123200197
17  0 1652287186
16  9 13386379
13  18 2089028960
3  7 1758653043
1  4 1522246740
4  1 1368764915
11  1 940614735
0  11 1212732381
1  13 1499650848
3  9 1356984102
3  2 1865686627
9  6 1610278907
15  11 769972024
1  3 1281950564
9  11 1385724591
10  4 111011979
10  2 571592157
9  10 641735453
19  10 569148266
10  12 1435408155
8  12 225623467
7  19 1298028362
17  7 358432895
8  13 906709489
12  6 1757089330
8  14 321387554
15  13 1817262532
18  10 392475062
15  7 1431524403
0  11 80293288
17  15 31854487
3  1 1676190301
17  15 1592608504
13  8 258673433
7  17 1089181247
9  17 1292469890
2  5 120905189
9  12 174551493
18  17 568211975
14  12 1130954361
9  19 204003711
14  11 344793694
6  17 788494014
16  5 697899403
18  13 1810049273
7  12 185830742
1  8 1319740058
13  4 1197650522
1  5 1127119701
13  4 1255443301
1  19 1790995929
4  0 1208990152
4  17 124920403
12  4 117582444
11  5 388153635
18  4 2082671981
1  4 1523557697
1  16 723452399
19  0 1112723120
14  4 2137638444
14  19 1300980518
6  19 917101990
13  5 2087328808
19  16 249701319
3  6 1244193380
12  5 923658356
0  17 1137848354
3  9 1594063548
15  17 1193266880
18  19 1582655160
11  9 1179662447
18  6 1616846637
15  10 95148270
16  12 967516467
0  18 930015930
11  14 695238686
7  18 1775508522
12  7 986628543
11  16 2433911
1  18 1855211559
6  19 312346660
18  17 94679856
19  10 155517234
15  13 978713303
11  13 735731579
4  7 1999537528
5  16 2126950378
4  11 464033288
11  6 1877656444
11  14 2016459341
4  10 111033723
9  2 490626244
8  3 552208985
5  12 235898365
18  19 1634731220
8  13 359105288
15  4 349675868
6  15 571314048
14  19 1360464193
8  2 1605698981
11  9 1821545129
0  17 1007220898
17  6 251463973
0  18 1842687056
11  12 1888633500
16  13 1179731600
17  4 1772330767
14  6 1508060992
17  15 2048720455
12  7 249054527
14  16 2096402388
10  0 865376666
13  4 127473476
19  4 1333542677
5  0 641129798
17  12 1742285072
15  9 1955145279
2  16 1370634133
4  19 501884739
19  3 558595628
0  6 723277647
9  10 1522120161
4  15 1316425785
3  13 110151976
3  19 1971070696
4  5 1243893592
2  14 1930870962
3  8 320642054
1  8 2087701076
2  13 39876854
1  0 2059268319
5  8 1327436675
8  5 149355305
0  10 65013975
3  8 637031771
0  15 1858953843
6  11 495112401
16  13 965429709
8  10 1185975177
15  0 1751932187
17  18 832900293
16  1 651600999
14  16 1547641264
16  4 282822497
2  1 573992437
2  8 1057744544
12  4 418974953
5  14 1449356344
9  19 900693319
11  15 621082984
13  16 486364864
4  14 1402051084
0  16 865726199
1  10 959980052
7  4 262130639
3  4 1500155801
11  15 369870535
16  10 1179915537
18  9 222809440
2  16 162693005
10  3 154559169
12  9 1123335573
2  18 1789214058
0  17 1776904200
8  6 415340611
0  4 491170125
2  12 340621216
13  7 1674907143
16  13 2039095834
13  12 732159763
14  11 1071547125
2  12 1429315052
19  18 1507447973
19  1 1345321304
3  10 131749875
0  2 1962218476
13  6 891160542
3  10 1462545470
0  5 1730007863
19  12 441773475
4  18 1305386193
4  0 1285000469
12  7 906186193
7  4 1929167890
8  4 267489781
4  13 1250282149
12  5 227366548
15  19 689614862
10  14 355367362
18  1 1877706570
10  11 1607142019
