200 20 12 17
8  3 759381048
5  7 2004600724
17  2 1961250793
2  7 1946460797
13  16 1990980570
9  16 1705709443
9  1 2012535175
0  12 1842918158
2  0 1387706287
9  17 1534579473
9  5 437430568
13  18 1053678063
9  13 824075302
5  13 673931784
17  12 1787467454
6  15 1677045214
7  0 2044484773
1  11 243048
11  2 770962513
10  17 619701655
4  2 609616571
7  0 836793088
19  4 1134912436
2  7 1316955920
16  19 1697193532
14  6 664067687
14  7 2075010302
5  1 1617812808
17  5 380983860
14  11 738357691
7  6 656951034
3  1 1683193677
0  16 1436151936
13  19 355420356
6  1 1345163238
12  16 2011753873
12  14 1793835655
1  19 1316724498
8  11 652583022
0  3 313922042
1  18 2079736537
2  16 191827646
18  1 1334597866
7  0 1392214406
9  15 1780725210
15  1 43189207
2  8 1113481016
4  15 719341028
0  3 488354647
5  16 168713851
1  13 1088361046
1  18 1094732857
11  13 1716012469
6  13 1340499330
14  11 1266771809
9  15 259856398
5  1 1697983972
4  19 1234410004
0  17 1481372653
4  18 1375895061
4  11 1818727615
2  14 571417117
10  19 475791761
12  10 1058788692
1  17 1679186127
8  10 2085889202
2  17 2111149663
9  12 2080291665
0  11 783671519
3  18 254898445
15  6 785011421
17  5 1519609820
15  9 776347406
14  9 617328156
8  12 778327893
0  1 1852137488
19  3 1970888091
12  17 1105109926
7  15 1479700456
4  9 1286151766
6  9 1867979821
10  5 539994284
10  14 1741881851
12  15 818733873
17  5 1038977579
6  4 1881242506
17  14 637534775
13  16 1585480660
16  8 1274782401
12  8 1613313861
4  7 2130847200
17  15 1576568718
4  17 1800568701
7  17 1541299248
15  9 1016316295
15  14 672069684
6  4 287833307
7  12 1866839569
10  6 1738623072
7  8 1591050600
19  4 739984809
19  16 426430499
14  12 1636088409
0  7 111221255
16  3 737595768
2  4 616901529
12  13 1626841990
14  5 905817876
1  8 471001674
15  9 1972118949
12  0 2083637459
9  11 380925825
13  4 2115644481
1  6 2083985156
8  9 625396157
1  19 616423742
6  19 299097146
16  12 821035143
14  5 1427582464
1  11 516622575
5  16 893014900
15  2 342465031
17  14 758514757
1  16 2145655680
4  0 881967611
15  17 2051049097
19  18 176080252
13  5 1207361793
13  5 557882881
12  3 887394221
10  11 1115806974
0  5 495691705
6  8 2054631258
10  13 1641674879
3  14 1977271041
4  13 2068945878
19  9 955394660
18  13 732382484
10  0 2097002180
5  13 135390746
18  14 2130684357
5  14 1202515917
17  3 532806758
8  11 459163058
3  1 787304652
5  3 161219506
4  13 576766076
12  7 520110258
8  5 1007522069
9  14 692994178
8  11 35086978
8  19 1971708343
13  16 592519661
3  17 750728692
19  2 534618866
2  13 1383996335
4  2 1676378115
14  6 1089732789
1  4 1241002038
4  6 647321145
18  17 1765123453
2  10 528250155
5  7 570354312
8  7 1684717668
0  8 1383001183
3  11 670774942
12  13 128982913
14  11 294171114
6  10 706839248
13  9 572110071
4  12 364107598
10  16 1455817607
16  13 146583208
4  2 603269321
14  8 2071343678
15  4 363712571
7  14 625911523
3  6 2064571791
18  7 306988961
11  4 1789254381
7  9 1216009107
7  11 1901532828
10  14 748467122
19  14 148268404
17  8 1314341260
14  7 1216564458
1  8 652354888
10  3 1208891741
17  2 1548333390
1  5 565962276
2  13 2030235623
5  0 940986294
1  2 666968342
9  6 706717983
14  9 820152550
2  6 699958877
15  12 1297529500
14  2 778168464
9  0 1965445100
6  5 1251816533
