200 20 0 16
13  11 1959083464
4  9 893103532
15  4 1991726877
2  12 20443769
16  4 803447804
4  7 1476164529
14  16 837960219
4  10 1782374936
7  9 2016093084
5  1 250605871
10  2 1232205001
2  19 1498372686
6  18 744326723
15  18 216475517
13  18 1352775826
16  0 2083913900
19  8 1897136988
16  14 626171261
7  5 1988225596
13  19 1183778686
13  12 589969242
0  18 1105021455
14  11 723561865
10  1 802121857
17  2 1339296489
8  5 1084353852
0  6 829260012
15  10 461906112
13  0 470231742
5  15 669395853
10  0 1583893278
19  17 860606768
9  1 1048296977
2  15 1903315118
5  10 1454072499
13  15 2104864763
3  15 687027272
18  11 2011197018
3  6 287929818
10  17 928588327
13  15 221682221
2  15 1258569256
7  9 45356662
11  0 1322713768
14  9 921904631
4  11 239641630
9  17 457937005
7  8 947822955
1  19 1720984408
8  16 550943143
5  19 797291255
16  10 486338114
11  12 1262857037
17  5 1328993117
16  19 1368090073
9  5 216451048
0  5 1467501410
16  10 1232079831
15  11 230143663
4  8 823793755
4  0 1827461023
16  0 1587245080
7  11 370483828
6  7 1260078740
18  9 165411622
8  4 1942043923
11  5 582587346
3  4 105772645
5  12 1999270147
4  1 2123430443
15  8 1888032516
7  17 443134268
17  10 1067065134
9  16 1011176420
16  2 224901496
9  12 957937492
0  19 1048346688
1  3 897837099
14  6 850671065
19  13 694009492
2  13 465412844
0  5 226838764
8  14 299927409
14  6 314871688
10  2 83806718
11  4 1011388734
7  13 1590796651
17  4 652610763
10  13 1859450976
12  7 461685114
7  5 1452011616
3  19 828988909
12  13 1675835603
6  17 851982543
15  14 49070404
14  7 837694774
16  9 1783553513
3  18 1293301203
19  13 1669361477
11  7 1159552243
11  1 1373878623
14  2 1860227656
12  19 1190885448
15  3 1766536479
7  16 1072619832
13  12 640530647
12  9 2143231210
12  9 1426841392
11  0 1801990151
11  10 393786783
7  15 2045470351
14  7 557229809
1  7 171582426
3  0 448816004
16  3 1156146641
15  17 904304248
1  3 1118050685
1  19 100560314
9  11 1399014492
3  18 1877508480
0  7 594291603
3  11 1628248517
0  18 760209745
3  0 1662453237
14  18 1170020647
1  14 46556697
3  17 2022570232
9  14 1292672589
8  17 1985084245
0  4 1737089136
2  18 1804004778
17  7 1190261339
9  0 1539226714
7  15 87063880
1  8 1848438301
18  15 200232216
18  9 492585232
15  11 1116321464
16  15 1946777054
17  6 1455360672
14  4 2028284329
19  14 1275840439
6  3 432165833
3  1 1115156161
18  12 135015659
0  14 1591464910
0  4 1730596567
13  7 352444349
17  8 332095766
13  11 1327145453
2  18 18184063
11  7 352105744
15  11 2032991336
7  18 1289120097
8  3 542718326
12  5 1431363875
12  9 1716755693
7  1 1929669442
11  14 260142842
5  3 90669934
5  7 1544668311
13  8 1528704379
14  13 817537696
19  4 391213305
0  10 557828186
16  17 1596378916
2  6 1503527696
10  19 1099509206
16  12 794588750
8  11 1717630321
8  15 975835395
12  14 500585556
7  10 1972302448
18  1 36324699
2  3 1356977770
12  16 1203835686
3  19 944323992
1  8 1603393770
0  3 507297228
18  4 1900263151
18  12 1061415603
3  10 1257850407
18  2 665187663
4  2 215250365
19  13 521865285
16  6 120563573
11  8 417991558
1  12 1863563451
18  16 219394240
6  16 595215381
6  1 1788137290
1  13 1409981674
12  15 611301140
17  5 1541532450
1  17 1252148218
15  7 570439743
14  7 650188277
0  9 40057167
3  19 1420206901
5  19 2143526541
