200 20 14 1
14  15 1372850594
1  19 518757919
17  0 194069969
12  3 1829123133
8  7 1860669889
12  17 374453836
5  12 708224283
6  8 1736302216
18  2 812568673
15  13 946848595
16  18 871347514
3  7 2019035535
14  3 1790779263
2  6 1570280576
18  16 1959644472
12  1 1997109892
18  11 1280868905
14  6 1691258355
16  1 482383236
7  12 1431599319
10  5 508679006
4  1 554954380
10  17 261712573
4  11 1506739017
7  19 96766001
10  17 1113656420
18  3 1816186672
19  17 1240859436
16  18 2114061217
17  8 1358670325
2  8 1997775340
2  15 1587072152
10  4 501489450
14  10 1560728882
6  1 363291821
2  0 1703047308
0  9 1956582103
14  17 507713634
10  17 2059386647
14  6 1684741921
19  3 1586410612
10  14 1455627782
19  13 22043367
16  17 1531403226
13  4 1407738739
4  6 1237382979
15  5 1967466281
14  13 1613721475
5  1 624337091
19  12 505994257
3  16 1165979029
6  5 766399447
3  1 1090641302
2  13 836603652
3  11 181538456
8  10 911315574
0  9 1258541110
14  10 1380028655
15  18 1463407409
5  9 483861906
0  3 383453051
0  11 1098007799
10  7 1707234310
11  5 1840918153
11  6 1540438393
14  5 578063559
6  5 1269284431
14  3 722069380
4  9 1813034613
14  5 287962339
14  15 1242403957
6  0 1851469623
1  2 297894046
18  19 964538498
7  2 66873473
6  7 605807564
10  3 81215607
16  8 102877268
3  14 784883593
13  19 1390865383
5  15 972432578
8  5 56557860
19  18 2119029106
8  10 630026361
4  3 634804711
2  11 946975774
12  14 224869489
14  16 2029190095
10  8 1133775758
18  1 824091996
14  10 1627009863
18  17 1241851507
1  19 571119305
7  1 737470416
15  11 1557491407
7  14 1045576374
16  9 1377416361
7  12 739985677
9  11 1037976210
5  15 1351919141
12  11 2129307175
9  18 714339482
15  4 1185671296
10  0 930868873
13  10 1300420737
9  11 168652651
9  15 116924079
18  1 699417426
4  14 2145694379
1  13 1231830895
0  8 468804912
13  0 995013552
19  18 1825072571
17  8 958806389
17  14 1264722865
11  18 1150252623
12  5 1956077295
6  4 1441553236
8  9 1710553916
6  0 1658673635
18  5 1876713854
12  17 692505545
14  13 395614905
6  14 939623228
15  4 506198055
1  0 469785929
5  17 2009428259
19  15 1361189626
18  0 455570482
15  2 706760290
16  13 1113272645
2  7 600942640
15  9 1538794156
12  1 185911702
5  12 1054613574
19  8 501382631
18  14 860396891
10  16 654913993
9  6 1546283140
16  14 1737026977
1  3 1814549343
19  7 1045357005
1  9 1712710250
19  2 582390106
17  5 2110890720
9  10 531006132
7  16 1574824167
16  19 1114823829
4  1 1492971479
6  18 684760735
3  13 353889879
12  2 1460492656
18  1 1544184979
13  14 1555562518
8  12 1171698178
15  17 496777293
16  8 1465701600
9  2 796202736
3  17 938186365
11  9 1023126046
0  11 723233398
3  15 1284726265
16  7 1416680274
9  13 1758746281
1  9 245813391
17  19 1856255653
6  12 1724169424
16  11 1046137184
10  2 1846631644
4  18 390841915
3  0 1207541610
5  9 2004043266
10  9 395374535
18  3 1036248839
13  11 1987269962
8  2 552668996
4  19 2101287325
16  12 450738904
12  16 1671484197
17  0 276825927
7  2 979751196
15  19 1742526557
16  4 1172922620
12  16 1548680765
13  4 1950991120
8  16 157619823
15  10 2055930825
14  7 1149431729
13  17 2123745558
3  12 1643235134
2  7 1787816408
4  19 2119700741
9  15 396608992
17  18 691803751
17  12 1993744234
11  17 1329043617
3  5 1454613680
17  15 468640536
17  5 599013825
0  4 1596632968
