200 20 0 3
6  12 1987357459
14  3 2041904326
14  13 549221607
5  10 1770905514
8  17 1394513050
19  10 810741096
10  13 987634464
17  18 835027251
16  19 247858920
1  3 716460575
7  8 1019315884
16  14 832762636
18  8 2069481266
15  0 380130423
17  16 65325546
8  2 1119249886
17  7 701214506
19  8 1871087452
11  9 1669104654
1  0 1288839380
15  5 947917440
10  9 700071264
6  2 655324630
16  8 1999896913
0  9 336555945
15  8 685112113
7  17 731101072
11  8 1469254457
9  19 1763578234
13  5 1194238999
6  5 1094090756
19  4 371319192
8  18 1612563844
6  17 44021540
18  6 1185332279
5  11 1481010606
17  19 1897618123
9  14 140961685
16  4 1643123711
11  14 1003361140
0  8 776884100
10  6 1315032190
10  0 1605153725
19  16 1412363728
2  4 1165124096
1  3 678413399
11  7 1271054926
17  4 1062367535
18  6 503596981
12  5 371179091
16  4 1596782171
13  19 874449129
18  8 143653762
6  2 1885422999
6  13 2011382913
2  19 1183233189
19  4 1751789338
5  15 214410319
0  16 8943453
0  12 915039626
6  18 79837850
13  11 81148113
13  0 2075982333
4  0 1780463999
14  13 2068643645
5  14 1021854468
5  1 700334622
6  8 419639256
8  4 511785217
18  1 1954820535
14  16 1260172452
9  17 1274034156
16  18 824910063
1  16 1042780149
18  4 1909605496
10  9 1212494186
13  15 1011484775
19  13 1878479061
5  2 1834696519
10  7 2071563251
5  4 1722107565
14  18 464030793
11  16 1738642006
5  17 1863924162
18  3 1295354276
19  14 1480822430
12  13 51787916
8  11 50458102
16  6 1710313669
3  9 897476151
10  15 686875231
12  2 1219527727
15  3 658495067
9  3 434477634
14  16 756460746
14  8 1049187264
6  14 1432669724
18  4 1138013572
5  14 2109123503
6  7 302714179
7  16 1195596635
8  1 372440986
10  12 844619664
15  3 2047205199
18  10 1175200077
13  3 638677307
1  10 486872189
0  9 2026244201
3  0 1641389874
0  11 407177981
0  9 36475797
14  4 549498077
12  19 492947421
17  14 2012321564
15  1 479522112
12  8 1102875719
11  4 400116859
16  5 930513862
3  2 1508304829
6  19 1212424701
5  3 416043399
11  3 426466136
17  6 617761149
10  19 1663432278
19  0 475788061
8  15 706193675
16  10 1983333786
9  2 172829356
11  16 279734957
8  18 823586781
7  19 1712020497
7  6 1063425992
4  13 1483294676
19  4 565506040
15  14 2082055834
0  18 1164832829
2  15 913597179
7  2 575102708
7  8 1291881219
19  12 603128400
5  3 1099010382
14  7 869387211
15  16 2131066881
4  14 1015511424
7  10 1578134811
19  0 898246052
14  13 1164177570
13  8 1164947677
11  14 752826212
6  8 2067285107
16  1 156950190
10  15 1151429246
10  5 336914968
6  7 1875049349
11  3 251310129
3  5 1952344924
1  13 649265400
17  12 891222983
19  18 1798299431
4  17 742315085
4  8 911983220
17  4 795940299
3  1 195615655
1  8 951677037
16  1 484010160
6  17 103093197
1  9 1203304662
18  8 2085764634
11  8 1563315947
18  15 1899318019
2  3 1075649236
5  16 1472209854
7  1 1427406108
7  10 1118402930
14  16 146171735
8  17 781328106
19  3 313049026
7  19 1869490861
17  14 920817741
8  19 916237550
0  13 370466419
14  1 1846099098
18  11 134540195
17  14 1631731517
3  18 2111729737
12  8 1709061041
7  16 602078609
15  19 1255007448
7  5 876307160
4  18 1594089633
16  5 1873125522
3  5 75681879
3  12 1449814106
15  18 695649927
6  11 1545808321
12  8 1841762488
15  16 753413902
5  15 1863381497
16  11 502521268
17  5 357373143
