200 20 13 8
9  10 1128300428
5  11 381890014
15  7 957915616
16  14 351853540
14  11 1595852806
7  11 1493074129
3  16 872463516
19  7 1027014380
15  1 1359297649
6  9 1784517804
9  18 1037433903
14  19 1427103586
9  4 208241358
7  6 1342329870
16  3 972278636
4  1 193242531
18  10 1770290428
10  1 1150065677
13  11 1540311660
0  2 1029438606
5  6 663599692
13  14 1322477426
16  15 508190073
4  18 1866571284
3  12 548649020
19  14 1375133379
1  12 1802726743
3  12 1588611641
16  13 230529992
0  4 84102509
9  2 1340979195
17  7 1886105776
3  12 477923049
5  3 1693282009
1  19 615522489
15  16 1981704956
19  9 1805027302
19  15 2035210497
5  12 1722544199
7  4 1289008627
11  3 1235081478
10  15 883163030
5  14 1678985350
14  8 737126830
6  9 1829336411
19  15 948705093
19  5 1235631606
0  5 239543209
1  16 1083058800
4  5 639255866
5  6 902708774
6  9 1702824446
19  2 1286619159
2  6 14997811
7  16 513025143
19  10 657522404
10  5 1157397534
10  18 1300975438
17  3 1537456329
12  0 361387430
1  7 634392450
18  0 26642706
12  11 2005293337
11  13 383027218
10  8 26973909
5  7 2027230521
0  4 670541608
18  13 1034921609
4  7 1275327203
5  12 1103929918
0  11 742154582
7  13 2112090146
11  0 460922786
5  8 859854268
14  7 519808285
3  7 105881497
10  3 2045412008
17  16 1497341896
7  15 331577532
4  3 492773715
10  14 1378617624
0  11 568968519
14  9 2067667404
4  12 898059032
13  19 416985421
11  4 696219756
3  9 1058868203
3  6 1346813208
7  8 1205933781
11  10 505883751
10  14 1285240979
4  13 2082492106
6  16 204527671
8  19 1830866201
3  9 1862301805
12  11 964245092
15  0 1881686649
12  18 1081459257
0  10 1100724032
18  0 1421056653
8  5 476445595
12  15 201905933
9  0 312258524
19  17 522273798
8  15 1885184096
18  2 602044268
4  18 70343218
16  15 1595234964
6  10 1576245911
6  7 1740744915
8  15 1759445651
15  6 403040056
6  4 1019022533
13  7 1315745299
15  17 626857244
1  11 373757073
2  12 366532419
2  7 1332919503
13  18 1717171781
2  5 1587947175
14  7 157990830
0  8 15633814
9  10 108332849
5  15 204736406
5  14 1368055770
9  14 191368001
12  7 1000238602
2  0 359054172
4  10 701058723
19  7 598523068
15  16 113110947
0  17 556080686
18  8 232751717
19  14 1891057796
19  4 61501742
3  8 62727
14  1 1818921026
19  8 1432950012
14  13 768301945
14  8 1849487823
10  17 1485341325
1  7 2102785733
8  19 1279086642
0  5 1568685351
6  7 1334770060
0  15 937388925
18  7 1947550868
19  18 434414690
12  10 243794163
15  4 745150740
15  5 827666574
14  18 1950195077
8  16 1089113920
7  13 1637157406
17  18 770554436
19  15 1333536600
5  0 172428793
12  3 1862967560
12  7 199155247
11  0 554205119
3  13 535468679
3  5 138824995
11  9 1323056413
0  17 1050048638
13  19 1267057677
9  5 1128971260
12  5 693804075
18  1 938070499
14  11 1511325858
6  15 1422997956
9  8 725238957
0  6 2133309438
18  14 90620520
8  17 1037676463
3  13 825727274
8  12 1157168521
10  14 1261535252
12  8 1220896796
11  8 1347809671
16  5 1771042644
14  4 1940214132
10  4 1353662657
1  5 1824674441
13  7 1579917587
1  0 2127588145
10  18 1824115643
14  9 948672949
15  0 497715174
14  7 728510263
10  19 615373046
14  6 1002952107
11  14 1329623974
0  17 575747775
14  4 623974514
19  16 1066934332
19  1 738686958
6  16 473995129
14  13 1368693002
9  19 1338744070
6  16 2036672346
