200 20 7 14
8  19 1901488904
1  10 949337850
17  6 764754827
15  4 586483893
3  17 1232448916
8  12 1333127836
0  7 1972052267
16  13 1103056955
5  3 1974833759
6  18 1748852219
9  3 1962490645
3  13 1421085640
10  5 1600425796
9  13 519208540
11  16 446656073
1  11 307302009
8  19 463295845
4  16 121845653
1  3 1546374486
18  17 1448233967
2  17 1725186923
5  13 826334323
9  19 1041230265
14  18 877799251
15  14 556805977
8  18 431401322
3  8 210716331
4  14 181171902
6  9 1604007901
2  15 801104877
8  7 1482409083
8  19 340122040
11  17 1612910855
19  13 783093946
13  12 294297026
13  7 965482609
7  0 484461532
2  6 729034768
10  1 1728921007
11  13 1015206952
19  13 991526359
1  9 130496502
13  6 830713700
6  1 354623742
7  0 331288065
7  15 383674932
9  7 1141052608
1  9 1273568016
6  15 432877637
3  5 858632411
10  11 1639455341
12  11 843237925
13  12 551544979
15  6 1244054604
15  10 1924259781
4  1 1614681671
19  9 1529941704
0  8 393905969
12  2 1607198123
5  7 1573581865
17  11 443415945
19  0 63007593
19  15 1050552132
10  14 1921319931
14  18 1034233893
16  6 136626771
18  5 396195864
17  4 2005902743
10  1 1418292698
11  12 970956619
6  15 1817007580
18  11 1750528359
13  1 2020734476
15  11 682568589
7  8 997062491
8  18 751998813
19  6 2095696028
10  14 1434661359
8  16 1297309956
15  1 941864861
15  13 100748576
9  2 2030615701
0  15 198593925
14  1 630599982
3  6 1203541032
11  1 280380755
9  3 1681586304
9  12 1343603705
18  16 587333894
13  3 1232155856
7  18 1132512019
14  15 2130769902
16  9 875559451
18  10 811432335
13  6 1566316001
0  9 828241419
11  8 795481767
13  6 719421918
11  9 1597739157
10  12 565320896
6  1 2050748127
1  10 1556135860
19  1 2027176523
7  10 2019649671
7  5 1287140826
6  0 1016588858
0  12 1935976288
1  16 2126785292
3  14 769242390
14  19 1463721261
3  14 158483249
14  13 1405079222
6  4 56381787
0  2 1091907117
0  1 1486639987
15  10 375101921
19  16 670130503
2  17 1111149875
1  13 1623341883
14  11 330469556
14  8 1407247793
5  13 446029011
8  17 33971473
3  6 1447770818
9  6 1633290585
16  0 1411240677
12  17 427850852
17  6 1382092535
19  13 1842886303
18  11 1018454015
4  17 1367088598
12  9 419133068
16  19 1820736770
5  18 685672500
10  12 1863844363
13  14 396270770
5  16 106391403
7  10 1326052082
4  11 1292289261
4  8 176085424
7  6 260304595
15  14 1394691661
17  16 2052958023
2  14 1060287837
16  1 924878991
7  4 523993604
10  5 2004894910
8  10 845779581
7  17 1431384935
7  5 101024069
12  4 1368885020
0  7 1847588964
15  12 1180063069
16  5 647351547
15  17 1356285138
16  9 1717061752
2  5 314494571
1  2 712628289
10  12 46500400
14  19 1076423588
16  14 2002623903
8  9 1157693680
19  9 1177431196
13  7 1074126182
15  0 1303276874
19  14 1059427145
16  2 658432527
0  18 1816427320
5  16 327489608
8  13 432643606
8  11 1678494910
16  1 910350977
8  11 24747926
14  12 1581724669
15  17 5689938
17  6 668462770
11  19 1560671715
4  8 778183533
18  9 679754605
19  6 837053119
9  3 1902359838
12  7 1185471917
9  4 1934396804
8  6 704343157
19  17 1485503858
11  3 1594413645
5  18 1883600535
15  18 1851632734
19  14 1432798518
6  4 1030916819
2  18 808806226
6  17 1509193955
13  15 1720566995
14  17 1657279569
12  8 2041797427
8  7 1157635520
7  14 1519429715
16  3 494647639
15  14 1152330850
8  16 1068760263
