200 20 17 16
17  4 165874865
16  8 706821947
12  18 399088751
16  4 898283927
11  3 1950712128
5  16 888807223
13  11 1617493559
15  9 193949296
15  17 289241247
19  12 1246016957
5  8 873419954
10  7 1915542232
10  1 556341180
5  7 1361085529
0  4 1838391843
14  18 1628020010
1  8 905299818
15  9 222892613
9  8 1985297598
4  5 1020877703
2  0 32524440
13  15 1454289608
2  6 608242675
18  4 1543336471
2  12 1033341995
19  8 94789060
12  19 164938645
18  1 826894291
5  3 1031256396
15  13 1844005465
18  16 1633485730
1  9 430525032
12  11 1377480042
11  12 838084441
5  18 1788216101
16  5 1134277063
14  11 1862194016
3  4 374513447
5  4 1578029170
14  7 1082206846
16  11 2110575528
4  13 969670608
0  18 1253262796
14  6 1228329518
12  7 1693579165
1  0 2027415163
4  14 1439456109
17  12 758092918
1  12 1004495135
13  16 875592465
5  0 2019315671
17  7 1483096241
5  9 1821891643
10  0 1424413887
14  11 979728495
8  3 1529726244
2  9 2112425256
11  17 1312032665
3  12 865538000
7  2 2136613252
13  18 472719743
5  1 774969378
9  0 1556296922
18  0 258052465
11  3 1263122926
1  3 50704419
0  13 1107572196
17  6 1833063830
17  9 2104351431
14  7 466062191
10  18 1537447724
1  8 1723928556
10  16 1114660704
10  12 2031849320
12  10 205434277
0  7 122412016
7  16 1922177997
10  2 1617171161
15  16 77881849
8  19 442303240
4  16 1713956113
15  7 1437359183
16  12 1858899273
18  9 1807859077
3  2 79101059
10  3 1170649856
1  17 575754578
5  8 1400355283
17  2 1634655676
6  16 277188168
12  10 1178591998
17  13 679231237
16  4 1040489593
12  18 584706762
3  18 534766345
4  13 1464629938
18  11 2042078383
5  14 397320047
12  11 884981252
18  12 1883794841
16  13 152232004
14  19 1510622210
0  2 1656734136
2  1 148292391
17  2 69734480
4  14 149154005
18  0 1494331929
14  16 2032146155
8  5 1772342434
10  12 1685063113
16  11 863270345
11  15 1368214479
12  15 2090087465
6  1 170024803
13  18 1101464758
16  19 605239052
1  4 1065339963
2  16 1915249552
4  5 427176619
2  6 980093690
17  4 721492306
7  2 2088859599
10  8 444125027
5  2 1672678558
4  12 89590044
0  4 1681053781
16  19 912533767
18  12 1461547508
3  1 1302550502
1  4 927795821
8  14 742392649
19  0 722643043
4  1 1637653036
17  5 2047744533
7  4 285358833
9  1 1285194729
0  1 1468186906
7  8 2104621091
8  15 1188748298
12  10 303662113
10  18 1656118818
10  16 835517848
9  19 1882779209
4  2 1848006897
0  18 1986559673
8  5 114363307
13  14 1239374647
3  9 1979296479
14  4 1583251189
16  1 1783034960
9  11 297048595
2  3 1243294682
13  18 403256337
18  16 1618781713
19  3 1065186859
8  9 804619378
1  14 683226949
11  5 68776693
19  14 90096528
16  10 674732021
7  8 513514437
2  18 617869105
4  2 1010566391
18  6 907255953
5  13 1824299202
0  8 1573458961
15  10 1727208758
17  6 353788425
13  3 389688986
15  1 1275695483
10  19 366774103
10  18 981465962
8  1 1655707591
19  16 1825371984
0  12 1626049505
3  19 1649151366
1  11 1035267166
18  4 1737946623
5  2 820495498
3  8 446633653
2  11 212154904
14  1 1410922718
7  16 1845154461
16  11 847670459
13  8 767829496
8  12 817117405
7  6 1601249074
8  3 809686858
0  1 2052265552
14  18 2118747732
4  9 1143673932
19  13 2087362740
6  2 1136006086
16  2 483701755
4  18 1128311643
15  17 1696542667
12  18 2031216411
16  4 1010012602
16  10 1120707206
10  14 287189237
