200 20 11 1
16  15 61722188
12  14 489187986
5  13 1520817612
2  11 995512360
1  6 1074237458
9  8 1933558980
0  1 2125423728
7  16 62915925
2  9 293717155
13  15 905544775
11  5 407382016
5  6 1998385103
17  9 1243708192
9  19 531217457
5  10 1454882155
13  11 536973869
11  16 1120941990
11  1 1327424327
14  1 1936177213
2  9 1086498891
3  16 1407165884
18  3 1285756248
8  1 818022297
3  4 527440515
14  9 104523116
9  10 514221976
6  1 1335896752
1  2 2018056941
14  11 1791580652
2  14 416649578
19  10 205675031
16  6 1657372178
11  6 179860384
10  3 1853494280
16  13 635205000
6  12 59084231
2  1 1518276423
17  1 173808916
14  19 417707628
2  19 688996256
15  11 1067297435
1  12 1680023580
15  19 713973689
15  17 1134531941
14  3 1517987291
6  1 1829552312
18  7 1620782076
15  19 671713788
13  17 609399074
3  7 989096513
10  11 998655399
8  6 2084937599
17  15 2136757357
1  17 1495818036
14  5 1115122546
6  5 528529684
4  17 804645237
3  11 1914102946
10  5 312435410
9  19 1365867263
12  17 1742361581
9  11 338646081
10  14 1939196059
16  12 1465806063
12  5 1035365531
12  5 1201717706
0  9 970548668
0  11 2099718269
16  8 576520262
11  2 1362803385
12  8 580279703
11  18 1651455982
2  3 711535067
2  12 827936646
6  2 1668764255
2  4 138787620
13  9 2113232285
4  13 757189388
1  6 1479976180
10  5 256825867
13  7 1994762024
14  5 393078013
18  11 1203761074
17  5 1558674999
19  9 1325333260
15  16 1253736970
12  2 1515326321
7  9 1055009976
4  17 67955107
14  13 871418773
3  12 181632904
4  15 697667865
14  17 181556241
8  17 607395277
0  16 1422072226
7  18 1211061898
0  12 161341957
15  11 24559603
4  2 2131525579
15  8 95939164
3  18 1663076366
14  6 1869263167
19  1 1477822069
0  9 1085706687
2  7 2042949754
6  7 406789709
0  14 1422634025
16  10 141527247
0  9 968818455
7  9 689341908
18  3 222316299
2  14 928541695
16  18 1172790718
3  19 851716612
17  0 344745813
7  5 718308940
7  17 681112926
4  14 711689696
4  17 1696814751
9  0 1346319232
7  9 1709795179
19  14 1183725917
7  1 1164650584
8  12 2061411191
1  19 1257362763
18  16 1303031706
15  11 559539493
16  3 987738123
16  0 1999799717
19  2 384237156
2  4 913934941
10  3 596712776
3  5 1155200763
15  14 209553427
0  11 1778938706
11  5 782101808
8  16 33152734
7  11 617835135
13  18 1882319666
10  14 904081738
1  5 1397574775
8  12 308992074
11  6 1745454683
12  0 544318260
16  3 956706134
9  17 609564997
0  15 2112569706
17  10 561704354
3  2 1633715929
18  15 984511485
7  9 262440013
12  1 138242708
6  5 162109234
5  12 1589924603
15  17 512022143
0  5 1826568169
19  3 1065323240
7  3 308441780
14  7 1122386387
6  17 1018125824
0  1 165439552
3  16 456519746
8  11 518981486
7  1 1350892157
16  2 500704507
15  16 577656933
2  19 393886494
19  9 617575100
3  2 381344883
18  4 1934958892
19  14 63276496
18  2 2132611
6  19 1693789190
11  19 1251460912
12  6 1021345235
3  8 30352484
16  14 542742280
14  10 2010200585
17  4 1273583750
3  6 1080631383
17  10 2146122227
3  0 378427741
19  11 1864117206
5  2 1318483549
4  8 1841560202
12  16 964859738
18  11 1929907486
18  12 731801938
17  12 777021451
9  13 935150095
13  5 1671534999
12  4 2022735434
13  18 1437050871
2  4 1323679710
11  8 1546160952
2  13 470095634
2  7 808654001
14  1 1976871830
15  1 407474231
2  19 1191354231
