200 20 0 13
15  14 232889735
15  8 761981758
4  7 527758180
9  17 2014214298
17  13 1414237803
12  5 1566166474
19  14 479798764
17  4 367198782
10  13 1647924368
7  6 1926002587
15  3 743320972
18  1 1014539284
10  6 1282914833
5  12 994915790
17  15 1273608079
15  13 823423798
14  17 1609627886
17  12 1284079474
13  7 866898334
10  12 884044099
18  10 1867466993
8  0 1515111519
14  0 187065784
15  3 1401811826
6  10 408252018
4  2 334972642
5  18 1062595289
11  17 891325703
12  14 396563762
3  6 450222541
7  9 621848550
5  15 67528043
5  19 1166052758
6  19 1188513514
9  15 993297872
3  14 95939252
14  19 1064436246
15  2 1758805088
6  13 525686197
5  15 2129539321
13  16 1173060701
5  6 1055291564
13  10 1037403364
15  3 258605851
9  18 1667895122
12  10 1449147158
6  11 1184422628
19  4 1563161254
1  0 974457385
3  8 1308845605
13  10 874583469
19  5 1945114927
13  3 1148133198
5  2 441144858
7  1 669272773
5  4 544325564
7  12 1542168672
9  7 64366706
12  18 1442698943
3  11 704985360
15  10 1976381645
1  15 552846671
6  19 1418316464
2  7 1196315591
6  1 1696774484
7  6 684809522
8  0 200409381
5  10 1482611239
5  19 1901257420
16  17 1505571928
10  17 1144171830
19  3 1392642111
19  0 563696443
3  2 1719209151
11  13 121058652
12  8 1543900695
7  3 1531239781
13  16 347278125
15  0 1916332613
11  15 2128452804
2  6 2109294275
15  6 1190727868
5  7 1921031096
9  16 187243052
6  11 79856397
3  9 1575295828
11  6 451043300
9  12 2147043147
8  15 266014668
2  11 934891932
6  15 1112931051
19  4 628578397
8  3 1246430924
7  8 117761099
5  4 1205702967
13  6 1272013514
14  9 1468261170
14  8 1977009036
14  6 494474844
9  11 2060897257
10  19 2049561005
2  4 1024739187
18  10 591666096
12  6 1009260702
4  17 901558979
13  19 1709452368
4  3 2075047881
17  11 1627852588
10  15 1780179822
11  18 1326048929
5  12 1364974652
7  4 1716718143
12  7 937933753
17  14 693071691
11  1 1275680300
10  7 350702189
16  14 1572424745
11  6 600006249
12  5 1151214305
13  15 670287965
19  14 1446400646
1  11 510997889
8  15 1131329517
6  16 1034266418
16  17 1086620990
5  15 566688609
14  5 279966289
6  16 55436606
4  12 1359303374
19  9 1086164894
4  7 339790880
7  16 1683208634
11  12 503443837
11  14 876257185
10  18 1925492947
12  13 916702804
14  10 2117906394
5  6 49135404
14  13 28771238
7  17 1022768746
6  3 532295442
13  9 1382471885
13  12 1489801934
4  2 1685465076
12  15 1608896165
19  15 1181930107
2  13 1755338751
8  0 1718139560
17  14 1410757051
8  13 428822835
16  5 1418735574
13  0 1750099013
2  6 1773863665
4  1 815671604
17  15 2022256315
19  18 1704211953
12  14 1967667935
12  14 1820688100
16  12 949004641
2  17 1574247415
18  7 221762546
17  19 1318997539
1  3 1565762234
6  16 465178169
15  19 156474738
16  18 347892522
2  17 428368017
0  4 1228195062
8  9 2030481872
7  17 1664150763
6  14 1025810362
14  10 1551499260
14  5 790817366
18  9 220627553
12  16 2919725
8  12 1585440925
11  10 1062968463
11  0 1502889235
7  8 1244323690
3  17 1314491638
3  5 2101637988
12  16 1279224003
12  1 49176649
5  11 319928500
17  10 1382820984
14  8 1666892132
11  10 1731890467
18  9 227706205
0  9 1341258429
15  14 275987682
8  6 1334608687
18  8 2074262773
18  4 1472368707
3  16 1774150240
9  4 1239322500
1  12 1547162098
18  3 766109993
5  18 386288730
0  10 285056581
1  8 492143110
