200 20 11 15
2  12 125357175
4  2 2093440744
0  13 874549686
9  0 1423489351
6  5 1397262704
16  18 674473561
15  2 1740435461
16  12 1521141358
4  0 717250081
10  11 314432602
16  6 1234212648
3  12 1573716313
0  18 845463767
19  15 387384536
9  0 1441632370
9  4 465089009
6  1 973205445
7  15 2090970399
10  16 692892776
14  10 980876818
19  7 1037507659
2  4 1618203252
15  3 946562473
7  18 1719040124
7  2 470371710
9  16 334304273
15  5 628764508
8  19 2105706529
6  0 774597460
4  2 800410926
2  9 1325671272
16  0 1415345395
4  19 1995338969
8  13 108897370
16  9 1420981825
6  17 819960654
8  14 1510188057
2  8 550985631
17  5 297350538
2  8 239403198
4  17 606217398
14  12 952330434
6  5 1187360201
14  5 587986430
6  17 1810817380
19  8 482138549
9  17 2083102732
13  11 1502796613
18  5 1419835399
1  9 513891747
10  18 760637486
18  8 1316090992
2  12 811072213
14  7 1320062327
15  10 349616981
16  0 613688804
7  11 1268875033
2  15 1675793239
17  1 1393535443
6  5 1667365076
16  13 347667437
5  9 312991884
14  11 1465197421
15  12 1017334832
2  4 1579441080
8  13 1795838318
4  10 1834883423
9  14 933916534
4  5 1001766379
19  0 1392349435
16  19 756812723
0  17 287480400
13  3 1748990804
16  2 319047956
6  9 1148615184
3  2 343667935
14  12 1013295764
16  4 1361957660
0  7 2132021322
0  7 735915938
9  8 704508286
7  8 479703720
18  0 290718430
14  6 184924955
2  8 949049655
3  18 2014132382
9  0 1003830993
15  18 1773154333
19  3 1562833073
3  6 302717692
2  19 519952993
4  9 1480990611
15  5 870787673
2  8 35611368
12  9 658670839
7  5 1816137673
7  11 955576251
2  16 244235468
18  14 279065240
11  4 249545395
17  1 1615926774
16  4 529285242
16  19 81835557
16  3 2066683079
4  10 1985741310
15  3 1912223418
0  19 1594358666
8  13 877941414
0  6 1975098759
17  10 752904904
8  12 681252897
13  8 288137112
2  12 1094939835
5  7 1218404330
10  11 1484993492
11  8 812380264
5  2 1205989958
18  12 705557146
17  19 1773199547
10  11 307648363
9  15 89938307
3  18 307721567
5  7 1279674360
15  11 133827062
1  8 1903360054
19  16 332878610
2  0 345088742
14  8 464527624
5  14 50904171
16  14 2079273998
5  6 944770566
8  4 1460800713
19  11 2006559492
13  12 2049698113
1  10 19441218
15  13 560410262
1  17 1047844529
0  9 1299939266
1  0 1893291559
0  4 6223209
11  14 1254424789
3  7 1572478528
4  17 832576712
13  4 2112478963
3  18 1379093311
14  4 1559119505
9  16 1118430292
8  5 2003416826
18  8 1286338883
3  0 1462362434
12  19 639619421
11  5 576766732
10  14 523307249
1  5 1414940776
6  2 794540822
11  14 115854279
4  5 1379120967
5  0 1034906471
15  16 1735206631
11  1 73755081
3  18 864713317
9  5 462228383
19  14 1814529958
4  17 391692223
2  11 743831572
9  12 1256675909
1  13 603334048
10  6 2136167016
2  6 923821516
0  6 289954817
16  0 581344171
16  2 760184284
14  9 639155954
5  6 1054573534
4  15 800833261
1  17 1238523888
3  1 1836736174
7  4 1925825322
0  16 449378316
12  4 285374052
6  3 223410253
11  13 91074321
2  8 702764159
14  17 1299408292
12  9 883044875
4  5 1984529072
10  4 1128024944
1  13 1691646802
1  9 1110088445
6  4 1414350985
17  13 460799424
13  2 1261018343
11  17 1381700596
9  17 544654412
10  15 452363291
6  10 1888056413
13  4 59850132
8  11 1819056737
18  9 1124828410
10  1 522319972
