200 20 14 2
4  10 1055247011
4  10 550203627
0  15 445730636
14  10 123649022
6  12 2001588311
3  15 1865727051
4  3 1092786818
12  11 760243734
17  9 1714717057
19  7 458491103
8  9 1834421040
19  12 1053590496
12  17 631153480
8  19 208865083
17  1 1745784810
16  5 2078970309
14  17 1840032365
18  14 1358108215
6  14 1283199479
17  10 1901671797
0  17 594891486
1  17 1199983459
1  4 1241612967
16  7 2066931477
7  2 776708210
19  2 800476756
11  19 322446014
12  5 2056515785
16  11 777206662
17  6 1189297926
14  8 622462046
16  14 1877417515
9  19 2141066118
6  14 1690289530
18  11 564070882
13  0 173213751
14  5 797142194
11  15 241884451
15  11 774387158
18  14 1643673363
3  9 487933582
7  12 1584899688
14  13 1486387353
12  11 470878700
12  4 672705990
2  3 1425849762
5  16 1923942533
7  10 39010932
14  15 271848446
18  10 1042428940
13  11 247654201
5  16 783903310
12  16 463546587
7  14 2106860742
19  16 937126470
14  11 1828655146
16  11 1633090012
0  9 1058289328
18  12 1295183529
14  4 231983605
9  18 2077389179
19  17 1245267218
9  0 512973451
16  7 1614764994
19  4 1945192608
3  16 854417934
16  17 749892259
16  11 1299294275
3  14 1043654210
17  3 532088890
6  2 115959746
2  17 30462767
15  11 934433333
16  7 1124664750
2  8 1083538723
3  5 513283193
19  13 947031677
5  17 2069330499
0  5 593059741
0  4 20114045
16  12 927609952
2  8 516823452
15  7 573801862
19  14 1212786844
18  0 970504869
11  2 631915505
2  9 1932498011
1  15 693548794
7  14 990019171
4  9 2142025032
10  13 1184228515
15  11 852121359
2  19 1102401363
16  9 544759483
13  9 174670718
15  13 53515713
18  17 367656853
16  11 1764043510
5  9 1153301408
12  5 1760193973
10  18 488160039
12  17 549238579
10  3 356451824
1  14 1402385334
12  5 561428304
12  2 667883931
4  14 489759542
15  5 1647055610
16  15 1966566951
12  1 1987952720
5  19 1242582103
9  3 1026969161
5  2 1645993481
10  8 1812423988
10  8 157014369
13  9 1292038319
0  7 825142570
8  5 754183469
18  2 1658978257
9  13 1386844486
13  16 1222463504
13  14 1640108852
3  0 910689212
18  16 1654770938
15  1 1485834724
16  15 1050303909
12  11 1595064857
17  6 271258867
11  18 825134262
19  10 251212662
17  0 1476172716
12  6 1062968701
1  7 1919908952
4  7 1241282641
6  4 504124649
3  15 714708395
19  1 1693021001
10  15 1949264330
13  1 765257986
4  9 1430925938
12  11 1313965773
16  13 365142656
2  18 1475514477
18  8 1555389452
3  15 832943549
11  1 1572968552
4  17 1770665849
4  7 1127705026
18  15 2012333028
4  5 229516720
13  2 1713683484
12  4 1530256606
7  17 473351427
11  2 1114940108
12  18 1924096601
18  15 2005865990
19  6 2030434016
9  18 39420781
14  16 1247873418
0  4 582820456
10  7 350882206
13  14 521865465
4  18 1445274755
19  1 1077072278
0  8 398026869
7  4 243756869
15  12 1284014360
12  0 1378310534
5  10 241661911
3  16 148930956
9  13 518597291
16  9 546357926
4  15 347164275
0  2 1840268266
4  11 13014364
12  0 623402352
11  10 1839693000
9  10 790109500
11  14 364386621
12  11 1908964349
18  8 990820889
2  3 1015307550
17  10 1776238884
12  5 760658768
11  13 1152880160
13  16 1116987671
9  5 2131898449
17  5 1474698376
0  14 1541882363
8  10 663633804
16  14 1244590271
6  18 241746032
10  0 1540880558
11  12 411680129
19  3 125128225
9  10 1371092309
14  2 1305804377
11  5 1239516840
14  7 223719359
9  4 1743980572
