200 20 10 7
2  14 966508495
13  10 461501931
10  17 2098934136
13  18 732890686
6  10 271566249
15  14 995808471
2  11 1614264420
7  3 1496488347
16  14 981894252
5  2 803030078
7  5 860870479
4  19 1719266817
6  7 393478216
0  14 440590461
9  10 960017611
17  16 761602060
12  9 691744789
13  19 769688180
4  13 2120607641
9  15 1879624854
3  9 1408205063
10  5 907420402
18  19 46203661
13  0 215442075
11  9 729189985
14  19 641414964
15  1 1192319987
1  3 1362491881
0  18 1005344063
5  13 695604152
7  15 1278886248
3  13 337017778
9  6 551556042
15  13 1554066665
16  12 908829055
6  18 1846553084
18  19 919212112
3  18 582720281
18  8 537923557
6  2 926193319
1  0 605685512
1  9 2100081959
16  19 854521622
11  15 888343302
15  17 358024974
2  5 1369074586
13  11 177387478
7  5 303512760
1  0 1323572956
1  19 998458326
2  17 230628813
12  14 1141917785
18  19 1176842428
2  13 1374700321
0  7 1642122657
5  18 132362739
7  6 1619370718
4  11 522094375
2  3 1202959049
14  8 71304722
0  12 1247684918
1  8 299581958
18  17 2050268823
3  12 1957544793
8  17 1165834259
7  12 1077262003
15  6 728927277
9  16 851334979
13  18 249774493
5  17 2095762344
12  15 579118352
19  16 470783601
6  1 13275933
13  15 1697218842
17  13 124132386
7  0 1619651206
4  12 1109292454
10  15 1806155896
14  7 1887719891
14  9 1462511984
11  9 1514307987
15  0 146728160
5  12 2100879719
18  17 989761800
15  16 1397925974
15  6 87605799
17  7 1229538528
1  9 2071747443
11  17 1529419180
1  8 1701223340
13  11 1880824994
6  10 143813948
1  7 539355539
0  2 395930169
19  1 75711142
19  0 203385318
19  12 689137210
15  14 1938844322
2  9 297821346
2  1 294201895
6  2 971880005
8  9 1765993488
17  9 1253843458
3  8 751756396
4  18 217758264
11  1 2137768087
14  9 1386386564
6  13 51232154
2  8 1400898222
18  11 1807887341
17  8 481630720
15  5 782211966
8  4 936148899
14  18 810837180
17  3 394238206
1  2 413569453
5  7 1023187024
13  12 1662497687
0  18 1429279746
5  19 443781926
8  19 1777919134
12  16 562080049
3  17 1246010143
6  1 1506156547
4  0 1094106149
19  11 321482019
18  16 863414034
3  13 1379955734
1  7 1731298762
12  10 1909674050
14  18 2090148513
11  6 1646846652
12  7 469856008
5  11 1120158347
2  11 2028963113
11  0 1924924276
1  7 857023209
3  0 1332611076
5  10 622235117
12  18 2023464756
4  2 184351553
18  4 511527721
5  9 1315902538
3  17 110986716
12  10 705382234
0  19 1541109735
9  12 700759310
3  10 1752261423
19  0 159767951
10  0 1206662998
14  0 1548374373
2  18 367462215
4  11 17421714
3  16 1510901573
19  12 1654337991
7  18 1203323212
17  19 633595468
8  6 1550937501
15  9 340465238
7  16 1255686487
3  16 2039873304
16  2 1090149502
15  12 59700975
13  5 996277779
13  8 503978223
4  14 950640624
1  14 1540542417
13  12 881323833
3  4 728582995
10  12 1019870987
2  4 1978246932
17  7 195702220
14  4 886353137
4  16 681210326
0  5 2145652259
8  17 1307709299
5  2 1420616584
9  5 858863140
1  6 1805581503
18  1 875773434
11  4 1391233820
2  12 962552198
3  14 567204217
6  12 1854021967
3  4 1430260800
18  2 1176710199
14  9 965108576
18  1 576167009
4  2 1697099377
14  18 484090544
16  11 408918013
15  5 1367103950
17  2 659138094
1  12 111038575
5  10 706217083
15  5 460107785
14  15 1899744920
4  0 2017087885
4  16 598430874
5  6 212780781
