200 20 16 11
15  6 1739330812
12  1 1309289058
1  17 1278055751
11  7 1063742083
14  3 117456625
12  19 1660482692
8  16 296174005
14  15 1349331246
3  10 959969292
2  13 1921880199
7  9 1136774054
15  18 1189583408
12  11 444845060
15  17 279367376
0  10 2016620600
1  18 745261374
10  4 831651252
12  4 621779639
14  17 1382262485
5  12 123892716
11  15 1727637787
15  4 1641953839
7  16 1766172431
4  14 795629392
18  12 458583735
17  18 455189333
1  15 1466889058
1  17 439932230
12  1 1594452004
14  4 2109016898
2  0 129193337
0  19 1149980780
0  5 1179727309
3  4 1698821336
10  12 2122526586
10  0 1205414440
5  3 1414713160
18  6 244706977
9  19 342272871
0  8 1896986129
17  1 1431756118
0  19 1117608720
0  14 723026029
15  8 870522166
4  14 1532813398
8  1 150371496
3  7 2129564749
0  14 625753213
8  6 261492994
11  13 579907518
1  6 2077824715
16  17 243748715
1  8 1288719020
7  8 48989976
8  13 937219133
1  0 1619462567
2  1 1017680660
0  10 85239618
15  12 520185330
8  4 1202009804
15  14 2123115794
19  11 1656274578
16  2 327150394
0  10 1343959226
11  9 1373767835
18  8 1230148219
4  12 231054378
13  9 654090490
5  0 756159134
5  12 224655218
10  3 1036279324
13  6 497029711
3  18 1672402867
7  12 1464458345
1  14 1464769475
10  9 1390851981
11  5 1739752080
16  7 1445193304
4  15 1816731024
4  3 1727657482
7  15 626451935
1  16 1990590468
16  12 1774570199
1  5 192418853
13  4 1981918471
17  18 2115042103
6  18 2141220940
10  1 1562726707
11  13 1635086615
10  12 1718206893
12  4 201154764
9  18 2056051180
4  10 238918804
11  6 13155804
3  14 1475392951
8  12 16003594
6  5 914152962
3  10 595782111
16  18 179956321
5  14 28513733
2  17 1090370412
19  0 150412792
6  12 862729768
1  8 184117006
9  6 1326081941
15  9 103337041
4  9 1760939827
0  16 360628707
17  5 1590161803
19  15 301999074
10  1 1436543855
12  9 985749567
4  12 1239643865
2  7 542114503
18  13 431173735
12  4 515950011
0  15 1154427971
17  9 608804068
7  10 1398735020
2  3 140803472
0  13 1549850320
5  9 843548158
11  6 1165989790
0  3 595343421
14  17 367869018
0  15 958692596
13  1 1408245555
8  11 906885500
15  10 1152605180
10  16 1219430380
11  14 1716206268
15  8 1595451733
16  2 1819249579
2  17 1070980261
12  3 628478912
14  12 1786571853
17  15 701452227
11  4 733379724
7  14 35455587
8  14 90076075
11  4 2114648920
9  18 2060358534
9  4 866140239
11  15 1734345474
5  18 2003796804
5  0 674213867
13  18 645932102
7  15 1199233152
18  1 1631818210
2  17 2137890612
15  1 1097574151
10  1 1156923144
18  4 514366196
10  7 215113312
0  17 1124688385
16  10 1867681949
0  13 92788373
11  8 369523976
5  4 83861251
10  14 689997100
17  15 1391694182
12  16 43181389
15  4 1666071371
9  10 873775013
1  18 2028732094
17  13 510084930
6  19 920632599
14  11 2090696166
16  5 68064411
5  6 990009124
3  10 379862163
0  6 1031585424
4  10 485722034
17  7 1880469532
7  16 700085943
17  15 683163590
0  6 455525320
0  17 431977095
4  10 1214092267
11  17 1259394364
4  17 1564922449
5  10 1564393716
9  14 1726776483
19  5 655790821
15  12 925797884
7  17 1754760721
17  9 15861734
14  11 1532530229
13  15 1925510737
6  2 591239958
0  14 473933681
11  6 2055800663
8  4 1494758360
0  9 1938688017
4  0 1830699107
9  14 1393037615
18  14 803000054
1  11 797728088
15  9 58279113
0  15 711421240
