200 20 17 1
2  12 1473393953
5  0 148657094
1  13 44598688
16  10 99314150
13  4 1222758079
10  2 816526672
6  11 947239548
19  4 21704855
4  17 895054108
17  15 106885012
2  0 405373323
7  15 1479266846
16  7 1083608735
14  15 392540278
13  5 1091854923
19  14 1992647414
16  13 1787735519
6  7 1486050721
6  1 1040116506
11  14 546837267
18  9 1763959455
4  13 1861753663
10  13 212053394
9  3 1716302185
16  19 1789080162
1  18 1102519973
1  9 418124868
1  16 518867216
12  15 534177355
14  5 2009720293
10  19 461709135
12  3 529673086
14  4 1309484074
2  10 1467203948
4  9 871345050
2  1 336437107
17  14 1081278440
16  1 642353351
0  10 820557318
16  4 329935518
3  0 2092531987
9  8 707010049
5  16 1610885161
8  14 1844889466
4  11 1606761454
16  18 1082994085
14  3 1723410490
2  1 568833609
13  12 2107786933
4  14 211394742
19  16 2100018788
2  17 1481357903
16  14 2005035739
3  10 982784833
6  7 2136783074
17  5 1433773711
18  5 1860793070
16  6 361047449
7  8 700998117
3  18 20162165
10  5 1304661428
15  12 32697603
11  7 1750416781
19  16 542537303
6  3 613246860
2  9 831026644
14  16 1735429118
7  17 1884088526
1  13 1535985243
17  19 561518226
1  16 870343147
13  0 1844093454
1  16 399663574
11  18 691841048
5  1 814288272
15  2 518149811
0  19 2055786278
13  7 469373528
4  9 1851030754
11  9 57128443
15  19 593763073
14  10 1355339842
8  4 539297186
1  8 1660034014
7  18 745681048
16  11 1763979596
12  19 1691484666
2  19 96477884
18  5 1251833022
2  8 216236218
12  9 1197707060
17  15 151747242
9  16 653103131
10  9 152709098
7  18 100249807
0  6 343284446
8  11 8952098
17  14 126987331
1  12 453542030
19  10 180759219
0  3 1438284785
8  4 1340298625
18  1 1814193177
6  0 997798789
12  17 1259376274
14  9 1936479369
3  2 40521163
16  15 1432090675
5  12 1368112461
8  1 1049221219
12  8 2080863774
18  7 793295940
14  11 1319912379
12  18 1356374643
19  13 146506669
15  4 502716969
16  9 173237637
12  16 409495991
0  10 1635040078
0  10 319591469
0  13 683111249
12  14 1647817592
3  16 252924508
10  1 1129489936
13  1 1466462629
16  5 101367650
14  12 1096104408
12  3 693782384
19  0 2147227294
15  11 1936734015
8  17 778019889
16  9 1552811485
10  18 1626508453
6  14 291991382
3  15 972599390
9  13 1756089200
4  0 427003623
12  13 280594227
9  18 1188797561
2  3 628339733
6  4 318012441
7  8 1382442707
6  17 1976155573
2  13 549287859
16  10 1546883544
1  4 1208139887
15  0 2038721831
13  15 1851658429
11  12 1319260527
2  5 1232691496
5  18 1595610291
15  0 206105427
10  1 433018077
4  14 1836564419
9  4 1041983872
16  2 542720030
8  5 1292529472
1  13 217136754
4  11 1608942491
18  12 651835619
7  4 1400867873
14  16 1033882556
6  2 370504802
0  4 1242514229
18  6 1166352470
18  0 444682318
6  15 106767518
9  4 1209249746
15  19 474288011
8  6 364782554
18  2 1650393134
4  3 1024001617
12  14 140435634
10  11 1891580717
0  4 451067357
7  15 1196958129
1  15 1337202694
8  3 652128970
0  2 698727643
13  17 654763595
8  13 243529953
6  12 1979128586
5  9 1017543166
15  3 892390855
1  8 1564446641
0  14 1428404032
3  8 1674542324
16  18 311142376
6  18 1011705350
7  3 1824171669
2  10 1328354883
1  2 422948742
3  6 740093026
12  14 2046211085
4  12 1177656117
16  13 939658721
15  6 1621128683
18  9 1795351438
11  18 1110614543
18  14 1715284575
