200 20 16 14
13  3 1401067351
6  14 1308548843
8  4 2080815989
7  1 1336320723
19  18 2013277323
6  11 1194294771
8  4 1756526084
9  10 1800998707
0  2 476407932
1  10 499174354
11  13 193742426
10  3 970943791
2  12 579847928
13  2 1739920658
0  18 1724724880
6  17 283073252
12  0 1587038513
5  6 50389735
9  7 1131790107
19  13 622577375
12  7 953794829
3  15 1425216535
11  12 1470877802
12  16 674923443
2  16 1815513414
9  16 25608704
4  15 838947795
16  2 1420497666
18  12 352845325
5  16 125956631
13  4 1331088790
14  13 1969136967
19  4 1825473089
13  7 1401989157
16  10 1620559054
10  4 2124195957
0  18 115960257
16  6 192314217
4  3 626438018
0  18 442230208
10  3 2102658922
11  19 1788417854
13  5 2048888832
18  16 1075243817
11  12 200494586
3  2 589382535
13  3 478345515
7  6 1715995995
15  0 1753094781
10  9 1586751763
8  3 1937610240
12  0 1791326663
17  16 1778811384
11  19 1726058093
15  17 315151724
16  12 1084834480
3  12 898609803
3  19 1936301378
13  16 1300448535
9  4 673654040
7  0 533219747
14  3 986866261
18  15 1661169569
19  8 1283358316
16  15 1744546043
19  16 586741028
16  0 316631372
14  2 199211575
16  7 246028512
10  2 472944443
19  17 1887363598
12  1 1314070469
19  7 1907983319
8  12 776467654
8  6 1019433736
18  5 1355808839
17  19 1172557491
2  12 920240739
19  15 186892466
10  7 1507403070
14  3 126372359
15  14 1117743196
12  11 1924241973
13  9 1150649900
10  1 1921538489
14  15 1265842780
2  3 2110861885
15  0 1052246081
17  5 895864358
16  4 2139888482
10  3 27002096
9  1 439747473
0  4 978344692
7  19 672388482
13  1 271728747
4  15 1158425963
8  17 1294762982
16  18 923300243
18  9 436085377
9  5 1333438251
0  18 547026132
1  10 1445592606
2  15 1687199885
11  16 718972024
8  16 1368035682
9  1 1491355517
1  4 289788565
7  3 1263933606
19  10 828003071
19  1 185926415
9  4 959419200
7  2 156043095
11  16 1298944193
17  14 360018899
1  15 354591303
17  3 1993873303
6  2 548085259
1  6 2080674864
6  16 446133815
9  18 406102634
13  9 1220931294
13  15 722543238
0  19 1021718766
15  18 1869500131
1  19 1109278065
9  12 392156072
9  10 1774393463
6  14 33304962
6  16 486041278
13  12 275033343
9  12 1207917978
17  2 1362637777
15  2 1419331006
6  3 1740201086
6  2 748886617
14  18 2115403777
17  9 1737778821
15  1 249044936
14  1 1375145353
10  4 1316088270
3  15 1470150865
10  11 1914851500
10  19 993204836
11  12 1326929777
2  9 1751201483
0  13 234471753
10  12 942151609
16  3 1772819700
11  18 1059566852
17  8 826502554
7  14 1226260197
18  12 774407993
11  18 659508259
5  18 278443151
12  14 2053854178
12  9 1083090533
2  1 68482017
12  0 413284330
16  12 1792682157
0  17 2100608939
15  17 989629477
16  7 138898541
15  1 609304236
7  6 1522167057
18  11 692535141
5  14 70645323
9  8 391230244
0  15 738654243
2  15 1609865984
8  7 463284407
3  2 760252737
9  12 705718898
11  19 1297615146
4  14 2066646297
14  19 1442645772
4  14 657945549
17  19 2006009477
2  19 1589425696
14  7 1551727607
1  10 284396871
2  14 1384010560
9  0 915395820
8  2 615450005
18  12 614721248
6  0 121764948
6  2 1653861553
11  16 932332470
1  2 1167316788
13  11 1318140861
16  13 564460967
16  4 2123331282
11  0 667723755
13  11 1328994858
11  0 1662296401
2  15 2116439240
18  2 803988877
5  7 216337861
8  17 1266843238
2  1 1151141525
18  16 987860525
