200 20 17 18
9  11 202617386
6  5 1541134675
19  9 1511577432
17  1 485733972
16  2 627020215
10  6 811165297
6  8 1249741051
2  7 1315741216
9  8 1492121220
13  12 104517580
4  15 1632031339
10  6 24573862
16  4 1307322757
15  13 1364775255
4  12 237577199
15  3 2117043577
4  1 426249717
16  4 1560863806
14  2 1753785728
19  1 243343609
11  9 1070085813
10  7 1534272831
7  3 1060170535
11  16 2106250856
12  7 1053376058
5  12 955606014
17  10 1882678505
19  6 610023348
6  5 2101534271
13  0 212548742
16  7 717403832
15  0 1859352391
7  8 1914773409
18  5 898430940
18  1 305886905
14  18 92842044
19  5 873924622
13  4 935086115
12  0 20568842
19  8 665205502
8  9 98165655
15  5 1229378734
17  4 1358152147
10  13 1005583476
3  19 1228233663
12  9 1240620896
3  0 144217587
9  7 362646080
16  7 744112867
1  10 1381897492
8  9 768174380
19  1 267383274
2  4 319634163
8  6 1798436651
16  1 350648670
3  15 1989295237
17  5 1695108599
1  17 681719509
7  8 2041497335
5  13 720248728
3  9 1969050639
10  17 638600572
16  7 1173639298
19  0 1737622007
9  18 552538441
7  8 75065078
2  14 945803794
0  13 1286924685
3  16 1590011466
13  19 696111008
6  16 1746735915
10  17 136820066
17  12 258639497
15  7 680002899
5  17 1890580467
4  7 178853774
19  7 191450396
18  7 22924943
14  19 915574586
1  5 590945346
16  19 589412508
8  19 1748163774
14  10 89124745
10  2 1380473541
19  7 885808441
5  2 691932160
13  0 1787246114
12  10 1299585641
4  18 629831450
19  6 486572579
10  5 1358011373
14  7 1942501709
15  14 1810823175
13  2 455394832
2  16 118131138
0  3 138725109
5  10 152121888
5  18 1785361444
0  18 1608880261
12  17 578038188
16  14 10435108
14  16 819401829
13  17 1004326614
7  17 1935895665
11  10 1754648815
16  7 1591886587
16  14 1857511006
12  3 678797103
12  17 1548928801
1  16 1956380885
17  3 99558740
2  8 848931597
5  7 944843885
10  5 301414881
5  19 752815920
0  8 1718311579
5  10 458983636
18  17 125192463
18  7 60192553
17  16 1400559791
8  0 710791158
11  13 507049653
4  8 1279763042
1  12 139284362
13  3 1104051623
4  10 985449528
17  19 2037247060
13  15 2117075087
3  2 128880335
3  19 1562844123
16  15 965080388
14  6 1447456778
8  16 1120139995
9  16 1574475822
5  6 273897201
2  17 702170319
12  2 644546476
2  14 876896953
5  12 1052019790
3  12 869233001
19  5 1573223652
18  5 285913856
19  18 1449594580
1  9 493068267
3  5 458236838
5  0 1811311060
4  6 1653110807
5  18 1245988136
3  17 1756710220
14  3 1153282552
1  15 865406377
3  15 598629721
16  13 1127789404
9  17 196266540
3  16 1462496516
17  8 690515168
19  8 1278382458
7  16 766973171
12  7 1761957457
13  9 1976651724
17  10 2045108279
18  15 1344716818
17  19 986228158
10  11 1884811216
9  15 2140436014
13  2 1567815711
10  8 1484793951
5  18 289599011
1  16 1742836000
0  15 1796037176
13  19 2017438462
19  5 463529196
7  8 1722993955
18  1 636272292
11  18 1673127394
19  13 1452945588
18  4 28180009
5  7 1357552
15  6 784837053
12  10 1808774871
13  12 482984493
5  14 1329443661
12  5 397760425
2  3 677466015
0  13 1619574530
4  3 599356215
16  4 1529107245
14  15 678858243
10  11 1539249361
18  1 761132299
10  4 1197852894
6  0 1574949905
10  19 1891068087
8  11 1815189840
15  4 281168756
17  12 169099002
19  9 1350016009
17  10 840622284
10  6 657024374
12  18 1036464938
