200 20 1 18
5  3 1206321600
7  14 695276239
17  14 375559844
17  13 1508198567
1  0 1085015196
4  8 972077481
18  17 1988159184
15  4 1489148447
9  15 161964206
1  8 292247094
5  19 1424214501
5  10 1831179103
15  2 955562894
8  10 1382287726
0  11 940336320
19  12 1470047078
19  0 1916369281
4  3 895050581
4  7 114811181
7  18 583690864
10  11 385166685
0  2 259562768
15  16 1525541088
9  19 1169688765
13  19 1034100250
11  7 1441818489
17  3 1006922777
4  6 455364341
12  4 1187996718
13  15 174356362
17  15 853904221
10  5 327899032
19  4 1392965784
9  8 21858695
17  16 144375562
12  2 1232348083
8  6 750108865
9  4 1093970624
2  12 1156030470
8  3 429309175
12  16 26044096
12  2 1493765995
9  19 1717645537
15  6 214907601
18  12 1193587529
17  6 1699869466
3  9 722188522
1  9 199255246
12  9 1888409801
11  4 1211987677
14  15 1174733510
17  4 2021620234
16  19 238047790
1  12 977924282
10  1 1216068247
13  6 1389153541
0  14 32796263
15  10 460521022
12  19 1442092162
6  8 1412755188
14  2 290559359
3  5 900537374
10  2 2054802612
18  8 186892408
15  1 116084482
11  5 1909562598
0  11 1368373269
11  15 1207857431
0  15 6453531
8  4 830932428
2  4 1492890926
3  2 1041506714
13  2 24782821
5  15 1051376608
19  14 269512466
2  10 117421677
9  14 803712987
10  19 1439878693
11  10 64926087
10  5 1339387095
12  8 312152136
0  4 1093773611
13  6 621674691
5  4 2109129457
17  11 1302927796
18  11 2024243248
10  13 1163555141
17  1 1134006416
10  19 488841760
4  2 1735613907
15  4 1312202806
18  2 553102624
18  6 1153880120
13  12 1791258628
2  11 244506682
2  7 281349125
5  18 1418287003
3  1 921373743
4  3 1255784270
0  6 430404332
3  17 1305673943
11  0 1349759408
12  18 756049805
6  9 455213982
18  2 803627836
8  5 357509821
1  6 522967912
1  8 1974536503
5  10 600255450
4  10 1869368018
12  7 736569050
11  9 1233559528
10  12 580664148
1  8 1621482778
1  5 795204167
18  9 1915067217
8  15 6067807
15  5 1324162986
7  11 702223203
11  0 301969984
16  19 1374366662
4  12 1887535722
7  6 501160840
1  7 1096612922
19  9 1304934392
11  8 997375203
18  9 1712183368
1  6 52622444
17  14 330428256
11  16 167252911
3  5 967680211
15  7 439281655
14  4 1638891287
12  1 1727893157
4  19 1187007238
5  3 1818201435
11  4 2017921864
9  12 778075991
11  6 1415630075
2  11 608028874
3  5 1378071713
12  18 490225520
18  12 1662872226
4  3 888092444
13  11 1224937046
12  10 1345103142
11  4 1904585622
19  2 1389688826
0  8 1972785801
10  14 1965286613
4  2 617632356
4  10 258713079
6  5 1421912560
0  10 73239123
14  16 1873115077
17  3 555280397
1  15 562392303
8  19 551738022
14  11 212540367
13  18 1185953496
17  8 267827866
12  8 699603313
2  18 225542998
2  8 840199528
5  0 1116045391
7  17 878709389
10  14 481768578
13  9 965270693
12  4 1449035959
9  14 1652877723
1  8 1271864394
7  0 1229320478
6  14 450463787
9  1 2044801758
7  9 1672850925
10  17 443687615
15  11 916541038
17  14 728525902
0  14 1178677531
16  0 988841418
15  5 1059320955
4  12 1560509225
12  5 1985710037
1  3 1595291085
1  10 948940326
3  10 1048724520
16  4 593052731
3  6 889651941
8  9 390043305
18  5 892874004
13  19 769323835
17  14 1836509583
10  15 217733531
1  7 1809342701
19  9 1476792268
13  9 2017518010
17  7 1772929908
0  18 1964634790
9  15 1557056942
18  4 1188612460
