200 20 3 0
18  15 1291625936
11  8 485033133
13  10 1519425786
16  0 642636273
3  1 969162121
4  3 412922740
8  0 375805688
10  18 1342625525
2  19 646116798
17  0 769501498
11  4 1856815151
11  8 1231877591
5  18 487198557
12  7 175376079
1  11 1005902166
6  4 1222055718
19  7 1290877317
2  15 812685373
15  19 891357870
16  12 1910270765
12  11 582431502
15  14 1601998980
0  2 328538945
17  16 264596456
1  5 13254391
2  3 165848391
2  14 2075904507
16  3 744587218
5  6 334294311
2  6 795121442
13  12 1135064487
6  11 1007677086
1  14 393166563
15  5 446252036
15  6 1209159630
8  2 1006434344
6  15 511480543
0  16 984682134
18  11 1783274776
2  11 1214910388
17  13 178575913
17  4 306207461
17  12 535831872
5  19 735478901
15  19 1108342851
8  2 1415345624
7  19 413115265
19  1 484459780
15  4 1959786409
10  19 1793349793
0  1 1773458248
5  19 688109952
5  16 1614636577
14  8 1915490727
10  17 818187150
12  9 1261452542
11  6 287904576
17  18 815243821
18  5 597526967
5  12 64838530
3  18 146135243
6  2 1218795267
19  18 91010438
7  3 224841964
18  19 954305379
1  13 1996626129
7  6 1322601390
0  9 941240093
18  5 916107415
9  12 584736851
5  15 761401439
5  3 1546640008
11  16 591276415
12  1 1637375649
18  2 1491027447
2  4 1822550010
19  16 2042250493
12  18 284043315
9  0 1918757222
8  11 1181370325
14  5 1811525246
3  16 929859727
10  18 572453429
8  19 1247666386
9  0 835827603
5  9 570330182
9  2 695511652
7  15 13992006
15  13 1151049107
2  14 2097086197
0  10 200611182
5  7 418378874
0  11 105398502
18  3 41857307
14  18 1346416071
13  5 1571357381
5  17 1563055872
12  11 525360772
5  4 659206142
14  2 2084281548
1  11 1802198680
18  16 325575223
4  8 1611109383
19  18 938581968
13  1 547190533
9  3 318249472
18  0 2121896507
10  16 958824804
3  1 1817786943
1  14 1586071324
14  11 1840465137
5  0 971458876
17  19 68484732
12  6 1319877535
14  10 1926001879
1  16 1768222068
16  11 88422482
3  14 1660695099
2  1 18541657
5  8 2032880390
1  4 2015479868
1  6 651480143
6  19 1038976093
5  14 1070363640
19  1 328396984
9  7 688996799
1  9 770392020
18  16 1618699949
17  6 1093788345
14  19 1042922595
16  2 1979610326
15  8 739992818
10  15 2019687682
19  11 313270854
6  2 605765958
9  0 1024649543
4  14 2065901456
0  14 1876432485
17  18 1863966130
2  18 53227032
16  2 1042807770
5  10 1657268096
2  3 1565491893
6  18 559975212
13  10 1325328079
6  7 1056221504
7  1 210767584
12  10 1089809296
14  19 1301923553
10  12 761365244
4  16 1974059891
19  4 687482433
7  4 1062728595
8  10 527622979
0  7 476426277
8  7 1540501051
15  0 1928849793
18  8 1481218323
17  11 278058402
10  5 1996636666
6  16 673115515
9  11 1847648399
9  0 578167302
7  0 1798568338
12  6 1945232342
19  16 1289028558
11  7 550834857
15  0 1517774866
10  1 355118454
16  12 1317933171
6  2 694722297
18  15 799832311
5  18 660212856
14  3 1761874869
12  8 335229185
12  1 1989464762
7  9 1869656709
4  15 349316699
13  6 503077572
7  8 145927958
3  13 1221330937
4  1 1729689682
8  13 101645510
7  19 1934826455
11  7 1891632664
2  3 309625266
10  14 537261498
0  3 988178749
1  6 973824397
8  4 1883991707
14  16 1272284624
19  4 798809491
5  14 1192831817
19  11 339831749
14  18 53709537
2  17 840810436
9  8 299296514
6  1 1892841180
17  0 543403250
13  8 1513564393
