200 20 15 6
18  19 1400644123
9  15 1692848401
19  12 2118924938
6  17 207197809
9  10 745300885
1  8 1191012763
12  1 288341367
17  3 2137602394
2  11 23319597
6  12 724888519
9  10 214992023
0  9 1976215130
9  16 1839355189
3  1 17024392
10  2 27080836
5  14 222037909
6  15 1475731607
8  7 19785704
3  18 1436916857
19  13 1122508598
13  9 533723134
3  11 1266656439
13  18 1939814924
13  18 1542919273
15  16 124483989
0  16 1418176563
19  9 673701604
5  6 437113790
16  8 442839189
9  13 2107955835
11  3 289182915
7  9 1242652074
1  13 668578019
17  18 1121919432
6  4 1525320462
18  1 131479411
18  4 1582704737
7  3 1095055750
5  11 2093139010
5  9 210416881
12  17 1982105311
2  6 898715857
2  17 1414544877
4  5 2122992316
11  8 303281378
8  19 1728842983
4  15 1126772973
5  2 74871071
7  3 567736187
12  19 706978090
10  11 1491223308
10  1 1745490808
2  1 1137318789
19  12 626509050
0  4 1013998438
13  12 458404557
0  8 846446791
7  6 2120558227
3  19 1802047800
0  2 1673575236
7  1 192744018
12  3 93826331
16  17 1594828042
17  15 746287895
13  6 249371523
12  17 1097963017
10  14 426935759
1  15 1719518129
2  16 251899199
18  3 887474507
19  5 1919200981
0  15 853168319
4  11 1006930934
12  7 1500153551
10  18 1299144514
11  8 897425693
15  0 1782992584
8  2 1797095747
3  4 440938878
11  2 333595621
14  0 1260945165
18  0 1702456990
7  5 1389122138
16  15 478279016
6  18 892082847
18  3 2036058252
3  10 382188665
10  16 1519721177
15  7 519710470
4  2 965707522
18  7 1936527595
1  11 840145221
4  11 901013187
11  7 1929726757
5  19 1617311871
16  18 1540248715
12  2 1976993904
11  8 49012571
10  18 1769279150
3  6 526735234
19  14 1386303493
2  18 1857885336
10  14 1623812872
1  15 1940379468
4  19 887684020
10  15 859459700
19  16 75860220
10  5 33799599
13  1 1078735570
11  16 1882480469
16  0 1291812407
13  7 1984872018
1  16 1516456717
18  5 1691577465
11  17 214987424
6  3 1340549333
6  3 638620317
14  2 569449213
13  17 847247985
19  6 1912336207
9  14 394602060
16  18 1625451837
7  15 2073256643
2  9 661752692
8  14 1201624224
1  11 342464409
14  18 1410213135
12  6 1654613506
18  12 487635519
19  14 505829590
10  13 1404859993
10  0 1680836662
8  11 1484292153
7  3 1117224579
17  2 1986949647
6  0 1994957818
3  4 84227728
7  15 707551737
12  18 999411158
5  2 703736771
2  1 1427071401
1  5 308706487
15  16 667784069
14  2 656969418
16  18 999785830
11  2 92283321
5  15 1910998012
18  11 1384166352
16  12 1269817218
2  14 747820688
10  18 1555585068
8  14 1462693858
17  6 1531983095
6  9 503234880
0  4 2143575421
8  15 1486809849
7  3 377235754
19  16 1188417918
9  6 1180235127
9  2 536568647
4  6 278386702
18  7 619873983
13  5 1302004221
19  18 944675119
16  19 1864021534
2  4 1201489374
9  10 1476394737
11  7 1406029104
10  19 447999719
2  11 1504455054
0  4 284258507
9  4 1587751657
3  2 1545368573
8  9 1139898905
14  16 2106152929
16  7 1277021753
3  10 884329309
15  0 1878629128
9  8 1770198670
16  17 1662420741
15  19 1211425473
15  18 1121906470
16  10 76006368
3  6 1726820546
11  2 237144242
4  3 444948752
12  8 246825106
1  17 189863272
7  5 917655566
19  11 521987892
4  1 1627663596
8  2 2113297237
0  17 295733032
19  4 946336333
2  10 1661375240
12  5 981950710
14  19 185334808
8  11 1699851760
19  3 105786499
14  11 1752742849
