200 20 19 3
12  5 477899102
16  1 1662034077
19  4 1761913906
18  6 309000531
11  18 298217729
17  14 1171029405
3  12 118315777
17  3 197613346
19  8 1159795616
17  1 2073069567
1  9 1218393413
4  17 1092534290
15  9 260193086
12  8 426831648
19  0 321617806
7  11 1088355518
14  13 890740687
15  16 1729048914
14  11 546983995
12  5 1653751629
7  10 2141508227
3  11 31557537
10  6 1803394570
4  18 135019976
19  9 1901815510
5  17 1758881829
19  4 676738895
8  9 875672416
4  16 210601548
0  14 601843640
17  5 2000513478
2  19 108049407
11  15 306324830
1  19 1398501920
2  10 112338813
14  5 1608607211
19  4 35235481
19  17 179018469
18  12 496384711
12  18 1437583050
9  12 304011371
0  1 454692714
15  1 1162504387
18  13 1790765778
15  17 1765210245
5  15 1342023679
15  6 428473346
16  8 1563603588
11  5 863247203
11  5 698287606
5  11 142592777
11  17 617222639
15  17 1116390933
13  10 101040490
7  12 333506362
1  19 130612366
19  12 1987742089
5  4 80007030
17  6 653967812
1  17 1410850853
6  16 1302754202
19  17 698867436
5  2 1520196504
8  14 1622319982
4  5 1288896965
2  15 1138658200
13  15 1681060318
14  1 244006078
12  3 1678554956
14  15 1505505467
3  13 915875125
15  19 1952609513
2  12 67338461
12  1 1857562123
19  15 838191713
2  4 1687267753
2  17 337571086
7  18 647457282
19  9 324180578
2  8 803132667
1  3 383590544
12  15 1076743671
14  13 203375810
1  18 415990643
13  16 1925773041
8  3 664978801
18  5 1687819713
1  17 1889206283
4  14 449610195
15  5 389700633
4  3 1855557892
10  13 998657883
12  10 571020277
12  6 1043680320
14  12 262502541
19  5 575642052
18  11 1320860868
2  11 1092034243
4  14 1810478079
4  8 491475075
4  11 1327205452
6  9 490881737
18  16 2093279317
6  16 2118620874
5  10 523641514
6  14 1238056118
0  2 581537698
12  2 1988139977
5  7 154457696
17  7 1475395085
7  0 1308042669
5  3 1514762747
16  2 485824913
16  15 706048685
15  8 727683709
12  1 1148393160
3  1 1709976808
17  13 767408577
0  14 924562833
1  17 1775495794
5  1 342608895
18  6 1751642329
12  10 1305851823
16  9 201080451
10  7 1946920377
8  12 452860060
14  8 438318212
5  3 936583150
9  3 1655033071
3  12 1783359257
18  2 1482338683
10  3 1646397541
9  17 2104245755
1  10 1627060643
16  10 2054137831
3  9 894360560
11  17 1848466209
0  9 1117850944
6  2 603360701
15  17 1848116227
8  3 387646651
3  10 1452826573
8  17 962532803
7  2 782823912
6  1 339992582
17  19 922480830
19  4 27086457
1  9 180107442
3  4 1620234232
18  4 561112862
14  0 1568712406
2  9 2143421782
4  2 996236491
13  4 794593677
4  6 1113332760
10  17 137113770
0  11 1857118097
7  19 1873716540
18  16 1343033544
15  5 1458377205
9  11 835125277
13  2 272910303
19  13 1288720792
15  12 636777239
8  13 493784875
14  13 1714131561
7  4 1036241882
0  10 1664083811
18  12 178089670
12  6 1227268789
12  6 699536895
16  9 719365606
10  11 13196319
18  12 686712641
18  13 1686472666
12  17 1030753702
9  10 2141321699
7  0 1992486705
2  16 1828518980
18  17 262816630
1  17 130975403
5  19 1996967
18  17 1725778051
4  7 1702116304
17  9 1791845322
7  18 331274861
5  17 1791040084
17  15 1777496839
7  11 1815748040
4  3 304966767
5  6 1966368183
2  1 1918165015
4  17 177675856
2  0 1321718395
4  15 954648476
5  11 2128702425
6  4 1625788769
5  16 481112440
3  19 1206416488
7  15 1667321352
