200 20 12 17
18  1 1114114118
14  16 1064367161
18  15 1611699663
10  6 1742875001
5  16 1385714803
17  9 800741762
0  18 1324772855
3  16 907279782
16  14 1041154549
1  16 251813668
15  8 1691904423
6  8 21632267
12  16 1142789935
18  11 2041843540
7  16 1963033687
14  8 723748613
13  7 1984852362
16  11 1088854628
7  18 1375438031
4  19 2044294364
12  4 31090610
6  18 601387440
6  19 1667482350
9  13 1789000482
1  14 425623784
10  2 101028739
11  18 1286584203
0  15 1819476532
8  3 1212456924
8  9 1851744641
7  11 1042088287
8  2 1648720783
7  10 1760227117
18  1 86239705
19  18 1213334170
0  4 972449966
0  3 32205245
12  6 1329148519
10  0 1823073682
6  1 1899771072
14  18 1619467073
15  2 1565180615
4  11 1949346207
6  8 632278609
19  5 149482772
0  4 478138624
9  17 2144275779
8  17 355039813
0  18 1170533805
4  6 458592403
8  19 856733614
2  14 521965949
14  2 25320452
6  2 963761570
11  7 1190956759
3  14 671088059
1  11 1601825773
15  13 286474717
1  13 1142964232
2  19 2043995771
15  4 1998842164
13  18 235358498
16  13 501229055
2  3 2028854230
5  0 889204655
3  6 648879405
13  10 756676204
2  12 1532427379
5  14 1463341114
13  18 425025521
13  17 1804862355
5  19 1003732363
3  5 1571964308
11  19 2014812882
12  1 787326695
15  18 695506707
18  19 22070219
17  19 544608894
19  8 554626693
7  9 806285061
10  6 2119970035
7  1 681581382
3  12 780917734
4  3 1542886867
14  16 1474980268
10  9 1248733267
7  17 1790472041
0  11 1539317883
14  1 1528271495
15  4 1865225173
3  5 1179059083
9  2 1874675699
4  15 272639363
3  15 1463935588
12  0 1027541632
12  13 1030644197
16  14 1649193528
11  0 1018122498
8  10 301255100
12  10 1310324458
6  8 1271332448
14  5 760708585
17  18 144132505
9  11 1915505964
3  18 1769821776
10  13 1901737109
6  17 1692416138
11  2 1050994965
13  12 555499588
11  14 1618487598
9  13 1713970015
11  5 1737015538
6  18 1224945412
14  5 542068320
10  6 1101011012
4  17 1982196619
5  17 1038753146
1  2 1075435784
10  11 1908605421
12  5 424155446
13  3 1553253179
9  12 1150319142
11  5 1520926362
7  0 619509410
6  10 2004308303
0  15 1452575371
3  6 1079703332
15  7 1702380104
1  17 1145999767
2  10 1835440856
7  12 1385732862
6  18 1115793118
0  5 356523260
18  8 79030539
5  14 69964792
9  7 1982215803
18  19 595223444
4  14 1108359081
2  0 1412686360
16  8 1210764439
3  10 449509345
5  2 480996182
7  19 1089222068
13  12 1013541152
3  14 284705018
6  1 799037056
17  1 1830411482
14  7 491332697
4  15 2028779598
5  10 1765376796
8  15 4975707
13  6 515179083
8  7 1986453452
15  5 2056309068
17  16 104871215
2  7 351790126
6  18 2035078590
9  5 458558157
3  11 1827086169
4  12 2098703356
9  13 1065797120
19  13 937546560
14  8 710654303
4  3 1185158406
2  15 1146865908
10  2 1169404156
5  6 932452397
13  0 2031046777
10  5 1016416509
3  0 663341098
9  15 454812444
0  14 61083554
18  3 622867657
7  17 1047251119
14  8 433910918
8  13 147417150
10  4 1231558474
12  6 1558232806
16  13 1287213614
19  10 1357798158
9  11 1191840734
17  5 1794288575
2  1 39874593
9  16 933001025
0  12 1992983913
13  18 1578804415
15  14 1587963822
12  1 1331274519
1  3 1382386322
19  2 458109767
1  4 238499730
8  5 1776182384
8  19 400725091
14  5 1788063701
0  11 1123764627
7  13 136648848
12  0 1167076629
13  11 621205036
9  5 1647038923
0  18 1948338107
