200 20 10 2
7  0 882261028
11  16 434635362
6  2 505088668
8  14 896434100
8  7 262648468
19  0 597363216
1  11 1300635270
2  1 1036315692
14  9 953014539
9  0 1084055951
14  18 1021771039
12  18 1782751558
3  7 1545503738
7  5 1752579358
11  13 794331736
3  6 1973520302
15  11 1537548031
11  18 1923822998
4  16 1208441564
9  19 1467219795
10  8 1814992608
18  9 1720885727
6  4 1228697470
17  14 703638684
12  11 975405712
7  19 446393456
9  16 627073934
8  14 1700558013
5  9 1478536890
19  10 1446300366
12  19 1641736770
15  3 80851606
3  7 504209875
16  4 1498268967
3  10 1725784241
4  12 1756769563
12  1 910338601
4  8 646788813
12  5 1420442719
18  7 280111240
2  16 2011141600
7  17 283604031
0  5 1081860095
7  16 1419748155
7  16 237213319
3  17 1102278500
10  5 720691325
16  6 1401776479
18  15 1728023732
18  11 1056825001
18  19 904326725
5  12 146638404
7  19 665941380
18  7 1458127123
6  9 1224988013
10  15 417335490
8  11 1106772735
14  19 1007232280
4  15 484394642
3  5 1137812604
1  4 1779284520
10  8 1775917233
13  14 985539195
2  0 1551701604
3  8 1506230016
16  14 1640995101
10  12 1885283927
12  3 28240728
14  7 330333350
6  16 13758934
2  0 356524511
8  18 706605273
13  9 2004992416
4  17 627270322
0  3 105547853
13  11 2127536850
5  15 764518018
9  12 461679549
17  5 916797381
14  4 1006778417
9  16 1820037662
18  3 2084442293
10  11 1109515835
19  3 342832338
6  10 1715333953
0  8 1248838281
18  5 1172171616
15  6 124486771
11  12 510614184
10  14 1463820733
10  16 1183545490
7  9 1288933610
5  17 1462307187
10  11 1051449558
4  19 541680843
19  4 1503912049
12  10 8290761
9  2 2110359437
7  12 1241348550
13  16 129984826
13  6 528014961
1  16 520281039
15  2 1517123985
7  9 1074566536
16  18 598392583
18  15 20919524
14  7 630865433
11  5 1228668451
1  6 1842302531
18  16 1745106439
2  8 255705230
9  1 609629955
4  19 1490776482
19  1 897025208
19  12 1061333123
0  19 1619479150
0  6 227650706
14  16 1682493096
0  12 2138929534
13  10 903094130
4  12 1681484175
1  7 1670911521
1  12 50185306
1  10 384187232
8  13 1327330405
4  19 1117327463
16  9 159989919
17  1 1447828592
9  16 1875209402
3  13 1904034233
4  12 1190921638
3  6 792362297
18  9 694210220
10  6 2063810434
6  11 1251490094
14  0 74320395
18  7 157183542
12  11 1045341498
13  9 148361561
4  2 1563488589
8  13 1639376542
7  17 833848060
4  15 1284088146
4  14 806839352
6  2 1847465136
2  14 1213861607
4  16 787904941
9  3 135389872
6  4 935189123
19  10 443594699
9  1 195147567
16  17 1768072684
10  2 1878188682
2  9 2063283027
4  14 489114354
4  12 1276316387
17  14 815858621
10  18 1297982749
19  18 1746251454
2  7 1835292138
4  3 679374751
15  3 638918772
2  13 755841646
19  17 1832302125
15  13 4209570
4  6 834540077
8  10 1588870665
0  9 1654706117
2  1 1862121840
9  1 357674685
5  12 93369644
2  7 1934770405
12  17 1649019712
2  0 1916582506
8  6 2059786097
18  8 1406785473
11  15 894819277
0  14 1249803082
11  8 1533876780
16  12 1566676991
7  12 1254813571
19  13 133983153
1  5 1538815497
12  7 377024998
11  0 534546349
2  0 2076485114
11  5 497492245
8  3 776858141
16  12 1026870177
7  0 1574712835
13  3 2070523565
4  14 427655040
4  3 696501142
17  6 1762543962
5  12 1394437301
19  13 1720500887
14  10 1513234181
19  8 630306814
4  11 1947713683
2  19 966302991
