200 20 16 1
4  7 214309893
12  2 103179894
7  15 1139138100
18  10 2036328867
18  14 1302783126
0  19 1386149291
7  2 753476080
8  0 1570368208
7  19 1193341929
17  13 440291643
8  17 605094201
9  10 169005919
14  5 1632811891
13  7 797381994
11  1 724409965
11  10 568884085
9  4 1139078899
11  0 538611247
6  15 266165132
18  16 1605418883
3  7 1566619720
9  5 936926425
4  5 1501260170
19  16 72914359
8  9 2106902182
5  13 1672325239
7  3 915422692
9  8 669589564
14  7 1573428094
4  14 1400948499
4  8 1774698130
13  18 1071345799
3  13 1140855632
15  7 624776717
0  11 326676155
4  18 1958049369
13  15 1061590283
11  12 69653181
10  5 211790644
11  14 29442378
0  7 1103027729
4  16 1195510287
19  0 411944381
9  12 17845883
17  2 64881666
2  17 1854981990
0  5 678960470
19  8 683444866
8  0 199223766
14  4 1471757204
10  3 1593339201
17  2 1970385442
5  18 1315039652
14  5 1687033788
8  7 491793081
2  14 1738384452
11  5 1729566160
0  12 1706898338
15  13 1656272689
2  10 2146789754
16  7 404304060
15  3 491865666
11  2 1963008974
18  5 218431870
14  11 1902204210
1  11 1501277933
15  4 1002423080
1  2 177285980
18  3 1786444904
2  12 1781117476
14  4 1184249466
5  4 639404854
15  10 386756623
13  4 2127288273
0  11 1179867061
17  2 2093271489
8  11 404908106
6  3 1768473708
11  16 872498577
1  6 799924816
11  8 2038585720
0  3 1844534598
13  1 787228024
13  19 682076972
0  15 484530803
18  5 315354527
18  6 1384853528
0  7 101802555
13  16 1830476519
1  15 1712909456
17  12 1750854081
6  4 863519794
8  10 1858979608
11  0 321159891
6  5 2135083108
9  0 702269313
18  6 682615971
14  17 819471759
19  17 158063868
14  9 744307861
5  14 405094571
10  18 1538187352
13  3 1712938141
11  9 1701929543
7  16 1114523086
3  8 1439868203
12  3 562361187
9  13 1977691136
11  0 948359109
11  0 1936088586
16  12 637787028
12  14 69648772
18  10 1227211855
17  1 1683270958
8  9 608497394
9  16 49241759
5  12 48164159
11  18 955270944
19  10 1225972700
2  10 2145920897
2  7 1925943685
6  2 23482062
18  9 788200221
7  16 1644504716
17  8 1307078326
0  19 1828794613
16  3 518628899
14  12 952127104
16  14 1571962506
18  10 82328729
0  19 486202215
15  3 1820316675
11  4 461150882
4  9 1711373248
7  16 124072156
18  3 125739762
5  7 1430282063
4  5 963966049
4  16 363489911
10  18 796260306
1  4 1306944401
1  11 1397685065
15  19 1057490850
17  4 618094233
7  14 1181187249
6  1 1531495597
13  14 253262808
1  12 66344500
17  9 271167730
17  7 1109821944
16  2 1751551652
18  19 232179744
8  14 2114617917
10  5 662411654
8  2 1035346636
9  11 1240364410
4  17 2129187436
1  7 1340285719
8  11 411115032
0  9 2027073156
5  10 1460602585
4  9 1790876504
11  15 1528131388
0  3 1283989602
17  10 1138484773
17  3 847173603
12  13 320213359
3  1 2013885520
14  7 1148166543
1  11 1993150175
3  0 1325764898
4  19 377407894
19  15 1678452585
8  17 686676660
4  17 63974459
7  15 20022558
5  12 80725954
7  8 423440100
3  1 1239786268
8  16 1821791327
0  18 536743401
19  2 798554598
4  16 1159519541
3  13 2145118555
6  12 1680561859
2  17 621793513
15  14 19120378
8  7 1743816829
2  9 1473445461
18  19 2096421337
16  6 271477182
5  3 1830142224
4  9 1016356222
16  12 198059519
3  17 1347200546
17  15 831353497
4  12 279673762
7  10 1581254296
18  3 229263341
18  6 1182507633
