200 20 17 11
16  18 1176023836
1  3 1848983352
9  15 205748125
8  10 798462623
6  4 1369911726
6  10 717691716
18  19 1042964801
5  16 1418137637
16  7 1552959217
5  15 495264251
4  19 2146694414
16  15 1431074839
6  3 905947134
9  0 1113635991
7  6 1586806711
14  12 557435905
7  4 1470102171
0  9 711130062
12  11 40536533
11  1 1050276234
10  6 1578402709
6  19 1929875906
18  19 1374332691
7  9 780483050
13  15 1127092791
17  6 1018117458
5  14 1331793390
11  0 528465335
13  6 1797210416
1  0 7176645
11  5 1647808590
4  0 1905419853
13  2 215037522
8  1 2041724272
17  6 1061866128
4  7 462736761
3  14 1625941514
14  15 1936420254
3  18 1566633272
3  13 1555994450
3  9 459286834
12  15 1188043956
5  8 1439041625
14  13 1778667450
15  11 774484373
2  17 874097569
7  2 1666619916
1  0 1077443492
0  6 70399644
2  17 1291663100
9  15 15421941
0  7 1500584556
1  15 258666475
14  16 1956994846
7  9 820836227
7  10 1393277106
0  5 1939748349
10  1 1232641836
5  16 1833038118
2  10 1448695928
5  4 967427552
14  16 1508843711
17  10 1510863231
10  2 1373465078
2  7 1902070162
2  6 1267778186
11  0 1845510986
4  18 1314077542
11  15 1270422269
14  15 1257374527
4  2 1322684781
19  3 1389597410
19  18 1310385536
8  10 78785988
16  9 1086083402
11  2 1981296625
12  11 2069024617
9  3 1210640582
13  8 1996680370
14  13 1636805085
17  6 698455936
7  11 1790388768
13  4 77086868
6  5 1232791406
15  9 1301062535
19  4 1742498728
5  16 1197964255
9  2 1551092655
14  15 537640014
11  16 2072373808
1  8 773275168
17  2 1290487707
18  8 1569760622
13  10 1293917012
9  19 1364451836
5  2 1474052458
5  18 2112340279
0  5 1056603657
16  14 2125203563
9  5 1798642719
17  18 2012601212
10  18 975906740
1  6 1181565828
3  4 1918272913
12  3 1893952733
7  6 1546308954
6  4 711501820
14  17 1395103469
13  2 1608730924
11  6 1469941687
8  0 1330715313
15  0 1248761461
8  3 1321792197
9  13 760711700
11  10 336232431
9  8 972698008
7  1 677343779
4  2 1529651634
11  4 1831077795
4  12 1312517210
7  5 1452766995
7  4 1920478442
10  8 1984724870
3  1 881699189
14  7 72260944
0  1 2029262470
3  16 1362829809
9  11 1075160852
6  2 1698053885
1  11 1173100078
11  7 63559428
15  7 1777432296
18  19 1687711960
18  17 1324748596
7  6 751873426
9  14 55200839
1  2 506177359
5  3 52005741
10  13 1630184674
12  7 1884103669
10  17 1503595823
18  13 234863849
19  16 1653604697
4  13 1215538055
11  6 859948747
16  14 1916496577
17  8 1790544769
4  15 33934187
18  9 955833458
18  19 3882012
12  19 499025344
14  3 486226819
2  13 728616499
0  4 1039927743
5  10 601296114
3  9 1354709825
7  8 813123040
5  0 1675293979
10  9 1665099706
2  15 869667235
19  4 936278490
10  5 504641961
3  9 185504202
11  7 327926546
18  10 98126372
9  4 288233004
9  7 183288306
11  0 649050545
5  7 167180310
11  3 452753113
14  13 1732543207
9  7 13752276
0  18 1386900037
16  1 815653157
16  19 1801436000
8  13 1513568827
14  11 257049079
14  0 1849657293
12  9 2101449803
16  15 937999009
18  16 552419745
0  5 1033545589
11  19 2109394305
4  18 757903096
13  18 516455228
18  17 2044773727
16  11 787644790
15  10 62944946
2  16 1935271092
10  0 873768105
2  8 177784343
3  18 1736006179
13  0 1529865158
9  19 683480674
11  12 1505880528
17  13 1233203416
4  0 1328454163
16  4 2012064712
16  6 516198461
13  5 351239170
