200 20 15 16
5  6 1678543171
3  5 1190325381
4  7 461259563
9  12 1867775793
18  14 978741303
19  17 469867300
13  0 221554404
19  3 905832105
4  10 959318283
5  2 651365147
10  19 1616052362
17  12 1176032106
0  4 1064538680
4  13 739444441
1  0 349917663
15  6 178831286
5  18 722480385
8  16 1909551788
13  11 1326520894
1  11 676693643
19  6 758313073
14  9 1100462952
10  2 1132811318
13  1 1469723504
18  12 1855577816
6  3 1668845915
9  18 6409193
4  0 660971115
18  16 1856895040
7  3 525136460
13  18 361131197
10  3 1124604153
13  17 1019178150
16  15 736806840
15  4 408609791
16  4 576587465
10  0 1869995514
19  4 993169217
2  7 1053793330
9  7 1953032426
4  9 973890039
4  11 508112621
3  1 1045503464
17  19 1305072929
5  4 1209857599
7  2 449850023
11  16 1091024865
17  12 2117809449
8  6 1404037392
14  11 1214919527
16  10 1822579283
13  1 1197679306
1  0 702585216
10  13 2135485072
3  5 195869006
17  8 1691031116
3  4 334109109
3  13 186081304
13  6 1637809146
1  9 460177285
15  17 611294764
2  3 661861689
6  3 285492231
0  18 1778758981
6  13 311332244
14  4 248036078
17  2 23481373
0  15 197129467
12  18 1524661083
4  8 692841005
10  18 162524711
3  8 848696582
9  8 310086318
19  3 365529051
2  0 1711451731
12  17 2131553606
0  2 1749502651
2  6 1369567083
4  12 1760618977
5  6 1939386373
19  14 1157007910
10  6 860398212
12  3 1683163702
15  13 1178990716
5  13 840959566
4  18 381135052
6  8 721167104
5  19 423635431
0  9 1164326225
8  2 1947874932
2  9 1782204480
1  12 1334588589
5  11 546811655
5  9 650117769
2  4 1727734071
13  15 1139430269
18  5 373808356
14  18 322107805
2  11 140010700
9  12 1564390330
1  5 2097643280
14  18 624740545
12  4 1520938656
17  7 864971944
8  3 1490803686
2  1 715139063
16  1 956247119
9  17 2003565014
11  5 1775333807
10  9 17046991
14  7 1669614540
9  14 43417026
6  0 1648509051
12  5 1458859580
15  16 395732780
4  3 1185214015
4  8 2080685908
11  4 1876660778
13  8 770135962
18  13 469133824
1  14 2004944352
8  13 524129458
14  0 518369189
18  19 1886396917
7  6 1316231177
1  2 1461783121
5  3 1622476031
6  15 1736066457
16  8 1329999495
2  8 1457943260
8  15 245674689
5  17 240986241
4  18 1858850205
13  11 913226525
16  10 781353059
1  18 2106030591
11  8 21596084
5  14 843266197
13  14 1106038323
19  10 878367878
17  4 780798265
2  12 441131780
2  7 1309200791
18  17 583086896
4  5 819349269
17  7 707226237
1  17 1870629732
10  18 1443639098
15  18 2034638465
0  18 1568281306
14  11 716763223
2  17 1487936581
0  19 106599252
11  4 1114902103
18  4 1327660385
10  18 1484512011
12  9 865409031
6  3 305393831
6  2 559039464
7  3 769791417
3  18 709057129
12  1 145954786
9  18 1584242286
15  6 2105393709
6  11 1655915529
17  4 670594212
19  13 1899765792
10  14 1163429596
13  18 1427679857
5  1 2010434978
14  6 1098965300
19  4 183874431
18  13 1329913223
1  3 154863578
3  17 2112622926
10  17 478529311
3  10 232207944
8  9 1445084194
18  14 1623250528
4  10 671505668
7  4 1329402501
13  0 439323025
11  10 1933283088
13  14 1415858416
5  10 1358079889
10  17 404396093
16  11 1550346555
15  19 328343408
12  14 567183877
18  13 2086859708
17  2 1003534690
3  7 875311581
4  18 1681950693
10  11 1594390896
3  16 130273446
12  14 1765921371
14  17 1492436076
15  16 278282606
13  12 1381001388
9  13 631323209
