200 20 11 17
13  11 1864016990
17  11 1193735850
14  1 799409342
4  0 1369415505
11  17 748924593
11  17 906292264
17  10 729790429
15  5 855678512
6  7 395688577
6  14 9808872
12  9 1677208671
10  15 1382828915
4  5 1725584115
7  12 838646810
12  4 1750662751
5  7 992205231
3  18 913300795
0  14 74434613
1  9 500155062
1  17 530053673
4  8 1387583078
1  12 1993352262
19  7 1606374231
10  14 1535324737
18  17 750413832
7  18 1251169183
18  4 2130015076
2  1 651147837
19  10 1111554969
2  13 319931086
8  9 1486169875
16  19 598799043
19  10 1734892864
18  8 1603031153
2  19 1199110892
4  11 406439113
17  11 114414844
15  3 715159562
15  19 260969923
17  11 2126595788
4  5 845835790
3  2 191255126
1  7 461712857
18  0 306278559
16  8 84553501
13  18 413010308
16  13 1189581194
3  6 1698040700
14  3 844989774
0  12 1070135655
6  15 1381141094
1  13 2087262878
4  13 599835918
0  13 1557145665
15  10 1679922867
1  5 552830927
11  6 1362889391
17  12 159591737
9  4 108807515
9  0 230408785
11  13 385121634
17  16 459879410
4  15 712226980
11  10 769102020
1  5 1113365823
3  10 608281245
14  12 1369494878
9  4 1841508401
18  15 926960262
1  18 265436842
3  7 887376347
2  6 1942834888
9  2 126661823
10  11 534602539
1  13 490743883
18  6 1698914294
0  3 2051253835
7  11 1084433156
16  9 1771000221
7  5 208815561
4  14 1148345516
19  13 1224670087
6  0 1295450775
0  15 1031209807
18  1 1510019672
8  13 161838101
11  6 1849572898
19  16 542034848
6  9 287924759
0  4 1208933108
16  8 1767989028
15  7 1211738917
3  13 1556465347
13  1 213281515
6  14 602531816
7  17 1887664632
1  11 983341764
3  14 821431515
11  6 594587028
6  4 575405203
14  0 1474489038
10  17 1967026753
19  9 971729879
9  12 724850976
14  2 799328300
9  6 412946873
7  4 1834042812
6  1 867675226
8  16 1933396439
1  16 1192519385
5  10 625616269
13  17 869186795
17  7 1546883146
17  1 856272113
7  0 1169887436
14  16 703869538
14  1 253126164
7  13 1159982351
2  14 165794604
15  5 948686425
14  6 1574575684
4  17 706890572
13  16 1828576044
17  19 1371280725
7  1 782399897
9  2 1704123684
2  11 162251820
18  17 555430507
10  7 1498800644
8  6 1494745031
10  5 1543013870
8  12 656507049
11  18 11963629
14  11 1038194942
2  0 1701092459
8  18 1256968977
2  5 18489067
7  11 1831619707
13  7 1493469560
13  1 198880731
19  11 853823825
2  11 1298338462
17  10 1134351199
3  1 2057271823
18  2 535631567
18  8 1631422972
5  1 1367842076
13  10 765682613
3  17 2134825981
16  14 1510263498
11  17 1044225494
7  6 734622825
9  12 667242466
6  2 1554938048
13  4 756325906
9  18 683803234
10  19 2128278419
4  10 1181729420
6  2 1524065351
8  19 1341253497
6  3 437682608
9  12 2038297341
2  16 435266509
3  9 699870604
16  12 272821087
3  18 1065967565
17  12 634834349
8  9 95669560
15  8 2004796492
9  17 1587818860
14  7 871785473
4  5 1400123766
0  18 553470192
13  6 397931736
9  0 77075225
5  1 1148459819
9  12 916550121
8  1 425328827
15  5 718166274
15  10 192204980
12  4 1735250497
7  19 276696963
15  10 1982289913
13  19 2018638881
14  17 160882989
12  7 2009062059
3  12 1838469751
13  0 536380102
5  9 2071645413
8  7 1092866411
19  13 642106416
5  13 1773440277
12  1 1853589493
7  6 189401376
10  15 781714177
10  11 2122400554
11  4 620693094
16  8 131747410
3  10 34453489
8  14 341799552
