200 20 14 12
17  1 1797459948
6  13 1260764105
1  2 730793156
7  16 1720594121
8  9 989774382
4  14 21996749
18  4 499436938
15  13 337725607
17  9 1768084205
7  5 68281858
11  6 408437287
11  13 2146854561
17  16 899009004
11  8 1056870880
5  18 714848104
7  13 999688981
7  19 373662654
11  10 271538395
2  12 640945983
5  7 1135493688
11  15 2110651997
19  16 620146726
18  11 1544551276
5  6 1367863441
1  15 1292078514
18  16 1895005083
0  10 57629577
9  2 1015362878
16  17 642281062
14  1 918601160
0  7 148024515
0  7 1276515689
9  7 1369858462
11  12 1953630096
3  19 1571657459
11  5 269324463
12  17 1436304720
3  4 1509829209
19  13 1804303816
16  13 437110807
13  7 1530793586
9  19 480467610
14  2 1453112966
5  18 1488750537
15  10 1166863630
14  15 1636987321
5  14 810222013
2  4 861562417
8  13 1549941847
6  18 1755075306
10  17 791966418
2  19 428915302
19  6 2014292775
9  17 1637519134
10  18 2118443523
15  14 1633465308
2  5 221287478
3  4 847195610
6  5 443492329
13  12 1618171615
14  18 199437124
16  2 1743982071
8  11 1759624803
11  19 1125908771
0  14 817221395
0  1 256783936
18  12 1450210089
12  18 1020203993
0  13 1363930846
13  6 2053258403
4  18 1395959329
11  18 433232845
5  10 660774216
1  9 641457656
2  9 51057318
6  0 480649564
17  3 1615991129
6  1 1312646135
0  1 682219155
19  13 1632227488
15  9 308741891
10  7 491133014
4  3 268972268
2  6 1308107680
2  8 2140083280
16  12 392798664
1  4 662898612
11  1 1932868604
9  12 670743804
19  18 2071474398
11  6 1789005761
6  19 584958908
4  3 648073154
10  15 1123392000
17  10 880145369
6  5 321277275
14  3 1419899283
5  0 1298381771
0  8 87530629
1  7 1926094255
16  12 1518296469
19  15 1705271854
18  10 272423174
11  18 1376845411
1  15 614053745
0  8 1833353912
2  15 143058636
8  5 630693659
16  4 1837566614
9  17 1508998732
18  1 875056445
18  2 2126031018
6  12 193230274
18  4 2124063941
12  1 1357158087
13  2 1028570745
2  0 1539267357
9  4 1963864469
1  9 1073271323
10  7 1599289005
4  10 530848209
11  12 375014805
0  4 1519017222
15  17 356853611
9  0 1605654370
1  19 585455034
10  2 1131244972
6  12 1064238076
9  19 967689233
2  13 1776886917
11  8 1471817309
14  10 1109001690
17  16 286596268
4  6 2021169886
13  7 1973763945
14  9 1630193486
1  13 2015633791
11  13 1984599394
4  6 808965915
19  10 1834415962
10  14 834416520
1  14 1622287259
1  14 285755897
1  2 168512831
16  17 1348421110
17  11 1010361685
18  9 2077422589
3  15 2133034863
13  2 579697490
9  3 488687353
12  8 1944645282
19  17 1474912433
8  7 133243589
15  18 1525937731
18  19 253111429
13  2 989523993
10  2 862923647
10  3 502832149
8  14 903353722
8  5 2089304892
8  18 1147597804
11  1 617352371
7  3 2126016627
9  5 19486361
5  7 1479117764
1  12 2142213708
17  18 357388882
15  7 1489882232
2  19 739982793
19  11 1926360896
14  15 719309584
17  4 2062417013
0  12 431809732
9  19 1404054496
9  2 1088367665
4  17 460544666
3  2 941804332
15  17 705200846
15  4 1695904392
19  11 1546605149
18  9 1483198746
17  0 714962022
12  5 1557038341
4  1 1031433531
16  1 762487245
8  9 1509373823
10  6 969952354
5  12 1367795208
9  5 733028953
4  3 1469052284
3  14 938707791
6  11 2129841426
15  8 497951888
8  18 695640831
3  2 1886917555
1  7 916903729
11  15 922321489
14  0 314214743
4  5 737310908
8  0 1417348107
