200 20 6 1
9  16 1060932004
10  4 1011129314
8  0 1487987497
0  4 236300752
19  0 861855280
6  19 2076041447
8  16 527277252
17  2 933132253
6  16 1735836429
1  15 441564429
15  9 1668149325
17  3 1313103689
10  18 88969828
8  14 1762839000
19  18 395984468
11  6 1336453791
12  14 1037893841
15  10 1508812014
7  13 1181376120
2  1 1006140202
10  13 238714838
17  11 92310334
14  15 1211411332
13  19 1346583010
7  8 1061739158
8  10 16665676
3  13 699542232
15  7 1062543108
0  3 808181973
16  3 589863877
10  19 1206214822
3  11 1608492576
10  7 992946624
5  3 178346388
6  14 639874757
14  17 1698959553
9  3 325923127
18  10 723267050
9  10 807536368
8  19 1878297399
17  12 781338569
1  10 723774430
14  15 106061936
0  7 937720659
7  12 642732787
8  14 1316231563
5  0 1359075518
4  15 696976469
3  19 306777368
17  19 2081113557
12  1 1103475438
4  17 2115732876
19  10 700633546
18  9 1108909292
5  13 1460371695
9  13 1153917849
14  18 74182276
1  9 400924047
8  7 721491856
9  19 1898864786
5  3 1399689507
19  1 695952608
0  4 1147829141
18  14 1995292471
5  9 461163308
0  11 1247072616
11  15 1257575926
4  15 1160148499
13  2 1239939398
16  7 889621434
8  7 1554200341
12  4 2119306470
1  18 1414973923
17  19 1754348213
1  13 1318966796
15  8 1543570020
2  8 2027078135
5  17 777916235
7  8 6547646
9  6 1372333919
13  2 1309606338
5  11 2091496296
7  16 257203409
2  3 1442436181
18  14 862086862
17  4 664531878
7  0 1077362980
11  13 1366187950
7  8 1230119751
0  10 1005010952
16  5 1743323784
1  12 1429048361
17  1 813925522
14  10 484462551
12  5 1621010199
16  8 2134443868
9  8 599426075
17  16 302352921
2  6 1029607935
7  17 1716148047
14  19 988510332
2  5 1407815865
8  15 1906908850
11  14 1976583809
0  12 1259538547
4  18 1488941144
6  0 1147331276
13  2 1086803703
5  7 572682970
5  9 1593505792
0  3 177962697
11  7 1099015954
17  16 1617485971
3  1 710712726
1  17 281978634
3  10 2076417785
2  16 59063375
4  10 1958518201
1  7 1255602459
14  13 1352129231
10  6 995597548
6  9 1414784636
18  16 286461966
5  4 839097881
10  13 1157871180
14  1 1909993363
12  5 1118017248
5  2 1159282244
16  4 2115223730
12  1 2101280067
13  7 2085230604
19  12 1248574434
7  6 883661875
11  8 791787866
5  16 94072559
1  18 409544017
17  15 539671511
13  4 1417973572
17  8 1163582775
19  11 1325661598
7  5 1026605569
2  3 1079443333
12  1 962876978
13  9 571017661
3  17 1059781249
15  3 1968012968
15  6 153067263
14  13 127199060
13  19 1706577706
12  4 1417063275
12  6 2122436679
10  0 303166185
11  10 1000040505
12  5 21055783
14  15 1755743271
4  11 246924110
6  1 890992962
19  3 2036720922
0  16 85133716
12  18 982228665
16  11 1076481612
1  14 1004041779
1  4 1705923052
12  4 1556780040
4  12 6640201
11  3 1715677241
10  0 1705740910
13  4 590460570
15  4 1254123366
10  0 209980805
10  9 398898926
8  0 113643256
17  10 1521156355
5  15 356015409
6  2 1048365264
17  10 26654138
1  6 1472438065
10  12 828674272
3  0 1614868502
4  12 662491562
9  3 1459812493
2  15 2066801201
10  18 109353041
12  19 1962362163
15  0 1514991134
14  1 338951955
7  10 90936064
0  6 310634715
8  10 243192581
18  13 2058043816
12  14 509054065
16  2 422408854
19  4 1455403287
18  14 920192087
10  11 724201833
18  3 1276237973
17  12 651350539
18  3 1183985978
6  17 1389605737
13  4 207997182
