200 20 10 7
18  0 1248313711
3  18 1614471566
16  19 125181806
4  16 153441466
16  9 1275246454
13  17 1163393641
10  0 1990963631
6  11 508736581
4  2 624565162
15  1 1385281585
5  6 1787383179
7  12 1984925376
4  9 1612734475
10  6 1875068976
19  0 383236737
18  2 1271862239
2  16 1031754810
12  17 1469525382
2  16 619171840
16  5 1940702730
17  19 2123087093
5  12 665173446
19  1 386535563
4  5 1453249811
18  8 1436837378
9  7 608253831
4  0 818251395
19  7 1501807245
9  17 1449531929
13  19 943705930
9  14 1730101224
15  4 1305079164
12  5 1173767910
0  15 396740107
1  9 1956081875
1  0 254193641
7  19 1091553799
15  3 1055550132
8  9 1213863900
16  8 114310302
0  10 1848527852
7  9 1817601777
5  12 1786112452
1  15 821400065
19  17 1886559894
4  2 654832279
4  11 1704433925
11  3 987646632
11  19 1982085854
2  8 30434462
0  17 571931051
12  15 598645139
8  9 930371902
12  19 645151862
10  6 866987519
2  3 1471031853
4  9 736503893
3  12 1421620644
4  12 953891658
16  2 1976015449
16  5 1237759390
0  7 452561118
8  11 166431431
17  4 1068340565
10  11 694960047
14  15 1569262408
1  10 2034507498
11  7 657819458
3  10 617955448
10  17 2033866884
12  7 274385242
5  12 1340259616
3  12 2105153889
1  11 1210605976
2  10 1270560816
17  2 2079830547
7  10 1746760598
6  1 271263410
18  1 276426813
19  1 396965628
18  5 1103641349
19  6 185531481
15  11 998115121
7  6 833633760
14  8 887037037
12  11 595735513
0  6 278446496
11  15 1465623521
8  14 1237827824
2  10 735966210
11  0 1951424914
17  6 715151037
13  18 46698365
3  2 1639371488
12  6 1572761799
9  8 967103224
5  2 1797838756
15  2 399548634
5  2 1808042027
10  18 1130286971
0  7 479273443
17  6 566206133
3  19 313373164
5  12 1048740021
11  4 631690438
2  3 1665223278
4  19 650624662
5  19 865401917
11  12 791267487
15  12 27089430
1  7 1101150075
18  0 690670697
0  7 375750064
1  13 1357979007
11  2 95558597
13  4 1291874172
5  9 410651387
10  16 748489764
19  0 1215625588
0  5 1181731278
19  11 1876634872
12  9 681613194
6  3 1596109673
12  17 756354213
1  13 873970936
11  6 637932925
13  10 205557294
19  0 1517295023
0  8 653041571
10  19 1374188040
4  15 2074858915
18  10 115475250
0  16 1219137064
3  7 677775165
11  15 7026025
4  17 1798372636
11  13 1492529085
14  17 1290323118
14  0 1460527477
5  18 1416636189
15  18 1252844997
4  10 1146186062
18  15 1625494394
11  6 552652218
6  3 1379723117
8  11 1790071747
11  14 1006730124
7  1 229914299
0  7 1561942188
3  17 253196267
6  12 1477654400
17  18 1870217133
13  12 702264107
11  7 614890426
14  3 792470272
16  11 1143148782
5  2 2106709200
7  13 1893190467
12  19 86074221
14  19 1975294050
2  3 1106013368
12  15 1783064966
4  15 1198191961
10  9 783840753
1  9 801055013
0  19 155026807
5  12 1143561156
3  0 1442360317
16  17 1995515157
2  5 924935678
18  13 598365300
17  6 1068959543
10  19 1966000754
18  12 673676234
10  0 432744414
10  2 1850435183
2  6 1150160062
3  11 1683757229
8  11 1683652617
2  8 320922376
14  12 754005722
9  7 307000913
0  17 717381729
13  14 683083286
5  3 979365495
5  9 855766703
5  6 1846420039
14  11 1595178867
1  6 1152002168
19  8 1458088410
10  13 128545084
13  10 1857640965
4  9 406637992
19  8 1154006090
16  15 158399046
12  1 923302217
0  8 1285202800
7  6 778785474
3  5 56650791
16  15 4675077
