1250 50 48 18
14  44 1673136835
45  11 853035722
48  13 1821044141
15  34 1798222702
24  40 83426227
17  20 220422652
17  15 576294594
44  36 1398714404
40  41 2115507774
1  34 1904624819
49  22 311980334
48  8 1325549108
23  24 1806738388
24  38 665864162
47  30 1991121128
27  44 965403646
24  48 210813260
27  7 1921147457
35  6 1051301509
25  14 1409929323
44  9 1885889447
16  41 210311321
35  34 525012023
45  15 956834038
42  26 749964410
23  42 774633867
38  48 1933138689
16  48 487794956
29  46 1448885455
32  5 439968974
48  40 2067228714
8  37 594562479
9  44 6972098
28  37 946110756
49  20 1542054661
8  4 1336199268
20  31 1887636315
5  13 1902258636
6  47 1196075718
8  12 1391935665
4  24 1754280163
4  34 1039308509
23  8 530672907
36  8 511122883
9  16 1195106250
28  20 217023592
48  34 1921678774
41  14 307887217
27  4 1160288668
30  28 321246031
48  21 1433029003
44  32 1426439402
32  12 348778977
36  32 19945723
16  6 1632758358
23  29 2025373951
43  2 1964493341
29  24 1059843738
26  23 1116666959
6  25 217736865
48  40 2113569451
11  46 434755968
0  34 1909890834
49  46 1477016044
41  42 1876037598
41  14 1866729148
29  41 469583505
38  16 1534544422
29  38 332028660
10  7 1156787436
39  36 350050527
14  45 1879587426
13  49 1868782690
16  14 389123936
46  5 1868375506
20  44 340607064
16  2 417828052
33  25 1300765095
27  7 1452239340
34  27 895348278
32  26 290083463
36  4 1408489786
19  35 545114087
47  9 1692888093
28  32 661524699
37  17 1499756373
0  9 78221562
25  0 1944978653
28  32 1237256900
17  9 1548558925
49  47 164048130
18  41 952369966
3  35 53641462
49  44 345271344
38  8 82352283
29  10 1709625936
34  23 690345491
41  45 1421127891
10  7 646560983
47  28 1453813293
46  31 703477831
44  26 1492884375
44  25 1980178756
13  23 132313248
49  39 1132941597
33  20 1265666505
25  17 2077572127
27  41 378414695
48  37 275829085
11  21 510001884
27  36 1134028519
12  14 2027021207
0  46 1874526479
12  47 2105997926
47  26 1863013582
17  18 1607941439
33  18 386845451
25  48 1497321384
2  40 1397605654
1  30 637214417
29  47 1459612334
29  45 1389677474
34  20 946306210
34  37 747315033
33  6 629959044
44  32 715288051
30  21 922075752
2  35 1050212391
1  16 40952047
18  22 584411260
33  11 155373439
1  38 2080230377
49  26 2039159092
43  39 504226146
35  33 1425546440
24  19 121295165
17  26 30687946
44  29 1174984514
8  48 1957710989
6  32 1824394817
6  31 421126109
5  20 1354561987
9  8 652439988
25  33 1786035967
49  48 1760938195
29  42 1159104423
26  42 1187352242
8  37 532510002
25  32 1829259864
2  41 218665975
38  39 276502839
47  3 248736172
4  25 992374434
11  10 749546722
19  2 1629852239
6  43 2134584064
32  43 1433578105
48  49 915328586
0  44 839362396
49  18 1597539252
0  8 79992294
1  46 1313474704
40  47 685277227
20  33 1795714628
37  15 524175221
22  10 1598191770
33  0 1183497049
3  36 859431511
49  39 735940825
32  10 501967278
44  38 778955445
15  35 205743569
14  49 1037483385
45  2 338150667
11  2 1739021139
30  0 1365988077
6  12 1559524617
42  48 1153958737
25  28 1682765768
6  24 290520127
0  20 1182255664
31  9 2001763151
23  11 588162157
11  35 338872596
24  23 1016628902
26  48 974646027
9  42 928537017
42  22 60190976
35  10 1299910610
33  8 1772116128
1  39 114427427
41  17 1241641737
6  31 1658600196
30  2 348890422
38  35 272539547
30  26 70406634
7  8 721205409
21  3 933178369
49  21 1152639396
27  15 415918723
44  2 1822415912
35  7 196114382
42  14 768974819
48  31 1534502072
8  17 817640155
0  25 1612231988
31  4 1101978995
27  17 1075422155
3  20 58175200
41  18 133705773
29  46 194991193
19  2 1917942969
10  49 1360303218
22  3 1935570888
10  45 1718414493
43  12 97359120
31  37 749331481
25  8 696105388
21  5 61407428
1  14 1768856396
8  11 179470360
45  11 912466160
28  19 1596195452
45  19 598741493
37  36 1558980766
0  42 2038669959
39  36 543856943
1  14 606263631
10  30 1738538426
19  37 334568883
36  26 87884463
32  14 439145066
26  21 1210071247
35  20 862313209
22  32 113044091
37  12 1757364816
46  0 855132140
14  48 1157811195
12  16 308679128
24  22 2057834341
34  5 178731164
44  35 989398918
37  4 2017491041
35  45 20033226
13  20 269628629
37  9 1301083330
13  46 815332086
9  10 365393112
6  8 416153218
12  48 2137378690
13  45 204738639
3  22 1592821564
8  28 653616361
33  17 1455968789
27  42 957660183
47  22 74250382
17  27 1375583616
25  24 1297770426
14  41 730043413
26  9 698025055
44  42 347927740
44  9 1824469891
35  31 1507814310
32  6 291276914
40  39 1636551405
42  36 1180574395
15  44 627278448
39  24 1455088419
10  1 1018859213
3  19 2018921508
5  26 2134751911
20  46 282876239
11  25 1899610837
21  25 1820334311
28  35 636309110
20  21 1975793652
20  7 1586118673
19  31 1496769329
37  39 1798477929
20  12 1991618039
30  23 932748595
47  43 1481214160
27  46 421075545
45  6 755259241
39  45 583930444
48  1 1462159133
19  24 379079863
37  13 1468212096
20  12 1265345825
49  45 1465237988
29  11 1426956547
28  30 243022820
48  16 1580632268
5  43 1130135484
34  42 1627363331
11  5 1970620513
42  46 99304960
6  20 719025121
46  47 676768942
0  32 870482155
4  3 1515471108
37  32 1913824405
45  20 968186071
23  13 1703559253
26  18 941522390
23  30 2096803289
48  24 1923420092
15  46 1106175472
32  41 1532910692
24  30 653823455
6  26 1750441380
46  47 560934715
46  38 501873763
44  49 175112480
29  12 1325093269
4  40 2119734429
26  28 1992295873
41  25 1746148733
21  23 197398549
33  17 1320758069
43  23 931451245
21  27 1726628681
47  32 1321357645
45  19 10797784
1  0 1627147182
42  22 1302976566
18  47 1411520476
5  29 1207728769
46  27 1246166043
28  13 1708778572
9  18 90011299
11  29 476774606
0  11 1618816179
29  12 849605358
33  20 1537452867
6  26 1705321279
13  15 185208712
3  28 894573910
29  45 2132591972
11  21 1006925661
28  25 913009899
40  32 187216316
2  33 850325330
1  36 225561412
39  13 1741712820
34  33 1154296954
7  27 1630954028
22  32 1951798232
49  47 465223966
48  23 1645536886
44  42 404273984
23  37 771439276
44  1 1757722255
3  20 413242741
49  14 1985353896
17  18 1845934724
21  39 2075006109
45  39 756985664
10  24 395239636
26  27 2004431971
25  39 1582314480
22  2 1489057212
39  48 742113576
42  21 140953695
30  42 108642943
35  15 1198713450
26  8 1496931281
24  32 1300881577
15  18 188349020
44  41 778373489
29  26 1177315816
15  31 1992297912
5  7 612519838
27  34 823931325
29  14 1179034875
13  26 465963327
36  21 1835458837
49  15 2113391400
7  14 503809034
28  47 631170382
13  14 425524529
9  10 1020457446
12  5 1636108974
17  20 19748618
27  33 202251066
45  2 1838520601
2  8 1354841059
9  6 545499313
49  31 1206109679
6  31 1201857537
17  10 42688047
22  29 1463882074
7  2 891091798
30  37 452621158
4  27 56990927
2  6 1241615898
25  12 1443697304
46  9 242151579
14  33 159743164
31  33 1505224001
38  47 464653116
42  49 1058250553
49  24 1531804115
42  6 686646332
18  22 2064673511
7  38 1138797687
20  18 1395942725
9  39 696690477
47  3 1934519686
29  9 1027494493
28  15 169319467
27  25 1725507026
46  40 1285086819
18  22 518484449
40  27 1021084087
14  40 1316468125
5  45 1118978025
11  1 1311844847
32  49 1123561141
14  4 825544018
16  9 518047205
18  7 906179882
11  23 2027288010
24  20 423366586
36  32 903623982
21  33 1543863057
5  7 1263326900
12  2 165980534
44  35 1412183541
1  31 1750589140
43  19 223390444
1  32 971387737
5  3 453171655
31  11 371418154
44  20 913867668
33  15 1524814964
46  9 168629655
43  24 1521395619
46  1 1691674341
39  40 259921816
0  11 1660917964
34  43 469777806
45  5 1030506367
40  42 2099547140
43  5 1645677018
49  28 269535726
22  4 494775955
36  17 387459441
11  35 711535730
8  3 732048440
15  10 1193751186
43  39 1852103240
49  13 644432457
27  5 72283320
41  31 1846246366
42  40 1201844968
20  35 1648530111
22  28 376603977
6  28 1172768520
46  41 1488261601
9  32 99225947
38  40 2022764843
44  17 1949108287
10  18 422832574
48  47 1065378857
3  10 86007192
40  2 525804952
46  20 2076888947
8  10 345733910
8  1 1350951871
47  35 936758831
12  17 1707994356
26  25 352794199
21  0 677304200
17  33 329320408
22  24 232222359
34  22 1942636884
49  28 1615063194
27  49 1773008602
24  21 1698853939
37  23 1803151874
28  45 1795700964
6  9 441606845
1  14 887689656
42  23 2035656003
1  23 1671660052
23  45 1121514486
25  48 1242117334
36  15 2016641083
1  12 1609299323
13  45 1011167809
22  32 343464779
7  23 1906042841
27  11 977218344
43  39 1491064817
45  4 1814632629
39  19 1667926532
7  6 92444724
42  10 277845670
25  13 1095454747
43  6 434347006
16  0 821795670
0  36 939549461
30  28 974998806
14  38 790735896
27  15 1926305769
2  1 1704657663
22  16 961174731
0  40 1728548696
42  37 2136804108
40  27 1184754273
30  49 1790545164
40  31 1395835099
18  42 686131573
36  28 1523999770
42  14 1343690120
0  27 847578425
34  32 2115599701
19  8 870405237
36  41 80915470
11  35 794690399
39  44 359599901
28  19 1402737512
13  5 1631335682
11  9 508976787
17  33 898844348
18  48 2007954126
10  4 1102285105
30  6 755015397
6  23 5983296
27  19 2095181116
6  3 1742331497
15  16 1558990735
35  45 1625906867
18  25 1780755157
26  39 1141863151
6  11 1557130112
21  38 1461825997
22  45 1384458274
38  25 2066479111
13  22 591425303
37  13 2001186534
35  3 590271529
20  14 1162461890
38  48 837745905
36  49 909801883
2  10 1415061389
24  1 1422988493
19  48 1026363261
7  15 1649276323
1  14 2064114136
18  5 1851884004
41  40 1053702726
29  0 43124531
14  13 1954728496
48  12 1079067692
46  29 1093098495
48  25 1495136384
4  3 679389177
41  49 174173424
24  48 1949884326
35  5 1318454457
14  27 2134583085
30  42 1323914139
7  20 236719180
4  40 506562142
40  30 1977083407
4  18 673051836
29  28 938749431
33  20 48389303
1  29 597859829
4  47 1650153512
0  16 326796620
43  33 473647274
43  24 2115941393
9  8 1063180126
40  16 1590902734
43  3 896647260
47  6 1892699813
21  46 1565334758
25  37 1019711253
17  48 561358155
48  12 1492398868
13  3 2020221436
9  12 1486094418
12  47 1793523037
10  1 1062303416
26  49 458335516
26  46 1696441639
14  0 617894483
17  42 1012299620
10  3 1585144360
19  21 1085646011
46  29 421520525
4  30 1700418014
38  41 1729364151
27  37 1105053450
12  45 1441048625
21  26 769737665
0  38 1736781061
35  45 1992282499
42  32 1784121295
18  27 1133362838
19  28 1357550595
44  26 1337035892
43  9 1097681576
40  11 1762357415
20  17 1098607204
2  15 76486659
0  48 1622293833
49  5 1657444199
5  30 1542671099
43  36 122785069
5  32 788774261
32  7 1478950708
21  26 204832854
12  39 1750392057
47  45 1262748035
29  48 1651881703
48  45 1234285166
33  40 847525619
36  24 969154085
43  38 1089426513
21  39 1236640357
6  14 695526904
26  6 279045721
5  4 11819379
2  21 1831600276
30  48 923967734
29  21 1645354214
13  49 973166660
20  27 689526059
43  48 1821732171
38  49 895067671
13  22 2017226476
35  16 1576652010
22  27 890604964
13  43 2082408386
47  38 780379151
42  39 1926427983
10  25 717447303
33  28 2046991882
12  16 172466381
9  29 1375006301
24  20 2093273133
46  40 522527890
38  43 1658556229
49  45 961607557
45  27 1302116836
7  18 2116065238
49  42 285539417
43  41 735188107
40  7 1054122581
18  44 875698419
0  44 992221812
35  4 1826620152
33  34 1686133655
27  37 461223845
30  28 1094690417
48  33 818786903
23  11 1274131173
35  31 576600536
7  22 2028594425
7  9 445616922
48  37 1992826136
4  29 2082659214
45  16 314723575
24  8 535400393
29  10 1557786860
27  29 65438042
45  10 341699028
28  45 1444834866
11  38 1265161537
7  11 931898269
0  34 77404091
2  30 1120580380
5  30 794674770
38  13 369394509
3  22 783218210
28  41 405266663
18  32 973090268
22  16 1175187668
29  38 2146612887
4  24 1580756048
41  39 1877552628
11  29 957351446
29  33 1122403161
29  19 1715920330
40  12 1661170909
13  19 1191532354
32  15 627547863
0  6 874148920
21  13 464137785
10  6 724733623
29  42 1755183872
5  20 1865812260
12  11 179832402
20  38 2025022885
15  37 1937612005
47  42 1860639704
21  46 302195818
10  26 186149842
18  43 1398803393
12  29 502601324
19  26 617151958
35  8 246253376
48  33 1172742352
1  5 2113106136
22  39 2048593390
22  43 967243925
20  6 1442010008
26  30 2116963316
18  29 1523834595
31  14 1507665293
13  23 1236707927
23  30 1007935993
4  9 452759890
13  38 1206885381
41  19 508433172
13  44 1855840992
9  4 1341848436
13  49 791590615
34  6 1278046804
14  8 482818377
47  14 14787617
43  14 1240389752
16  41 396147380
20  39 554299401
43  0 2017211863
33  4 375989653
19  27 1192367826
20  29 798473792
38  17 1760177987
11  21 1330806464
21  40 1319080062
44  3 2063626270
34  42 1296147686
41  16 1730834666
28  9 797264128
15  3 701534307
49  31 1210763710
36  16 1878077794
29  31 1564878160
30  12 323119547
24  19 1807471277
35  31 594423133
35  3 2124205631
43  7 276025823
14  0 1071396056
7  35 1649465768
45  9 1203569437
31  2 417669419
34  31 986334568
25  19 1546053982
12  2 595247813
32  48 264738660
19  48 2090086176
40  29 489497377
23  13 1516237014
31  17 569554146
8  15 1110210671
39  19 779414517
9  3 449615641
42  2 1898404031
43  18 598575833
2  45 530147790
28  20 1302677475
0  7 1426408997
12  0 210986411
36  44 1584205117
45  36 524529154
2  18 2098352723
42  27 2046145719
0  28 1155732314
13  7 1148017338
10  8 1442003415
41  22 905454216
23  29 1136245905
33  35 136559549
7  14 1549814667
32  15 1529975654
15  36 664102463
49  25 391627616
31  39 1138248586
29  5 2057789484
1  35 1851254916
42  39 246903307
19  30 1879748033
27  0 1025343532
18  1 879458816
2  5 1753694124
14  3 394501043
5  23 1185373240
2  39 824455521
9  46 730512419
46  37 274148391
4  32 1772916353
27  48 1027639787
32  22 845743880
4  49 1074858734
35  15 1987584954
44  39 1587441581
41  31 778912544
23  18 227714640
36  31 890563158
49  41 872647815
18  29 911188003
46  31 1163562257
49  45 716194441
31  49 1072698094
48  28 43524737
31  4 68874111
5  44 579811099
10  17 432183334
49  14 683215144
30  45 116000762
47  23 541539054
6  14 1226993941
5  31 1610976313
15  14 1460517252
44  35 744887689
31  29 332882877
34  29 684251062
24  43 161754132
43  21 1366502977
29  6 351533080
8  31 174943640
17  1 2011652941
20  47 332084063
47  20 2146148888
42  23 1425439137
30  45 2080785883
25  48 654473148
29  48 1113841098
3  9 2116065726
49  12 298994348
23  8 432402082
45  17 1069986629
28  21 551900943
43  42 1837722547
13  18 1016443920
12  27 1968920318
29  21 1531351982
32  27 1315764591
8  5 1996626359
1  11 1393557778
11  9 26109584
27  25 1532640534
46  8 1522247351
49  19 1112899362
23  46 917310624
34  48 526649197
30  18 1204333584
9  46 1419814042
12  45 681227784
3  39 1894761332
5  15 1862572481
7  15 1266402399
19  33 155966619
7  36 1247775278
22  12 1634104017
41  26 1366833730
34  18 1733032901
38  15 129324249
10  22 989374096
4  22 1634025742
33  42 1345811391
39  27 193140885
11  13 104690784
43  24 183060059
35  29 210408798
32  34 1278382858
45  38 332693770
24  37 1586677242
44  22 17287859
13  34 918173870
11  23 304255478
28  5 1081932145
19  28 690057447
21  19 787756596
42  38 112205924
38  6 927277954
2  12 403853417
20  0 1990199664
32  26 2024739284
0  10 1098221272
29  14 675606928
39  8 1563164231
17  45 137294293
18  11 10790590
18  23 296170823
3  12 1360896234
48  33 1270016331
44  13 697287397
42  43 1466951158
28  38 1534839559
4  36 1195291979
1  26 601466681
46  1 1542833786
13  2 1753297468
24  47 1558674852
24  17 1222802119
46  47 666422634
33  31 184041347
37  15 913870480
28  36 147731994
34  32 2025803223
11  42 1818713188
5  9 403141262
16  8 2032600808
30  42 1462849184
23  9 540131139
10  8 1268101252
15  31 749300547
46  6 1968407674
25  14 536051046
2  20 293184064
42  43 826007758
28  30 1618704790
36  14 1681042843
0  18 1971347562
32  30 1949548835
40  20 1571067464
47  19 1065374769
14  49 1391043860
2  7 158127525
45  22 1263809429
2  22 1858220459
45  28 634808989
36  38 973798673
33  35 1610531047
5  6 1877309196
9  36 1954849470
31  8 427471740
38  2 1609916822
18  22 1633974963
9  13 1078489331
20  12 2086283478
28  7 894030674
44  30 568676702
45  23 884666910
26  12 39583280
32  48 264778646
39  2 85007231
39  47 587694975
27  7 646135830
26  19 874979426
0  32 2139239292
17  49 2058365523
6  1 1965109783
44  32 1941649756
39  46 539318433
42  4 1682829759
23  18 1863841581
10  2 1983280421
43  8 1912537708
43  21 1265239476
31  39 1889287932
10  23 965596138
13  23 237941686
10  27 209350513
0  21 760718363
48  8 251119813
42  0 226467862
19  6 1400704115
23  34 49960353
40  33 1800222409
26  14 1664493428
14  29 1189724996
19  15 1734490561
16  18 1305870145
44  16 841405995
45  20 1230225052
25  23 1063996838
11  0 237060936
36  16 490299730
22  49 1660839915
47  6 547817865
48  21 1129465111
43  34 1396899165
15  41 2146756919
28  13 1845977805
21  7 496537719
17  25 341219289
21  37 798734504
48  4 931432091
35  16 1123341461
32  38 853671223
16  31 683021972
38  13 1712807364
21  49 389107025
15  30 282034522
48  16 453106470
30  42 773057190
45  4 103522409
27  26 1476927577
30  45 1890595502
13  27 1303592342
31  22 455094643
7  40 226717118
39  22 600333654
24  37 368515100
39  10 1879819966
33  46 55746661
26  24 905604119
41  47 96455399
34  1 1502815470
7  44 1151523324
6  22 1811277363
20  21 1191601524
3  0 1855720415
30  36 2070214409
19  37 1943493345
13  29 1126917942
34  23 1027215035
13  40 723864179
38  47 1547138846
12  20 1497081937
8  2 1778463987
16  27 1133666815
48  16 578594610
36  20 596966327
39  37 873731275
29  9 1862335699
42  16 700418614
2  16 2083329196
28  24 2101032696
30  31 806003713
49  42 638886450
9  41 953231457
22  32 2053056018
31  11 496498606
8  46 1142960508
21  8 1028859174
29  17 154777926
49  22 182867918
34  48 600963131
27  21 1477959349
23  32 253365288
46  4 1904862019
35  6 190596934
2  49 459708691
14  36 564050991
14  39 1851942873
39  38 1929447405
26  35 1603353788
41  8 201769671
16  19 224988321
39  33 623979301
29  37 72099633
6  30 179731143
39  22 879013864
36  46 515754509
30  17 1851494071
5  26 2098824630
19  15 1430926515
30  39 938466968
44  7 1903329902
40  19 1161762365
4  34 413845243
16  10 225572914
26  6 1062587617
40  14 1760873626
31  38 648574865
43  13 1603022312
26  7 94069013
19  8 1726857496
22  46 813515744
44  30 860436501
46  25 1433097721
39  24 1725962753
1  41 229731050
21  19 819966040
1  37 63365722
30  34 1560160669
46  8 2075887880
19  40 1250827557
16  36 942505151
44  0 1585652578
43  47 673722615
35  25 389598743
43  25 1074216887
49  29 302054748
45  7 470607532
1  47 1819438022
6  38 970229376
35  41 1671462092
46  0 539231977
17  7 1116542239
36  25 1072370539
20  23 667353879
21  28 62587383
30  37 831706861
33  48 643594598
45  43 1442739492
21  16 1369687775
43  47 1727243022
9  40 1884751064
8  16 1405295867
22  40 266912645
18  26 1546730153
0  40 1700581458
47  34 123953794
29  12 103314735
38  6 1679922410
1  42 916674879
1  6 279824011
36  41 600172952
5  6 699128312
47  41 1986993475
24  46 383948731
13  16 1300195002
13  6 532155800
0  44 1021974038
42  18 1861410664
30  23 1401762160
18  39 1553119765
31  6 1924446598
42  27 26623717
38  46 1434542960
26  47 54656691
14  6 357022464
35  0 1584736495
25  14 1596175229
49  27 690633761
46  21 68428842
46  27 738805940
2  39 1120620361
2  6 994679695
26  47 440564373
41  18 1023758564
42  5 1474567052
26  25 1104124590
36  19 1878963359
41  30 21896784
20  49 361689829
39  30 2013864708
12  16 889258277
14  44 1031440983
23  13 1414679721
48  4 1315708673
16  2 810994578
49  42 1197963164
35  32 993060225
24  29 739148877
2  3 1583189247
38  20 2041188498
48  9 763201114
16  10 863461649
3  45 1165197955
1  15 289655528
5  15 75471191
15  39 366177100
49  18 341001922
40  5 301556370
15  13 1943329275
41  32 959529981
29  9 1822628276
11  30 27604840
37  33 705192374
23  8 715617485
45  42 52539851
29  48 1671821505
45  1 608000791
37  24 747816865
14  5 734533774
40  27 981912498
6  12 1235170880
5  47 493337048
1  5 1010146339
30  4 466842989
4  14 1411520359
48  36 1062708360
47  19 743975350
26  43 150448317
31  43 1306398272
45  28 457703757
21  10 1267945932
24  38 1280135743
34  42 1902032178
43  48 335571252
19  1 1740331013
33  9 1028218058
15  14 543960703
1  22 702782215
10  32 1548414869
24  6 1858754495
30  48 1248438881
21  10 1492385062
36  24 798059565
46  2 1109927489
17  7 1262682946
11  29 62703579
36  34 65500936
42  6 845224668
11  6 804685497
14  35 373572150
46  33 261300850
20  23 43427484
3  6 1561177142
28  48 1206404215
40  33 971070243
37  46 518268275
49  20 1235205819
26  45 1187682835
2  37 867094218
28  11 203706660
44  43 715544430
31  41 68290744
30  32 1800767238
31  5 386643092
38  44 51143212
0  12 1368916449
32  0 761695120
11  23 1156680881
26  27 734162008
11  39 879479499
11  45 617103474
7  4 313349065
24  32 1374145300
25  24 1547242235
18  43 2023547750
46  17 557862949
21  26 2001718519
46  31 1785173576
39  21 1613917012
5  38 731421042
29  24 1532034962
12  11 323644187
34  32 1220438548
45  28 988868272
39  33 1477465225
11  42 21058421
49  43 915508251
23  36 391588603
25  45 2036791025
6  26 244163721
3  26 418896622
26  36 1182967011
25  39 142888977
12  46 245918955
38  16 244621103
47  21 1648444151
11  32 257559528
12  18 2052161874
25  18 113657623
25  47 1890251102
11  48 1897122855
14  29 1438025421
2  17 917525282
