1250 50 47 38
23  5 1538163439
15  46 1749822302
2  13 1433058233
44  45 1679881125
17  33 1034393506
31  4 866173756
31  20 2029462931
21  27 981766207
15  3 401360296
21  44 1428772671
47  34 1684843580
18  17 1052172573
34  25 957140645
17  12 227523775
0  6 659565762
9  25 1430576047
12  13 365653701
39  10 1409462705
3  33 1637928754
30  25 1163978450
39  23 1499146354
28  24 1001509540
47  38 1678787741
8  42 1790240117
41  12 813499654
38  18 309738990
37  14 1514654139
27  35 620789590
9  17 1452584377
1  19 1498882074
26  37 627348827
33  1 376729312
45  25 1403415495
23  44 525352718
33  4 1665519022
1  22 1379764859
27  43 1592813351
14  30 918030108
41  25 1915152945
16  6 1530259206
48  4 195754951
9  0 767455462
33  4 75015719
7  25 684471424
16  9 2105698187
8  37 141502777
3  43 1625551963
13  15 25164461
25  19 1119205112
8  44 1754649925
49  19 1691560003
46  15 72894054
28  26 492156949
10  2 1092302985
2  44 1293405877
7  44 1342106380
22  40 961846317
45  20 2036411683
11  32 339723148
39  23 2038691193
37  43 207881447
6  29 618610781
41  11 515160105
19  15 1485339885
49  45 187428184
43  28 1921343831
6  22 526808739
39  17 593794853
48  20 957788336
8  26 1890443905
16  41 1268881234
9  43 2092458292
46  35 938891794
12  25 1492783979
36  20 856552518
34  20 1183150816
38  45 875288958
34  39 1618215093
39  41 854757678
28  14 2130803754
17  49 1017995283
6  37 2074090588
40  27 1952853532
36  45 495048550
21  35 1144405453
16  1 1054328021
33  38 509319634
35  39 2006916592
18  3 779872178
38  4 1104603671
19  37 1031309790
4  45 1119356379
43  1 1769010247
17  45 1632826943
2  40 1910688803
9  14 218831477
2  9 933076013
0  35 91745250
13  43 1096319268
41  33 968230999
24  15 543917692
16  40 271702510
3  21 387426552
34  6 1815729718
37  48 1068953659
0  16 74401043
5  12 744952450
23  9 1959312346
8  47 1557341280
27  12 2090344183
4  22 1248184086
24  3 19381063
8  47 101723045
29  48 925954823
21  12 1757379932
12  5 237941744
18  45 1813049061
4  11 1789506327
30  31 108527389
16  17 384782097
17  20 1698677309
9  33 350857802
43  38 302159572
6  2 289937920
25  10 1783175896
4  49 323533770
43  6 161428057
46  29 2035441129
43  18 1464763824
25  3 955749231
48  38 2096563785
29  22 354930861
5  38 895718422
17  43 619015754
31  8 1245033224
45  0 794314105
14  1 1664290214
7  5 180717866
30  29 105362891
18  27 278985639
26  2 1377421205
18  13 310056414
38  34 1443921656
40  6 1721505177
48  17 444013935
14  16 1415044465
25  40 1906589375
45  15 1103570142
9  5 582905510
17  9 1997730565
25  34 607847641
30  13 1902087866
7  37 534922514
35  23 900725300
32  40 244774571
39  2 1195900765
9  43 519502374
35  33 127737696
0  32 618701540
28  5 2117697984
19  48 953032614
8  29 1602622433
13  41 1441508181
45  40 1676176462
11  16 870814711
13  14 155706869
48  26 1007643379
40  45 1918874417
43  10 1551189329
3  16 1685245848
37  13 1268087528
14  15 1225371145
25  36 627764595
40  31 967423026
1  6 159023791
23  28 207728911
12  16 220844895
11  43 124677473
12  0 706172666
21  34 942169404
38  35 689681621
37  25 1119604133
3  35 778392944
17  38 1907963852
13  27 2135414620
48  20 778693589
40  8 881124225
7  4 258096835
17  11 1220170710
10  7 1749814170
39  9 1372521083
11  0 993285208
0  18 1416085876
10  30 1737173531
6  11 664946520
13  28 614042636
31  24 2092052527
14  34 302252722
31  33 1683012038
8  14 1358850317
41  36 1049929338
15  29 1263166368
20  5 1447850046
32  4 1914117900
38  41 1378515514
26  43 1314716144
9  45 757427724
11  3 923923973
49  47 1287600496
7  12 1572857048
4  20 1407569431
2  44 797557595
17  37 606414397
29  43 1273631657
40  39 2084459714
44  4 281197337
7  0 1657084491
40  3 2067057827
6  31 713478327
8  15 514017621
5  46 1107814574
27  47 771773979
21  3 25331355
43  20 393195321
9  36 799467799
34  11 1090068729
36  44 426173604
33  21 699185054
31  28 1227382635
48  15 15226343
29  28 797107864
49  24 1821352074
10  28 674436360
10  12 29409807
7  41 28132289
11  46 272588732
29  47 490101520
41  1 596249175
42  18 279717982
17  26 2032568569
11  29 969095133
32  20 1803588759
32  45 1177669842
5  49 1841560895
35  49 1584935395
19  34 780933853
6  37 1636658118
26  20 1911984420
49  45 1339500141
11  48 1988246846
45  10 833611162
16  34 1991828206
45  3 269102183
4  9 854826635
35  3 501893467
33  29 599599992
38  11 962507863
43  11 1056194447
26  34 1258636020
4  19 1417513645
11  29 684904030
22  29 1734587073
29  19 1554917844
33  24 971778018
13  8 122960202
43  40 1165146310
42  4 1761574912
28  17 337031041
30  5 932185231
41  44 1217620869
17  23 421603264
15  8 341990437
18  34 1593119107
38  36 760035261
49  29 763925667
24  19 1453392310
29  10 1006761552
8  24 701082218
24  13 1738866718
1  6 478326315
28  23 408177851
31  11 570906917
5  40 432044596
37  35 1325808366
17  44 849006615
45  14 1170541894
13  35 386926062
0  39 1076342987
17  47 549249057
48  18 282232613
20  2 252962559
0  11 204194578
44  28 1358668593
8  24 330941679
11  15 1100523038
25  17 984045828
0  25 878846598
24  34 1088087090
21  7 662493558
42  39 1934413291
15  32 991968697
4  0 1841549268
22  49 1495773267
19  6 505767381
1  49 1130586053
23  24 1210378334
27  9 1096248170
7  37 155357522
29  21 1134013550
8  33 17940540
37  23 619337768
43  28 97360599
28  11 1482970311
27  29 1628623429
47  20 1527748240
31  26 196544285
25  23 1021526305
16  19 152896076
18  30 794386795
10  49 1367736078
42  29 327426865
36  37 1717983223
17  3 2099066984
7  17 1642611213
29  12 2028939280
28  4 1605062999
41  28 369153923
40  43 2024184511
6  26 1948320027
3  1 1767628788
2  37 1464722874
28  25 2143625555
27  14 1798499118
36  46 2073017821
4  6 1819232875
21  34 1146419532
26  35 416160549
18  37 1223136095
12  23 511065715
35  46 1497037801
39  6 1761299215
19  14 228694380
17  21 1469168420
43  21 205884285
48  11 1426695982
1  12 2065551829
9  38 955300464
24  15 1773987255
1  19 833422529
20  42 506027387
6  21 650367303
5  48 365705096
47  13 924334576
25  46 1802115811
20  9 1703474371
5  23 290049101
27  34 1564625887
18  35 1767086655
0  28 422937317
40  41 557828454
25  10 2049429618
33  24 866738690
32  23 825730473
34  12 1987005526
5  8 13097729
22  16 1018005816
23  8 1060563376
24  10 864341878
27  14 1513207142
9  22 1915174082
18  6 578611441
31  10 318650023
34  36 1107179898
36  0 175621522
42  11 1040620484
0  4 568743020
2  47 1265976709
47  11 807026697
44  43 524933558
12  11 424515384
20  32 579052473
37  12 503018994
44  35 97814725
38  35 1668052236
22  15 262238208
20  34 1038837105
20  24 364029495
19  36 743600672
39  27 753043302
34  46 1731543881
3  34 944872394
4  45 1662480685
49  23 1661920303
33  2 1969824387
2  0 902082098
29  36 464693566
10  25 731301679
43  27 996164890
19  21 1473448451
21  31 1732706327
5  38 902586409
28  32 1092277623
14  29 1183571127
38  26 1900001
7  45 1886133703
44  49 1949634167
25  11 763024988
41  36 961973531
22  2 813824921
45  34 1281126762
21  13 1534779453
42  14 1929798426
15  12 2025606261
24  0 493530888
3  48 51910318
48  44 971097412
13  21 568178672
30  38 33438761
48  43 216078843
23  6 1353321788
27  43 1283584327
7  44 1081597653
9  2 1848183363
26  20 714434221
37  25 486257656
42  26 723801761
36  15 760531677
16  28 1257953881
16  45 334390084
7  5 995250067
42  49 1323931807
34  35 715943635
25  5 329166181
0  15 292708314
24  42 87763199
49  39 1950871376
48  47 1964663527
37  24 717346873
11  12 985429310
12  13 61238366
39  27 278802943
1  39 1593872118
8  19 919664006
29  49 1119140661
44  46 469171267
40  13 1923506287
27  31 1223195246
35  46 2049735148
12  32 1228722561
29  49 2104903146
16  2 1852172694
10  12 882119127
30  2 724791682
25  14 1343877733
15  41 1923231673
38  8 1846568114
38  44 930131536
40  38 1097565330
45  43 935573480
7  5 1174098851
19  36 1920435998
11  3 1870928515
6  20 1658428613
42  25 690579675
49  11 124010877
42  14 1351852452
34  12 1304230782
28  48 650666069
17  29 1418117649
38  46 1839449658
2  11 1668854180
20  32 263265968
37  31 162385170
18  1 1985498161
12  4 1015838668
49  4 1002740147
5  20 120538628
3  8 1781651191
26  38 1743805564
18  8 1840545967
42  24 1062717237
7  39 1485970133
16  45 29454214
12  40 117930584
6  12 1036728192
13  46 679561524
22  29 1760252674
23  47 954479709
26  19 32410621
8  24 617352685
5  19 434919349
21  32 556899316
26  41 285709299
28  38 914917918
7  37 620086030
39  20 1647344218
26  46 1294595109
47  21 1970883775
28  8 458001156
34  36 491152461
17  41 1164079005
8  17 945134352
9  14 952602850
4  35 571552467
49  39 1081211874
31  39 2124504721
20  14 1717018050
6  4 1886909164
33  43 122885549
18  32 858598807
41  22 1207935232
20  16 729367897
3  0 1687275403
24  45 207343464
19  47 423841315
6  49 988658034
28  11 32278584
11  27 632707858
35  14 299267798
12  24 802775207
39  29 1719626328
48  11 1580009517
1  5 976732753
31  36 1111637231
47  29 2014977084
44  5 200506629
23  42 1197167341
46  14 471937335
27  26 1045607232
2  22 374801666
5  23 573443437
38  10 1580486522
9  1 1502910847
0  33 2048146767
14  44 1045762243
21  16 1562167453
46  24 1155048995
18  39 1114988593
18  36 608482429
26  38 721413175
33  44 132466441
0  45 254582865
14  30 404989012
49  20 1260640103
34  13 979392004
10  3 111604644
22  32 415228836
41  13 76277236
6  49 1906662706
49  3 968918704
40  24 759301749
22  21 115885892
47  6 557618445
6  30 1590565642
1  24 758809650
30  20 116186230
48  2 532860033
11  0 19764841
45  13 1729216620
27  6 235403309
13  33 1195526678
31  36 1364555177
49  8 966808455
36  25 1021461876
13  37 1397150908
45  35 1477327418
37  43 1228100385
32  44 1392476905
45  39 1381872611
24  15 1795899533
49  32 1549919112
1  22 873448916
33  41 296727150
41  19 368017558
31  23 142947280
20  12 976048191
23  32 1852125584
23  47 2096253592
8  41 560284852
21  40 94844029
47  5 2142599479
47  18 1041902811
20  44 603664139
44  38 586578080
43  7 1059308036
31  18 1418539295
22  8 1286222550
28  17 2086951472
41  38 1093640600
48  17 800826071
49  45 774807308
38  29 1801362911
16  13 1674576401
32  20 2101442646
10  4 1747048431
36  31 916218295
21  17 740858393
11  14 1405847301
4  40 157463816
28  16 237493242
9  48 1759181936
31  26 938133507
41  34 386357634
26  17 330499045
36  17 2031744857
36  27 205044985
40  3 2074360278
26  27 414710553
13  32 1920403961
33  13 682585831
41  45 1851135055
10  19 7791051
6  17 2081160403
5  34 1798652232
34  19 436241272
44  5 1948783088
28  5 766399490
21  39 1790984198
23  36 1915806055
47  42 1024304367
16  39 1159572948
22  12 72856995
32  1 262513742
49  13 1135350076
16  5 1546378059
17  42 684048778
31  43 1873448511
10  44 1157213263
11  8 1550380086
45  0 1409719993
42  39 1479672637
21  5 1648175964
21  42 62181968
28  34 927193463
0  4 1821974939
28  3 103823979
11  15 541291013
23  21 1991246447
33  10 1395403846
23  17 286844119
4  26 1662100973
42  44 1970049357
3  30 552531057
18  48 743924997
16  2 1162538522
19  31 828119979
20  0 1957947430
23  28 1542542107
17  38 114163332
24  34 232428663
16  21 1984078771
3  18 1566519301
31  26 693278641
41  32 1370780239
44  25 1101420617
25  31 502541104
19  22 969315996
8  6 808418598
0  40 1869388747
41  19 1286987665
2  10 1074238594
25  3 2065450422
24  34 2146977157
13  46 1739525134
35  10 505066975
3  48 472524474
48  2 1810928708
14  37 1667769985
35  32 2085279977
42  28 133177287
48  39 1146880887
40  39 267646867
41  22 1288426829
16  29 330897710
45  24 1077974667
24  27 739983794
9  19 1626967429
12  47 2069532688
27  38 889084277
4  7 858415957
11  31 1434617538
4  45 543322584
34  15 319595758
35  27 385996752
33  27 1238083539
16  36 940299513
28  12 935058814
38  43 1576229614
26  10 1065943820
35  24 1768463464
25  47 339021155
35  1 1673881760
5  35 462431474
11  22 1933487790
43  22 704197943
2  31 1222264101
44  5 96031111
49  44 1365538492
47  26 504719615
16  15 1251999904
3  44 1075753806
30  13 1914633302
22  11 399433870
46  25 1396179051
13  11 1307794355
0  49 989614376
34  47 1681586608
8  41 1965647213
45  0 1203305079
23  11 908513359
6  49 263389742
7  13 1416183611
44  41 1663842707
12  11 945353051
38  40 1901148066
11  17 779930542
20  24 1303923972
25  30 2098438127
22  43 1219649659
31  35 203819005
33  26 1901216728
27  36 268186495
41  11 1977892976
30  48 1695995822
44  37 1620214198
21  3 1640972052
40  43 1864227645
8  4 59708814
18  12 1809548169
30  47 649211593
37  34 1413757892
37  24 2085972108
36  44 1110820109
36  3 1545443153
35  47 1648481634
45  24 1012914200
27  12 1925925946
47  1 64105852
5  21 2143544912
11  48 1141450626
49  2 131855325
25  38 676090930
37  17 1662483523
28  13 1831768911
46  18 1028443058
38  7 898699766
39  4 126707097
23  43 1899191619
47  11 1163167854
31  18 398019968
34  44 1430627899
14  20 719056764
33  32 189712768
10  7 223139
11  31 51697902
16  13 109566016
17  37 705003228
16  46 649242448
27  42 89467772
28  0 1980030790
23  22 1184971743
4  7 1522946209
47  45 720227695
36  42 128200749
48  31 1952868403
48  0 2043819780
29  49 248531556
22  42 1720365906
6  28 10760333
44  24 1263208403
32  5 1188753802
41  19 683778230
36  29 1268265703
32  24 698525321
48  32 1676847384
1  28 1139056253
45  17 1159814005
26  15 1999803705
28  38 630110312
45  36 1508494081
15  35 1985850601
17  2 962474456
32  1 1946442034
18  13 1491307913
33  17 220523772
24  1 2091539489
24  38 1175198710
22  40 1839768725
45  47 917111888
3  25 661210056
24  12 1068190070
29  4 1672285581
6  32 269138855
12  27 608163176
11  39 505354170
42  15 1396029142
11  25 1151291461
44  39 1034797776
43  17 777523744
30  7 2091027419
20  6 1299836214
19  35 1339297289
10  45 1996272013
11  29 674730036
5  24 535007796
14  45 773114881
19  7 1074810010
17  25 1473175763
33  5 1591950960
7  12 1834717125
43  23 765536854
23  37 74373787
14  18 829672367
26  14 1709302677
34  42 771896053
8  18 327396146
25  7 882492181
23  19 709183982
30  3 326295905
4  10 2109856522
36  17 18296221
19  17 1712333745
43  1 423759168
26  47 754598349
44  23 1197518245
28  21 2089409217
16  6 462132649
23  42 870094170
22  7 592012278
36  19 1437181328
34  24 1501567689
35  3 1965096425
29  38 170748077
10  33 1489354932
45  24 363407622
27  0 236363479
45  42 941103016
38  46 325420753
49  9 1086530428
17  18 1168600833
36  3 277581065
17  44 1485854129
2  39 1692410357
37  35 347470629
27  30 367337166
40  48 2143084243
16  37 1372426552
48  30 802007205
4  14 1228307865
43  18 1671752648
21  40 2144805947
21  20 1406983584
25  44 571739575
24  36 1874839666
29  31 1709733005
0  44 1284439258
41  12 2131797171
41  28 634863940
32  1 1283027090
35  26 1660224387
48  43 2448732
2  8 1263527620
5  39 940847355
30  29 1256834848
19  12 795522191
21  16 1478932559
27  2 586427804
37  36 79631339
42  5 93653002
5  6 284340531
11  13 502453131
16  29 2006802131
14  23 459782
16  4 1399694505
30  16 129061515
46  20 19132707
19  18 1932590382
47  33 1045706006
46  5 205488531
15  0 415316866
21  16 1468005366
43  25 954837685
31  45 2009317640
15  23 908398552
8  0 517438692
25  40 1021481247
44  17 685949419
26  44 2017358133
48  20 1845703368
25  30 1327537416
49  48 1829727441
38  35 159868275
14  11 1116563208
40  23 1829888831
20  38 502444665
16  22 1101016038
1  31 1667842981
11  30 1122105612
11  28 1832896038
27  28 426200651
42  38 2114814027
13  19 758983663
42  3 23139477
35  30 1494704919
13  49 1187108490
26  12 282174307
44  8 273765002
46  36 112641433
48  23 1454211452
26  2 161999730
14  48 23688745
47  13 79437221
10  37 174485088
28  42 879801644
29  22 77967652
33  24 1885950088
3  10 784998578
40  24 312900267
47  10 757486257
25  28 1519091720
33  6 721113143
12  4 1167665002
39  43 192389473
17  44 1315967138
33  32 1877039739
44  41 357692690
21  23 628183772
24  15 227534419
43  36 1249652625
14  39 1103409667
31  25 932435792
18  40 393626921
36  43 1070988914
15  40 1326848777
31  26 654880618
12  18 521039750
47  37 795782412
18  25 1486258109
20  14 740543644
43  21 1402030129
6  1 1673755094
31  21 1704475116
39  2 1412189445
45  35 285461964
43  0 597940756
19  13 1736601776
47  9 377429329
12  1 919925990
13  24 1408342438
21  24 387932031
46  3 750130887
41  11 157905250
4  25 1218734435
32  5 488485734
19  40 1759601600
38  43 1672256096
31  15 1603692660
1  42 1730831112
44  35 63967788
15  43 1907605252
29  19 447505307
19  32 1614706846
6  10 1021769156
6  4 1227297905
38  31 158559234
38  29 797821582
44  38 1039525064
13  5 1562574377
13  37 418120294
31  24 406178905
27  40 1721761974
33  36 531530647
36  42 2096797601
8  31 2014981650
19  34 567640181
10  44 1459261313
49  39 364615921
27  34 585526284
42  29 2043486189
17  24 2097091519
2  13 1344845340
6  22 1836922637
28  6 22868552
28  19 2034300577
35  7 151400505
12  7 503598358
14  0 1252256581
49  29 404380161
22  35 678821322
30  28 296962112
13  29 1957680763
35  28 1502779966
12  3 1679733981
44  15 584778342
31  3 1667195159
41  4 1902221402
29  26 451718654
45  33 254179722
13  47 510320702
18  32 1767108238
5  25 1678851236
20  24 1854603816
27  42 1873934583
42  43 1040378446
32  29 1642047107
31  44 711690961
38  17 313281341
5  41 1671220652
48  14 539507979
38  46 1009235621
36  48 949845255
41  45 802860168
27  21 1252403901
3  10 220739401
3  0 1944046622
46  48 249558827
6  28 400364119
39  30 1611519851
32  26 716875613
27  37 1002897768
31  7 840535856
0  1 96300772
43  18 114174907
28  18 624842683
20  6 89811957
2  32 423968725
34  3 561920904
18  36 1877377072
39  42 4384229
44  0 424669126
43  9 1658214777
5  38 1844694369
38  29 1733007648
44  21 711179730
37  4 426278551
7  5 1680289954
28  29 2048523248
13  6 2101147697
2  34 1670855137
10  18 592018427
7  32 2143565726
45  31 1875874002
31  22 721726392
11  25 489305201
49  6 455684329
39  38 1528842260
40  43 1999175520
2  34 938601128
48  10 1963301835
15  46 1989178818
28  37 548885691
41  6 1351270482
44  8 494562848
22  47 1372266947
32  45 660773279
14  11 1482169651
40  48 873313424
30  27 1484152381
42  1 1193524952
32  13 257483374
35  28 992643262
31  3 1789250700
30  9 434845364
15  20 2047547336
23  10 1589487927
1  24 804035895
37  11 441145913
35  25 1529022121
22  38 1516131222
6  26 1207775210
37  22 2126696031
32  33 669183266
23  18 2099671246
39  40 2078915272
43  22 187361092
21  19 470699506
25  30 550277952
32  13 144445582
40  0 771895195
27  38 980331314
19  26 103139677
7  10 637505454
11  30 1782322397
1  30 1296422594
48  30 779919165
14  23 362776352
33  2 2086964662
2  42 873781390
33  40 623188056
20  19 1918941144
5  14 1731406793
27  23 1344540459
42  5 1445968982
12  15 232220890
11  45 1824406977
28  2 1531380327
35  2 1562716870
29  16 1573973314
3  5 1119650320
31  7 294824136
49  48 1132069074
43  18 1815107029
0  32 150024402
14  5 293588503
43  8 1611466162
42  18 1225860745
18  21 1602997371
13  1 1102375300
16  12 1614539094
25  12 2029439142
21  47 753803902
1  44 1457004104
18  46 639162484
7  28 1411410515
2  25 21984602
25  16 1107924439
7  11 2062717958
13  49 2140247896
31  35 2109134481
38  13 1410543988
21  5 1376900625
11  25 1357468185
13  28 1989285501
5  22 1392959753
0  35 1769625861
46  22 699501036
26  35 371053598
40  20 838393203
25  20 1878393652
8  43 1450883616
26  47 1904150001
28  1 623570128
27  35 925801886
17  32 1278687094
34  30 1406980553
3  13 766467097
29  13 2099760254
42  0 1989108317
46  38 1889479486
1  44 1706568091
2  47 452083317
23  9 1153164905
35  4 1416961316
42  3 1147144407
15  17 755466957
28  18 627239078
48  42 278044102
31  46 692645712
14  13 1523172016
28  43 2042230256
41  25 1174789117
16  21 1294177211
23  34 400564580
45  35 979434243
45  21 987984007
29  16 1800063689
40  43 769673822
31  15 1062989409
34  17 1916798154
10  32 93670748
39  42 836778204
34  47 435768860
29  14 263615563
23  49 2020714855
3  24 461550723
13  35 1736434685
33  18 773159301
44  28 284088420
47  19 635841097
16  39 903779126
30  47 456427278
7  5 1616854875
41  23 184216770
2  25 1301277412
38  24 1618871531
39  28 1522262501
35  41 2001309446
46  5 38084011
5  36 804525716
47  41 168251089
5  1 1396740099
26  37 1478838529
7  16 893658903
34  1 395855898
25  42 242065608
37  14 1117203809
36  48 923820645
18  34 646692329
41  33 1046800093
34  37 797815439
42  26 1486042855
41  7 851167519
4  24 1723318131
28  39 1302332276
22  21 1369882924
41  7 222210219
42  18 129678974
11  24 1240873903
37  18 202701297
34  26 800044805
15  31 732014518
46  17 213396045
49  6 1572360817
19  24 1753723671
42  27 1068112932
33  24 1790198017
31  11 672809072
21  48 703881925
2  14 1166749590
41  9 1836439747
34  48 1213541786
29  27 1838367308
28  6 1773588468
5  15 1252930576
4  11 287619264
31  46 638914394
34  43 1430912748
15  39 1743922753
12  14 1661069141
43  48 292037709
29  35 1930345691
3  32 1742629025
4  42 1216966839
18  35 912475242
41  3 626730953
32  25 1823048478
12  8 265552609
45  1 1416485190
46  13 1149464651
44  6 1640372596
18  35 669667614
17  35 1236236995
43  0 1734278850
49  47 1188987156
31  36 621592032
10  28 574062619
40  42 1592371853
12  2 1546946623
26  14 837999393
33  16 132138976
21  38 1386625122
19  48 1447515442
6  12 1282706155
32  34 1389830561
35  9 1990542839
11  26 1596487263
29  4 1523496964
24  27 2082976962
37  22 913720101
29  5 2126961895
