1250 50 5 4
8  11 2144682171
33  31 279385716
49  25 198642470
37  21 1893515448
4  49 85843600
31  46 1557931303
4  24 2142797884
11  7 924753982
33  46 2129203876
9  29 1429747660
8  2 1666727022
31  35 1360702867
24  32 570522856
42  15 1826914297
39  28 1234091962
22  10 1007939053
17  4 442023247
24  3 1310244319
44  41 329948659
16  26 2047860165
22  30 315514296
32  45 387550572
18  45 2007125965
31  6 79561395
35  14 1279173408
31  29 547736090
1  16 1485002099
36  15 806065902
38  2 81608081
20  40 342971662
47  35 1172818402
46  37 2076833315
48  2 1273499328
42  4 1544873458
2  18 1211447545
23  45 1776319108
11  35 592314664
6  4 1759537721
45  34 1702421128
29  40 1727346956
33  10 286105126
22  28 1010058209
31  13 649330017
24  4 1475831445
7  42 1990350499
8  35 641563071
19  29 1283350533
44  15 689848811
26  25 1094670828
30  10 300311487
19  34 796350307
48  9 645479186
0  15 1015476854
46  29 507693523
47  26 1216823813
9  34 1961729291
25  10 1190763169
46  12 1690140871
21  44 210264385
1  22 1800958833
42  30 642790479
22  25 1402277986
33  41 1876338783
7  28 506999219
12  23 1585690588
4  26 2013114266
18  5 15514058
24  48 1279038730
40  6 363765735
45  25 1316128170
16  47 613602231
34  3 2092141027
47  37 851198343
27  17 151298042
21  33 1460378344
24  0 343199345
25  20 43624742
10  17 1444175037
12  22 1100191620
35  29 98091262
16  48 879511351
9  13 1663455421
9  43 1540750006
8  16 1424175300
20  12 1131310202
16  23 1295997562
12  2 931749430
30  12 207510508
47  28 272547149
32  9 821348072
38  22 1808254424
35  37 112707257
31  41 721170970
4  6 695084398
26  36 1547710300
46  20 1681260868
44  16 794732095
26  19 821046910
45  26 94304427
40  8 1516144125
29  5 2104266621
35  27 1344739679
25  26 2110377407
5  20 132753671
15  11 1129545687
49  45 82492702
3  15 755151671
1  3 1647861365
43  35 1139168638
43  25 546317833
45  4 1070940075
48  3 179539295
46  25 867851023
5  10 1438775303
1  41 1748288970
48  0 317201580
26  13 1950012611
9  47 437511330
45  4 1482975532
30  6 1485367212
47  4 768089886
34  39 1339156615
47  37 1939628995
17  49 207403304
43  45 1914371230
46  11 1200856892
2  30 290410419
16  13 952503820
12  26 124397902
4  48 1299323313
1  30 1339349026
21  45 1162602368
8  7 1785608614
24  16 348786491
47  48 1507127041
36  22 1333038507
25  11 1453402754
46  40 937898352
17  48 870377620
46  31 2066976145
11  12 2113353218
18  21 1393362087
21  34 651940423
4  10 1418661428
31  29 1259650022
22  42 1408513820
42  31 865686399
12  43 557388557
26  25 636860308
27  30 2066401865
9  43 1647049463
49  29 1634794440
34  48 138105393
16  38 1666692012
15  8 398682837
9  32 1801721010
12  24 737156655
24  32 696862455
34  23 1184851629
4  19 1197620489
17  2 1203593489
5  28 724244818
16  23 123334507
28  23 825734310
16  34 993391403
34  25 679175054
6  33 38996056
47  14 1515988333
32  0 658316526
22  21 1301272878
23  33 732424557
1  13 496901325
11  6 1039375984
22  30 200636516
11  17 479647294
33  40 979434516
37  34 449537883
38  31 438261493
19  7 233575000
10  3 554659907
31  34 833532746
11  40 1974485784
43  12 2034596840
31  36 1320859959
48  24 1842935214
41  0 2030725621
7  48 280832620
41  6 469027614
5  7 1312779795
44  46 2091929209
6  14 85206309
40  29 709619513
11  7 1438707199
38  17 1363011525
48  24 1477668843
2  33 281838293
15  0 928950350
12  19 937670139
17  39 473729247
41  12 1809991279
5  19 1735441923
10  5 181509307
3  22 50759223
48  9 1635360149
33  13 1154534145
4  13 1448165406
0  33 937651064
6  44 990850252
18  41 1897771300
16  47 424098388
45  37 350931625
37  20 2050380398
26  32 1475697981
1  12 1933372570
42  47 410490403
41  33 1974432047
26  42 515708846
40  22 1763778193
44  9 1830607313
19  33 871793938
28  8 1171951106
41  9 444899665
11  24 1856044255
35  37 78398770
22  17 2000609053
26  8 1689814451
13  8 7390855
25  26 1302612969
11  37 1841686007
36  18 1874125578
37  28 1531853898
22  36 374719802
12  2 1826466516
3  5 855794232
7  4 588113760
47  35 624286937
18  20 54864140
27  5 1606961742
20  13 950893250
16  2 282133587
14  20 585212472
21  27 2031536497
19  45 722382207
18  46 192710073
34  36 1381449361
27  6 1585195132
3  4 809309989
24  31 614707400
25  31 1454409610
21  2 77763004
24  34 13222912
30  43 611852849
48  29 1851334102
36  47 2077724301
26  42 1985716825
7  1 829509351
46  0 1731922251
13  42 1437572640
11  42 875942707
3  37 1119599046
20  40 1845883859
4  2 341598057
29  45 1435230640
40  45 2074303416
24  13 1820289550
12  2 1040396214
45  30 1221872096
22  8 189993882
22  16 1806061740
23  9 242385810
19  23 1994818878
17  20 12503324
24  35 1521668220
29  12 1666487274
41  48 1477747370
47  4 1353611100
0  17 861660368
10  26 113190334
1  15 408333062
30  1 1310086761
25  12 144034584
15  7 1284826226
43  5 1345410484
42  12 356435507
27  6 1406617577
39  10 1659741761
47  12 380571738
7  36 985116138
2  5 425068203
47  15 2130842967
29  13 1353368600
20  31 90153129
21  32 1373383985
42  27 51153639
5  42 239300211
42  35 1886546658
1  4 920946080
49  0 1657419331
36  48 1166975319
40  22 40455239
1  9 975976716
4  39 32301596
1  44 858625782
39  6 229374917
21  42 1945761879
28  19 1227629128
48  38 363737095
38  1 1235724099
21  5 599638581
2  47 595579021
31  1 1647163767
49  26 1031146977
41  44 1852589695
31  34 1320974514
36  41 1274121663
15  25 1641872462
16  46 207862751
43  46 1987337111
30  29 1095624731
28  27 508710306
32  39 681690998
28  13 431356936
15  29 480288347
41  27 1535302973
16  27 118775831
9  13 787299723
40  38 2047037412
47  3 1448117485
10  27 985978262
16  19 615125794
46  38 1546368166
39  25 166009776
22  28 1184031723
23  20 1568613602
6  17 912975034
30  36 604753151
9  27 1474408272
39  49 1294625634
26  2 2006175107
33  35 619339232
3  24 875043344
41  47 567930546
31  29 513251423
24  21 1437882480
33  11 1483094840
19  49 1124081754
44  12 1139692088
13  24 71624980
8  13 412485527
1  28 2046481136
6  24 1229669473
49  45 384651179
41  29 80898682
33  16 920445354
14  29 1082013616
12  33 1208990996
2  36 1024450566
2  4 1863321567
39  28 1672947621
0  13 1433293316
20  15 1181445542
38  20 1004483543
48  6 2041466715
13  10 545014288
9  42 2037727647
6  25 1517295142
1  3 834477725
47  24 1234276208
27  0 210751154
29  37 79365022
0  28 607822513
13  5 599017371
36  40 388814947
1  4 1717159983
45  0 1676025656
19  0 1525459783
38  25 778947244
18  6 948735730
19  9 1392894018
46  32 1028002496
3  42 1727377523
34  43 1589900681
37  43 144361333
27  19 1499648872
16  28 1473611681
32  24 816697228
5  11 1677151197
17  20 1295237570
24  30 139991441
25  27 1983158656
3  48 1534501743
36  44 288821449
36  34 1286105447
27  21 279097409
11  20 552436860
5  11 1260477887
33  20 248575413
31  39 1373696614
39  12 1134731750
18  5 379173844
36  35 650741674
15  34 302692479
34  45 575332331
49  27 795977670
11  6 2004197785
43  31 1591590698
37  23 592899220
33  44 1346091326
47  13 1765758461
49  3 821694224
14  15 2113201124
29  12 509152299
46  24 1694359386
25  49 554135143
49  17 1190191488
22  38 1210578905
34  36 789751026
25  43 768494840
15  45 729473954
10  8 943759487
43  1 1190420565
9  33 14941806
48  7 1664541486
44  2 596415075
44  6 1062994342
4  0 2041178783
14  3 199162408
37  34 1396898838
27  22 786370755
11  6 410092847
13  6 1534265889
7  27 1107761104
29  34 743122018
21  25 454866063
27  17 1988789229
30  24 1890252625
31  25 993378967
4  11 497627895
46  15 1586584977
13  46 2023757986
24  48 2055043289
10  23 126996011
25  12 866130308
32  14 1012290578
5  49 2015666207
10  45 1520070188
16  19 834878596
23  25 428141717
47  46 373370815
25  47 548722636
37  46 402559723
32  33 1078268567
24  16 749285420
22  1 1790372143
41  9 1447768346
0  5 1437503281
29  32 1908697520
5  22 1959242494
11  20 80953392
20  18 42385914
37  16 766771001
24  46 1253919538
29  31 214466885
15  26 1345640184
0  14 898899708
33  11 1515933137
28  9 1471714418
0  27 114340885
21  26 312974929
7  31 917558329
28  21 813616843
39  4 1922327571
33  3 1332175084
36  10 1996591424
7  0 1425827867
38  12 1923533660
24  49 49716435
19  21 1720713260
15  10 1330148906
5  30 2047680064
49  13 70610120
27  43 1928088138
1  33 783843040
25  29 349973439
38  44 1524866061
2  16 653621090
35  22 836656600
34  40 657483739
18  40 1214681724
34  45 2059320812
35  41 266038024
9  30 1615981844
36  0 221547406
12  32 332090848
32  42 911427648
1  46 1504018554
1  46 1832195064
19  18 1306981078
48  13 1329816557
18  0 1880405809
30  21 2132688407
28  18 1910077099
22  8 673794141
14  15 54404578
9  44 1103736396
22  48 891620257
15  5 1600086392
34  30 1739147425
21  33 1544013662
49  42 1429107348
33  9 330289992
39  1 762833551
25  42 1686360288
41  36 1173996467
2  42 1525811733
6  28 885827012
17  32 1423179940
30  42 1318121576
10  9 516092975
41  36 1976123008
17  44 788247603
43  38 1992833426
45  5 176153325
3  5 929929169
35  5 1373211834
49  1 2044852748
27  25 478409355
39  19 1448046019
10  2 179057671
46  15 2140867207
22  10 876727164
9  33 950754361
35  32 153564457
6  24 1285073696
9  16 1856725815
40  22 860418842
18  22 1055790876
46  3 87614609
27  41 427045562
38  16 1377309183
3  5 96018351
1  12 1592940289
40  39 2111763169
21  18 449659547
48  5 2051193207
0  44 1545717719
32  44 914125374
46  32 1953037446
20  11 408678093
7  10 41680197
9  11 1011840653
30  27 638272331
8  11 984960412
39  3 910468064
44  35 1237222151
36  25 1619421583
39  2 815440381
12  27 1896591009
20  8 318061172
43  20 2099963136
3  0 865640970
29  19 2143590787
4  30 1265036539
21  9 1775294236
46  5 317434513
23  28 717218414
10  15 758950554
26  23 1247428244
1  26 1347232434
44  18 664303133
49  25 190344034
7  16 1818907760
19  15 1061569227
13  48 2109672421
15  1 41116325
21  29 1000004890
7  33 1752573822
1  9 1746673683
3  46 917714190
41  8 202683925
29  43 58952782
30  43 2028398634
11  23 741012412
0  49 1116145180
47  14 1363133606
23  20 1441718465
18  11 274062457
17  31 146319746
26  41 1039686553
49  6 541506716
19  9 1179526441
41  31 851179575
41  25 459012657
4  45 1965889808
43  44 1599374694
2  35 507726653
28  47 1859551336
8  3 1242852751
30  35 1879711339
19  3 246805421
9  30 1330828270
45  36 988014972
7  0 1156434488
42  5 2040612293
12  17 334187066
30  32 81935653
4  26 580693416
36  29 1901120082
35  20 284943600
20  13 1550002497
17  42 1721280687
21  16 1859810015
13  19 1141434843
35  12 1820273947
43  49 278036277
28  20 1227509619
6  26 1099262905
0  47 630950723
34  16 559376855
32  0 572835956
1  13 1643374357
25  30 1896098585
35  26 2137568950
8  3 1668299297
10  5 1940976566
46  7 1031516795
22  41 1370564207
21  1 414863999
36  32 530110037
11  17 386103063
3  4 1415163566
35  0 680790725
10  43 590092248
7  13 1409520729
41  12 340486025
49  32 717284593
27  38 420256250
24  33 657191710
14  43 7263816
26  14 706699195
28  26 1758440376
12  9 273364112
9  5 1529440092
13  1 1266195681
6  34 409512531
33  25 749014753
3  28 1656710265
26  37 556304576
38  29 2100915862
32  34 1332093422
36  4 1679386399
18  43 983525056
49  35 543569043
48  13 2131544353
41  45 276960527
46  2 460942786
43  0 1026413176
13  37 1114645325
0  41 1211021108
2  13 408168063
48  8 1268827494
23  48 1256000590
46  24 195546242
7  3 1815207268
49  35 299426407
36  0 1679510922
13  38 940051515
23  3 1634438147
23  38 1427767556
7  9 177849608
20  6 1978396792
15  37 1751686771
24  21 1444641750
14  31 666096318
28  12 1475936305
40  29 125429101
34  42 359889237
45  4 1889476899
21  23 234687903
1  48 459384863
46  39 1673464097
22  11 1386590020
23  27 172019798
18  7 822387218
40  12 77387825
34  1 1643759774
45  33 1092566344
40  21 1501645740
30  36 1876280338
30  7 451728438
38  49 1247979595
45  34 1079308491
49  28 1399059729
44  16 3930553
46  1 303484396
32  38 2017756346
25  32 1218173894
3  45 684363767
47  23 1040405728
48  38 1842195486
49  43 455032304
22  17 132487257
36  23 1721661573
17  15 345045999
25  38 1668417771
47  13 183755432
49  13 1338868000
18  6 1938952716
36  7 2031451437
29  31 1135990847
30  6 1156088412
36  31 168928346
23  44 1469361496
38  48 1455338247
12  46 293950860
27  29 1314381773
24  13 1321031699
25  35 178764516
11  37 786108378
39  35 284125677
29  8 830830976
17  26 1521267317
37  18 919571010
23  4 1953407892
36  6 2058563592
28  5 2038322707
37  25 567662584
12  49 339651173
42  8 79117611
24  39 1728270334
13  20 1759591813
47  36 623766815
13  41 1451911935
16  21 912221190
32  23 36978945
42  15 1461106836
33  41 152027404
26  11 116644323
40  48 1286108415
11  28 2138445210
31  8 975715412
23  38 520460301
9  3 111954770
6  24 466145999
46  15 73692013
40  16 18372162
9  21 1485218978
3  14 53027547
48  26 1562062290
22  19 2109335803
5  39 73724186
13  31 584444644
11  39 1114715335
17  14 1171853828
33  45 238144005
26  39 619234184
41  27 1125746240
4  34 1527912702
49  31 693539693
19  3 1850071697
8  39 483011013
13  0 17651814
42  4 591142331
20  1 2108491218
10  4 1722465440
7  5 1994127607
14  42 208667531
21  41 73021696
8  46 1083150176
8  6 1535315326
45  49 425603650
17  9 1485075332
2  30 1528757561
34  1 594010443
13  34 1223806487
8  37 710078560
33  25 1974216712
30  7 561477364
20  8 833338136
8  24 875352151
0  34 46769216
43  8 700636193
10  18 158707104
5  42 69695370
35  8 729475274
14  25 1235772206
27  20 2070722038
23  8 1785972197
12  18 133175054
0  15 1281850668
2  9 2016919793
30  8 1587368303
4  29 826543657
39  10 498028059
11  6 212445745
20  31 55335920
48  12 1013468808
33  32 171547419
27  33 2123925168
10  23 2120217416
10  49 301195737
28  30 50296960
30  47 673785609
23  44 1349389783
25  30 611384374
35  34 815555919
41  27 1559670878
21  34 2024668437
25  7 503773997
35  47 406504207
9  30 696372479
18  39 823541577
40  9 1946851070
23  41 133740893
9  21 731416102
24  20 1040424279
38  36 1974794456
40  36 1326644588
31  15 2124951512
41  35 381653155
43  4 722713825
38  21 1601169757
48  25 405507186
21  16 696819193
37  48 1739707727
1  27 1496644703
40  14 1236209346
5  18 389321016
33  49 326672577
4  44 366911258
23  2 1990567509
18  32 1711406999
9  19 1945931380
46  13 615850009
37  33 36564111
4  19 1354338486
33  7 117431962
44  39 2122186388
13  8 736133522
13  19 1113804243
12  33 1441050542
21  47 2033555151
45  12 1264882368
41  10 1603535578
13  38 154195772
16  21 1778504221
43  31 123287087
15  17 832349164
27  12 751747350
28  3 565276130
20  47 153539619
38  12 733290999
5  39 510432570
8  23 306344154
43  29 1142398380
29  46 1646903211
10  9 1728532955
21  48 747977519
19  8 761265453
35  9 520850138
46  49 5647594
38  45 582547233
15  49 1135542537
42  31 747429630
6  0 1033871467
14  9 454900026
25  23 1697130344
28  2 1985193212
0  31 1581537221
39  28 30748158
22  6 1544105562
22  44 1930791345
34  0 967099560
6  29 1727023614
17  15 1119955395
1  13 177780117
30  41 1809737458
20  37 1484807492
45  35 536617257
9  31 1301720107
4  14 1413198516
8  24 778458302
49  25 595174645
34  12 1209800799
1  29 516136798
47  21 1291138524
8  11 1994589735
0  13 1003834013
37  14 442524660
28  40 650252682
22  2 2080794046
14  9 798218524
49  31 527434269
48  9 393664885
1  3 1733185690
3  17 1276217077
41  23 950093425
20  7 29102777
14  35 120627897
5  30 680148872
15  14 954602488
11  5 1925574287
4  40 444425325
24  31 470127511
8  28 231011653
14  21 288112325
39  25 1181369026
49  35 1449147764
40  16 868647739
14  8 614468484
47  4 530721394
19  47 526400732
25  10 1020653451
10  12 1452469851
6  17 1468942113
48  12 1494761636
32  45 726995763
19  6 2131683008
8  11 688249193
14  37 1671151086
48  0 667565272
27  30 404667252
13  41 1108305789
45  20 1885860601
18  12 781577803
28  34 955023576
26  40 26720158
7  19 1779666758
46  35 983221563
46  42 1511998624
1  43 967354865
30  1 926897407
13  25 76660575
6  22 1626443861
34  5 93701451
24  11 1766334293
42  25 1981026983
4  28 117192321
49  4 777709298
8  48 1721496359
16  22 96861582
48  11 1136724646
7  22 1388830907
16  11 1329588006
33  35 417791271
46  29 146374887
47  5 471636574
27  31 800435821
7  49 1519183279
6  10 1128804431
32  21 871820108
15  38 505069677
34  30 637015778
24  48 1719180624
36  23 1703666089
2  14 549504805
44  41 129420612
8  37 551940196
2  28 1476420521
33  39 1418461206
7  11 724509572
28  22 1611280088
17  13 1766090794
3  29 207643213
25  47 291367920
21  13 1699262858
7  27 965002249
18  17 1468792258
22  25 1273560212
39  8 2063195616
27  30 652922722
3  9 155642761
3  10 1484590350
13  9 845496179
8  13 206361212
11  45 1734050146
1  18 1894023464
39  44 1557944853
43  34 1685500235
46  19 1656116071
2  16 35125360
25  2 540233858
45  13 919930594
19  37 1123313076
40  32 1905418690
42  0 2146721779
13  14 466788546
12  0 736608445
16  9 1301492628
11  36 108239116
13  19 1917212803
40  42 1757649106
6  33 610394266
8  45 980213545
24  5 979711688
10  8 2112299079
26  7 1362436251
21  4 1936418523
21  47 1184174933
11  28 2129125818
46  21 656433884
16  20 1912618426
10  5 1646343325
43  8 78691770
32  25 916106824
32  22 1805226532
45  4 444298409
15  28 672381849
34  33 1286655119
43  49 1868717766
18  41 1231089325
17  20 2059100117
45  17 76843141
6  4 154358184
45  46 1359368007
14  0 1548921057
46  2 48087695
14  33 76531402
36  15 1457215860
24  41 1010394635
32  38 250101725
20  3 1863579665
26  21 301454855
15  10 898463392
49  15 431474691
26  1 1495740251
26  0 1313020249
11  18 1555854978
25  9 483834950
6  9 1019883474
29  12 1250170536
31  21 1819043529
4  5 1067485841
33  21 2017593955
24  10 393425534
13  15 1069935162
28  18 1294437460
45  44 1321071058
30  13 555366873
19  12 1822557334
2  1 347374007
16  34 67744865
36  47 2129361961
22  18 1496008263
17  25 463913647
13  31 745551403
30  32 904715794
14  20 2014139688
48  12 1561538416
48  49 689260536
18  49 778346635
16  14 1106608130
49  19 734668448
4  31 1027192077
35  5 403399354
29  38 1307801923
48  46 195474295
5  27 875643130
18  27 1703152166
42  11 711093726
29  41 691372212
27  21 107834963
15  18 608782810
3  36 174228929
5  14 1578959110
46  35 740218387
26  15 319573771
14  44 380605056
18  28 1919402564
6  29 1216649849
8  21 282911188
39  11 977769588
13  19 1883693543
22  19 233409097
37  14 280640076
17  12 1207678306
41  3 1392894914
36  17 184421834
5  20 1328197760
45  25 168311914
7  37 26654939
44  1 664470243
24  6 2094635164
41  12 155001021
36  15 1571006662
41  6 445915900
11  47 583219591
19  5 956020581
29  21 1387583527
16  11 1776699443
17  29 1368934963
24  28 2079346728
49  24 1448090472
2  40 1623688949
8  6 1858515690
31  23 436897438
40  21 1789736498
29  42 451896836
8  6 210075090
44  9 1012429112
20  27 1346039103
32  29 1137408467
39  23 692037878
2  49 591416257
11  45 1254307973
25  45 124018764
13  44 589235864
15  40 1614733519
14  11 766934910
5  27 1260968519
48  11 1316193696
22  46 1084331117
14  35 933307504
23  37 1811186389
12  30 1103771816
31  34 1382665307
34  1 129194302
16  0 143341693
30  35 1953436746
6  28 1744785237
25  39 1500224975
28  23 2057445036
0  15 1928226534
43  19 1788385876
17  20 1441601707
0  14 300480520
41  13 1322806462
31  5 1511691139
48  2 1034985385
31  47 1813692135
15  39 1707705728
29  11 269305512
4  24 1038770953
31  41 869012143
0  36 955192386
49  39 301796895
17  2 1409667739
9  5 1088941953
42  38 93225416
25  18 1501099501
42  25 1363754003
22  20 653187073
28  6 1795052849
32  28 2018531489
31  37 475533045
3  24 2079705451
37  17 1632109586
30  41 1792068918
29  30 1494079040
49  40 1553701465
8  17 166104279
3  33 1690331693
7  27 1056824903
44  2 1337409801
16  39 793042696
21  30 1136628495
6  11 1910636537
7  14 1800189637
15  16 288317891
0  31 625284225
35  34 1760833196
44  16 746788817
2  23 799268227
32  19 2024166837
40  12 1686065220
17  7 2127733008
17  45 506059185
44  42 1245408530
37  25 1567107498
18  1 426076603
49  48 2020112244
13  36 1172781853
23  17 1227009893
7  9 140143426
6  31 610775667
38  47 569416414
12  41 2109181233
22  45 1476554251
18  8 1067713088
7  23 1050776893
13  4 325458782
20  22 1421271208
20  39 1044919134
44  18 92207918
16  13 1181898390
13  49 396731911
2  42 1296109736
33  10 1457488201
0  40 1648266766
11  25 1160433940
43  7 1227977130
6  11 1321056921
21  20 957674073
8  47 1348450591
0  20 257353805
46  45 93782064
33  10 870078886
46  21 1459137165
44  10 1308644820
0  36 726988742
8  42 1001648857
7  44 1680724726
26  48 1945648157
49  39 1660465008
45  41 844609954
15  22 1599099777
27  49 1563144447
9  17 317431715
18  22 1749663443
36  31 1834437614
39  29 928681060
42  4 1256089731
21  33 382882986
36  34 1031208870
49  22 742741198
14  49 1968467099
41  4 241784894
31  28 333429397
31  17 925546298
12  45 1712781536
34  35 1340942557
24  22 1962425189
46  0 1455496364
12  20 1037927069
11  37 771761992
1  10 1298543989
34  24 1120923630
20  25 740381337
2  24 1040325398
49  25 60403030
29  36 1936959282
14  42 1663670716
43  30 898656429
49  35 1527644312
29  30 2137959308
32  36 803893883
9  8 318754456
11  1 1275986584
31  44 1315814465
0  42 362155248
29  6 351902028
23  44 1964126549
33  44 934670661
28  43 501942637
39  9 1783680385
5  15 1568882980
24  37 1272246498
16  32 2131954583
48  26 1303920835
31  47 1684264305
