1250 50 49 44
41  2 508757457
27  25 2115330849
2  49 487482256
41  8 1088926526
14  34 1887294622
16  7 1783526788
7  18 1186355428
38  36 1783504037
10  44 1065785272
26  30 1972175055
0  28 210516439
4  33 1798571274
4  43 809297300
29  7 435276935
45  38 2105919185
46  43 764872603
24  17 1588081676
49  35 1221167903
37  47 1054633534
10  42 542354899
43  49 869093021
18  23 102207884
1  3 1710647769
39  41 1559062595
45  5 435548933
20  12 470765652
39  23 821090800
22  17 1535160204
3  35 2086113526
35  41 1827352684
26  38 891635297
30  6 1208528549
20  26 159479335
1  14 1772626074
5  4 16383058
28  36 1138413493
32  37 1297043359
46  23 1318215077
2  0 904244153
21  45 1771623010
21  22 1153222852
33  4 908732425
33  38 1222654842
37  36 1125861196
19  35 903128549
3  5 460949322
39  28 965069724
32  43 750672725
40  6 1850340322
12  2 1762940087
1  11 1498674344
34  27 869302956
13  47 437922376
36  20 89546326
41  47 1652099605
9  1 258427852
8  22 1797725226
35  3 385986766
39  2 171660982
39  4 2043965338
38  6 276556995
20  44 1897271927
21  3 40228730
42  5 333545093
38  21 1220563325
28  2 788821705
14  34 526227908
16  10 978200127
18  13 338269186
1  2 289252512
48  23 406814195
49  31 1893328754
11  0 1429491649
5  46 923398173
0  28 1324468213
33  4 236548135
41  21 1119342583
14  47 2108131516
38  22 1624527834
47  15 612003353
43  0 2017911750
49  11 260274999
27  28 1008597047
12  41 2104387332
4  35 1174780629
7  35 1644861543
13  37 462413374
18  41 1962488554
33  49 1711525095
9  17 630587074
34  36 949828526
3  13 1617929939
30  24 1102644227
14  18 826967027
40  21 695343483
32  12 682820667
14  19 1034006747
10  6 676547090
37  13 875634147
12  17 1243536946
18  41 1568234743
30  21 2067333147
12  8 441768913
48  24 1072904977
42  45 352025119
15  13 1835600179
5  36 953692403
47  13 380882194
14  38 1983304097
22  31 418061008
32  8 2116636505
19  25 1058691456
7  12 1805637853
40  35 1370872131
16  14 1914797528
14  35 1597257406
3  32 1999326712
18  46 916891951
42  45 1938698298
34  17 2137923519
43  32 2031066054
30  12 1508585492
6  15 703127498
45  6 1037657697
10  29 1968251920
26  25 529248231
36  5 1101880056
46  23 603704755
19  34 507504592
34  47 2085486365
37  1 466879127
6  29 1621503799
24  31 1475679448
0  26 1932818889
33  38 2090934141
13  20 1015842281
13  27 693900681
35  25 884153059
39  46 1316375055
23  13 1964223430
12  30 1194023836
42  27 1946349891
16  45 289556027
34  12 300854355
45  4 1737601023
37  12 1106251147
41  35 1751389481
4  5 811639169
22  49 390015778
20  32 444038550
15  9 1522773564
11  8 1542513019
22  15 761469190
7  49 1444068516
40  14 512764326
5  21 860613856
32  27 1615756902
44  21 775044704
44  11 1311362567
18  20 1610838930
21  15 481015786
7  35 479139461
19  0 1149778518
1  43 2139826670
0  14 1052658563
0  3 562442794
29  10 976997718
19  25 47005350
20  45 361379173
37  8 1786778923
19  18 1789105135
13  25 1072026600
46  3 315241676
43  49 779784848
13  37 743438119
7  27 1069075282
7  12 57210619
31  39 1279608552
6  40 716189908
33  37 1320970221
22  18 1759454112
13  24 1081756761
9  49 284961630
45  32 1384444251
41  49 1963318633
28  36 1043162500
25  28 1062569051
3  39 1658657216
22  27 1170317364
38  2 430698112
40  13 321544492
10  39 41397991
45  22 972279419
7  44 1911910217
36  27 443343192
47  11 540171574
3  35 1764059296
33  5 1622882723
32  49 1560812375
30  31 950981194
0  30 2110503899
9  31 1836218411
36  15 423128175
26  45 525258906
32  29 1272345234
47  22 1085080249
3  43 253227473
8  32 1237724887
26  28 652407288
33  25 1022348857
19  16 610850094
3  30 1294748768
37  8 313183986
24  16 233664484
42  18 482662356
26  44 2013126534
47  43 681341873
35  4 1037638662
11  8 1586958650
37  24 2015995254
49  44 1567813095
41  40 1268401815
32  40 594128422
47  39 1134053521
46  2 1341688670
34  38 1130214416
1  41 29408660
24  34 1035291460
47  37 710501279
41  47 1770017958
5  36 401607470
4  29 862637754
10  14 601097612
10  38 870941147
18  37 1642403865
31  35 568308910
18  47 876583011
38  24 1751304599
35  11 1655312057
34  35 1312267240
49  16 1111615042
1  17 1928616375
6  35 361581669
40  11 78183312
31  42 1319154839
21  0 265140484
32  46 1570621030
27  21 637227164
36  23 944097604
25  15 166299297
19  21 508932265
17  29 214198093
35  44 933066073
28  0 1560481971
10  45 666178218
24  11 2034849977
0  8 121892477
36  10 575585138
27  1 1428852606
3  6 830316046
24  8 185903780
30  27 611275548
12  21 660216722
32  48 2103326813
10  47 1719900024
48  39 1035390352
21  5 1197762872
30  44 1869262072
36  42 1617510541
2  38 167890587
28  27 2126593177
35  40 391670672
19  22 1662322468
35  7 829745409
48  19 1559310271
2  33 1867195909
32  22 2051696965
47  25 1470687466
17  7 17532496
2  49 1585976985
35  16 345312549
33  29 1504165901
15  10 1594421729
44  20 1522702449
16  48 2079032248
3  1 1013771532
35  5 1740391757
19  7 1246926785
45  49 745792641
18  10 994434778
40  31 485952141
38  12 1847096046
8  33 1259573181
13  7 958138296
23  7 1225394358
25  32 401557418
10  21 1620049216
20  46 759472986
20  25 525884545
7  8 1910602434
22  28 348546832
12  16 2045217173
43  39 1533577012
12  4 823302536
1  47 1762027797
46  28 813098009
29  14 202882484
31  30 1985250658
16  24 365950506
21  34 1747145244
12  30 1631388432
0  35 265487985
40  47 1290750089
13  5 1732832664
20  42 877938737
38  0 1014189266
1  47 193457288
40  35 671660633
14  16 215889219
21  18 237838847
27  16 1763645648
28  24 1742046599
29  39 811558518
1  35 1610259221
16  42 1889580903
10  39 1860175694
7  43 1851060339
46  37 2090464907
23  1 693557804
12  19 1442193289
34  49 313603865
18  40 1995672422
9  46 676036923
31  35 1534219096
38  45 2146891986
27  40 918537925
13  23 1316516173
49  27 35239355
24  42 592478276
44  34 2068631805
40  20 155488301
11  10 1214634360
12  34 1535636341
0  40 1265156674
15  49 195338709
24  16 915951871
34  32 2037246840
23  22 112726404
12  0 1379136261
49  20 1062891014
28  23 758604392
45  19 431298970
2  46 915335125
47  33 887890198
35  8 771011236
35  34 2031336891
22  20 1754328222
0  25 1061237624
39  10 1261273769
36  4 78550756
10  43 2094588167
43  31 277764357
6  28 1579212474
46  4 551253184
43  15 166221572
47  19 524257427
39  3 497451642
30  14 1982144034
8  13 1196935319
15  38 832989579
30  32 1426296611
24  42 1438353915
49  43 785733525
49  1 1536921243
47  0 1020247544
31  4 1443670425
44  19 1090685224
1  37 707988953
35  38 496260498
41  27 386221504
46  24 2011255221
36  25 1023188099
23  10 1120897878
0  13 504416715
9  42 336438033
38  0 1549200723
38  27 441492020
29  0 1726718353
5  28 917940907
21  42 121155638
29  20 948513181
36  43 574925912
6  47 2116947368
10  1 501552798
49  11 393127165
3  19 647600291
3  5 1416049030
43  49 634992049
19  33 1389971916
31  25 630855163
32  1 1131354540
15  29 1930654463
23  0 1656111143
43  48 2029298174
35  4 304015079
6  14 1103451192
18  39 520644400
7  36 467825841
22  31 1502411532
19  44 617855682
44  18 1150272923
6  27 1688635206
44  40 1322121912
12  7 1798033937
31  6 737054889
23  25 127434561
8  0 1289049912
33  47 1455008168
43  1 2061996475
38  20 31243805
11  21 1815739465
13  38 1229262727
45  2 748058933
20  13 26654083
49  22 534537713
18  7 956350993
1  25 914378876
45  43 1278592452
11  35 1072646389
3  4 251440563
46  5 1861837934
24  33 801096814
43  30 1169074317
25  15 683796697
24  21 1075367373
42  9 482379456
27  49 1710644029
10  4 230395953
2  5 1458565895
41  31 532099073
15  14 632928459
26  10 2110989747
29  41 1289627151
38  22 147225715
33  47 1827169912
2  8 379646887
5  26 1020307170
19  9 1267180950
26  6 1552919401
1  8 1247475408
47  7 1358881182
4  48 1728085820
7  16 1884245895
10  42 872800689
30  48 529500276
0  42 739738754
28  21 1422522499
23  17 1550155819
41  17 491682123
13  23 1944541994
34  12 1481719189
20  27 1607390039
13  21 1877552482
6  23 678286291
28  42 1732612682
5  37 1666776004
7  28 573734075
12  14 438949939
0  14 1262631634
2  28 1158405711
23  10 1009639106
24  5 1988586112
26  11 1478826206
15  16 1350400764
14  49 590635372
48  2 1994388816
14  29 1176662556
49  34 175916808
27  18 1439080351
8  48 1820721374
45  29 455237230
43  49 1346071357
2  12 2145652937
45  25 1914239647
12  2 652401053
15  41 686313239
45  43 2085939221
31  9 1944669633
39  1 1017199455
33  41 1312269249
8  16 1721506322
15  45 667762391
41  36 2031476370
38  39 1228035576
34  49 61850394
46  13 469259784
39  38 1308493762
3  24 660160423
10  45 1952692834
14  25 299947797
4  31 1298341323
29  21 1388415491
10  21 195660883
21  9 1831450410
2  14 1803042342
10  30 1813111247
6  17 458636812
13  45 1146021882
8  33 961722906
5  39 946139170
39  38 73540599
37  38 2021123537
45  1 1759055225
0  37 1319172256
35  16 1969214221
3  31 1116585464
40  19 873016655
12  2 1742708662
48  16 1153007724
22  29 677971117
23  45 1686019380
33  41 1414956623
42  44 31104815
11  38 1572460416
38  42 519268098
45  34 63615133
45  19 1391882046
34  30 1703567243
39  43 637308314
32  29 2044808589
32  0 1373033709
26  12 309678857
22  29 1708315094
38  48 1826118939
48  12 683878282
38  33 1255259213
39  48 1944483498
13  40 171606537
31  19 1280041484
25  38 1322819682
38  2 1629464104
43  4 1568377453
28  27 1334174157
37  27 763230841
32  31 2046520645
16  46 839288599
8  35 1251505497
16  31 612562467
11  5 1933371968
37  48 30088699
32  49 927475525
23  21 792244557
29  49 1597336496
47  2 134856379
16  24 1260435351
35  34 1872428002
2  17 1085017208
0  17 204130240
16  7 469241119
49  2 2117889964
42  28 1645503197
31  12 1162196931
43  22 1365300508
15  10 716216318
2  45 702971833
42  16 1886180764
6  20 1121852079
5  41 1306691079
26  43 85961714
34  7 1019701580
46  10 834984655
45  26 233542543
2  31 189269275
35  45 709927242
27  41 1708689518
36  39 1800157104
45  7 1053057289
9  39 468159534
46  26 1654393156
48  2 1828468565
20  3 176960946
3  35 1197633785
8  6 2052207315
47  41 560367473
43  37 256819640
12  39 1238943166
35  9 2011395250
44  14 992440512
17  23 1650074471
7  37 806545190
47  24 1235093
12  29 1714066130
3  6 474213849
5  38 885711361
44  2 1048706038
33  11 1034980523
19  43 563706753
13  28 197558841
0  34 1299787345
38  12 921563962
40  33 681059701
5  47 764943507
0  20 238306118
20  0 872754634
27  25 749788037
7  8 341074791
3  42 32300513
9  47 1806243817
49  43 346466507
41  42 1632469840
4  10 1413766713
13  38 1717392849
9  16 1736867252
2  35 1413471722
25  21 882272238
13  20 117469668
20  43 1682530463
25  26 677081180
1  10 346902117
46  39 1072958586
24  23 819865131
37  14 1217119416
19  12 581411977
11  47 1667654196
31  3 79813549
45  43 1853776117
31  43 1258784733
32  16 1015309510
26  36 1905620548
45  26 1534769636
19  12 2035934841
13  7 336422689
7  4 1208708
10  48 1765168176
15  41 1407308236
45  35 848529401
13  32 844821032
44  2 1800092443
25  36 666492189
2  37 834617183
28  48 1977966712
8  39 1624290109
4  20 969088304
15  8 1778580629
14  43 1417776962
22  34 1529664414
46  25 1942102920
23  7 592405431
21  49 483862610
41  44 1974945500
22  7 1897541056
40  21 1428949222
37  41 1311187732
9  39 103201706
37  42 1638093633
14  39 1595723956
31  36 1495908024
7  38 723309810
11  43 1266467629
13  24 422319400
33  49 706246749
22  31 1371468041
35  21 560754784
17  45 1294291217
38  47 3959166
47  44 717941398
21  45 192476007
26  46 1150402035
21  45 432374545
19  3 255414453
13  10 554957434
5  33 1575937299
11  10 92016824
28  24 1067205040
38  36 707134591
32  44 1655885907
17  14 85203456
7  31 1236802708
40  39 649005390
6  12 604290244
34  10 2015347027
45  19 2024388352
25  8 1998447763
36  5 1351312361
10  5 181845078
29  35 1650100042
37  33 1894328027
26  34 588325591
27  39 12134632
12  19 1801658876
38  17 1064182825
16  46 537470687
43  28 944564828
3  23 1550213891
14  44 1323197056
45  23 960563368
16  12 1485702534
30  41 268646452
5  42 40556806
19  42 1244377477
21  31 1168511710
43  29 99798214
14  24 1025053040
11  19 1675303798
46  14 584306942
34  44 521212309
17  27 160650555
37  45 576776534
17  12 1716856232
30  33 202396090
2  19 858401738
18  15 227887539
38  14 1873549198
11  14 1326909130
42  46 1851967042
31  42 683985886
46  15 579680831
21  20 34409471
16  36 756845605
2  38 1696687959
44  48 1404285146
0  44 1084097874
6  1 1401596646
5  16 1324592067
8  46 246322081
4  20 136727948
17  22 288471988
2  0 885119940
36  5 790191273
37  11 979817138
26  38 1818293789
2  15 521625687
45  6 2103840051
27  10 977577276
43  32 597247113
28  37 1239727848
26  27 1970024822
40  16 1930035715
29  2 908593675
4  27 2046373891
24  0 2094447972
9  20 1237578164
3  0 1672827793
32  15 264513609
11  40 1234698647
44  41 1081132326
36  7 584084277
41  29 573670301
4  11 194878977
2  26 318669257
34  2 2016133475
12  2 888580553
25  17 449713521
26  0 97821212
47  20 775054686
4  36 1517052409
1  41 2025434874
0  11 1342362075
29  18 847635153
4  14 670776330
26  13 740228924
25  20 1200574825
36  15 2140681671
2  39 2092401081
24  20 824443772
25  49 63826573
12  24 385335915
35  31 617259108
22  2 1997485894
45  35 1736049516
24  31 351184414
4  2 2114669809
19  8 685924907
35  18 549196763
4  17 42897393
9  30 1803483095
24  35 1179117817
27  32 866734776
43  25 76861891
18  17 1764322954
48  35 1723039533
13  49 2143018407
9  8 1627016665
47  40 1244656549
22  32 1301902242
46  13 1007904459
11  27 1647745807
12  1 1435985203
20  13 1911319126
28  22 999688232
42  26 1537140696
30  33 367220701
8  42 1233107583
39  17 1481152441
20  25 1260391425
46  27 969931353
9  48 930052513
25  1 573226291
14  43 1975164287
24  31 1866687572
47  0 1589078186
26  4 249609708
18  5 600304446
48  14 614051537
39  2 914639494
41  39 1982867326
32  18 349936578
45  3 171637066
3  45 1071064031
13  24 1698731118
48  45 1017951252
35  44 1418484821
23  16 412958079
8  15 1267723779
49  17 520643702
6  35 1224309245
12  33 173003309
14  35 1364062185
7  8 1275052700
19  14 1989086224
35  34 1703332249
6  40 189296719
41  9 1639117491
13  26 1824339854
40  46 1289338577
6  31 1382080247
25  32 78405381
41  44 1207853003
21  3 309143464
11  12 901934903
15  10 1506669259
19  30 115619370
22  5 2097677715
10  46 660763099
31  22 1439545460
11  34 106276355
37  15 2043374096
37  42 1215083546
13  8 1852876389
12  30 1899220688
17  42 1285614193
15  37 955319854
27  39 1107242932
25  2 1493803160
20  46 1064474167
28  36 114029988
47  7 1553199469
48  28 1603562035
3  20 1478777925
45  35 2098256814
3  2 993748190
31  19 281921766
1  2 356448827
14  40 803109580
38  5 858239488
3  38 1222641002
31  6 1468924643
9  28 323081927
34  15 1634645197
36  8 15615478
46  29 1085865025
10  40 2118329428
14  45 1178327662
24  48 1965175175
45  42 759836931
36  20 495325522
10  45 1091041167
8  28 1119436687
0  2 409959014
19  42 1714937897
28  44 1177011652
16  27 565665726
47  10 1524211512
33  15 138191880
37  18 212526129
20  48 622083017
43  3 1308052162
45  10 1866516853
44  0 720517750
42  12 131295366
4  41 1880934873
4  35 49167997
26  29 478501809
14  7 1832602204
4  42 139276105
24  19 1552245339
31  9 1447113828
46  33 1870989499
2  20 1588785617
15  23 796996646
44  31 919128547
30  18 731556161
18  17 79193130
36  17 311626503
5  28 274053792
23  13 89793646
2  45 117763362
43  20 198204600
39  7 2073088122
35  17 337484736
10  36 584572374
42  3 491209348
41  49 2120371449
0  41 254547929
28  40 1319495642
20  41 783849214
48  16 1969453669
32  31 1193118934
27  9 2092558287
39  23 440722217
22  14 714062946
18  40 15862007
30  11 757381174
30  19 292524028
22  3 2036568800
18  42 514910614
25  19 1388314025
34  38 726783095
43  46 119901020
38  22 786055274
11  38 1328862040
44  32 1698110493
0  8 1013821632
10  9 2016485644
47  9 277713718
39  2 1374614251
31  16 1246172839
31  45 379836144
28  47 109131078
19  1 1004673163
37  10 256474355
42  33 944627816
27  45 883861377
21  8 521904489
13  6 1180969254
47  5 1814269108
18  45 9938531
17  16 1685491836
6  26 2041804316
32  47 2003104850
6  19 1901049675
45  43 1999721425
26  1 1508583644
49  40 603717416
42  33 325896192
21  49 1550426114
0  29 170147712
46  43 309482417
19  21 734235380
48  47 204645975
4  44 2976094
35  5 484426398
35  19 1040534861
12  37 860042120
5  24 1797028034
21  25 753282520
12  5 2023842017
40  8 2144254916
11  31 593439728
45  19 715910192
29  42 352013174
4  25 2072118609
49  2 1047514936
35  21 325027548
36  2 1692918582
22  30 270270736
6  41 960966809
3  5 1292871484
17  45 808614709
40  8 1629610991
22  49 1394677797
14  0 72675086
47  31 138934917
39  43 821325222
0  10 952168451
4  2 2140203592
37  27 681189793
7  41 1635199112
10  48 697869263
5  12 677149550
25  32 1210963363
40  46 998104035
48  4 1542479691
39  42 1718625657
8  0 538647510
27  8 933207696
49  25 1445485967
17  18 1040366492
23  36 2057103274
3  4 1454523521
48  14 187657447
13  17 1877274323
27  44 184008783
36  19 401611171
48  44 1251252870
47  35 148855459
43  38 600053547
49  10 1286779250
15  16 765050268
46  30 2023429049
16  4 954833610
17  1 1499315863
29  34 1756641420
27  20 952110524
41  39 1849389549
46  41 1661949861
36  14 1832138489
30  16 708187360
33  25 1446623294
47  29 36613004
48  21 1322167278
35  5 48814909
22  39 1414651666
20  24 1570826566
0  1 1801537825
12  17 1209380136
47  32 2012962624
28  8 660908935
0  33 184056141
16  44 1792386111
24  7 485817094
26  46 2076922140
42  43 759875807
18  46 1218042003
45  8 690988060
23  8 1566578592
30  5 2008011548
2  30 303200740
20  48 411838856
42  20 530055616
7  36 2059018050
2  8 1239812773
12  7 352318296
7  17 846255801
38  46 1307647848
27  18 1431003552
0  19 569296644
16  38 237534478
40  33 1208831239
4  19 1881737717
45  7 1178103569
17  3 60410250
30  0 64850231
8  7 1010781451
41  4 492768189
15  22 1900965524
16  0 1206683050
13  40 306091508
17  41 2144475026
12  37 1692582875
34  45 1889146008
47  15 1255184799
29  32 1328794134
44  29 52616513
49  30 44391542
34  13 1310557474
27  47 1329273485
10  43 1415877938
16  47 1663685541
45  41 1780008887
21  16 1341186661
39  12 1084259396
18  17 804582756
16  22 1309130613
19  10 799150253
22  2 1962830299
16  9 976509280
7  13 2005789853
12  36 837377061
40  3 33230047
6  32 1719127213
25  32 598078555
40  36 735911600
34  49 1965215426
13  27 2040725193
14  43 541346539
36  16 1696884705
33  26 2018771242
17  15 1300588319
18  20 1305859801
31  33 2091508968
35  20 1147613171
34  41 1047121330
38  7 535320719
16  7 2036455209
27  24 205135732
19  6 2050275628
10  23 1065085323
10  4 1044005130
20  2 370673455
45  6 1967806829
34  16 1901853695
29  44 1501384750
7  49 1868505246
46  35 1576447532
21  10 469652443
30  41 177024824
7  2 1943083461
10  11 1705131123
47  18 1155695745
9  26 1501466047
27  32 1172580730
5  21 1972910171
36  16 1429991997
42  41 98499523
25  13 1012074223
25  13 525613180
49  9 215007235
39  45 104728440
21  34 335091409
25  19 523340305
47  8 1249424172
9  1 719749295
8  47 507325340
44  38 2036622448
12  2 600792479
9  21 1469675150
12  35 867746901
6  44 110646780
41  43 421365749
6  14 1067266023
47  6 622533655
1  5 1633592281
27  35 198061645
38  42 1977961360
43  9 464774218
7  11 572090085
40  20 1305356626
30  17 1884674999
30  7 637845933
45  18 1293035090
20  41 899633389
18  0 1112901837
20  21 1566327935
20  39 945680608
27  42 867059786
28  40 272627583
48  16 1150142288
3  35 28451573
4  15 296770073
40  45 1953201044
20  29 2071296814
17  28 1713468760
19  24 2143790090
10  9 2125986740
20  1 932449843
36  27 808368612
34  44 701496476
26  17 547942907
38  46 117351162
33  11 692837330
20  42 207482875
5  33 1071547964
16  3 1824872910
7  37 250104361
39  33 275326063
19  43 1855629764
29  9 1246178179
4  0 1573936711
2  25 607006747
16  12 566197455
47  6 57988802
19  49 533423320
12  2 1158701010
8  43 1403927184
34  9 2117516213
46  20 1855421285
36  37 831803919
22  12 1105434417
35  28 301289296
11  15 709329940
36  13 1812396935
13  0 1373852380
43  32 121944611
16  1 1070793112
2  29 132418320
4  40 1945370744
1  38 1172532724
45  19 1541374141
49  13 1576092062
3  9 1985534805
22  2 1932316445
21  7 2090591780
44  16 363744649
41  11 2041798670
38  40 645605361
29  16 1649669090
45  20 546781206
49  40 1339804296
15  4 2079239720
7  40 1811744024
39  33 31029180
42  37 1981784797
15  37 1346818968
1  48 1586884978
39  10 699250312
33  19 2064297793
31  34 785940021
5  3 1520510526
15  33 1869694687
44  18 818189855
6  24 1092002449
46  39 1432650270
18  12 1741578226
24  42 1420878566
31  46 2120112613
49  46 1645860625
47  13 1222685630
10  30 580917158
21  12 200499316
48  12 269182517
0  2 1903473453
48  16 1478529400
20  35 1185607638
2  22 530833424
5  21 1896325664
17  43 22814645
2  34 1154891559
21  25 1159203442
35  49 1228776689
5  46 774363927
12  1 1145224445
20  46 1484369421
46  30 415618520
3  25 169581618
8  20 1209347897
16  12 1492507574
20  39 1623470952
44  33 126319895
29  21 399299170
16  41 117263776
2  27 1225411579
38  8 1551032373
2  42 961621322
41  38 520799725
30  48 1562179765
20  42 1849453393
47  31 486342503
37  36 1284414033
33  12 1940350363
47  9 826461488
21  2 1861702120
16  18 909373828
24  34 84940425
31  27 13914654
10  35 1673948552
30  7 1960817337
30  26 686450853
17  44 862612581
40  4 1226721373
