1250 50 17 38
40  31 261187481
11  2 239652448
34  32 1245340678
8  19 754051223
33  31 269117023
31  22 319207044
32  30 814715684
9  10 1123534864
26  17 1000236120
42  32 1807002624
21  44 1489710719
11  39 51092832
8  33 2051168235
49  43 434599844
34  28 11951458
48  9 1713404726
20  29 1879200274
43  30 1258766406
44  12 767482577
13  40 1327276263
40  48 415231775
32  19 1912955978
17  0 1217023562
25  38 812007652
41  14 1267359963
25  36 1240017519
13  44 1806237298
19  18 765290137
27  43 159370650
2  10 894456202
10  28 2106283294
25  1 957626030
34  48 2011002892
25  46 1891240074
4  18 1178083228
44  17 124679561
8  5 1517906432
3  13 2070369603
17  44 1878639340
10  29 1836772477
35  9 124267184
32  3 281413830
28  21 1411268670
38  27 405777145
1  38 973636468
18  13 1111791213
42  1 1591613294
22  23 1143846979
49  30 919055339
28  10 1821684225
36  43 811152170
2  35 1047078503
45  18 832890229
11  4 1064760952
42  28 587700851
15  27 1191515537
41  32 1697674126
22  39 2056697897
4  38 859614614
18  32 537035448
7  42 1162703850
38  14 354106961
21  17 265364342
34  43 755310023
47  31 156269990
36  43 181888217
2  11 374220822
47  41 1950961171
39  45 1241564001
33  47 667446076
47  26 1739334807
34  13 1926303024
8  2 556853191
28  6 1802616596
0  5 510272247
13  36 1717765821
4  23 1696827649
9  39 1628135772
28  39 757013120
29  11 2131325140
20  48 307629692
23  32 1463471633
47  48 1316866534
19  25 116461312
38  44 2124975549
36  18 2120999566
25  0 1600362784
30  38 160628615
29  20 1389059218
33  7 723611303
39  40 265549066
5  8 1924274797
35  32 1280588929
1  20 1507348452
38  10 673900188
32  27 1057102794
40  8 1877450057
22  40 1369922542
38  5 261388490
15  36 978306053
33  27 1883842186
18  26 1846813183
6  7 1412747882
45  21 782550868
31  37 843139974
31  0 1440604886
7  32 1111941304
18  10 1791153242
41  47 2008610719
21  42 271641684
8  22 116724845
34  49 1641753634
15  43 1686572304
3  8 1713612739
2  12 882789341
22  34 399058826
5  41 1290600235
8  13 394436522
47  17 2108855290
40  36 1343934630
18  17 1701480935
47  45 559965671
45  34 585674161
0  6 1828841318
17  22 476987422
44  42 316684858
23  24 937788759
47  39 654531271
47  37 71841794
44  34 39638781
16  45 2085553555
23  49 38782888
46  40 290526540
26  32 1845789036
23  31 464064304
5  21 915639058
23  12 149938252
41  10 932715229
4  18 1302564323
45  13 292930184
35  40 1150373762
38  26 2119676664
36  39 853093359
3  15 508076859
46  25 2129370546
45  15 1566601545
19  12 144681485
14  6 1931679143
43  0 2047901573
45  48 99122767
3  11 1143766321
29  9 1661865553
38  4 1024027582
30  42 703628430
47  7 420972547
48  8 1334007424
18  35 998031812
26  8 232873293
36  2 38206608
37  19 569704817
15  28 395948548
24  42 744892384
48  44 1384275461
4  17 1254524456
10  12 1378963758
4  34 1850606476
20  29 1263790722
8  13 1170831573
48  41 127238628
25  11 416866552
36  30 855591969
33  37 1762746019
9  24 101962658
7  46 390779822
4  19 1476590347
1  26 1787367206
5  26 1334603096
16  0 1507449219
39  24 1900615497
19  30 2097438892
42  19 654336115
44  3 1820787523
29  8 1568153058
5  27 175725809
17  12 143299913
21  20 659704452
46  26 69059051
23  43 1339580470
44  41 348824707
14  34 1214089618
10  4 2064134208
15  16 545199811
15  25 1941315325
0  46 688842951
19  36 248498207
4  49 1727887690
49  42 573995881
46  2 477181725
31  44 1273358937
30  42 780139514
36  13 2004584368
24  22 425961284
12  42 796946251
19  13 222673142
21  23 10105423
8  29 824721898
4  1 802313052
13  35 2045667053
38  8 1572511109
16  34 1270039980
16  23 1196608399
47  49 1016535389
34  24 381197168
8  17 1884218900
18  39 1724919247
12  28 1950079537
33  36 492000880
23  29 972409026
48  21 1509903511
40  45 618524443
20  7 414021231
19  13 1016178897
16  43 584192919
16  38 1917785319
2  29 1085910085
37  38 1756202460
19  24 868298215
26  43 802374248
48  21 1339533680
35  30 1065451018
39  20 621883142
40  14 1695080138
48  43 952001087
22  42 1238614102
15  41 1881797303
33  24 1405764336
14  29 1765787799
6  5 1652434135
24  5 1333598154
44  23 702348197
8  43 1739115805
20  14 2120971306
22  9 1345272527
49  36 263499184
2  3 2022895871
20  37 1472871187
18  46 1852563734
14  0 226972782
27  23 787534103
5  47 440373776
31  40 741199079
34  18 475251192
34  37 1481993205
18  42 2106426151
6  13 1599793565
39  4 628456662
29  16 946326096
20  17 1015278112
46  47 699856631
17  44 663347500
44  29 1543738036
44  7 908774301
3  28 2104520447
47  11 2131380233
11  16 2135921408
27  0 1677624770
32  21 452191800
37  15 640842343
44  31 950005045
29  30 1398205283
8  17 1749385716
13  5 689522973
39  36 359553245
33  41 847697136
23  15 452158844
35  31 1435022966
43  39 1631297873
43  42 295487285
48  25 36636861
49  48 2035837793
32  21 882023976
49  42 1368405412
7  6 927341449
11  35 220037052
35  2 1297563232
0  46 746318815
1  12 904932157
9  47 778128701
15  29 1749259996
19  46 2022493969
43  29 1331350670
18  12 1109545353
6  35 434430040
31  16 988030154
22  18 2038060006
28  43 1372148270
40  10 2112394896
12  4 203653897
33  24 755599344
25  3 2139561693
13  12 1385176585
18  39 2095502434
34  39 1430237955
41  13 1214687946
0  21 1897157299
7  18 982285765
1  43 302464849
14  48 974809653
46  19 2045308508
28  48 191856443
2  8 2099982977
39  42 2126531840
11  39 68654660
40  43 1121461042
39  34 2135545471
39  8 1891999822
20  22 2626375
11  4 1001507217
13  23 1746161726
19  1 1693721291
39  5 1411416079
24  9 37223560
44  46 1195439173
33  43 9923856
15  24 1065652699
10  20 2032402728
34  26 1750108012
37  29 1857845597
0  20 593061534
22  4 1329019524
2  28 1882604820
29  28 1332227472
46  29 1884925176
8  21 1401734105
18  36 1041006493
4  3 1345767057
33  26 1791496619
5  26 1798205048
1  2 1952777269
33  24 1740167234
13  33 817290097
39  22 1765309435
36  8 1498420559
22  10 1287300098
25  46 367177321
20  2 586719958
10  26 1957487120
7  47 1368052072
11  12 1038996536
40  48 523816556
16  10 458145513
27  39 1150081919
15  10 256819340
47  1 1384352182
49  10 1680264412
6  34 801491997
42  36 1247619503
34  27 1581273568
14  30 579796875
38  46 125924766
7  12 1495409277
9  11 377576709
46  25 141781574
31  25 1388149955
1  19 465436959
48  23 745436046
41  29 11239293
40  26 728485067
5  33 481551653
34  17 1289971761
29  44 1681570457
1  24 1420947127
47  1 23718296
36  31 761203224
33  40 1222850828
44  9 292588344
4  42 1146960616
44  2 1386547342
35  39 1649882837
4  20 260002203
26  37 657616559
48  16 1971708697
38  35 11406009
11  45 1284295914
37  35 1726800425
48  37 469042833
0  6 352589238
35  44 536419326
45  35 1378267601
4  18 1023939829
28  23 1093192170
16  4 1251021397
10  41 1033686860
35  41 850481915
12  49 272595133
3  19 1578876219
37  11 182565392
22  19 1091452436
6  11 2055995768
34  40 1887018003
21  40 126607114
9  2 568129739
42  0 1564377369
27  15 15834890
22  39 2047712780
19  23 393861159
20  40 1018029209
2  32 985504543
2  21 586940787
9  27 1003367449
18  44 2138683654
15  1 1938163573
37  16 320346925
23  22 1051312904
14  2 665411238
42  35 838494870
1  7 1062877668
32  6 339751855
21  7 915996785
17  0 1973124066
34  23 1206126799
46  35 1768116699
28  3 1347602326
42  7 2061046408
9  11 1093658362
14  27 1943074370
26  49 1622010474
40  3 875207704
15  22 1920133777
33  4 1032528018
31  41 302023961
40  28 1677521742
14  9 1169151825
28  32 512242963
18  29 1716597821
33  1 1124758135
21  34 1185347826
45  12 527937440
15  28 771099500
22  18 804576760
36  48 255364574
37  11 264335621
48  45 1584780237
35  37 111526308
40  20 2062845088
42  46 1955610721
14  3 443552622
40  29 447629721
41  7 681944178
8  11 1072170392
13  2 1314649619
12  5 518184567
39  30 939307562
6  27 2080699562
25  34 1419099129
39  46 574904326
9  46 1274239429
29  12 1401291657
13  24 669292029
24  28 1734989336
39  1 1834741608
15  13 1239602291
29  35 379111135
8  47 243223484
31  21 2118417250
44  42 567663288
21  14 425551113
24  38 118341806
15  29 1556904809
21  48 1054665269
37  46 1513047613
16  5 199932980
28  4 1533634966
19  38 565755014
36  39 1140609438
26  31 958168555
39  46 1427823877
19  25 581763713
19  16 1207109733
40  6 1859608451
41  38 16081367
36  27 2122568011
24  30 1303530630
33  23 1208575515
1  30 1975876088
17  15 1203686212
22  36 111273835
2  35 111887576
35  11 1689309801
18  17 358452582
38  25 866601270
25  20 1550703053
34  20 55562405
35  15 691467318
19  46 1518680321
1  32 1948779948
45  4 1285451249
8  42 433040898
17  9 763504638
31  41 254211416
45  24 836074250
43  6 1806816120
48  19 982958957
4  0 1351281137
23  1 640008152
37  8 761095745
36  2 1793734404
8  16 775407311
9  0 178824181
40  24 973577326
9  34 898166749
2  5 155465571
49  10 1422413407
10  46 1443087939
25  20 550253536
28  35 421591025
24  31 1475081292
1  45 338827515
47  32 791342579
25  36 1851480613
23  40 891422477
8  0 1888953883
4  6 893279167
34  21 400815665
40  2 1688316646
12  21 193362488
3  6 738773971
46  48 1064824345
42  33 68365361
32  7 200462810
21  45 1279433913
23  13 329125552
27  20 1076090329
3  48 1934149564
20  48 2123348927
23  19 25216187
15  35 914222382
21  19 1613745359
10  21 1070801716
25  33 2018536943
46  40 2033586014
42  48 1463918737
21  6 1880864200
39  24 1576628692
6  28 992977465
5  17 848927650
21  40 924951228
1  3 1279937104
42  39 1474534074
31  43 367493216
40  48 1508618580
13  18 1816507373
47  26 340899794
3  22 1558486005
7  19 1115065419
9  18 1973430524
38  30 1367101982
36  9 1265577048
46  27 974455558
18  26 2121509372
15  36 497962396
5  25 1639277172
13  29 1904850292
29  18 767072255
1  38 1976233225
4  9 1272778421
17  16 2132792580
22  10 1092510506
4  9 1884518495
20  30 303995175
14  33 1367672623
28  37 1086104256
36  15 319035092
30  4 475770296
2  44 1148251624
0  27 356608910
36  3 1634833637
17  16 1291138870
32  3 649021773
20  14 2075991517
3  5 1451796559
17  7 1091397816
15  24 2112799560
48  11 1153882512
30  5 2129884679
0  26 1587221068
16  27 1646416161
31  25 407033958
10  4 35137030
15  20 1697987207
22  9 2011563560
13  25 394814838
33  29 918936720
18  35 564599711
21  14 698355775
2  27 1808786912
9  24 420316056
16  22 1724187929
47  9 853199510
36  33 2024918385
24  8 605711754
48  16 1636310528
18  6 535680994
9  4 1219276320
38  29 1876730275
7  41 166217705
42  31 1784537506
39  45 544300647
49  7 1260811913
20  16 803917509
18  2 1672944053
30  15 640423949
14  17 2146241172
32  42 493565147
27  44 257480090
41  40 32478628
26  4 1182886765
25  48 1134135153
21  7 1960377961
26  5 298282777
35  18 1587820727
7  22 897439953
7  29 1410201967
31  5 821919942
40  49 1706096447
44  30 1699949578
38  47 1802173267
0  34 1794626419
32  43 2099652487
4  23 591855438
21  43 227027796
24  4 794074694
10  22 343576274
24  7 2107453886
1  8 1962452131
16  41 311836696
22  47 1581746583
45  28 1273678174
18  39 1868919038
0  21 865540787
35  33 1782150545
1  34 91024648
26  13 1002354394
6  43 1908286130
31  32 1849524207
40  24 348058707
15  5 224518630
38  1 1549386854
47  36 1063783750
17  33 759041254
5  38 1363836493
40  49 1838808273
24  0 2145395685
19  32 1358223203
40  26 567823354
13  24 27571356
33  11 857345785
8  4 881602661
37  14 431444538
1  29 96449952
7  2 776930686
11  40 1450331270
40  17 1788320382
42  4 579419536
7  45 705787625
21  39 1106226070
48  0 497429350
18  29 14417126
24  14 640793695
6  48 1004051690
49  15 172844210
16  35 1892947263
42  30 1339543363
44  11 1547183633
4  46 2056184376
21  36 2052876322
11  23 1725164154
44  43 645053395
11  24 992529631
13  4 544963366
38  17 1928169882
42  16 81434836
9  10 1505575155
12  20 318070395
29  9 1747875063
5  42 1221324486
39  43 559637112
24  26 1874208674
7  32 757761382
29  19 2129326575
34  21 452550247
2  35 1579844957
37  34 1296875272
2  37 193668657
45  10 71483386
27  47 1243869119
47  9 1684927985
14  48 1279241646
27  33 1581953883
8  39 2002143846
2  45 410340467
6  38 56428102
33  23 1936386914
14  13 285049241
47  14 1908607069
31  43 1531235799
18  23 1629130787
8  6 1475238976
4  31 1885561284
47  25 71459779
44  24 214813523
30  10 1900408582
0  37 371791094
14  15 2087711663
36  25 1187621372
0  36 955673921
29  33 681902623
30  39 1743373032
48  41 1982614360
26  27 145685684
25  38 1574603109
41  6 920736474
22  17 1194636244
13  31 1707945789
45  15 1132421603
38  49 2127600620
1  3 35417651
35  16 340077441
44  11 1403986227
29  45 471227605
10  0 302258649
6  27 1534863636
8  10 1665943107
15  48 1575932369
4  20 72269747
45  38 570017745
20  23 424083804
11  21 1056743956
26  45 1567583258
1  45 510991410
29  40 169642093
19  23 1456959221
41  17 1620782704
15  30 2031681694
15  20 348475152
26  43 1565823110
33  38 671567394
37  32 331667195
37  14 614079368
7  44 178307805
24  2 1524806482
19  24 774868518
31  47 514454653
42  34 1534112444
37  38 139253133
49  21 537518868
20  23 139993354
33  1 928055415
12  25 85579955
36  43 185049632
5  36 655853794
43  47 1506170483
38  15 1033311167
11  17 1248949470
26  14 95457360
37  31 160963329
32  3 1711841478
31  10 593288134
20  40 1823823285
2  21 1010000021
13  6 1106320467
26  5 1436298409
12  15 2109000375
15  47 852036352
20  14 614887147
25  47 592257433
27  26 1684330942
26  27 65650743
34  37 224796180
12  8 324165580
0  21 1698558290
39  37 1231177709
43  28 293395240
10  37 2084974380
24  44 1313938250
13  25 286413578
44  47 2098960392
15  35 2099292285
34  12 765963119
26  22 1030206293
3  35 1836285248
49  24 818414244
45  46 502546802
3  47 402380621
18  48 135037098
45  6 1770112996
6  3 1518694352
7  15 1806427062
16  27 435892308
27  5 683753527
18  3 699350993
40  13 2118272032
30  35 1515841614
24  40 439362114
16  23 1127608725
44  10 1823136134
37  9 1947994733
19  36 237081023
36  21 1851447620
8  49 946697519
32  0 329035252
42  27 1474239675
36  38 914552259
32  23 590095376
4  13 214919180
49  4 113499368
47  38 969858214
26  41 1635917097
29  25 1392439542
48  46 850678942
26  21 1478186561
2  41 1397810416
10  38 1083935294
13  22 521930107
16  21 1339418283
48  42 1331309201
18  26 1476559571
49  35 2128175472
8  12 738739825
24  29 378428892
26  39 794516504
15  29 1196816391
29  30 1516926685
12  49 420578637
32  41 1987640543
13  7 944025643
20  29 1948275644
26  46 556666280
31  36 1565590198
12  34 1504728734
7  24 313775786
10  13 500478451
36  16 1281125332
29  47 509100417
34  41 570494796
26  42 975650703
36  7 1115405035
1  24 972437993
17  11 1427059086
44  21 2115211468
35  41 348052001
10  0 1347831147
26  49 1050710205
5  43 555525429
41  0 1991587057
1  8 1024323374
3  42 297713008
13  41 1270131489
22  33 1665290284
49  0 355040404
12  16 648701129
46  35 13484679
25  41 539818732
14  46 1299906909
34  37 1106433749
42  0 1517327216
20  12 395443061
6  43 730821299
24  0 1058299901
37  41 1159191432
2  1 1242288522
5  34 379037369
45  27 408841087
49  16 25538794
37  12 584807476
16  3 799580996
32  5 1165152247
29  45 1885094946
13  10 60454726
7  24 91960867
10  22 1904020023
14  23 970355319
39  35 2038944507
2  28 2047905036
1  16 740893474
2  8 212538644
33  13 1662088882
16  24 1867134232
39  17 443945632
49  8 1230602445
3  37 699099366
14  40 1472311135
23  6 1935925568
21  49 1086114175
24  17 1620493858
36  19 203928826
21  34 411516538
29  11 1623130730
46  0 121509100
44  11 737187888
43  18 1546489918
43  19 104087630
31  6 373978385
31  10 404066871
20  7 1319095803
33  22 1381924996
42  26 1251970080
8  27 1294392668
44  47 399539985
44  49 523064978
28  15 1213900725
12  20 481883871
32  35 51264763
21  39 229788140
31  33 1293221433
19  11 1156156501
24  33 1370473161
17  11 70040169
35  39 1523094556
42  30 1361440954
29  14 771746941
27  6 284986592
8  39 994180156
34  13 2020128851
23  27 1771501350
21  46 2059335208
33  37 1835257569
4  41 654164838
36  19 263487032
11  21 2138570437
17  32 1662486316
18  9 1423482536
6  29 1686257801
28  34 1549941562
35  8 580019019
29  7 1611385484
30  29 467137811
15  4 2106545678
10  20 1322849803
14  25 387235902
7  45 855249093
30  48 1785151198
37  34 866208085
30  41 1244269705
19  5 1577038194
4  41 1266155795
48  24 15387467
25  8 1754919522
47  29 2026770114
33  39 1766325483
3  28 1977874162
13  41 62326159
18  36 1005887832
15  0 560712222
9  31 480222223
10  1 1634242287
2  22 2147184216
4  25 1557398256
45  12 2006461123
38  8 28901040
8  15 1031567806
44  21 1724329167
4  2 1273216568
2  37 1256322736
26  18 1705562398
27  47 1516774290
34  36 1899811546
20  33 701720264
31  48 656312355
17  5 132048915
20  41 510137961
12  34 1301435849
48  23 1389587059
16  17 1055014628
28  25 858505667
3  44 477347623
12  49 1446295963
31  3 546093861
25  30 1124468002
12  14 2136642766
21  0 813707847
7  8 51181175
32  21 576282596
30  33 1101524967
29  2 1594851282
8  47 1172839621
23  32 1986186729
42  43 133835376
4  24 825366201
8  46 1330319785
19  21 1328533195
3  17 1475523486
23  38 1686181563
11  10 275150178
37  20 976984224
25  1 1702280906
16  25 752243715
0  26 1261223664
23  32 1561136435
18  12 631872835
15  9 237746166
11  49 208971791
22  14 365526476
46  38 1293956385
31  19 428364399
40  29 924601291
44  28 1053924145
5  39 2083109040
11  10 804734639
29  48 640065198
48  43 1593630751
20  47 813330994
35  16 1744127652
9  39 687580971
16  12 704572946
31  0 1624559284
28  34 994531788
21  43 305554968
20  2 1319568683
25  38 183426638
41  6 992137362
48  46 1740105701
4  35 1081577400
33  13 1956894439
40  19 1617074204
24  41 514104994
14  45 1799284111
32  21 1031217341
15  23 561330074
15  9 937869624
14  9 786155199
9  14 1482992468
13  42 1490747500
35  49 1198790203
6  43 904193220
14  22 288110157
49  4 1481785110
27  0 1916837285
14  24 79834239
41  1 276196655
6  27 882731963
45  40 1904989644
13  1 1913183780
31  38 213117756
46  6 1044681374
17  2 1574132522
21  23 949321535
13  4 607333313
21  4 29337497
7  17 268075343
38  17 468821435
28  4 341011360
26  28 132378090
38  24 891418415
16  17 1130347827
5  42 530491959
31  11 1284415949
10  47 175131622
47  15 506921908
28  4 1235449068
33  31 990037204
9  14 1453752857
33  13 1768353666
35  40 464499126
3  34 1819775961
37  36 2077252305
18  16 1646156112
24  25 1925449207
21  37 1358251306
36  44 1439357292
48  14 615134337
42  7 1980474492
10  3 683123542
40  30 1732565071
10  28 675626282
16  1 691886167
46  27 1692930573
20  47 840553786
30  24 513763118
27  16 1386787118
45  49 99023791
17  47 787320442
27  33 1758478763
19  32 298226920
42  2 978397898
34  36 1832596420
47  14 555101390
37  36 1657313214
8  24 818325577
8  29 1470352680
16  34 238426580
16  38 555377588
23  33 1460838347
47  30 262081113
7  11 927873443
7  1 234231314
24  18 1693446964
42  45 893663216
24  1 388703517
18  17 1411925587
24  15 1286070834
2  9 2145013493
31  26 1592319111
26  10 1311686336
5  28 1895265843
44  39 1468936209
1  12 1916989392
1  41 1755481141
47  12 881472030
12  16 1428974681
36  44 1238868810
31  14 635904975
12  47 878933120
29  1 1010884814
27  13 90924916
3  6 1455793026
15  25 424717647
12  1 911963418
38  32 1825240216
45  44 650120132
38  39 188115877
39  26 1512133421
19  1 1382135545
33  25 229117553
41  10 385295827
36  27 1784088822
0  48 1489774226
11  40 371482708
31  36 911988320
14  45 783211606
33  36 1455275480
43  32 1989958047
32  37 156880106
31  15 1635507357
36  39 57532463
19  28 707521359
33  28 2054768441
8  2 775825516
14  41 1024021502
36  29 261990423
26  17 1198406506
27  42 1801904637
38  40 499962201
47  35 1763586661
25  6 1128036464
29  34 249151033
22  27 477994962
22  25 1666746466
11  14 217988197
16  3 88257031
43  20 31217959
9  19 189637509
14  30 1402260382
33  44 447416244
22  6 1915404973
18  10 1857614293
22  42 1000650207
42  33 1100108519
22  47 1482177165
46  44 1336649670
26  1 1628425184
30  42 1247555938
9  20 301857208
36  33 1076492385
5  26 1158583651
21  33 2017399831
46  38 1659216583
33  20 459054103
0  2 12667862
49  38 1372038565
18  3 37825290
28  14 1620077873
36  25 162876112
9  3 1044409251
8  6 176615255
25  13 1980849366
43  47 489006645
30  0 1663499814
32  30 1256230378
18  33 2068111110
26  45 832149480
1  46 1876595000
44  47 1570389552
15  23 1978044852
47  31 246351
3  13 378473466
30  2 617981125
6  33 126723115
22  7 1739006393
23  20 1439662197
38  24 1060142465
36  14 411244955
18  44 1131692740
2  10 237458652
25  9 244669263
42  44 842541373
48  21 1278742352
22  24 1186175722
23  3 667628673
20  37 1266308570
37  12 1597095884
14  32 369671523
1  46 2136260608
45  41 423905423
3  31 121572743
42  16 706555327
34  31 1479576483
46  6 1414274112
14  32 80507199
39  22 1644883010
14  31 142911761
8  16 532755728
36  21 1600229299
28  24 385438062
28  9 2039569538
4  11 749061579
33  6 1127035040
44  11 1006245772
30  20 247008003
1  22 756956227
49  8 1674857366
23  42 851285919
25  39 1635785270
10  39 823810240
16  41 462047545
17  41 404920544
34  28 323063971
9  17 1555063934
25  15 479885840
11  30 1387767537
41  38 854442573
36  18 1070778561
34  35 1199672510
21  45 524382401
26  6 1051550258
15  1 112959387
42  23 573162947
42  37 1753351855
32  43 1558027317
19  40 951374767
36  28 540195456
25  14 392045118
35  23 1353952682
49  7 1110875881
33  21 534166083
35  41 1127710158
16  4 1846985440
16  28 1570800795
16  47 905485811
1  20 1634605429
