1250 50 3 42
48  9 830704022
19  41 46404875
12  29 249129195
35  25 555824148
39  11 1346232123
45  17 1407506466
32  11 1591133257
18  36 504654525
32  27 1666371936
4  36 281916780
14  1 2081055398
23  15 2077443850
34  24 3870094
14  44 1161151055
26  35 268033871
21  17 2105518270
35  47 1814645122
46  26 53023492
37  1 1999096320
7  12 1798824823
32  24 114533234
12  13 682163764
28  4 470442875
34  26 1476622658
34  6 547067180
19  6 2021812583
34  5 1432134737
10  35 633094116
5  17 128202119
21  46 1707780964
35  28 871718949
7  33 1490227413
12  4 1650716253
21  37 1275106295
27  37 1934736193
37  31 1019132504
26  39 208244170
3  41 1326606101
20  49 753077521
10  12 1471767843
31  19 972262591
10  46 1717532214
30  6 58817362
11  4 425611627
11  49 1588261136
17  25 1113039000
24  45 639297194
46  31 1457967984
45  37 585201907
19  18 487192434
21  41 908687484
0  37 1111756839
16  40 2071092926
14  8 1498459198
41  20 2001527134
1  48 1765282107
38  19 116468438
34  44 387958028
47  8 1643922872
8  11 482964859
24  40 249775126
37  26 1374706850
3  31 571521446
31  43 1552675330
11  7 432945797
0  25 1129399113
49  25 224296319
45  28 205868617
44  3 347215146
20  29 858273630
47  44 2052741569
22  19 187624795
36  10 1507881821
29  19 1571331561
49  0 645031727
48  3 1413858892
30  28 2007044479
8  38 1581231637
37  36 1682896017
24  8 1051494310
48  16 594685449
35  36 748951792
19  21 1966780412
25  15 59861705
2  31 499826092
22  8 707159404
11  33 1059472576
34  39 253099691
40  47 1904201685
30  32 1039710476
42  21 162109512
39  34 519395413
33  11 884360141
2  1 550358616
43  27 3184151
38  17 450603175
17  6 1949164926
37  29 1899192473
36  38 1623098948
7  14 1680335751
5  32 514435068
43  25 1128363979
19  34 1259823032
37  7 1019352983
46  19 1938683741
5  39 1544367633
12  27 929371527
45  5 1644995713
10  17 555012128
35  29 285628360
13  24 834317512
36  0 1878237781
21  29 1285451810
6  25 786461551
6  17 2078420221
10  32 1484461137
10  14 776009401
44  38 1055440956
14  0 1191016116
34  3 1731769242
6  24 1889903093
9  41 779585686
39  23 529846
21  43 988520148
26  25 2090128402
30  15 1888878546
48  11 616440990
34  5 1796735738
16  25 322282532
28  22 778952668
14  10 1119037054
42  30 2082599305
30  40 1982834074
8  12 1002706319
47  16 2135123380
36  31 266107623
0  25 521588326
37  6 505467401
33  22 310274139
39  6 1330497560
32  8 323107125
2  8 814200040
14  24 235526878
3  40 576284822
28  34 542068640
4  22 1066010847
45  42 85067986
40  41 1000008491
42  13 413158389
9  5 482252276
6  35 22827311
38  45 841143154
24  19 117722774
23  35 1106949653
48  43 1624067967
3  34 1329778931
42  48 1383334430
3  8 492396558
17  27 349607397
38  1 1472380078
16  20 1080580479
4  40 457677021
14  38 1791333733
13  45 584335135
37  7 1992331330
47  41 1985877721
8  7 2017948767
35  2 1302537194
13  45 212828890
40  36 1082291462
15  5 233087983
41  0 1217113871
30  26 1411958698
18  5 282042820
24  45 1555097673
33  44 1813144564
1  33 112870594
35  49 745438481
48  16 849472892
20  38 1404985088
29  6 829574413
1  12 1449145608
23  9 2002636910
32  49 979018275
39  43 1407452778
39  9 1907358677
26  23 2069481874
17  36 1992493366
44  43 1608727226
10  49 1145665467
27  26 197761238
31  13 493203844
8  27 1199296655
18  4 1459898547
41  1 979964258
46  33 2016835905
15  10 1943086282
38  30 1867592775
29  20 791449772
37  21 382220446
41  20 1058053084
9  32 1765009339
35  20 1311349684
12  37 2113170315
43  5 1301736782
18  26 1070368530
34  24 366529712
3  46 495134159
3  18 1420449357
43  15 1621243336
30  9 1743346706
44  5 1982188411
12  19 817752849
0  15 732349031
3  29 934176527
9  2 835839456
34  48 1951717577
29  48 409198408
48  46 1021985327
22  23 1377498930
16  14 1836426021
0  36 1755644013
49  11 835648123
49  30 1549713515
22  19 2072415499
23  18 70877237
29  24 142327404
43  10 718119746
43  35 1349164884
33  39 1384159774
15  6 1595748180
43  23 1999969471
38  9 1098173989
18  22 132909727
37  4 1316301710
45  5 423902271
46  15 155403487
47  31 993639746
46  37 22634845
30  32 1850569446
27  16 1500618975
20  19 1842293872
8  2 1265986586
5  38 730820223
8  15 49143493
3  31 1619631938
33  39 68190164
34  21 1399542873
9  17 2095077640
25  15 1114458883
28  24 1839348338
15  12 1591302006
11  20 303446226
6  45 523462826
8  44 1001476097
7  18 294258486
37  45 56384875
2  14 148486502
48  15 2097689149
0  16 1621324882
36  41 80191076
19  41 1252139383
21  47 935907521
31  13 2139789690
29  46 1548417635
14  37 845846035
6  45 1225111236
5  17 717642039
48  23 601705685
32  30 1350934117
39  25 633089227
33  9 1659944067
24  33 1699563085
34  3 330837171
14  35 1067662583
27  14 1252972292
48  7 1992359484
38  49 1307138373
4  37 660497633
6  38 79280918
24  12 925367272
33  16 1636976810
10  31 563216788
30  32 861989896
0  7 2008934137
20  48 617853778
34  0 741082003
39  38 439018932
47  2 908374960
30  3 316251048
47  6 1811029077
40  18 625264202
17  18 1326483811
12  38 1098003585
42  34 730150133
5  14 995267662
28  2 2112508590
5  42 1175848126
2  32 1930807113
31  12 640724230
13  3 1208365298
22  41 1500265920
8  48 2016972893
34  9 1943728419
17  27 1344677990
15  11 1414901358
6  25 991733496
34  20 959125566
24  1 1436609975
4  18 777034
8  33 1564386932
8  44 1062904602
21  41 1715534696
27  35 271865362
46  13 906554171
8  26 748677786
12  32 838579523
22  10 1944664358
19  4 416534769
26  18 568769502
26  2 1844317663
39  49 2004458969
34  26 314057021
32  13 1983978790
18  14 1158241201
9  19 1051028757
13  9 944324462
25  46 213134455
18  23 64967758
29  5 1121232641
23  21 432458178
37  7 2061336610
1  5 1202682961
27  29 301323643
32  5 1588164110
25  27 734505136
11  10 494701850
26  42 556289648
39  19 1356595977
44  41 729915721
24  6 395815221
7  12 2113616380
0  49 573327345
47  44 1242964564
25  1 1082359360
33  16 1258983103
14  13 1126334362
7  45 439053104
39  28 1593933130
2  40 1426185238
35  8 271094356
24  18 253906128
49  5 1539549249
29  23 1967359927
28  40 190328806
34  11 1798057918
12  1 2023641133
39  12 1514786121
27  2 1749580211
5  17 1487403547
23  20 1413661487
47  31 490969489
11  34 1259667993
36  25 1898778942
36  33 1907504491
10  34 2126133920
44  26 1074470033
20  1 1454315207
3  43 1817361258
15  41 645060827
44  36 290910671
9  4 705080258
48  28 1712419938
13  3 279988340
35  7 1166085719
42  0 987791558
13  18 779826335
9  0 388764167
9  22 1717657418
40  25 1465524380
49  48 2039468166
46  39 1467193800
10  25 1272936461
4  40 782305257
42  8 1105300900
45  27 866464859
44  31 181733266
3  17 1724913993
13  3 1983860461
22  49 486362885
10  37 396231871
4  16 385112641
39  35 1241999239
38  22 893627438
42  15 1354841131
10  31 63209056
8  0 2008864566
31  19 2071084191
31  34 1366106042
43  44 848038620
10  28 1722070207
38  10 1150038953
1  43 1680358523
11  3 401846018
17  9 455453722
24  42 136060795
49  42 361988015
9  26 523483654
33  11 701804794
44  21 175477417
43  16 729089191
6  11 746980532
9  49 563030750
49  6 1755137406
43  13 287766217
43  45 2038105501
40  28 659400887
27  9 484988469
34  40 928816092
27  45 2084719030
11  49 562935539
26  36 1835868182
23  15 1212113170
11  33 644768104
7  0 1282614102
25  31 208185507
48  24 1804848576
46  45 767717109
35  12 508065086
15  2 1081461578
42  26 754771403
44  4 1203154165
41  19 1354033118
32  4 1551090576
13  47 1924679107
12  40 913768140
20  33 93238717
28  7 1419327802
35  13 1045982422
9  28 100684867
43  25 121630510
38  33 1039379936
39  42 1930504664
43  0 1599273658
16  6 853803808
6  27 309498925
34  35 595668295
46  7 2066505005
28  34 397809142
36  25 604752265
24  40 1510780916
29  4 996128275
38  27 777676757
37  1 2101995409
6  26 88086934
43  22 314550296
41  47 1418918073
20  23 34030676
14  9 365063825
3  0 902150913
12  17 1029592311
48  10 1875754265
31  19 923869324
2  12 2028544787
29  33 627314322
16  15 1075936089
44  33 189614468
31  20 678806044
47  23 105754246
16  35 216397491
16  39 2016359059
15  41 225720877
27  31 1355852728
40  46 785170331
38  0 824607646
31  9 1842506143
27  42 1385055888
45  4 1354603128
49  7 1477187204
26  29 1564910899
41  30 1375181968
34  43 1438138926
46  0 992513022
26  38 1493468322
13  44 1922850147
18  12 972866614
41  8 1482916466
35  7 1601937742
42  0 1751106066
44  23 1745340783
25  12 1048555786
43  34 81293339
46  0 488094093
49  17 1431253626
21  11 286939391
23  30 571934495
16  35 1475392449
31  25 1897324215
8  10 157981973
32  22 1120269166
41  16 1773443507
9  29 155549144
39  30 656716253
19  47 1684453861
20  36 1381312349
35  6 1843205678
49  46 254576916
3  26 1038189647
13  3 1764016336
19  39 1218807155
35  44 48908741
38  36 699243776
46  39 1581480527
40  37 1103151413
2  41 1881988135
6  17 483105667
10  14 728321397
5  29 1685876466
4  3 268547783
9  7 822454839
39  47 1967860842
6  5 1794510741
17  20 274682309
46  10 1017627749
7  17 461051871
49  28 375928594
35  45 608817240
30  1 859801362
10  13 1527118668
34  21 194537033
7  43 308122110
44  10 1060870680
49  41 1771648344
6  48 920161812
1  44 1338525381
30  0 387445732
44  15 661094295
2  3 1589070685
5  14 122943217
26  16 912804924
47  0 580990235
7  24 48612011
33  14 1080738543
22  47 334759224
21  30 1673334543
20  5 1218680332
14  4 126926553
28  10 742244777
1  15 1146772274
45  36 435383626
36  4 1885136603
9  5 393632538
29  43 1319408682
6  31 1460949172
12  1 907715773
26  12 1183343664
44  12 37260397
40  8 1303693367
21  44 132667176
30  9 654893287
20  25 404449355
20  31 1548351423
23  35 273347910
19  37 914093404
1  12 876246796
46  26 71202294
2  39 341241691
44  35 1272019975
22  23 1254151649
36  11 1248603871
0  28 340084359
28  33 989424989
47  8 2103342256
12  28 282569795
49  42 1231343120
17  45 1811985260
40  45 237016397
25  33 321439125
44  45 1464585694
33  30 1108517623
21  7 1014538336
38  9 942545665
8  29 982784460
10  20 78581267
48  14 1896497863
34  46 1800963900
27  7 856058730
36  10 1155103293
14  27 303104359
48  20 884885273
26  28 1692469405
27  7 1662614308
28  39 468127756
23  19 1108180511
34  49 454957367
23  20 1142537102
12  2 666175823
26  37 761134954
15  17 407546316
41  5 97155048
5  0 2053694892
15  10 393292731
15  27 1842445787
22  36 555267014
8  27 1675925275
26  34 1372858249
24  44 623519305
12  20 107943157
36  29 1660408386
13  20 422279382
3  31 1463075313
1  18 1010997567
23  13 786599960
24  13 939046677
42  39 1216385935
18  45 1728395051
4  3 262078872
31  10 112572952
1  19 174949640
4  48 1276566455
44  11 1245969150
6  32 1421520805
46  26 1344602069
18  24 1047063045
10  37 656942671
17  20 929623249
13  28 105114777
23  35 1669588660
29  32 1696549045
38  0 1252096163
17  29 955174431
24  17 147273379
11  9 801506122
39  5 85472664
40  46 1597009743
29  27 1145260870
29  1 1596309422
38  2 1728537008
18  21 100108780
26  11 1802114111
42  23 254060056
44  37 1407378096
12  22 1157154414
14  5 1571614136
12  8 2052877421
20  43 1816765857
34  8 18364853
36  17 705931354
38  28 950677440
13  3 184419793
0  35 326717410
38  24 26286638
17  8 1485066853
26  40 1576017531
5  36 559523000
30  47 963422122
22  12 908433848
13  36 1644735178
23  17 1117879367
17  28 113421138
13  15 2117527117
19  17 1825714074
47  42 1083012646
46  48 1552250429
9  29 1713423219
3  41 1212478595
17  12 1055365803
22  46 1825445105
21  11 195442100
30  14 578430918
4  44 316482900
28  20 1377090032
31  11 468547712
25  47 1640864026
33  6 1012501263
12  17 1630083466
26  6 1938704126
16  41 1099574681
0  35 28994576
40  38 1826609988
18  47 973435493
20  13 2075412859
38  24 383516440
13  10 1612652491
18  37 1645867224
2  23 853608830
28  15 453679851
17  15 590115275
14  32 808454791
28  13 1331728797
48  4 165431565
20  30 2110416337
0  9 897446428
14  17 1264754243
37  0 1238896330
44  1 1319963841
33  1 1490437172
31  2 1435062205
27  34 917017371
18  45 1843408426
8  37 622298348
3  20 1846685327
9  23 441692282
0  11 968572336
3  41 1779646143
6  28 1021828862
48  1 182745174
32  33 1515947586
8  26 146447996
29  32 1252678732
27  44 734984481
22  31 287687114
33  34 1001644020
16  0 1988335021
33  46 652842390
30  17 1662817239
47  12 492121284
3  43 1045668701
45  0 1022881310
0  49 921421948
41  15 1824639938
27  15 1179743594
20  18 651715730
14  13 811529822
5  23 1916875859
9  3 19275584
16  31 470199980
15  41 1767505317
42  47 1612120181
3  47 1748037546
7  39 240199683
41  17 45366419
43  16 1053275611
38  29 1930879200
27  43 75670306
7  30 230950908
49  33 1231753136
19  44 779158463
21  24 328053182
8  31 162026888
12  31 50627771
4  14 2096331824
47  27 571310031
39  44 1671078208
16  17 1524332673
36  12 182080728
9  42 1482456601
37  24 1103365379
45  0 809257619
37  25 2069971288
24  7 1239569887
36  32 238574113
18  36 1473607470
17  48 1105863305
40  5 992907631
37  30 2123719785
30  31 208478296
15  41 2120057552
23  11 780589838
24  35 1967531318
7  39 1706411965
2  25 1435787236
10  29 1610791041
8  37 1121673210
31  25 485534946
45  13 1346054426
47  34 1496828563
20  32 1178314194
34  19 998755496
10  11 1107902235
27  25 55387949
3  49 747632484
36  0 1605404114
29  48 411052003
23  12 1226623083
27  16 1330704645
15  49 87654063
13  35 2110379648
47  32 1910019393
47  49 157345414
18  11 295677236
49  27 1702747978
22  47 1055234932
9  38 498307615
49  27 865339065
2  28 46065167
29  13 1526918022
9  27 417680231
45  48 1937158851
11  1 526488949
30  5 1646600813
40  7 1567922764
29  36 892299795
12  20 1284234282
16  46 948372836
34  5 282423994
45  6 1519026334
0  1 1460370768
18  5 196249926
49  9 1318124108
33  21 1320097844
4  21 1807524646
20  16 1264078435
13  12 1016068558
20  33 1915918643
5  32 9386577
9  19 1802856869
37  36 2122557045
17  13 373713464
49  31 232623469
44  21 1387411365
45  3 1003401903
13  44 705112583
29  1 532287563
2  19 885632558
11  44 847772309
6  1 1315464424
20  41 106224631
26  9 2099563230
5  9 1352297838
34  42 905496762
39  8 863483180
48  11 1795473219
29  40 677927471
41  8 1036430636
26  37 1668557806
1  25 41726876
32  30 132376250
45  6 1210561938
34  11 554553860
4  22 638767568
35  45 1202308582
47  35 958131368
45  3 1311349405
17  26 1776081188
27  12 1320269563
43  24 1402513927
27  36 408398508
22  10 2068590786
43  33 1460192026
24  48 96064541
35  13 1887903647
33  49 692853478
12  15 1111336064
33  3 18400214
6  48 1037718973
41  0 778490624
42  26 603880464
41  9 531000568
29  33 1263761697
33  10 1158435969
30  27 797212632
20  43 1380152662
42  9 1275038070
20  33 1689768782
28  35 249976887
44  27 1124049469
24  14 1099995616
29  16 415077354
32  4 883187272
21  32 1838289618
33  28 2098690415
47  16 1216291448
37  8 2047989755
33  19 2045479009
16  42 733763857
44  17 2193792
41  38 1540848223
24  12 1546396053
31  16 2044250676
6  5 74351866
49  10 893747751
43  38 2001977993
15  46 1749067946
15  49 1955073019
40  16 2126539513
10  46 1099545039
1  26 167497333
15  49 576527972
3  35 16132293
36  21 230448419
8  31 1755293634
2  9 2087399700
34  9 360081745
41  31 1561470506
3  28 2089683016
12  31 876639431
9  14 464208860
8  24 93577699
39  31 1392541456
14  12 1546575168
45  5 1662541815
46  24 1137830958
41  32 1241807764
40  8 1944384797
26  40 1158426139
36  49 2022934444
29  42 26777026
4  11 1104611083
8  35 774267584
30  17 1122511307
25  27 1068690104
12  18 1571591352
43  24 1555704378
39  5 1818312642
33  2 327506308
17  4 682972204
20  8 2140091045
45  3 1950977239
14  16 724784565
46  29 1262575835
14  20 214417049
23  11 48140059
32  13 1709953562
47  14 700023359
28  48 454748443
19  20 374986532
45  37 1950627933
14  13 2108180328
12  18 1479762144
27  1 274265149
46  20 368862073
16  47 1847919367
34  1 780217754
19  25 945888020
38  15 1876631526
38  43 1560641107
41  48 1345884998
7  38 1423816248
35  21 2027134886
23  29 1789220138
4  44 1333872482
14  33 1387251661
18  37 1004645299
43  47 1382379852
43  10 1762847712
29  46 579358497
22  49 107386412
34  16 1321782117
39  7 869706586
15  37 894210112
9  13 977035439
42  44 1864575209
14  30 69999291
39  6 1360441671
44  48 2009419495
47  2 767160076
14  2 642796006
0  45 279095921
1  49 236452018
6  13 1778678646
6  23 2011788326
40  36 1525218473
11  37 1173266455
8  13 1492066910
30  35 1688824227
37  31 153560029
21  3 920657861
38  29 1047651991
11  24 1202047483
36  16 1170684299
17  5 793153626
47  38 814175775
47  41 643563873
32  38 799508577
37  5 1255416901
23  26 1874485701
24  44 1845837807
41  17 1727040568
29  40 1888899801
2  22 2068080611
8  46 1218481214
38  33 1863214744
49  16 1015756029
12  35 237224641
23  13 491024003
20  14 1121239887
24  16 754074209
18  10 1591311330
39  41 1478822652
19  36 903037723
10  48 1259560138
24  1 634080736
13  3 1155158837
18  37 1665866142
27  44 476277881
4  34 1430365773
21  27 1354769576
41  34 2093323503
22  33 1779201131
19  24 1608991963
14  9 988901387
15  4 356187428
1  46 457611253
24  25 754607087
43  20 1454190058
5  39 848231783
31  20 1108904819
4  17 382052609
1  10 652228502
14  27 273429278
21  19 525103252
36  2 2039083902
8  46 320233879
26  18 2014449696
29  25 587706500
12  19 27864141
46  47 387034283
28  4 1714239872
8  33 470542917
24  25 1216841651
27  39 573075647
11  26 1827060129
23  38 862781148
31  28 1540573724
35  29 1820304573
28  29 104689473
6  46 1419884593
31  35 1007941231
14  31 694450053
21  15 1737972216
20  17 513332114
12  43 237622914
27  5 1543689754
27  16 916231032
5  7 212028413
43  28 704548193
2  7 1372530213
12  38 10731476
7  28 884450510
6  7 1226515709
38  25 1858883131
3  0 615608062
28  38 152461709
26  23 979567032
5  7 304308243
43  22 1045320317
4  48 586003522
47  31 1098452507
4  22 1381190054
18  15 1992066609
23  39 1617699839
39  23 838891921
41  38 1771827714
47  11 1712842212
47  6 1984445987
23  0 1823772939
47  28 1516240425
22  19 2113452788
40  25 1385900891
26  3 1359519328
6  11 1803188053
46  32 2062692328
11  27 1535098888
45  10 1839055538
48  33 2031993138
26  44 898211807
4  10 2122221840
43  3 2039943158
49  5 729261607
14  41 1819177946
36  28 18382252
22  1 1570619966
26  48 1877693391
16  13 867846858
36  17 1151889097
30  45 636823897
23  1 1832268609
11  16 1191729332
16  42 2143547488
24  14 2027309368
15  1 1642872635
40  18 386661813
49  23 826290876
9  27 1790398005
23  4 211455232
4  14 1872800705
14  30 1385325465
15  32 1474381741
39  10 94524398
29  49 1904438551
2  24 1333858180
8  43 1724493435
9  38 1684094133
11  35 1222633548
7  41 534724877
6  8 1075103793
18  10 1426799042
13  0 1731009665
42  23 1546670261
36  28 417896578
9  42 204857715
1  13 787435995
31  35 2102855848
2  18 1244587198
37  6 1247527213
27  25 422239763
13  39 1913339155
16  12 535707881
40  0 304376543
42  46 1703305995
27  46 1323475975
26  32 983120041
21  25 1385782178
41  20 1501670648
11  4 1077567963
33  36 1766472809
46  22 1253232829
23  11 1296231058
27  31 656736203
0  34 1022633841
13  31 766623857
44  43 443531188
14  31 1945302215
33  37 1084623576
22  42 866476860
1  19 1173342424
38  2 711079800
18  3 1089300666
32  15 1103919608
17  46 834058004
17  40 1426854621
7  49 1015263647
3  46 408386043
43  33 1455384713
21  17 1180125931
46  45 998219881
36  40 1984889022
30  28 1330026280
12  10 888959348
13  1 1302562977
21  15 416561600
48  7 1831584648
41  2 764673160
9  36 936863110
11  46 67496252
22  42 267904552
37  25 1179266447
38  44 1851650159
27  7 2020986484
30  23 206646095
0  19 512124324
15  11 495700639
35  21 54295651
45  10 1655451483
0  10 506835053
23  37 277340787
29  8 1911914802
17  37 2026398867
0  39 262373668
42  16 1364356961
0  21 1026210346
46  23 1390499892
45  28 2102471617
38  15 424419678
1  14 95621272
34  24 561185118
35  33 2074260118
43  17 951355110
16  43 1492660919
41  1 1388358728
16  43 1231001331
26  32 1391598349
6  22 1557740865
49  24 1978746009
1  38 1965606724
4  5 1105898752
30  4 964455570
3  34 1636359998
33  35 1006579434
49  17 1568084269
46  17 1381851057
24  45 1333162595
24  11 281290139
31  3 1881317634
26  13 406866059
7  31 1766112353
21  30 164956250
46  8 149330807
25  44 1237876244
36  22 1151387082
14  3 33078723
20  12 461948027
2  0 1643709916
24  33 1574043837
16  8 1931869891
0  32 1115506599
47  21 724307352
41  4 1973764025
12  23 356257840
31  24 759307245
16  9 1595634763
16  8 110269236
41  2 1622671004
47  37 924062173
23  34 178634822
17  7 375195568
37  27 638371952
22  28 1249759544
27  28 65550276
48  30 961815705
25  7 1126308625
31  44 262784244
18  37 859182156
39  34 1582556149
6  36 240400161
37  6 320728794
7  21 266065517
14  30 694684384
34  33 340167255
3  26 16218274
29  20 1393155383
4  8 1910105100
28  20 1191327554
17  31 1555676218
33  2 1517884597
10  49 1093874818
27  37 203494936
13  10 351634614
10  29 393644406
38  4 436601837
33  45 1692342852
33  41 520206068
25  43 1147892049
37  33 1919064972
44  46 1100498874
17  38 1487721743
26  4 312660211
0  33 620669315
7  8 547203660
10  20 1552812744
44  41 773333756
35  12 966022617
14  23 1713187233
16  33 1320555159
35  15 42902302
28  39 471969084
15  13 355705305
25  0 667512529
29  35 474997531
47  0 688217654
40  28 845376625
24  49 1324220766
1  23 20807232
20  21 1412547895
29  11 1344871244
32  14 1002003903
43  10 1824935254
45  29 2094856228
27  1 263172837
