1250 50 19 44
38  33 633386991
30  33 155089509
40  0 737501388
40  7 27519912
19  44 654351021
48  20 20338966
17  7 1109957468
38  31 707366762
40  29 1346863701
35  30 50165180
38  28 897027530
27  30 857696055
39  20 1935569343
18  19 992335324
25  41 297447788
44  3 2098532957
15  28 813572624
38  23 1889756498
44  14 413191522
43  40 246567273
43  42 1611513066
47  20 974601525
18  35 1358528728
31  28 54387836
29  24 1797025788
2  45 1788538611
27  9 1511361536
21  25 86989794
6  10 721951901
4  12 2042251550
2  16 165456396
28  33 1326687046
6  16 1042183024
6  16 1439297647
6  22 1282713556
45  6 941283836
48  12 629283859
39  21 72911948
25  40 327893270
18  1 2080025402
41  6 1055429939
19  31 564243970
15  22 1485884925
5  13 1731375499
23  11 896195672
18  23 1377996894
11  27 1845977383
24  30 817901295
36  41 664077317
27  21 2129480362
30  18 1265454658
15  0 541421401
25  20 533899525
36  37 113687905
21  7 276997665
46  48 1335434549
31  13 1407683322
3  31 2043772541
31  6 1983679354
44  30 468986345
40  23 541606527
44  49 246761906
35  44 1248650793
35  44 913144350
15  4 1651493234
35  48 1018682288
32  46 1114276716
34  13 672202504
31  41 2093973352
6  4 1634891052
35  30 1124795477
8  3 642094283
35  41 1658785425
7  42 1600373852
15  2 800440253
12  15 1887866911
31  1 1635853137
10  0 503428941
4  29 1698008706
7  19 806880008
47  30 442889260
26  49 530319141
27  14 620524753
4  32 440033827
46  32 1491545905
29  17 481425288
7  46 843431845
5  3 1327228382
9  12 1511571012
44  34 1559260936
44  42 1971540841
43  31 607704814
31  35 1020840522
33  26 301018205
15  39 6485467
29  24 29105291
1  21 354226912
32  38 966906611
49  7 1681995399
10  18 173082403
33  18 447951510
7  39 1602834954
46  23 577596000
32  9 522811843
24  45 1655965736
38  13 741815002
28  13 1178507655
37  46 1247138588
25  0 1330480085
2  49 1878665519
23  32 167745613
32  39 1520851192
14  44 2117749927
36  26 660291827
33  20 699126666
19  24 523942027
27  21 1208876687
46  13 328266481
26  45 1046896077
14  3 73428838
9  11 1438901263
45  27 793606594
16  40 175536809
40  36 771236806
43  25 1311887614
44  33 192634345
19  15 1440246365
3  17 1261891751
23  10 1494141333
34  11 723925234
40  32 1761683283
41  2 636895023
29  14 663034471
39  36 1443815834
24  48 1601042030
1  4 1826889118
29  41 1551145066
21  28 2141471887
26  37 1883953985
36  20 1655952828
46  35 1804959033
9  12 327941139
17  36 1908955146
47  37 1145038146
32  43 2054764589
2  30 1418911858
23  33 294086092
18  44 1836604453
44  15 1313207249
31  36 581018230
1  35 1259409492
34  14 1254858493
33  36 831554499
12  20 1420537757
2  32 1062516419
49  24 681240175
35  46 1325701423
28  32 909996207
20  11 1920862512
25  8 1664715308
34  33 1078819130
8  48 2039001000
18  1 1913175344
33  36 2017723737
0  38 1482009156
2  21 1362402392
35  48 1365361596
12  25 1989857252
38  14 319083381
41  8 1515070770
23  42 156108717
13  20 2027389750
33  18 788461011
7  48 2147415168
44  38 235278010
30  36 412504528
17  12 271108986
17  29 1495106138
38  12 763289596
42  44 206797232
39  32 1338420776
19  21 1964908204
9  33 1138955884
13  11 988866321
42  24 1346775650
30  31 1052320305
39  31 693045430
36  8 205720679
14  8 1599156795
6  8 1039917971
20  14 798242495
32  28 614341066
9  46 56847917
46  9 734126335
15  48 1988028684
11  36 132111051
6  37 1960072878
27  0 971800268
9  32 1690662144
34  14 67906262
49  22 410184100
22  25 374285683
19  10 1822068858
33  31 949559612
33  22 580994429
20  26 1829758131
39  44 1801787988
27  19 279343395
6  20 1776321009
37  46 1963231436
46  16 1916569945
38  33 1416085256
41  29 567308847
37  8 310608621
39  37 1212125896
33  31 1449223189
10  12 933043949
25  35 1895134973
28  8 1621119138
43  10 1757891566
31  41 959342019
21  14 1144302161
14  23 686784910
17  44 1554527574
49  11 2100945178
8  21 1400673956
31  35 786114916
34  47 630158850
41  30 134400677
46  2 987993029
38  41 1823755053
13  42 565343483
15  5 721019163
37  42 980961916
12  46 1745945907
21  35 1002670115
19  2 23776060
10  36 884016013
19  23 55412615
10  12 1180067572
23  49 391653170
34  40 411837511
28  20 979629537
4  49 127161569
43  1 1109363656
46  27 1003935420
14  29 2008949252
12  38 787432399
7  48 1119993549
7  45 1404935925
37  20 1547730166
17  33 52685970
4  8 657316477
43  40 731159607
0  29 613391351
27  6 1723138942
43  41 320518237
41  27 50582079
8  2 1070290139
4  16 1212273445
2  38 1169114829
26  11 1998865464
48  39 618951782
44  43 1270608783
26  49 532468366
23  13 891752203
23  41 1921550101
45  6 1763188259
27  23 1580100237
36  43 123637269
37  21 229728810
33  37 1796720858
10  12 2132835294
18  24 1999553540
37  35 2065532878
27  31 500335808
39  21 284929192
44  0 895837600
0  41 2043047608
12  2 2017866674
23  36 2024853439
9  31 2029614505
40  23 754041456
27  16 645677649
43  45 107026736
2  21 804225451
11  49 1776780418
42  44 1626575020
27  9 1186772321
49  39 1696756210
44  31 1793181250
48  47 1315895913
31  41 511893960
19  35 331792164
29  27 1078437749
31  44 332023072
40  2 551080206
4  44 1142450965
40  35 719277270
38  18 1548580542
2  26 332214660
25  27 729769892
4  32 567976897
47  13 1444804433
16  9 426381467
36  22 840148068
40  47 1015353246
33  24 2013307125
4  24 1718684786
42  45 823071522
37  44 713617156
41  16 1892885220
28  15 722397773
37  13 451716900
18  5 1459777536
8  9 1044288438
6  7 1907692589
26  19 1371830116
31  23 1521524004
30  37 1652065947
21  33 1234909064
43  29 43042693
17  25 2054959898
34  27 1861343740
46  15 1713140724
24  15 1726852275
24  26 766463819
42  19 2016877502
39  38 603417796
27  22 1565897518
15  5 398150494
29  15 1544603336
30  40 273336770
19  11 595556375
17  47 1742012339
40  34 87059124
2  30 696420309
47  14 1506598092
48  22 841613647
41  28 398759344
28  41 821248871
47  19 692162150
47  33 1187260428
2  36 696493569
42  24 59446429
25  26 948038519
32  21 910691208
35  2 557564588
14  18 11074487
6  8 1730545248
39  47 379590282
6  40 1145089876
30  46 495756254
31  9 920431490
24  27 2022058839
26  45 1775580022
41  21 1628143394
11  29 1810232731
8  0 580738821
34  13 1716381758
9  49 968317534
42  6 793336955
14  7 468729255
21  19 875607942
11  49 352257273
43  13 667282915
45  24 1327382631
2  20 1283550958
2  16 2127605778
24  42 1967384738
11  19 346088015
2  25 1930768350
21  28 623484165
49  9 1386459406
38  16 643357716
30  12 1711799668
10  20 270282549
4  22 461191201
33  13 1357142428
23  10 992807172
49  44 1469170679
43  39 1167579138
23  33 1610936790
45  17 586165027
34  45 447500245
0  11 814807619
38  18 1811785549
33  17 1717108162
49  29 818829201
38  22 1683773930
45  9 852692612
29  32 165049003
42  6 1579280032
21  44 862824829
16  11 1164184569
20  22 917584338
10  25 2047876231
42  43 1706056443
44  3 99965686
9  30 109852050
9  20 1141972179
26  43 1798622154
45  8 1549958345
19  43 1759717199
43  40 1145555948
15  27 1535468243
34  23 33370471
4  37 1925786169
12  33 1196093286
1  13 2010774141
23  28 1510528084
29  17 190468515
30  25 50493722
21  28 690317688
27  16 1049933435
4  9 1845685836
48  47 1781908954
10  24 240254351
31  30 405768973
2  36 22133148
13  35 1069050952
21  2 2042693624
49  20 1616999422
17  20 1018891710
23  41 185236526
6  9 234445023
47  37 1779377557
2  31 909152047
48  20 738765221
43  12 141967263
48  18 596289508
28  9 869108815
15  0 321830325
14  19 738917856
24  15 413191631
3  8 1557760079
19  2 2048677447
40  35 134408300
44  15 36140801
8  0 1855667731
26  9 781903796
15  9 1805744090
47  44 1509352985
7  10 643879445
41  40 2044967446
2  23 1975197086
47  2 546168834
48  17 215655971
11  48 1033317692
29  34 2044411540
18  38 1595218353
12  40 639768997
35  10 513160298
0  30 1846037019
1  31 1303701090
38  44 674754862
43  16 38452521
28  34 1519531606
41  15 1284771134
30  38 798216650
45  4 787440389
39  8 1320659308
0  24 1881477596
30  44 675984655
3  46 1295189784
11  43 2021991233
7  22 1041943896
9  32 2014969773
3  28 401178422
31  37 557424741
43  33 1408871854
7  49 1891395001
27  43 1284928045
26  16 138114771
30  35 436539025
3  37 1249633744
48  27 436240223
45  28 240428831
10  12 742681265
18  1 1951325915
6  47 313388323
13  16 458580267
40  18 1816702314
32  9 103553640
8  33 1382639978
28  26 1280292654
6  49 1958904560
27  35 881622914
41  26 1915201030
1  28 2096637762
26  12 1994045229
16  40 2119183939
7  38 609031283
9  32 29090431
20  1 1311752727
42  45 11509992
42  15 715196685
43  34 475918146
26  49 483269661
46  5 1712447722
8  38 719778267
10  39 476522763
33  27 692339305
34  44 82552054
45  10 1222268275
0  5 1094087909
12  40 1116825645
0  45 126121009
11  5 521333040
45  12 737031750
32  2 1226355862
13  43 1635001625
31  7 1720128360
16  8 1432006733
16  39 1385630425
18  35 1523300217
23  38 1101988677
26  18 509123481
11  31 1906719882
19  42 1240329279
18  4 939550092
42  38 283217705
4  43 278686183
36  3 1124015023
43  33 1582773587
29  35 1355206047
32  21 1989781546
21  36 648928565
35  2 1686163740
32  6 164044426
20  23 1926800190
10  35 412042133
5  44 730827536
7  40 1222280688
3  40 1016732208
30  40 1280205001
21  10 563293863
10  6 1512377635
22  14 715859019
13  20 258749924
29  15 623709160
2  19 859228606
35  20 18318057
37  13 848962446
46  19 1461962550
28  9 2133217286
15  18 34656338
31  10 849632172
25  34 2119290570
35  39 248443584
24  6 1176433386
10  11 456746949
46  30 733398470
34  21 968015691
43  7 508584889
6  8 546705163
42  25 587899684
35  4 967918162
33  0 1033842043
21  48 944651538
32  24 1542407336
22  31 1606958221
48  28 572797564
21  23 1187328575
21  25 1544472031
19  42 907903954
30  11 571843922
15  30 255190254
8  4 1066744687
26  34 476103996
39  42 930925561
31  6 298027848
36  17 1498094343
20  47 801801290
29  6 1980154110
38  13 643397388
12  26 60484152
25  6 2005187708
49  35 1192919322
35  21 588176520
32  18 985301144
49  17 1446789294
13  37 1207403313
8  27 1526010623
14  16 697664345
11  33 516429852
13  46 44076694
8  44 906331712
43  42 68559773
34  25 801098825
42  47 811729993
30  14 1351039822
21  40 440055347
35  12 1338901757
14  28 246178253
1  14 1232108749
49  27 1692902592
40  16 1898972722
43  8 538027322
41  39 1422407025
39  18 70941526
36  43 795402058
15  40 1654730031
40  35 573154834
24  42 1625290298
8  2 740482192
11  8 1269274677
26  6 382518679
19  45 1407278571
24  22 1601681731
2  11 223649869
49  10 561236719
32  26 1493501315
10  37 1507686376
17  6 1681492537
38  46 1398161655
0  37 1885617339
25  45 2071667125
31  0 1964023482
39  6 1326610022
11  31 43819222
48  5 716771112
18  39 178138417
23  36 1332023306
20  48 441859279
11  38 1160412353
22  31 1835335057
2  20 637857349
20  38 1626024440
34  28 548582634
2  25 1184761268
39  13 320244747
13  37 332270446
45  8 700951584
33  10 2125706250
9  27 1617659784
37  40 8849943
29  19 2052105262
8  2 1336937559
15  43 1708591355
30  7 605517027
46  36 1322983998
27  36 1086108343
2  16 201820258
6  45 1884704607
41  24 566387548
19  20 592262282
12  26 683451708
38  34 201220153
23  37 107632190
10  21 1109377413
5  40 420525368
43  30 1160044298
49  37 668399970
45  43 1522469163
8  21 183207081
6  12 1945567345
25  1 201851618
26  20 809877436
45  41 1548028139
15  8 1005076578
17  1 1133144268
15  29 1012718188
3  49 562982937
8  14 1645544723
11  41 257938226
15  47 964181823
20  30 616110037
18  47 1983319675
9  19 1221239507
21  37 598813454
42  37 684852065
15  13 819699877
19  36 1711145593
15  34 692436725
1  7 887428681
45  38 1240150957
7  46 1248091971
10  14 310988773
12  2 166383246
11  25 278510749
47  18 1594141058
23  18 1081854288
11  30 235194702
12  13 155018735
12  32 1422261979
27  1 890032253
46  4 499201396
40  15 976265064
30  44 901823331
8  12 89088913
31  45 608599179
16  1 667267293
1  24 578128303
23  0 263605153
19  15 776763206
11  13 77645228
45  42 439997501
22  9 1233499418
47  21 1445208694
2  45 565731936
21  8 1524191717
4  41 1967520215
48  21 1418306546
3  38 1444853964
36  34 918637760
22  7 625389750
43  13 114427838
25  40 348293428
8  3 1592822981
2  44 395127390
47  9 1078409081
43  21 1603815248
37  14 150404638
2  14 348113386
29  26 1074807913
1  34 1793238351
3  26 1811597322
35  39 594530299
30  24 154852106
35  39 264319041
27  19 460898385
9  43 886339567
44  23 711387360
22  35 70935066
29  1 490915155
12  19 528357991
2  6 1735647994
41  35 407905702
14  19 2013893525
3  2 1075598813
22  7 447146867
33  15 1475801732
18  1 1338083349
14  3 227851927
12  2 208179989
33  17 583085049
29  49 1768358078
6  20 1499944692
22  2 151448745
48  2 1069689743
6  43 526568053
10  15 120995593
12  5 949098198
7  13 1299385757
19  38 1209504684
11  30 2054887036
43  38 1956242374
36  45 1372784038
3  33 1549687193
44  47 451093370
4  33 46047482
1  32 892527604
15  4 720728980
9  15 438642150
0  45 1181065846
36  2 1189382648
4  33 1658464971
40  30 565376235
39  11 1562800613
10  6 383108393
15  31 1516732221
17  46 771997653
3  32 1045882061
42  28 1144170455
4  5 123587207
49  48 38817201
34  16 348524234
2  25 1689482195
0  16 1714721557
30  17 89653735
22  31 1227431324
26  10 1051534832
20  24 337488687
27  7 1005507017
19  4 1273491254
31  12 879368504
45  7 1736503284
39  31 1990883825
4  44 1363070038
9  38 1479688647
4  35 691963067
47  42 1588131145
38  15 1869913226
13  20 695766380
12  40 1603833814
20  47 1752813776
31  35 965668849
19  48 297841662
39  35 521774800
14  10 330509946
27  36 593653639
21  42 1341260192
2  37 412133088
37  11 472910167
1  5 1037090972
46  13 365329406
33  40 290304399
35  3 1346323631
15  48 5680998
16  24 1747531915
32  34 874827136
23  28 1062902020
45  10 1336293233
8  33 2014496427
30  33 57999503
10  28 1397001711
16  32 1567089437
24  47 101698133
14  1 830035363
37  3 628852768
11  26 390450411
1  13 1605123286
30  39 1849606416
43  2 2052660923
22  26 1465470575
30  2 510839718
3  14 42483460
2  28 2109727849
31  9 1621896179
8  26 2095565777
39  26 2020328542
19  9 1741407009
6  5 1465905104
24  10 1108586754
26  5 1094991343
49  32 1138993152
40  23 693842692
47  46 1249269179
6  47 1439109258
12  30 1336547780
46  15 1300705314
3  19 188164428
20  6 940942128
21  30 1535768316
20  3 824353443
9  46 177273630
12  49 829169701
14  42 34678880
29  3 984327780
42  14 1130295878
7  48 1364679950
35  23 1072829900
42  2 2042235338
38  24 721245720
20  41 1045364867
37  46 1974040728
11  13 1161967607
26  45 1212365799
48  22 1992621511
26  30 2085729158
43  15 1844105398
7  26 645338085
46  21 750702364
34  16 412413418
12  42 945743856
31  14 556691034
1  17 554049865
20  37 1666987870
9  46 794961196
38  12 446228303
37  18 232894550
29  15 186103861
11  5 752470273
29  36 1987038191
23  18 1710984897
7  20 616471514
29  41 1838513701
23  9 1097747636
29  16 1920586128
35  44 1143986986
18  44 1218751422
23  31 799574796
42  24 2113508173
18  34 2031285436
3  4 1794778264
28  40 612234097
1  14 337242677
6  29 1400901374
38  2 10827977
12  2 1708442613
22  40 496980101
29  28 567225124
25  30 298160609
38  22 1357429555
11  32 1820513831
0  24 1305194193
38  15 107687077
7  29 1699234067
7  45 546457288
7  16 241877319
43  25 1678340164
4  21 38230038
21  33 982581100
7  37 2110981332
6  27 688832794
1  46 1533520291
27  18 1570101399
40  47 1822919053
0  16 1786904122
15  10 1351357282
12  20 1023562447
4  33 1496819211
44  42 1617251959
14  23 1684146099
40  22 676477236
38  27 1245674581
48  40 170974943
20  23 50335830
14  36 1677876265
19  4 1084352737
36  24 709950913
16  36 827841259
30  33 1356585999
18  8 941905274
29  46 1140650658
40  22 1938822505
0  21 1277643067
31  47 168198949
10  11 322040150
36  28 188964928
38  24 247744468
39  17 1152829355
15  0 640470728
48  38 2065836534
11  33 581496029
3  33 1482578343
21  6 1964530703
25  10 1743494448
42  8 1042337931
29  27 202112388
5  28 70170367
9  34 836240458
15  42 1362150177
43  30 1377143789
8  24 1387949599
33  47 2144833783
2  13 1400672893
28  46 577719509
12  2 1582046706
45  25 2057137456
48  4 829322478
33  11 1651615863
11  8 1498115480
37  44 1997938839
16  18 1563473012
9  28 860695106
24  38 523762635
48  35 239071809
31  11 1293478757
48  46 1997046931
35  8 451751243
19  36 1972953183
35  28 1268669365
46  44 82677222
38  4 1948969725
2  27 372163374
28  41 1253929582
29  24 1727952334
46  0 1652724657
19  13 1497041832
31  4 1547502971
11  19 1659798348
10  22 355243326
42  46 1253119190
2  22 51825321
6  8 389963897
8  19 947600003
32  12 1407415518
41  11 1834103484
1  28 893696076
3  5 1090551649
4  5 736903266
25  14 493908462
41  42 1418354829
29  3 77396464
29  45 24932466
27  39 426783124
25  11 414980574
6  28 1645340471
34  11 1045273703
46  2 201614040
45  43 1726501563
2  49 1510868199
30  16 916227916
21  34 1604650151
26  1 1920924214
39  16 201367061
12  48 718721902
11  29 1929940248
15  9 1414885908
4  42 1671348219
10  24 929159414
8  20 356892708
5  45 1092046504
7  18 1709396508
32  13 1557957881
44  18 1597979674
21  47 955458196
6  32 1837402391
44  42 2141322576
1  24 193595268
7  17 1314261341
31  16 74950606
45  16 1336431251
27  5 997834299
28  42 484206965
8  2 662607698
11  9 1789088801
14  18 1124068505
13  3 764592009
2  22 1368929673
31  2 1610992739
8  39 1904931208
9  31 503587503
10  49 112351869
43  36 910145038
3  9 1354862864
18  27 1072899335
38  14 34697375
13  31 669931603
26  8 599620895
17  47 642466813
8  39 1561942726
40  10 1662309843
17  33 394625744
35  24 22435414
40  28 12394301
22  14 264330417
25  6 1583322026
4  34 145891012
12  37 540255901
33  17 282522202
10  3 1097587918
7  37 267018664
14  3 2100157570
40  8 1643865989
0  48 134449106
40  3 592736926
28  7 231505665
17  0 1201608818
33  5 178504753
43  40 1045571925
2  13 721299803
11  32 1216142781
40  9 1746759869
43  49 1093287263
20  4 1086478473
6  34 1475206710
30  24 237297542
41  47 10667028
35  29 560685816
41  34 558344821
27  15 463091945
7  8 1897077595
31  46 1614959643
7  36 818355781
2  25 1064702974
38  39 1772981532
28  47 15012894
28  8 1129793268
43  4 131209675
37  28 538637806
46  10 1721728859
24  36 544583393
6  4 459388888
9  10 1093293146
14  23 734905640
41  37 2043081110
33  7 342239038
0  42 1025557122
18  6 1042042266
24  45 1318538808
19  21 1376168566
36  13 183454469
33  4 750444367
0  16 420906666
6  37 606485281
49  48 49174948
31  8 2001471820
46  13 1475760206
29  11 520881969
9  37 1848933462
42  13 1165688415
6  47 1667175067
16  39 1076670186
22  17 1660032570
18  46 1019055954
32  5 824381396
27  48 1192949648
42  3 2133055176
37  5 479711867
12  38 1695902983
33  39 1735302160
41  24 1669469195
5  14 1420461035
44  30 1475100010
44  21 403470693
37  25 1298799236
11  13 1198732587
6  42 1138769292
11  49 1490702167
14  36 1420743538
45  0 927104307
36  31 1988096557
42  2 110324964
27  24 2123016535
27  39 1605644939
29  45 1234639468
2  47 1394895298
11  43 1120183647
12  6 1752855080
47  5 972487892
47  28 1823805111
15  44 269473784
24  33 6297172
48  17 1550407251
42  0 1071522226
33  6 802046693
32  21 1709905495
35  14 938306752
17  20 493553235
37  47 855342509
14  4 1297446530
15  28 1148092189
32  1 1346044006
23  36 1734117085
14  41 610716548
23  13 1302004464
16  27 1949342808
37  24 142858350
20  22 69203461
48  22 984063981
21  23 976387797
49  0 914877011
13  4 1671423986
41  21 1160883847
13  3 95861165
47  3 626063453
46  16 1255560644
21  18 783715362
18  40 1970170772
3  5 1093370341
39  22 889252175
36  2 165093541
7  47 1958874551
11  17 2102262782
4  7 1895824729
23  29 1600108871
15  42 896326466
5  42 2005151075
42  43 109708619
30  35 1484335760
38  40 1781475353
30  31 977311684
2  45 98267544
0  34 720418880
46  5 1874762267
23  44 1775309010
13  0 138049336
39  9 57988219
6  15 454828060
48  30 920091845
14  5 63292660
19  44 941381549
33  27 721472463
29  4 2007476388
2  4 36730446
39  10 299524253
6  33 876181024
44  21 1701146748
24  42 854353759
44  28 2144493769
37  25 650324599
18  30 198355394
20  27 707933648
2  16 957991552
31  34 1023095407
25  21 1095057166
46  47 2025305015
40  39 1718784207
44  45 663221860
21  29 590704175
34  32 1721825181
3  46 1084364433
45  0 198773025
41  0 728474301
14  34 166719033
15  32 1981561839
18  27 87817513
44  2 476135605
28  37 966013700
19  35 1936649923
47  45 291233071
44  12 495564142
6  17 933925142
30  32 2144383237
4  1 1284577240
9  29 633216810
30  18 1255227857
10  41 1852702889
7  5 1150098914
20  25 929610037
20  43 78136009
39  8 614052858
42  25 1147702399
5  4 1399508565
27  34 948274076
19  13 1539767256
28  8 1225806137
35  24 252093471
35  9 1531634266
31  10 654740856
11  12 459276632
11  47 1080096899
25  27 934102694
25  7 1896301915
14  25 1551609176
41  19 597504190
22  18 505711167
24  25 1526681898
48  3 997195563
38  32 913889995
42  5 1146140029
10  43 1500007714
33  18 983750814
41  37 1330835130
11  27 1467109588
28  45 2029035856
10  25 1182980097
46  24 161804368
40  1 1333648660
26  22 783809777
23  31 1914844295
32  44 1243076462
33  22 1361164427
19  21 1364741033
43  19 1532289227
8  16 704049313
13  0 358205606
47  11 1369840408
12  27 1660039628
30  49 1138028550
16  29 1361297496
11  1 438953051
19  29 1234264213
43  20 538708405
30  13 110993400
35  19 1059925982
39  17 1476800751
