1250 50 43 17
6  10 1098146058
17  43 987126782
47  44 1301793564
4  48 428841323
6  12 1048904461
14  30 97419540
3  8 359851241
35  44 2014294309
8  33 780240113
5  45 1817039527
46  2 834826375
47  9 1063035674
43  45 289685273
20  27 1738725338
23  31 774163094
9  36 2084997327
19  45 2086825514
18  29 1753374142
24  42 1780264564
22  35 879806822
8  26 1132000517
12  45 1973979914
12  32 560248992
35  4 643119260
38  29 1271688953
33  0 743784201
14  33 873023568
18  37 572334105
3  44 1159959563
13  32 410668098
39  0 36633757
49  15 1299872731
15  17 993138254
43  21 576949667
27  39 1905828573
21  8 2121365707
28  2 171952731
31  20 474371554
46  41 763302272
4  27 1657574964
21  23 463275720
30  20 2000384614
16  27 75837386
17  12 623157496
12  43 32970693
35  38 381654900
28  25 1322121621
47  29 729840773
5  43 1564020631
33  5 127229342
40  16 1609646370
33  28 254142191
46  25 369702658
13  43 418565543
29  33 1828253379
31  18 1179167572
34  26 1189546975
11  28 712817567
49  7 375735897
24  48 1027193299
1  43 1101942968
4  32 365506887
5  41 1467558392
34  43 194474827
35  37 1815564793
43  31 1492711600
26  3 748049039
1  31 540792074
11  45 1288620589
29  14 1961181605
29  47 1707840348
3  44 1219203206
33  12 1812434381
35  22 1193065261
39  5 1682029141
43  49 1822848979
15  43 321388121
24  42 780902534
32  15 1162945520
47  42 1919793605
34  10 779978957
36  39 2080710926
20  42 818644689
40  47 1244669501
21  41 611432016
48  5 2070511256
44  12 773960524
36  3 1059368763
4  44 1766059319
1  49 8509863
6  7 1098073368
30  15 453601094
5  39 2105053819
5  36 1148048594
8  21 1626890014
3  4 37865660
36  27 1415050977
0  9 748356736
17  32 1662393533
27  48 1655534846
20  35 1040092404
24  20 744730016
30  15 2037351489
33  23 750550506
38  36 1455100987
2  49 581055610
25  33 1882409738
8  49 2123510804
48  45 1405740083
17  11 1564188401
48  31 97849673
49  37 1486167726
13  40 1727273316
3  34 989167758
22  31 2023255206
3  20 1018524472
33  14 1095928137
11  38 755898094
48  19 339057895
24  18 1785510423
36  20 1636451394
18  40 1837123748
39  23 1176518934
39  17 1943928350
2  6 1565939075
0  7 667941406
27  26 1862102416
10  23 1972929509
30  28 1999722370
41  35 944316862
36  41 1040904186
38  11 1385756445
33  27 1724663451
20  36 1892510368
14  18 1794594778
5  0 102979326
27  26 509227752
27  2 1213660913
27  36 2100751045
46  21 135599309
17  6 845104572
5  24 1006944010
17  34 1592153868
43  33 1011718395
5  33 1958709362
19  34 1297250827
3  26 1291929109
8  17 1518409227
41  35 432971412
24  5 1174558556
13  36 1498908054
37  21 459983662
15  5 1005443034
12  6 2078014650
24  28 1897760986
33  3 1524669062
5  28 635562125
47  40 1480909096
33  17 833520742
4  18 448621294
5  27 1416953782
29  22 372525025
49  17 1286938032
23  13 1691203338
9  40 699876793
25  28 1799918542
15  11 1192122136
15  44 436119128
24  46 960131674
18  14 100211368
40  7 444068805
45  1 1630922056
17  2 929692780
15  31 1028400667
3  5 66586101
21  6 1111209418
39  19 1643589245
36  26 645332964
37  26 1988534441
13  7 21483557
27  30 1454969355
38  48 562026121
45  29 1035035709
17  33 1672223532
24  37 1353280647
12  6 1107021766
41  21 1494695693
9  17 556994090
29  17 420414042
1  48 276185822
37  26 1699796280
44  23 418321865
23  35 1374305636
11  13 1919153040
5  30 223152385
44  45 2077888707
10  25 960816227
3  32 731253659
7  49 682873549
36  1 1495247076
3  35 825800887
2  14 460618625
40  47 1807729418
6  26 1364036215
4  47 583669075
17  22 2036156642
0  36 355075120
4  21 109252506
5  35 458435757
41  11 975288024
1  10 1464211551
36  41 1326355647
11  19 668628335
8  26 167388842
26  45 1253466141
47  23 1262332321
40  33 1022692321
49  16 1125203398
22  1 1709777985
47  35 380288395
16  21 1503423314
2  6 721477380
37  25 1779556113
14  35 666086715
14  25 1434064751
34  42 1199236055
10  42 391956512
1  49 993693982
24  49 1541147854
17  38 990396629
41  45 1212838706
45  36 1155508560
10  41 1184207054
30  14 11553781
45  11 818113709
4  31 129720955
48  3 1895091373
28  11 1627308518
6  13 502293744
28  49 1123966146
41  29 828332087
48  37 618599458
3  30 2053035908
9  35 1531859127
6  4 1876267590
26  21 1969326075
26  22 1690081566
10  17 1822555197
34  6 57023515
38  5 1070217510
35  14 267938927
19  26 1104955303
4  19 1454261113
34  21 643264506
14  15 1969577267
42  1 2072008262
32  8 1635983658
38  13 1009120559
3  4 260420396
12  30 1347071266
17  9 1285354717
24  27 432226929
39  15 183322852
10  38 424576262
44  18 742457007
46  15 1285550788
21  25 739038387
40  19 939170616
28  38 1033081478
9  16 606346765
1  13 942604337
8  13 1482482532
15  27 725356768
31  7 564714681
44  12 336480569
37  43 1132299851
31  9 1682701566
45  49 796719561
19  3 776400804
32  24 103536105
24  0 793546209
37  24 1835801912
4  31 1682691623
34  22 1703515264
26  23 1793396254
24  23 823601044
43  29 1447138461
9  12 605836571
45  17 361351807
0  34 1147669716
8  30 735936341
46  0 659696904
46  16 2062440438
25  32 404854664
0  36 960538612
7  38 1584410443
23  1 510601449
23  8 1300045352
1  15 558728857
21  34 1087035102
29  28 1218470306
37  30 1487285392
21  19 180974665
43  34 1971867326
12  4 2093212594
33  0 2030084044
35  21 330107013
3  15 1062522190
42  41 1836844691
46  48 1513127284
26  19 628802639
8  45 1533476081
48  44 648497368
25  0 1561049753
15  13 1938735655
10  44 490240103
17  18 1238082705
28  20 256259027
34  41 1445971621
45  16 1810554586
9  19 823246306
35  37 269042100
9  21 770653691
7  18 1191135100
12  36 733969849
12  20 999632838
3  49 2126925419
8  41 1682999316
22  33 2145125719
19  4 1772919382
36  35 1258215579
0  20 2046261785
40  15 282682213
19  40 397249516
42  28 1934936327
22  28 797867795
13  25 917096927
3  17 763764117
33  14 835732646
36  25 279288033
41  18 433680066
11  46 454093035
28  5 1980806617
13  17 542864051
18  1 1433454394
16  27 563129274
24  23 1321402039
19  35 722915720
11  26 327580156
49  13 1051879949
39  11 307712647
6  14 511599727
3  36 1036036158
2  23 1406388416
38  49 1567795516
4  17 6676615
25  37 48653499
18  40 615447780
43  1 1280020714
31  2 1370478779
38  35 1802876750
42  29 1434040317
19  17 58325596
3  12 1900058301
28  0 1929467208
22  42 1892536013
3  10 1854222997
7  25 1095683055
38  43 257082749
27  39 1348287321
24  17 1516528402
15  32 1115721946
42  29 1609410579
7  13 200399767
13  37 495911862
40  38 2146829370
25  14 262297220
7  25 420350261
18  44 385305836
35  7 574695008
21  43 1053973924
33  29 44280386
31  18 1950520824
33  49 72949364
6  16 1840320608
40  45 71974299
29  5 616892280
2  4 674323880
4  30 1865315288
3  36 1718648075
13  38 1754282368
41  20 648049081
6  43 854832488
40  14 199710269
10  40 2092324095
46  11 388145411
7  18 819222290
30  0 433299096
1  42 1355678096
15  4 1254254105
0  47 1483407520
3  28 2065952323
26  49 1813956954
14  28 1286936279
30  25 1727099281
14  23 191759685
11  32 360053075
35  21 1505925961
37  21 655008071
31  29 1692106399
1  46 1023319769
15  45 1230772309
15  12 242895007
24  33 304557266
37  24 1953128062
14  32 2012067230
23  25 673389149
7  16 701729565
48  36 1818856394
40  23 1214482746
24  32 867574768
41  28 1701758474
22  2 1096439598
27  36 26200962
33  43 1187939686
37  36 1989385756
18  13 179768686
41  49 958041901
48  8 48086786
23  30 1174642571
4  15 818202264
40  42 1314882672
8  26 1701366350
41  7 2104402174
23  13 1148992182
17  46 54661283
1  49 462310012
0  40 606475004
13  39 242608641
45  39 2014048955
27  18 926901702
25  40 1086642144
2  14 924520722
34  10 703294995
12  34 248832508
8  4 20621502
10  38 378124317
8  15 2061801290
49  43 1250739770
26  3 82003258
43  40 868754679
30  22 281844835
4  12 484000594
49  20 1948468677
27  1 491303002
21  28 899864824
31  19 1028026451
13  49 1994174134
33  41 116874775
1  12 774308168
7  38 593123537
7  17 771822294
26  47 427795665
20  32 1438839202
41  24 937400516
30  31 312425921
2  23 665212894
0  22 115582842
31  41 39798409
30  21 474023760
31  1 243523345
7  5 1670141425
42  40 637820065
9  24 870962244
42  23 396552794
0  16 2146760692
40  2 2064918830
39  35 1381414111
25  14 461446337
17  22 1973061257
46  28 1099855630
25  34 523427614
34  46 2039806756
6  41 1148330048
10  27 173744353
34  17 1002979876
11  3 738724042
21  34 1522734213
19  22 1773040885
47  13 1856215929
28  17 1622420355
42  2 664258522
1  47 2121311902
0  6 1784452184
32  27 1297558009
46  15 622768752
43  33 1973141237
15  35 293535582
9  26 389552024
40  17 1335207335
16  8 1931873001
1  30 1144090120
7  4 1456821344
3  0 1664129571
6  3 450707315
29  15 1607232650
18  21 1890667399
23  2 1390957323
39  12 1934349643
12  34 109771049
15  36 2039221897
15  46 1904997332
4  26 1323603503
27  6 1527337213
24  41 222882486
24  4 82184614
35  25 2031027173
44  46 616122573
22  47 1760277094
9  10 598053541
23  30 1957255029
6  13 325323656
0  35 187530038
26  23 1076477837
31  40 713192917
23  6 1051208732
45  47 1589853716
28  49 1015021514
14  48 1639044015
46  49 197832130
23  34 239505577
32  17 500050830
27  35 456485459
12  22 2067911387
25  10 1525035874
3  10 2019267512
31  1 809130908
11  19 915468022
10  7 148630197
33  13 259785544
2  33 665889291
8  5 1862614458
20  29 584297453
9  5 692784475
12  23 2096161381
42  15 1106656316
35  17 223700150
22  0 406991072
11  30 1489573997
31  43 1767732136
11  7 2014695911
27  23 2138043593
32  40 1223508093
35  47 1670890646
4  19 1587437255
16  23 1169592298
16  41 2063328531
47  41 263335096
16  40 1376056517
40  10 940749870
37  27 1769300729
40  0 1438313565
37  46 273255186
13  21 1121090743
35  5 61423977
11  34 1616746361
9  11 856537560
18  23 1325250651
3  2 1844915707
24  31 587566917
27  13 909254034
1  8 1843264223
36  43 400006705
16  30 1104166491
27  37 51444285
1  45 1534967348
39  21 1896402919
1  6 219369038
44  4 727299676
11  6 601069235
14  28 2007835042
2  21 226776137
46  40 943239614
45  10 2096171384
32  10 874100935
48  25 278709036
33  22 1045005111
17  39 1948259065
37  29 810341211
16  46 1984568708
36  28 1282444307
9  36 1735492396
6  7 1579362588
45  47 90463834
25  40 548279008
41  16 765721749
44  15 88898787
37  25 501400054
34  18 520522559
26  39 1566963617
26  49 243693004
18  20 291914869
14  36 1370085947
9  46 1784338132
4  30 1034869187
46  37 1731113946
44  21 1374665527
46  1 1870856783
27  49 1183264885
30  31 33257651
39  10 1818493544
13  31 1065800924
35  26 482180205
25  14 1642308031
39  44 1397957150
37  12 1216235552
3  44 1982593951
15  11 1055683648
21  18 1408694630
9  6 54387343
45  11 1189377253
27  3 696854793
45  30 1967013332
42  41 1148510003
26  19 322636514
34  15 1901247294
1  41 425027935
43  33 1066870175
18  21 1127922435
2  20 599771833
15  45 245184014
33  16 742120375
43  47 350284534
25  26 233957168
19  4 268505949
34  36 1988621988
21  26 600516240
0  17 1427451107
7  25 1929605225
32  1 1509844662
29  38 351182443
30  18 1855454508
41  18 1922726410
4  16 1444236437
22  37 411311658
7  5 1055462071
45  29 2140083258
35  20 294706535
13  39 1626410298
48  32 795967245
21  0 443562537
42  48 776331538
43  8 757519953
34  41 24346057
9  47 2100058775
6  20 137578031
7  3 84953050
34  15 2017756352
33  26 341742269
6  33 137382538
31  13 749364596
33  6 1484762950
45  1 782781294
16  49 2114992742
24  38 1478819463
35  13 1467418766
45  26 2074217083
35  34 1545173034
4  7 231308610
11  3 176554123
31  28 1144057295
37  22 1103989264
14  18 1390944910
19  10 2001406715
49  10 1820903568
34  25 1013899414
35  28 79946001
37  11 1363238246
0  24 1069473561
0  24 1502236619
40  44 2001021746
1  31 1508604414
45  46 596437583
45  3 208614641
26  17 1770308164
37  48 1636401955
31  24 1282687016
42  31 20558838
17  27 923642804
19  36 206685554
25  20 1805011085
44  49 893810664
27  31 1167319818
12  15 1898166747
8  25 1642957319
39  11 1664221461
21  43 1828718345
38  22 1840741936
38  31 1792526229
9  20 897354389
20  5 165741796
41  25 1434669239
35  1 1848671
8  4 1640767120
35  29 36015335
1  43 749335716
40  31 515425550
6  29 2034449631
27  2 885682724
14  48 1938789404
7  26 112772139
14  43 328612870
15  3 2042060306
8  27 770779117
21  40 2131218911
42  32 1743407172
49  22 281994794
21  2 1347202836
5  35 28954128
21  38 1212809127
14  25 972313960
22  10 554373965
31  33 741985322
27  8 351022505
22  3 1672890806
35  26 327524219
26  19 596476140
39  21 1886791446
18  8 366633405
44  30 1556370693
13  41 1725167201
36  12 591238457
26  7 2074287808
10  7 434846634
11  48 1605467783
21  5 1907622164
10  49 597242764
16  39 696765316
22  37 1304668980
7  48 159219110
7  30 1333351578
43  18 495828176
46  38 2052091936
9  40 1791651086
35  19 620478101
21  38 607137203
10  19 971057446
37  25 988515225
37  29 1834382763
23  36 1007957569
14  18 290025294
44  25 1842624605
48  38 1591756455
14  9 1966510157
47  45 550671416
20  3 1545421062
24  20 308247586
35  32 757683551
41  27 262606932
38  13 187699421
37  47 1211476249
49  28 533804774
20  45 1938145966
7  22 873440765
28  15 577247672
2  20 562162024
40  18 1233535600
9  24 1692852493
48  15 1077010227
27  6 816448394
37  11 72246202
47  46 834158129
22  39 18328538
15  40 930931550
41  13 1629109550
29  32 284066414
12  45 1983699574
31  49 7481704
41  19 205520506
13  43 2074298682
11  23 1086150539
27  16 952987148
9  0 1273641565
48  39 760933211
44  39 589295445
21  25 965350440
10  30 620620031
41  36 2134554180
26  32 256055522
16  20 513722271
4  43 407732940
44  35 1445177612
6  41 1956567096
37  2 1563851393
43  34 2057820380
20  44 1148819945
20  0 1118947750
4  14 1588500782
29  23 344907922
24  23 1584890557
10  19 9227066
7  23 936004358
18  38 56691800
34  40 2016369909
25  23 23252718
41  22 1323147673
10  1 113769498
25  32 2109613094
45  25 98645833
18  27 196027220
41  21 1543197515
1  24 829398248
17  30 1102375065
24  4 940084449
16  5 5506858
31  1 1723488352
19  35 1985551181
41  29 1636396881
2  16 159480434
38  6 276333616
44  1 1937030305
10  11 342596448
32  0 672631977
12  37 2013474436
28  1 112928461
47  38 224393171
15  31 1675272839
38  10 1588366955
22  34 618966928
34  39 1905678597
35  21 1278101137
25  30 1259612808
44  5 1521349820
39  34 1694082594
44  0 564426920
10  43 1628307175
11  46 1236671609
28  44 28806392
39  5 924940945
42  9 1404959879
31  45 1838346752
17  0 1635134314
44  20 2088572642
49  1 154871088
32  1 14376837
25  37 871798160
38  48 1080178147
21  5 1738206894
41  22 270821554
39  17 1823572017
31  39 110939725
5  24 645088071
22  15 72344793
6  34 996426686
24  27 1000753460
12  28 1280865732
27  30 717507215
2  22 1838300149
24  8 1801783312
38  46 515651076
10  22 988837306
12  5 396176336
34  29 850498359
26  7 1743710168
9  17 1444205821
18  27 30918533
45  1 714801104
46  0 1852119801
25  37 1509893080
36  25 1562217133
41  24 1732455516
28  7 330118831
19  2 1424868737
29  40 398704430
46  8 895742619
42  14 1414204492
37  3 1857487661
24  40 2079151254
12  6 118430741
8  2 1625375573
37  30 2032175424
10  25 952045525
32  44 1827689894
8  18 1834037710
11  6 1492972499
23  16 1948040711
41  47 1448157996
15  40 1525798075
34  36 1058856731
23  3 47265220
19  48 71916265
19  18 582699355
37  29 841581510
20  26 2077167746
25  12 885067739
16  6 841747404
35  0 1439907940
44  40 141010904
3  1 789847104
46  31 1126546421
18  11 1851640697
31  8 2021875818
16  49 115026486
14  1 916266588
49  39 1408946484
36  48 71806545
35  9 201710957
38  5 1245753788
33  3 472570873
13  43 820959705
45  30 1282184896
43  22 873245481
32  9 767493789
34  15 379942627
39  4 434524087
21  23 1958228609
18  11 438444729
34  41 558289680
1  44 1770130942
46  30 930521125
39  2 1644088890
7  43 126829243
44  42 1422273671
6  21 1801905667
40  19 367973996
47  24 1963798016
25  13 1916099718
33  41 335578437
47  30 1259271813
20  37 2060449002
0  9 1856486673
19  3 350772332
19  34 1129324064
32  34 924579713
8  7 1443290156
4  25 748536427
44  31 1614527558
33  17 1682033473
22  29 820968210
10  22 1226271563
27  9 1463694076
5  1 656894717
26  49 114749993
3  48 618003786
4  27 1613652403
24  36 877110340
41  2 459054620
19  43 219957201
0  49 127231498
30  31 1919213507
26  12 675172467
19  18 620072208
47  41 2051323225
48  1 1277104909
6  43 1915782336
30  23 2062333469
3  13 1831162266
22  16 542686950
18  15 1218857001
9  41 2012547550
32  37 417764935
30  20 1019994142
1  24 1748350220
5  20 1596405417
46  18 424445213
40  19 878906084
7  45 333951195
38  7 2035127019
24  44 222872547
19  40 1501027005
25  23 1759714616
45  5 611059825
43  37 1412506279
1  43 1096278925
45  23 487265949
34  31 341071186
34  21 2002750758
13  35 750615512
47  23 806420470
20  42 900937654
29  1 588809995
11  20 867812363
26  39 1366087580
29  47 945156597
42  12 1562595323
31  16 1245929239
42  47 1619623631
12  36 1046817657
16  30 1321707109
29  48 208981904
26  7 128814854
7  30 547095044
6  12 2136711701
23  47 1811751518
49  33 452959334
14  34 1974125223
35  43 676146225
24  28 1069974643
24  13 749380006
8  38 720158611
31  16 424082211
41  49 941937850
33  1 1195840562
48  20 471777310
41  36 1542276659
22  43 4352976
25  6 2099856447
39  46 2131685083
36  37 1765912455
19  36 1154632915
27  0 256013496
17  24 1011589174
24  6 870013195
46  36 1425237282
24  7 1874688616
46  31 1501794649
47  1 805697051
38  42 926882923
19  15 2014266521
34  42 1771825996
13  31 585959750
29  14 1929727655
10  20 745732192
4  0 1621281726
18  6 116762193
43  46 1377778794
48  3 992735098
8  21 1895048029
32  30 1229250828
21  5 1314554922
39  1 1508707451
18  13 1064528513
28  19 1446861094
27  11 73376339
43  11 1951216825
10  15 1391432752
42  5 262477271
23  37 1678055444
33  35 576136500
4  21 857875539
24  46 959881503
49  7 554894015
7  39 610624404
20  48 1766811064
37  2 1168480873
6  30 1017848545
34  38 811052275
46  19 2111335921
28  48 58296486
40  42 665171320
7  40 1148240521
13  10 9007239
39  32 85633956
35  21 1869862068
36  31 1215802852
36  29 136200741
38  1 56494077
40  31 106920832
23  18 1015251110
8  15 1446891212
44  30 939482842
46  41 795604296
0  27 1169998748
6  36 1186771961
20  25 322358973
5  34 1247410711
1  35 839780757
0  45 632181243
44  47 1340690429
44  14 1194272578
3  11 795227632
29  15 92609967
42  8 1604907575
24  37 1218486685
6  37 1117028077
7  14 1322100676
33  18 1020822692
42  3 844154641
28  11 1836630813
22  11 509442378
0  5 1108042592
30  41 289630845
18  44 426527096
20  15 1278369986
47  33 119492
20  11 359229667
23  8 1412001917
37  24 1515368762
34  7 812550280
29  37 1248818573
4  32 770371690
39  23 1781154998
19  41 1954872625
3  0 634018198
19  37 2089867916
0  14 1995832452
22  16 1856107907
19  12 35820530
16  1 343017772
19  6 94176764
3  38 1439152243
19  43 1201778666
20  15 1864499913
30  5 1178909251
16  11 534238000
28  22 2001649657
33  16 738423201
40  5 766247870
37  45 1318310263
15  45 883061474
35  27 1942198286
43  28 802336276
11  7 623840895
25  48 15133476
21  20 1564735897
32  15 1041031389
46  19 1359711293
35  26 764737933
2  12 1689120047
40  5 800490897
18  48 146820184
12  11 915302512
21  24 1350210820
35  37 394877439
19  3 1607781775
30  7 1204246518
1  4 1751472493
16  5 1392844773
38  20 1648749127
41  47 1478446146
38  16 1871730042
19  9 12259979
7  20 1915224969
43  3 1201677706
45  41 222327737
32  17 851895020
13  40 1276736057
30  38 1050612991
45  38 1539464655
41  13 795897529
16  28 1645210553
38  0 845947294
44  39 1376489888
11  35 112932732
15  1 2063764756
8  31 1509222846
32  44 2077486178
4  30 2000523528
24  47 2092822241
7  16 1442127316
33  44 1343644897
27  41 1057581008
20  22 1354831845
30  43 1936457930
7  6 466796329
48  23 880012944
31  43 1886095831
47  19 1594158039
6  43 1175121828
20  13 184507385
41  24 568821807
43  26 347627094
16  47 1845785105
17  1 981095043
29  24 713618875
17  47 1350110895
32  3 695610582
18  1 763462075
44  19 1808862320
12  36 2044850835
8  21 1924269258
14  1 1763498952
9  43 363216489
9  7 850370188
45  49 175165156
19  5 1206662047
27  44 792410976
48  3 707501857
8  28 1066769997
37  17 1027416296
12  22 1518335561
39  13 704205556
30  47 361430875
13  41 1031592265
14  15 501027789
4  10 500040833
13  4 1640741877
13  40 626486784
35  19 545401839
30  29 2090290169
3  25 2098320798
32  20 2033820858
34  29 884486529
6  10 1069785220
9  28 954830675
44  20 2080435980
21  5 846855171
7  4 1879975618
44  35 1437066122
36  6 747129520
39  41 1207564699
0  43 597431805
42  40 1419433805
18  44 646637574
33  48 1185630193
3  17 1873286446
3  16 1793721473
31  13 1946148102
9  24 314739480
0  26 921919507
33  6 326581279
7  43 1297939950
39  25 47157528
38  10 60172988
36  13 142323363
44  24 1532766302
8  46 1830578578
10  19 85730189
43  26 940461570
47  11 1361164725
23  35 1633132374
6  15 1816354420
42  4 1112961464
20  28 159698021
23  5 534057203
25  5 518295909
27  44 2045877401
3  38 947226511
20  23 706585794
10  46 2027435851
46  9 1550954776
33  7 779187738
28  4 650220107
49  9 1183250057
3  48 728134069
8  38 249909952
38  32 729130321
36  16 1675436002
9  35 1603516553
40  14 1724257227
13  22 763113795
21  46 1308915234
35  26 993950036
44  33 1593620839
13  6 929174525
3  16 1298694724
43  9 1599549584
11  48 2044377918
42  36 834272703
11  9 869172458
