1250 50 46 26
36  6 1376621351
15  21 735984144
45  7 3080741
35  16 1088886236
11  46 1160654479
7  12 638747068
27  41 176312764
3  1 1077261996
5  6 1133866732
35  15 2026458229
45  47 856729354
7  3 1414259072
5  4 906739676
30  40 1357617654
20  25 597199988
8  26 464352500
39  35 1871131515
24  8 820825075
18  1 1213990692
9  2 139163223
46  48 412807429
42  20 1105311038
21  49 275354204
47  33 749657504
15  3 106822058
47  42 756948219
26  0 1144258166
45  1 529529617
17  49 2134017204
25  48 1861584314
44  1 1632084539
48  22 1887858188
48  22 779119673
2  29 436616046
8  32 2055938419
34  20 1066967529
35  16 1989837901
28  5 2084473165
25  18 674431714
27  37 2077308254
25  23 1268636574
17  21 450718146
17  46 112407596
30  46 1331013552
40  2 1490276965
0  16 498180885
14  4 1005130582
27  14 332976457
7  13 1377153484
48  6 288931637
46  4 1173446814
4  6 381775535
0  14 2011904392
32  31 1303899904
29  32 1528227677
25  49 266329991
31  7 968480017
33  9 1035033408
31  20 561493068
29  43 389055814
45  22 433900378
42  26 1091582912
27  14 1439278203
44  37 484124982
38  35 2105220883
4  40 1652244188
41  0 1637972202
1  22 772759629
41  12 1039112071
47  30 1947233540
2  43 52734943
35  12 134474643
3  33 2098148791
17  18 1864856741
14  33 579631357
40  38 1922544663
1  8 41161621
6  30 671600884
42  27 1180591963
13  11 37608470
28  18 1975278725
32  17 1648196303
26  18 255734226
31  0 1826372230
18  49 119060268
25  46 1671900986
45  47 1356637976
29  44 220603800
4  40 585865179
29  33 380601686
16  19 1175219305
34  43 1260033998
32  5 1169088657
27  37 676972009
11  40 1928390451
19  14 718776188
16  6 353850034
32  5 1190373877
10  32 1304779127
0  2 664040239
46  19 1617512695
14  38 1244696404
37  39 913774172
11  34 73265154
29  36 1111535546
4  37 2136741610
4  15 342000274
17  10 156189153
44  32 1461424897
0  44 1692086756
20  1 1568979516
13  29 1536681725
44  25 2070880784
40  3 568404939
19  9 218904971
18  40 1624682438
7  31 731653447
40  47 1262049991
49  27 152894634
28  39 1582140891
11  2 572346608
32  36 1820607077
5  46 436379148
25  24 1089894018
45  46 752579264
27  0 223418673
22  44 207687059
21  44 1248463245
24  22 1761743872
23  32 152758550
43  9 2033666420
25  32 139848496
10  44 1818347265
14  16 196406292
20  25 600877526
35  7 1533436574
45  15 1084491025
21  22 746695573
18  22 836028650
10  46 1689488371
15  6 675651182
34  39 488853222
17  3 323181148
19  35 855096014
9  8 954893574
20  18 813798096
35  29 1406477810
28  15 100058948
43  48 491955260
14  25 1311588414
45  1 169678779
4  3 93618365
37  41 1759637477
48  21 669313375
38  8 971395802
31  47 1740797783
21  3 1364060033
37  48 795381937
48  8 1281702499
6  24 389396041
24  16 961353256
13  4 1883513491
29  26 1899459351
47  45 1951930082
41  27 1808957332
11  23 155318053
32  47 1959058515
27  5 1812355423
30  31 1187848584
38  7 1541238522
24  36 67627522
6  15 1367973778
34  30 741936839
44  46 1131074426
29  18 1978484216
32  46 987896900
48  29 167621041
33  39 1881460151
47  39 1594692689
4  25 1749876345
25  16 119499554
5  40 930922623
19  11 354793301
18  32 631916981
8  44 336672352
45  22 1329191317
38  22 1582485544
38  20 1968759510
34  21 1265590680
14  35 1228743518
41  3 222759714
15  39 2114722110
3  47 1268791902
22  47 741043496
27  38 1625690239
39  29 1179360325
41  9 1954815694
27  11 463919235
44  7 123826237
7  30 809798210
45  30 2039969638
19  22 1992725945
47  4 1900830564
37  28 783011291
34  21 1290421639
2  1 1307118231
17  36 801471826
15  14 1867669183
26  30 455966864
34  11 1841024984
2  3 847676800
22  28 1196644784
9  40 742388096
12  39 1302198090
49  31 631825964
41  4 1543735063
37  5 1804262845
23  20 1077147505
39  1 1637725398
42  34 1838166935
21  37 1278054041
49  23 1008358585
47  20 180093987
9  39 575220496
18  16 914257569
15  3 466494610
48  8 2019096839
18  33 936317291
37  45 726912204
35  12 1842055964
29  20 1450660260
32  1 1537888820
20  11 22658587
1  45 1048953222
25  37 2010779361
41  35 621627593
6  49 33117044
42  23 2061704700
35  46 1591202652
37  49 409277374
47  7 1506912015
42  27 1179015243
36  13 231840720
38  48 2144891960
26  8 951589625
49  17 535316280
8  23 959393001
4  12 1897187888
18  47 1168973099
2  25 436524995
34  20 701885248
8  29 854476517
5  33 1029584659
29  0 202530969
27  2 62736551
22  30 102007439
15  23 1990079012
16  46 1905334636
41  23 1245218714
9  35 216915341
25  30 207769208
35  48 662261602
46  17 46017792
16  42 892865437
22  49 2036836535
10  46 381660561
39  23 135824795
45  46 1586913283
13  9 867317520
23  27 903253462
49  22 792087603
19  11 1203076890
11  22 1855875121
28  48 856596705
32  41 526629246
26  3 643083721
16  6 1591304977
31  25 137026723
19  20 898420326
10  7 2074044843
14  4 2055021958
20  25 1952143067
27  28 1716581877
11  0 909682508
43  3 951452553
42  39 1627243072
19  1 299751898
17  31 186293574
4  3 1808923647
20  31 386103727
22  14 275448679
11  35 1639715129
42  45 1937350831
36  27 1645173422
28  42 404115752
46  33 1541541871
11  41 1687694978
20  40 921118803
18  22 1736094767
31  48 848496196
45  18 1705208140
22  38 2126937896
5  28 901374894
38  28 275389221
8  46 1138177475
8  11 1114118815
38  4 1415708144
38  35 1421943145
33  24 249349939
7  35 816366449
38  40 1160815973
18  12 640841945
17  34 2103262420
15  45 558077449
15  41 63072686
42  48 1068558409
0  48 72079262
34  43 147243133
39  0 536848540
18  34 522061088
43  38 1370935066
33  6 2143497857
36  21 138080315
27  23 624044932
47  37 318187892
34  16 481201628
49  46 732402606
11  37 175837989
35  30 2132719465
22  17 675922420
39  34 709406266
35  32 352867002
25  44 1173727332
20  23 1143818087
12  31 269671138
41  44 879135898
12  34 2114376754
45  20 78020751
19  13 1164444416
5  33 703922125
40  12 1484987694
37  1 1071385041
6  40 1578941942
39  30 1826952325
23  0 647827069
18  21 897155671
47  3 940953443
18  21 285544973
44  35 1159439692
20  1 52617126
38  43 12837238
5  3 1874113499
2  47 1541648693
4  49 1230150693
45  4 1305110969
37  18 1494474486
7  25 211810277
42  0 760518716
40  10 1692231660
34  27 1478347199
11  8 2008001832
44  16 809724411
41  5 2130899433
5  16 255438675
7  10 1676506372
4  36 1930965383
30  39 1502772658
14  47 1108086625
27  38 1426959847
40  6 1243333870
22  31 119932054
5  1 439114754
7  46 223209462
19  9 926010474
12  32 1270419156
2  11 1079259514
45  49 633328554
9  37 552286996
44  35 1497436731
10  24 97658746
48  19 308730055
32  4 1642669909
34  20 1791010543
24  37 1773858128
39  2 1490066061
26  41 891274533
32  20 700778102
6  29 752613978
7  13 2025868317
0  10 232765703
32  3 1929849048
16  22 134005471
47  11 935398123
39  27 362254367
30  7 1373329855
0  47 392853310
36  42 35776693
33  31 1359063749
48  25 224044056
2  15 1938932455
31  26 1199912817
6  23 705135557
43  37 1606827248
37  10 468398347
27  2 1840164450
43  9 1036383119
7  22 719614196
20  11 1921897281
48  33 1325300662
4  22 660144900
5  41 779804040
10  23 1952384270
18  6 1425811291
22  3 1383217936
32  42 8221584
7  39 1205492777
10  6 1120851328
45  12 395546372
31  34 1480939621
45  13 264877434
17  37 863418116
43  42 142273223
3  49 546491853
7  38 1406788633
46  5 161569693
43  36 209211119
48  12 1295256289
34  0 1281917046
49  14 476632355
13  18 1880805336
1  2 1083096211
21  44 1337940588
14  27 1041760886
23  27 45225407
29  23 1504133326
13  10 1922097005
29  34 929027139
17  43 1613535764
32  33 605171764
15  24 400258607
22  39 1747661954
44  42 1957494794
25  3 1799254705
24  40 392173088
42  43 556700404
32  46 1015703261
35  3 634294740
48  13 1565556186
1  16 1938336611
37  35 930418684
36  15 1491044430
4  2 416073512
29  49 457357932
27  38 1119579511
5  27 1351724501
34  6 1306674255
15  32 1299994361
8  26 733215272
38  36 1858432372
27  30 716451278
2  49 2018032456
7  37 732443885
32  26 146402488
45  3 2144113054
12  21 1765735134
24  8 358218802
37  23 1680783516
27  40 718626618
48  31 1838396229
23  5 884372060
25  32 2083418079
23  28 765406947
4  48 518207616
41  49 643622121
22  29 267347061
16  36 497282033
5  17 1884751475
1  7 292675903
13  40 1602092811
36  44 710478215
8  19 1912614180
23  18 184851852
43  44 1742569579
22  35 1508280570
13  18 2145642893
37  35 2094524067
41  10 1724358431
24  34 1437567138
3  9 523270237
46  28 992373704
3  11 1199586112
13  43 1731407184
14  34 1341492116
24  8 2017964145
6  38 546870124
32  4 1746493563
8  38 1433280625
9  27 1361346199
22  1 538899951
4  15 1587882416
10  36 278242611
34  1 585606015
7  40 789688856
30  44 597406539
23  21 71964330
14  17 27810655
7  14 1313947975
45  48 332709967
9  28 1300413485
37  26 1544628317
41  11 1266607026
16  21 2054408113
12  0 437313038
3  45 738166013
17  28 1805192218
33  15 1683937117
29  38 953913671
23  14 1648315505
20  33 631915753
41  10 738659155
31  30 1880732760
39  11 308778833
35  36 419218527
36  34 710874920
31  23 1404983399
24  38 1537468154
38  41 1597916682
23  35 1834719638
11  30 1302675158
29  15 646871082
49  3 913823101
13  24 793268193
22  48 632494097
46  3 1016446058
49  19 1564875862
26  31 1009219058
22  28 962958685
32  17 1609729735
48  49 453904495
25  39 774633935
31  9 741111063
18  29 1837192819
20  27 2026873531
49  22 184516247
44  38 1601571564
32  23 1480621319
28  43 677351288
38  2 1177177277
48  21 543524241
15  10 1689585002
43  39 148656594
30  32 1093257919
12  9 113934070
48  3 2105965422
33  36 2138982537
27  11 2039132233
34  27 158944755
30  27 80210820
33  20 1212193257
22  40 935753711
23  34 1726487763
40  9 816451418
36  12 229082227
8  18 1551931413
27  26 2093104035
35  13 312197407
20  43 1646561644
43  4 447601956
16  18 269611767
40  19 334837028
6  27 185399564
3  2 694210237
5  17 1140910380
19  17 437812778
34  9 1615432972
9  15 1262399468
1  36 1809357188
6  13 1874256500
45  22 830059755
44  2 2094324351
40  0 1609151484
33  46 419938218
43  0 1504185587
11  9 1138932801
30  47 893759950
18  20 1210798851
35  29 1941226298
21  36 943271186
28  31 2042782810
18  3 1162206459
23  7 1893077197
29  8 289402557
47  9 1977326237
18  33 1230412380
15  10 1937929973
27  47 6743245
1  26 1782958139
25  1 774774772
20  30 301503440
21  49 1024494116
27  18 1742819703
27  20 485844484
4  17 1183701681
6  49 1715460209
41  17 916391475
40  30 297168971
10  43 2075180040
12  29 723915525
21  37 706478771
38  42 1698371910
34  18 1430031745
39  17 497844788
6  20 46143255
40  34 1597528773
15  31 2143810605
41  48 1397378766
24  34 1291117971
48  6 1007929495
46  6 533556049
42  2 450897623
31  47 725209497
21  39 1540961675
7  0 1824309093
5  36 1711286720
41  20 2132372138
42  43 2078138074
14  24 1490760066
45  41 1978600273
49  48 1104563904
49  1 961850472
14  49 1566935680
44  13 1054500648
47  13 1650230870
4  40 1384120574
26  40 471796801
30  19 1691246518
38  8 1055611590
14  40 1467951146
16  37 1801666995
0  4 1062440830
32  48 10041447
34  49 1218335665
9  18 903792334
34  20 1616438235
15  47 161652476
21  13 1830223562
26  30 28519941
40  34 1977927151
23  14 1864624661
30  31 1119238205
2  38 1990550818
15  32 250649892
19  31 729573585
23  47 1517848709
25  0 77500411
39  48 948492818
47  11 892836955
41  42 1025169096
8  41 829757325
13  15 2139611762
30  11 1057520795
3  11 746123290
11  9 911395765
11  9 2028475993
49  29 718177152
37  7 1159919360
37  9 1107678441
23  27 2060367925
45  27 1890712067
14  4 841365661
21  0 1536843486
30  15 1846038562
7  12 1619001562
10  45 263130885
15  16 1463846953
25  19 1874093902
28  45 177265585
48  16 1256688635
43  8 1063211885
44  23 1710627223
20  26 2054709970
37  16 1541794
35  19 623175308
47  37 454145381
14  43 22129543
27  28 968238725
12  37 972673169
22  1 948628284
49  11 1849782598
46  25 2142368645
15  36 144716683
36  3 2108671800
7  8 1618305676
14  2 1093532693
10  20 194317598
33  43 1175201105
12  17 2097547758
18  25 645102451
41  35 1871853947
22  19 2128591632
5  19 1424891922
14  22 580841232
27  35 2120435204
42  4 1289050036
12  29 409753702
45  9 1318423221
17  3 1632807427
21  12 1597559768
6  41 60498384
29  38 258851316
15  10 1930542333
13  24 1138644313
15  32 605584296
43  3 1853712556
38  35 756718177
7  27 1433665657
42  33 442525054
6  0 1604463686
5  14 1821458846
21  30 588416196
6  22 20447220
5  0 1823450448
32  33 465543193
47  3 1437164872
42  5 143402670
28  8 660554930
43  32 1671345924
47  9 258449540
33  36 2127522947
30  41 1582586515
29  8 1411063534
15  47 32531812
37  10 511034900
31  17 2099645018
6  49 1984047787
16  36 7735547
28  45 2086489598
42  25 608836265
19  40 2006552069
32  48 577583299
26  12 1878365796
48  17 1297315327
19  36 234230060
8  37 256646935
34  48 1381366851
19  28 1836785727
27  42 1564810078
17  32 1002157494
38  25 157396970
3  16 1645363839
4  35 1483411210
36  39 1550454560
25  35 882500530
3  40 846458960
37  1 1510872311
31  22 1596633768
37  17 840892689
37  17 632744099
34  12 1500486820
1  43 1788456563
30  3 171358255
48  7 123147122
19  40 521833803
22  49 1750631778
46  14 710147611
40  13 766320870
30  18 523621460
15  1 1156735496
28  43 1937235055
35  11 588836824
2  11 2140607140
20  23 1476194019
47  19 6751419
29  7 1555475555
2  16 1847071133
39  7 323372621
23  18 580784176
41  14 806299530
1  7 2134361360
18  19 1404664373
18  34 2069267189
19  22 858147987
23  48 1382370312
18  27 1457147342
22  3 1584679791
42  19 2019998837
2  48 1279405749
42  44 1044275858
14  28 66812868
21  16 11815481
1  7 1881884912
15  35 1501017608
45  30 1387330864
11  47 1660144010
2  15 1459662396
0  28 1854944505
23  31 2002839647
10  26 1670128317
27  1 732387175
33  23 132893315
28  34 477790570
35  41 2046751237
27  36 669371740
49  12 1390812802
16  34 138159348
5  15 1169864606
46  5 1774442094
6  39 1028585341
4  49 1081415751
42  33 1001443592
37  7 1474769246
5  29 992480373
44  30 571499215
41  24 1572451731
17  14 953505675
36  26 1239773122
24  8 98866572
16  41 225648541
24  41 1277075598
29  26 1006458307
23  20 1815522147
40  49 1171463246
6  3 1380530084
24  36 628259876
19  24 342561523
3  33 235116112
28  44 140795650
29  36 1033646087
7  11 1585300602
26  44 846429561
11  42 171470291
23  1 569050934
0  11 505105077
33  49 306374026
24  42 337277701
19  29 562012928
46  12 271377540
17  44 994011036
10  16 1612498699
24  39 712567097
35  40 341481225
37  38 759172956
25  37 1605026712
34  21 137819090
10  21 641255694
9  11 1635125385
37  12 1189412237
37  21 802535430
8  34 121347946
27  22 1199881343
35  28 1779952608
6  33 1139731993
10  0 816037606
17  47 2047506089
44  40 1259040245
26  45 342607237
34  30 864355291
21  29 1957251337
46  3 2054882221
32  24 744723539
29  45 1474973614
34  39 1015672158
24  37 725323288
33  20 1857083954
43  34 1215838319
47  18 75701546
27  20 1779694369
33  48 242432423
3  46 1496342146
35  11 1017042318
13  22 382579682
26  33 1487268421
35  25 915912948
14  24 161153661
5  0 254536610
0  10 1147518800
38  11 916738489
41  11 2018056865
9  33 201453656
25  0 183869706
3  5 827488561
28  47 673839610
10  23 1397836272
26  16 376917964
9  24 346736727
10  16 630123321
45  8 390445780
36  33 983253142
43  34 1759622918
45  43 1282087832
23  13 401712785
46  13 710498454
28  41 123630386
2  21 737387352
4  40 1702265119
12  46 272635322
35  19 741833932
14  31 413475348
33  26 1452090464
7  4 1582403035
28  4 562128743
8  2 1934677310
44  16 630416153
33  42 1906951385
13  38 176111104
36  29 1285928262
3  20 1826536503
36  17 2046282594
25  18 1908074799
38  46 1343191052
40  16 254816476
6  23 2045795029
34  36 912477866
28  10 520112531
18  40 1720153568
28  27 1884813735
14  27 1918211477
12  5 1125445004
0  23 683891511
29  45 1321827364
38  19 1817064212
33  15 218846051
38  31 1678071653
39  19 514086726
34  41 1204090731
25  1 901481102
11  0 841304336
21  13 1214205858
9  49 1678889853
14  47 874290868
0  33 1624912112
14  41 1843834922
45  47 1923615689
22  18 1706582946
25  48 1064923050
49  43 1262551627
47  44 613126251
33  43 1542953459
4  34 1539881357
7  43 2072119835
1  5 589332117
4  1 1608085939
45  48 2145307058
30  26 117610908
33  0 163953329
28  19 1886301844
45  10 1120204251
46  6 1309499270
48  37 1977180324
13  39 899683929
19  42 1101994297
4  2 60296878
32  12 466397156
48  41 1781607309
20  9 1012473014
7  42 491447961
35  13 1351309752
29  37 1357350517
33  30 1822206300
32  45 19531289
3  19 1185502758
22  35 2135875191
48  14 887570862
9  25 876712529
23  8 355669829
44  14 1590369922
10  32 41777149
30  43 2103493235
16  3 1281261146
6  28 711102301
18  44 2009067830
28  8 1791982781
8  27 1176447742
36  31 1201145167
33  6 1672040505
7  17 16593419
28  26 2136148343
22  17 2056777796
20  38 1598341539
25  27 1506304001
36  13 1439748515
1  38 427429779
29  18 179717488
26  23 1098028958
32  17 1952171126
14  46 305726580
40  37 939591573
35  5 1218472023
2  36 935651580
17  14 953092803
30  39 446746642
12  39 1419836945
28  42 1519437417
30  18 152537085
26  21 175345345
46  10 1909993529
39  7 2053627305
16  43 1423953082
33  10 692630710
36  40 69089392
47  12 1541272004
32  43 1952255014
10  32 952323169
22  29 1698744116
42  34 138788584
29  45 671232720
39  3 1218334754
48  35 2004766532
7  39 50875690
34  30 1796815758
6  19 108855801
30  26 946221714
8  13 499780309
13  19 1334551917
35  15 328734471
15  3 1198824456
21  18 1777616592
15  12 34984692
3  26 1963025611
1  43 239860379
9  16 953115324
34  44 1581148764
19  34 1752412067
16  46 670210708
46  13 186917855
28  3 1489203100
31  32 1884856955
13  22 886745347
22  17 1132536527
49  43 1254100398
40  42 646521993
48  12 231263420
14  16 1763001603
39  38 1096406317
7  26 1088720888
23  27 1586168903
49  18 641986463
41  25 376624023
34  41 463970008
49  19 398673661
23  15 1694367623
37  22 584733154
22  17 1431110231
11  41 1271550003
30  38 1084468659
14  6 83937335
44  26 1018486161
34  21 1082818611
10  4 2024556892
3  36 1540322111
40  8 1858936878
3  40 292024649
28  23 721879292
13  4 1052830993
40  17 350407219
46  45 1643554059
37  7 1192780198
31  25 171997026
24  25 1418558611
0  19 2057100985
0  19 239456059
1  48 1730165192
35  13 1099330
17  22 2064283331
16  28 1041707770
14  12 1914122442
42  27 1437673389
34  21 1398236448
13  26 490548685
0  48 651908783
47  48 111470125
24  36 1448326272
2  26 1729858979
43  0 939322833
17  9 1897347510
17  28 1909590637
45  46 580753177
45  23 316242814
31  41 1268825353
14  49 1259505237
11  40 206506316
44  1 729430788
40  25 994535026
49  31 287581412
24  12 1935392737
18  22 1809072865
11  13 1241916849
26  31 1169464808
21  25 1621283620
11  12 816215095
17  37 861517334
42  19 643206695
42  12 1405741329
24  44 201535859
6  30 1329375807
33  7 485809575
34  25 2028662275
46  18 110187719
24  18 1624976453
19  45 1697200571
9  30 341874938
4  13 1435653610
18  17 1295644868
2  14 188543500
47  14 1903201085
25  48 1311740746
7  11 1759395556
37  31 1145875495
44  25 447459411
38  16 1013061275
44  12 705068755
33  23 599747269
5  38 486751836
28  44 231390244
19  34 1510156123
37  23 45407009
9  37 328346125
8  16 1408651580
45  42 1074470409
31  21 1768729879
19  47 1551444040
12  32 1493810859
2  12 46325586
22  32 1001253721
15  17 860401721
33  22 179916060
46  14 1861628998
24  43 957073593
34  4 747009723
14  40 1701135823
20  17 958349366
38  3 93466147
18  26 379580849
10  35 835866788
28  9 528805314
11  18 805591534
27  24 1840451532
18  17 1891279917
21  40 1532945582
1  34 920124403
14  17 1603428808
48  42 2063088216
8  18 1676812365
23  24 1550187390
5  10 639252830
26  28 716043141
49  30 813721193
21  36 2051678733
4  44 1267283993
36  1 1176772716
35  26 1162349307
40  26 387447169
36  35 995206406
45  16 1151180783
21  42 1696755529
20  9 1957489665
22  32 1723323810
12  1 1281602487
30  6 886234663
34  35 1298091003
38  13 1140536847
34  31 625213460
1  44 1218117708
5  24 846024419
9  18 1852352438
12  47 1431707679
16  6 1230502991
18  10 1009159022
16  27 1800901787
38  1 1953433730
16  36 914838886
24  27 1396664959
42  7 838700764
29  7 2102376744
28  2 1958408916
42  44 755633874
0  39 638277487
2  45 1487270044
45  15 1597383127
29  39 1111267780
14  0 267790610
49  30 784474931
47  39 1245917036
48  38 902870681
4  11 244720567
30  36 1323767658
10  43 1898366302
39  15 792192005
31  48 1579086995
46  34 1065076411
49  16 1439576902
46  33 1126978227
14  3 1224879738
11  27 919388856
49  47 1670781062
44  29 2012988026
8  28 402771475
43  47 1533689606
28  27 1721180370
3  4 508556667
39  6 1082168216
20  43 1824232223
39  40 1807171935
30  47 906178434
30  41 90017290
41  32 795013337
48  18 1637326675
21  38 1801619222
17  24 1820682661
29  45 1807152739
11  42 1266508795
27  13 1242880186
10  24 820373918
47  34 286010816
26  9 1900177096
42  5 1647249476
31  2 569215831
32  44 102926594
6  31 1884215318
38  18 1884709554
14  20 950156276
34  31 968972940
16  3 561797300
33  13 1291098817
41  2 1712920832
46  21 1656779586
5  6 846485352
45  8 1608572466
20  21 1598495576
36  27 1786565452
40  12 685893174
2  19 1845043577
26  44 1291866732
6  2 474558713
9  16 1657372269
34  24 1570509951
11  41 439167474
29  42 630849270
47  41 1349105334
38  11 1799618247
3  24 1579472213
15  36 2136286468
30  9 1652875425
15  49 877935695
38  36 2008583781
4  12 1084310858
27  13 1670093531
45  20 1494603855
4  34 142882850
20  0 85997312
