1250 50 38 30
30  10 1243150575
32  26 1767384605
38  28 1381140970
44  14 1096012168
11  41 798569532
3  11 707705521
10  9 64243215
15  10 2087287587
30  35 426246686
42  34 2142593634
43  18 2077946992
40  8 596642785
2  7 650683973
45  9 1896547524
24  36 928379483
5  42 1285997522
40  0 1985360160
30  24 1813907488
24  13 240213833
35  48 2064044391
46  39 252430509
43  11 1870578257
29  19 1063140724
48  5 985106440
12  29 1248740393
38  8 325021756
0  24 139563525
35  8 943845728
15  0 904352526
8  39 1109628115
47  23 398618369
29  31 504463638
3  29 1591943715
10  20 722107029
24  41 1940161373
11  1 43256288
28  5 1023158255
22  23 1252064518
25  15 1668075653
13  20 1702969318
45  4 892144592
26  21 2133214219
14  20 196694094
44  25 291141225
38  12 842047948
41  14 1284922884
35  5 373358998
32  28 1523948321
4  24 877264228
43  49 148514141
22  32 1960336464
21  7 1151830985
10  40 1531758556
25  2 1971826050
25  5 126231535
22  43 2068878539
34  40 96374603
43  39 2102363942
43  18 287687101
11  35 296746922
5  21 71238540
3  25 1822023490
14  23 892194692
42  3 1426447114
0  44 1562852325
26  4 186796740
23  43 24178726
13  44 612841548
6  16 101352839
0  13 1049555703
31  12 1774699672
41  13 127565979
16  37 1962627714
12  36 754159796
34  8 1516917478
47  39 1746245799
35  27 1636625891
40  30 759946665
20  2 787614331
32  43 1020503681
28  2 1658590853
31  2 1260468776
34  6 559729093
14  30 1086196808
12  33 436494662
36  43 1088006950
24  35 31199448
0  7 1314827354
32  49 497096287
38  46 951967132
34  6 2024293405
24  8 1508173755
36  33 1768190823
38  35 1599930372
15  0 1474947952
24  31 775371411
1  39 1225583369
42  29 1073928364
40  8 1620908671
7  34 140881263
12  16 776243602
15  25 1254705580
39  15 1378635579
1  32 187688823
31  25 196472872
42  39 2073688385
46  42 1671089324
18  9 396439479
16  48 2048648075
43  10 1686717946
37  5 736207606
8  23 1212776889
21  34 1617286057
29  14 432767349
10  5 1338438429
0  28 548028856
12  40 1902014168
42  45 365876271
40  43 1161562770
33  26 1393092824
11  20 1004289116
36  21 64214433
2  3 2120380670
41  11 754487411
10  42 621582302
19  4 1138932552
31  6 1864949189
46  48 681677905
38  7 1343933863
27  41 1155768565
8  18 591808829
15  13 2079809380
28  41 779031960
42  43 160978781
17  21 1410462876
20  39 1967502245
2  34 1394332975
29  28 799957347
31  37 1986901565
11  2 1433216170
10  0 69876189
23  41 1717116349
35  8 2060461302
24  43 2104457814
3  23 1854231930
46  36 305924901
16  24 1268448000
48  26 1658532932
5  40 1201804576
28  46 136113510
46  13 1941950058
35  41 2045754652
2  30 736533219
31  38 1097751270
34  2 142702608
3  1 1365581865
13  33 2036381239
29  40 648622917
3  45 1364179551
2  19 882596637
13  5 1444114430
2  40 654450300
12  35 1320882846
44  1 53213282
19  13 1952136456
27  41 163823459
49  31 458398905
7  43 883061671
49  47 2082816364
23  44 1333417977
14  13 1260691102
11  46 1581245742
44  13 513532991
1  15 1037101537
47  1 765163349
21  43 315881603
40  2 1119353347
34  2 182973954
6  44 257738607
37  19 439153643
48  4 575900590
8  22 867357394
2  11 463543019
37  22 773655310
14  34 1117250882
17  26 298663452
21  27 77369575
18  19 2082868295
8  5 1936307363
46  40 1952181192
2  1 365272418
1  18 1980446576
27  31 229461814
49  24 143151682
9  33 1747412205
20  6 425750185
39  15 381892891
38  3 1417974136
37  10 1270749482
22  40 1931233115
23  46 1683940158
27  10 854545051
11  16 2052541885
7  18 1135120605
33  5 439047037
44  46 590363200
1  35 955649282
13  33 117705473
22  29 77699551
20  18 1786849109
19  17 1064187216
7  6 1463359298
42  47 1335875486
46  35 796139023
1  34 2145976660
29  46 69533381
33  21 1750176066
20  5 485789876
23  44 1664510
27  5 282370947
12  30 34234360
24  32 1333825735
25  15 164676348
18  48 719131784
26  24 1346592508
17  23 1132102535
5  29 1083365490
23  13 176686249
23  14 1401420969
23  28 63315060
25  4 355826175
29  22 423526460
5  29 875523673
12  9 720227171
34  29 2135385062
0  25 1074366668
4  0 674878399
15  20 1683224121
24  6 1323705916
29  48 350885864
45  12 1075835944
1  24 1342623026
42  27 300368689
23  24 926422218
13  21 1521713554
16  7 1939784490
7  0 436616271
20  43 1447777539
6  0 1867701349
14  40 1611395686
48  16 299789218
30  22 1793134214
20  26 599012662
37  24 126719386
20  21 505485406
35  43 1031385181
38  27 603138123
2  22 1901456008
22  40 19268901
21  15 872319116
25  12 1137679205
4  7 1634297104
40  6 155293265
46  1 1570917041
17  2 1627771653
24  28 8000227
4  37 116311051
5  3 1093232766
47  24 1284670813
37  13 167860063
9  10 229891133
35  21 236594100
40  33 403802792
36  11 700856985
3  42 288709159
9  23 96577050
18  8 18623909
47  15 1413642448
27  10 377618057
24  27 1067478680
29  17 1856208052
7  32 737915329
14  39 1600249821
7  18 1546879874
42  18 331602815
5  44 812947269
16  13 1225008423
12  29 1763096433
3  1 378524449
13  14 1040650729
16  23 298297874
10  39 1374562259
10  18 277942143
27  8 140995164
26  31 1124479635
31  38 1086215028
2  49 347746256
38  21 2134186092
3  33 2065479819
21  5 1510921848
32  45 837638341
36  30 1789053328
39  8 526815788
43  38 672984594
9  48 1918524778
44  6 399550997
15  31 608454092
8  6 521765807
49  3 1265887128
3  38 2018624995
25  1 246439483
27  28 348543957
17  22 505896543
24  2 10743918
11  25 1108901033
22  42 2094265506
16  46 200900798
40  24 464936236
12  36 622682239
45  26 1396297111
15  30 1075335020
39  6 733245106
33  5 395523148
8  35 1733117624
16  10 1388475234
18  1 1491299369
9  45 1152956364
49  6 483095551
37  36 1207042013
17  28 883973134
17  27 1537598909
41  23 196620908
30  46 52244464
28  49 1042755418
20  17 1448106663
28  40 493407455
47  15 2035873941
28  8 1877351132
32  48 133597209
23  26 1314420054
26  14 1346711122
1  9 699656569
48  22 1914438279
43  45 1479980140
8  19 281248378
26  2 817934304
37  1 640424319
24  6 243815930
19  25 1055554427
11  35 1089104028
35  6 847929390
37  8 1054594484
18  26 748139039
38  33 1989799922
47  4 884246004
25  39 2010143285
17  28 371820087
35  0 2010747145
31  40 2043628960
40  38 1177331847
40  22 2005740542
34  16 110216941
20  47 559692314
20  33 314888098
19  6 238489914
5  26 969251641
40  35 1367620364
2  39 481232028
9  47 1570176215
34  5 447012522
34  28 1736176410
27  45 427760934
8  29 1466680315
36  21 2052814296
11  7 2129115079
48  45 1906557230
42  41 1208389418
12  39 620740016
9  46 2142552805
24  6 772140755
21  31 641789959
34  0 274186123
18  1 1861723459
29  5 576665497
46  18 1192858309
41  46 1575211709
14  21 1968635156
46  23 1805492676
25  10 1174203329
30  21 1409252821
25  0 276808952
44  22 144889960
4  32 1698307086
48  44 2116951461
13  31 1147480010
49  15 1480780333
45  8 302215549
15  34 1156841826
13  29 37116129
33  18 960895001
17  13 517655180
12  9 1092854663
0  21 1267282568
0  21 908277359
42  33 63208187
31  25 1618983503
18  7 1389865460
46  36 883622006
5  47 183915850
8  42 1364731493
41  39 912879758
16  26 977615580
48  30 2131442879
7  13 995428068
1  46 567779917
34  28 1896955957
22  27 339809843
22  14 430593510
34  11 756503705
29  6 1090707135
5  23 1782905193
29  16 1329290300
38  42 503020230
48  2 2010629434
33  4 1021400523
4  3 120287473
25  0 1460014124
43  49 1935684538
8  38 1218917872
38  44 974449633
15  29 1505287833
39  14 1597890370
2  6 625850380
15  49 1639123387
44  5 1444414612
44  19 2132880160
25  33 945835936
16  1 1061996610
27  15 690764150
29  34 410901715
49  10 1397580860
24  23 97074978
24  2 888695455
36  8 1412888694
27  1 1464111081
40  32 981333665
27  16 836548070
44  32 164440232
45  18 1773545262
9  19 209230870
29  40 399240034
10  40 1920877960
47  20 110561614
6  1 48646942
11  22 642395385
15  28 1900483383
46  10 256663967
29  17 2015372394
40  0 1906385810
5  7 1635727953
9  20 1046132575
34  28 803361848
49  20 547338449
4  19 683902473
49  14 727308763
28  29 1014519999
26  9 470751043
2  1 1752433647
47  12 2028924994
12  2 739008132
40  14 1717395254
2  22 1617752194
19  8 187923144
11  21 87911510
32  39 1033567075
25  45 1049436518
17  48 511089774
12  2 117462203
14  22 28236822
5  25 1961878731
24  27 1862203485
33  45 1658796585
15  2 1941061273
41  20 1403521102
44  26 1331267104
40  31 391052546
2  0 1055019548
15  33 643359888
47  15 1076996769
11  38 341514468
8  26 1471106620
5  21 813084178
26  19 5285095
22  41 1107391243
30  19 2033180654
30  15 2132991452
22  25 660708755
7  32 1180002668
35  9 1632386698
19  12 1046208134
24  31 517351586
27  16 425110232
38  8 583850815
12  37 1058036861
40  10 1469078001
24  4 910635585
28  47 1313139940
13  0 11310147
17  20 1212978825
5  35 212038713
26  17 1703411091
49  11 381921762
17  48 896700508
22  42 215628317
9  47 872532493
15  42 1268667316
10  11 1397139989
5  33 2962096
18  1 1652010584
46  31 2099462271
16  13 494781306
18  48 90794972
39  44 2045930916
23  40 1958424127
42  6 246019434
7  10 1639785981
39  43 282912743
38  48 1379153639
15  19 818105374
35  21 1307227246
20  14 364277076
0  42 1277789126
33  20 1097305303
38  14 32782789
28  41 330599304
25  35 1583084746
5  25 243834786
41  37 1199878062
17  5 439514370
27  23 1028896665
25  28 1554803459
48  23 2092778290
28  37 912353195
41  28 384736319
30  8 118342708
10  32 1596513634
5  24 1932479855
42  13 846889703
7  8 673713234
20  42 2110429595
17  37 1851204090
23  17 1280562378
40  32 718345075
45  2 1157584132
48  11 1651099048
29  44 807101568
27  39 1478041287
49  10 2020139117
48  9 422086653
15  37 237644441
10  11 371413640
20  30 289733492
30  29 694874048
29  7 1949931433
35  8 1499318723
35  40 330121385
24  1 534645642
35  0 1594219609
26  31 1215791288
23  5 2107944285
31  24 30816964
14  40 1705026186
35  20 387792782
26  17 325898378
38  49 2036065101
25  9 415772931
6  20 569820234
39  14 1201834665
23  40 851669948
8  13 1865800984
30  27 1726078736
39  48 1283279776
0  15 1506562408
26  40 695912836
48  35 383767391
23  30 2090613127
26  47 59467634
34  33 1199628428
1  27 1149919549
35  37 726085352
28  27 1449434099
45  9 87007604
15  1 666442114
40  29 261895698
44  33 1427016853
6  2 1430480754
44  42 769338772
8  38 1633747623
38  49 901705185
27  45 2141403422
47  31 1161505265
2  43 2049888213
25  20 1336956574
47  18 676763688
25  33 1597070119
37  29 871717328
13  11 448660334
36  15 1985136483
28  19 41508899
28  49 764079217
22  44 49471240
6  29 82344026
33  16 1183006694
33  26 86366816
42  32 1267169155
40  36 1589912638
42  12 465957106
38  34 414695226
42  17 2099124254
39  46 93105678
16  7 1854046858
38  43 752536416
38  21 1595742668
13  41 2064543499
45  25 261531668
24  40 2035699578
39  5 431544952
43  8 1602427076
21  16 501459181
12  7 1924115725
34  14 962932824
39  48 1657239988
26  7 259068498
1  31 100784804
4  2 522686484
6  47 1894671430
39  42 1388300387
7  45 1911820394
3  0 863411584
43  6 917705824
35  18 1386998166
11  22 207513641
6  17 531939761
16  44 1634206379
8  38 600611432
38  16 1410299347
1  45 139685000
12  30 504661233
33  48 2009859208
37  27 1307329826
44  31 227055620
33  5 2054214470
31  14 1236418020
27  37 1781051439
48  36 353673780
21  25 313819675
21  39 1149158338
48  31 1047832355
16  15 595550942
45  27 702164244
26  1 1235250881
40  32 1202895790
46  49 71442262
38  28 752594169
42  45 722873346
16  10 1418067962
4  35 777684127
41  8 857964845
20  44 289894116
33  3 992725174
33  9 1698450406
41  22 889052621
34  3 1510510753
11  28 604919521
26  35 1093410719
15  42 313312185
15  23 223344375
39  7 464904840
47  17 409419421
30  4 808140613
21  40 255859947
15  18 834594989
3  17 1682917247
27  37 460509983
44  19 917387109
25  21 700665780
24  38 2087341720
14  29 1146523653
39  13 56440038
11  26 1501074023
31  25 106624818
17  23 68789356
44  16 1742039231
22  18 1739564808
37  34 191466400
14  13 1928008491
9  31 1268117291
19  17 1440352443
12  32 1012478426
48  0 1725650949
12  46 625025506
30  24 878710110
24  35 1612944154
2  7 508659866
1  10 683520828
37  49 377313066
3  24 466993596
12  17 1741158523
10  32 1230697808
15  41 907689570
17  40 514669447
15  18 1793743774
0  17 480863029
2  47 2146774860
28  47 1681242986
32  27 633888752
24  14 954731211
23  40 1217633028
27  6 2000927742
37  15 1096557741
2  45 1614509722
37  3 1123047482
28  36 132861203
23  25 1128052814
49  42 555231367
19  6 994327417
12  20 2121253871
39  32 1058681728
38  18 290555749
30  22 1632788319
22  21 1591307074
12  40 1150098528
43  32 1187755861
1  29 189106588
18  14 112761110
30  5 1418238869
8  40 1574792207
4  27 823095018
48  36 743070188
38  26 1306821298
12  38 1881161259
14  10 481975430
22  13 1131540918
47  29 1411421493
21  43 913433836
28  29 1411719708
19  12 1870894521
25  30 839544155
12  37 720115486
14  40 493147128
31  34 441174213
19  17 1328030870
49  19 1026729346
49  30 107974998
15  19 1376810951
6  20 1704668421
8  10 699519318
45  25 1928102874
23  13 777485132
15  20 1413299609
27  37 1709922382
42  46 84654184
9  37 892186317
16  37 790256815
36  29 2119063642
49  11 1387206053
36  39 899503337
32  28 1834347183
45  44 1378227966
44  43 670734262
13  31 654367443
21  10 1393369861
40  5 528158744
42  39 441316016
26  5 2103867116
23  33 704017177
6  31 356376313
13  44 1318303068
7  17 1259286089
10  11 781681692
0  35 1188897155
10  1 1893496905
27  19 146593893
1  39 1346185586
24  43 1987431703
5  38 1494407157
39  9 1373754060
49  46 664760176
28  17 15874633
23  7 634684966
2  23 1774783693
28  5 807543124
30  29 570900517
14  38 749560558
28  32 225697825
17  14 831892947
7  26 1736018926
44  33 2008026229
35  26 1120007185
45  36 1321824471
5  1 1154012665
20  15 881228811
0  20 468353781
4  9 531306942
18  46 745597581
41  39 906521860
45  40 1760138742
42  16 1690818390
27  26 1356228775
37  25 767234523
46  26 719037475
28  29 795981911
46  19 798892379
44  36 1925341849
41  10 1453310964
10  18 1859298684
1  7 1485749276
46  39 130722379
42  45 1390905888
45  46 144549255
3  37 595193616
12  32 1729838896
22  1 1276621685
41  6 1788685615
39  26 2134713033
22  43 1534297464
35  17 1247267613
12  13 79113600
13  16 588157144
13  31 1780654395
23  45 1964587138
43  22 2018417180
43  18 573117547
33  2 326591146
39  4 459483550
43  21 1541172406
3  15 1676472865
37  8 1098333718
5  14 1635393598
48  7 1491308294
16  38 277328537
23  32 665700610
5  34 1808973337
12  23 366548792
46  26 1594695431
26  34 790814395
16  36 387427772
19  21 1721448114
45  24 200659411
15  17 184082999
9  4 558104023
16  10 1299562435
19  48 2053077295
6  4 1845785393
16  23 1791744187
9  18 1441009336
20  41 1708311368
43  25 192118486
19  40 2094735937
27  42 2081574052
34  48 492648330
7  12 175945038
32  13 772818285
46  0 1407951249
15  27 1253794413
5  24 1840955146
39  42 1173597349
3  19 1452931466
36  27 1278015837
48  8 1169295018
1  23 1066740065
40  18 661296212
9  46 1502373536
44  15 650825497
44  31 96193256
18  12 668609359
14  7 147279051
2  29 1943602874
2  14 1024031210
35  47 1656907880
34  46 591073352
46  44 1514728164
2  20 58605386
7  2 615508875
11  15 855798506
6  3 16116550
21  13 812602797
24  26 1965734417
39  29 1911014656
14  23 1683716299
13  5 1214095257
5  35 690081873
26  28 645439800
15  24 1876195186
11  13 1736399472
19  25 889232602
29  13 1360928782
25  45 1767051832
32  16 30330021
36  35 348112135
34  23 1927215276
11  4 746460552
15  4 1556574381
4  39 1910792260
21  44 876865325
31  49 1082161121
29  32 1201529365
2  27 137110482
26  17 420763008
9  35 97350943
20  36 582449139
26  16 1519541156
26  23 663611382
17  28 1328906831
28  12 647790063
11  10 1904027916
34  11 1727360911
0  26 1723651237
12  31 221035628
7  45 865128450
40  37 1320559869
23  25 90206765
16  24 1684024358
4  26 565739417
13  43 1763276500
18  23 1627233102
20  49 1504860508
30  33 169784610
13  37 1464736673
20  30 515380901
23  37 2003687675
0  6 2020158061
38  6 179091745
39  33 1360808832
7  36 551722733
15  44 2142399687
17  0 923241263
44  15 2094081934
28  42 1872429013
23  41 701819379
14  49 1560246333
4  28 1175545987
9  30 557919248
39  32 1325714253
25  28 294609155
8  21 2145784633
18  43 1060534565
16  30 1604482957
16  5 552960459
22  1 538455347
30  40 1609164538
40  39 406475057
32  38 1961701783
40  5 1807036198
4  22 385143681
9  45 196276435
40  5 1996034677
11  1 932562736
15  35 1156679197
19  43 1884977387
29  21 1998187854
40  31 1304666061
43  36 569105539
12  45 2032027043
14  45 666944400
1  2 1666965434
9  47 1709693533
6  46 426193612
6  23 1674564857
34  17 1425142748
36  27 1166501601
40  11 1078321450
10  43 685231344
30  28 1475231601
16  11 655829374
39  5 2065446384
18  26 1712841033
17  18 1718648885
3  4 1647540319
5  10 514334685
42  18 2128439906
17  5 73061496
1  6 804446772
41  17 743026221
32  22 2117976405
29  6 993580638
2  34 1911434658
9  38 1224007078
31  42 2097073866
48  14 1540812633
48  26 1169168647
4  0 1519679559
4  48 719857291
25  46 2096594581
24  31 1642359713
13  1 802363407
47  39 387832169
21  24 991020480
37  28 1642279850
34  42 992726247
9  32 423613843
29  47 538944046
23  7 917606930
22  26 426363848
21  47 925815886
14  1 679051831
9  26 289949736
49  16 1580793029
18  30 371015112
33  3 1518682065
10  36 392669900
14  38 854713649
19  25 376624494
2  18 1158873582
19  32 1454768209
1  45 1383336230
24  22 1833101974
4  33 1850093792
36  25 465649243
42  24 1842168010
11  38 91299352
18  37 1622850019
41  15 762492827
31  10 1901957916
35  11 453628053
28  5 997053409
49  36 126121454
1  20 459220538
34  21 15798741
27  37 92922590
12  17 942920921
40  48 1863329244
42  9 294245414
0  19 1013754137
14  23 513299580
33  47 928188059
31  19 1238882955
25  15 2101729032
30  24 346572642
11  27 82268232
9  1 1249663680
10  20 1700623096
22  26 316195438
31  9 1551201175
20  28 729760979
33  48 1594800451
5  16 1288202261
26  16 2070020070
12  37 2115568227
47  15 1715430945
7  15 1956941882
21  24 2035580277
10  2 1836768008
14  47 333316788
31  21 703971550
46  27 157157381
24  19 2092918458
0  18 245137226
37  16 1797423235
0  21 326033074
43  22 1408652794
2  10 941000766
21  40 1723895403
0  1 1014087092
16  0 43454721
28  1 2038088230
37  19 1939567248
28  20 1725327933
38  12 1041513280
18  45 519617479
0  27 37868376
5  46 1748964836
22  20 1304414075
30  27 1780730932
16  13 925197922
18  0 1342249677
29  38 1288777574
47  30 498738080
30  1 883419679
27  24 1647604893
14  4 423078331
9  43 1250579678
45  13 1329262999
12  41 369906768
12  40 1161629589
23  31 953758042
20  2 1126159236
19  21 1703599300
42  46 147954235
24  18 427609281
0  17 335428318
4  20 791623744
39  35 1005474075
47  41 770924425
4  27 358219042
1  8 697860615
27  22 2082502036
41  4 949917138
19  2 936750209
36  28 838700652
36  28 1471786026
38  45 502272563
39  22 544190265
18  35 1397399903
2  5 2023192990
21  36 487519650
49  38 549027815
27  16 599782297
43  18 17002331
7  13 215458384
35  21 300658036
6  36 1243732442
8  6 1322736801
8  3 1852439106
29  2 910282675
24  4 1446667380
13  26 2069479269
30  42 1146038172
14  23 299676178
2  22 891052143
12  18 1766775475
39  7 1680100837
15  26 1142361868
38  17 1624236420
46  38 1232997149
42  18 1161334055
25  1 1548317967
24  20 1027839355
4  0 1904813919
27  8 1945794551
19  35 1126326908
7  5 523005339
13  17 1743512679
32  29 1444600389
42  31 666215906
18  6 881349575
45  37 207366815
31  39 1968072862
33  14 2109471777
25  15 1853235207
36  22 1718024896
16  37 630339473
38  37 2060814193
43  45 1772268889
26  43 1384839543
17  46 724064073
8  31 1431696288
46  41 2086692244
5  47 1694305444
1  37 1932973503
0  43 1567644251
27  46 1738123918
28  47 1873065573
33  5 787252834
6  13 1125190929
6  21 1997844964
5  33 1563684039
47  1 345206733
41  25 346055225
3  48 1584215017
4  37 885339125
42  45 1762097862
22  42 1243929691
4  47 2116041226
29  1 1339479131
11  2 1704423713
40  31 2058921910
28  46 1001158927
36  17 1459786001
33  15 1919486731
44  39 1519373416
9  36 315516932
16  30 371341943
37  34 706095500
21  41 2063075461
35  39 1107035461
18  44 1903621211
28  37 122446679
19  16 981120994
42  17 727003748
2  20 1165817494
27  10 1358721446
0  32 1132549826
49  0 562728591
5  9 794245977
29  34 796520806
12  0 943708500
7  42 1217248505
40  30 976401444
6  37 520596138
2  46 260398755
1  44 616863363
15  21 1911339686
27  17 906121227
49  25 529640217
40  29 554518486
34  6 660921540
6  15 1753399767
34  4 1013589311
20  44 342596489
45  2 1814673429
16  5 836992105
47  8 944114703
6  13 448391876
35  49 733367828
41  19 986502666
14  48 253648407
46  25 1159417851
43  28 718833212
17  22 1580945962
22  47 1980071360
42  17 341543390
15  43 1815795908
33  49 764871570
40  17 825765691
49  45 1411771038
46  48 159718697
13  22 1565048815
35  47 1647883501
27  43 1414876227
37  9 1109748847
45  41 1333255418
43  30 1707154708
16  34 316486321
5  15 1919607172
31  43 127606360
23  15 636733092
17  12 1991411913
7  11 1476767249
7  35 1541754166
34  35 1192559750
15  39 190172859
23  0 1598416427
11  47 1655677374
40  47 1130359332
48  42 179217466
23  10 1733508384
1  17 1174239997
36  16 253119641
30  42 630329366
7  39 1990573014
43  26 1584563901
6  15 1984333550
38  35 2138969714
26  29 322176591
20  17 1676763094
4  14 318522319
42  35 1987484929
43  32 1050674963
18  25 1152115428
