1250 50 11 13
43  39 1654199427
41  27 1885004377
40  24 1964692214
36  18 647553784
3  44 1471254920
26  27 1602231224
27  29 1989249029
21  34 1649913647
35  34 865949024
5  4 1121806389
36  26 1923663129
25  40 1027662388
16  8 1741118611
6  17 1270606890
4  25 502031880
10  21 937276922
17  24 640814191
39  33 1307428580
37  20 728575084
21  19 565147174
5  17 1801750709
28  12 1996170572
36  12 1963353857
13  30 1497851636
33  21 892816296
40  8 1474952222
49  15 256895710
23  45 1507805863
16  35 9875237
35  46 212892224
41  39 1855042155
27  39 2075049374
47  25 450095970
5  38 2098829605
26  45 682636082
45  4 927615819
26  47 372566394
0  22 1220957469
42  27 904321448
10  5 699393742
1  7 1786167254
25  1 109874907
15  36 1929545343
24  12 1352268496
24  40 1005996950
0  28 1317413484
31  30 610123593
33  49 1582280045
44  9 2102125780
18  14 212625922
9  14 512995033
41  34 1542169311
19  46 1803550172
9  10 535403167
25  35 1011232497
27  2 1737038146
39  23 631968811
6  26 764800728
0  23 1220924043
2  22 1823275968
30  36 1620284355
3  43 1238572299
26  16 30001903
6  13 194247599
15  24 322332541
3  23 916199889
5  13 1655049914
46  19 1765095593
19  23 1610204137
37  49 1183628636
46  44 750194382
21  26 71621893
10  14 1948271476
37  25 337487141
33  37 1942047935
29  45 884746390
39  38 1754951724
23  18 1446723003
8  24 1074841609
40  14 1731387451
36  35 444984331
0  46 1796212870
15  22 1359578563
20  3 908209282
40  45 1018616012
6  27 1192836294
31  32 606173565
25  28 386614793
26  32 851808945
28  36 253679799
34  26 2064151548
42  7 1080184575
11  21 1676641492
38  35 761970318
27  26 442554226
45  47 1578421592
6  39 1131241574
26  29 173265264
14  12 471170916
23  47 306228491
22  19 595321165
30  15 1094446269
16  32 226026453
16  14 812326236
33  46 1118608720
49  23 100899782
31  11 1352384491
46  5 299847
31  49 2009672522
48  44 1102237032
7  9 1866880277
2  15 394502926
34  14 2065048640
22  34 543043869
21  25 1311025177
0  29 545319877
6  37 1846130584
29  22 1391449300
11  35 537918463
33  18 487198950
15  18 1916742820
6  30 1957055120
10  33 1253634463
46  36 1453703281
10  3 317360070
24  18 1308960604
46  6 19140036
11  8 1375381616
27  32 904599051
38  35 1368008833
37  5 992905933
14  42 1650422298
11  0 245434946
8  3 1797749562
43  1 1237664878
4  27 1929514882
10  7 1626735976
22  0 1810902155
12  21 546971283
26  4 657556055
13  20 1929100289
39  34 329802102
5  44 1861450900
41  25 1109818633
1  40 2140500721
46  47 1611381738
45  27 1325161388
24  11 279463738
2  13 27397260
24  22 196381747
23  21 2007604241
19  33 1653495397
5  46 1859462570
45  34 2117257305
1  39 1517629235
21  49 1303462682
48  41 635347721
40  31 951763970
27  49 675625437
24  1 998777016
30  33 1563198178
37  25 729335529
37  32 587931704
31  29 1169138000
2  3 286606405
10  45 1320790453
24  5 2141793359
16  42 500236274
0  11 1683623613
44  35 747262152
12  15 1843543202
6  15 576409771
40  45 1157630481
20  0 358952110
17  6 1916271335
14  22 1733098357
21  10 462845225
10  13 533120392
4  11 2011820840
22  23 731872963
22  29 737250594
35  5 588019318
29  1 979515730
44  24 931397003
13  5 226680850
25  40 1205090300
14  20 294680255
38  26 713718168
17  44 2058931619
7  24 1159416405
10  42 1065791315
15  28 1820032937
15  34 1029979771
45  22 250098749
22  21 212965307
32  17 1623390516
19  32 1543235978
42  31 1332882502
13  33 1099719186
16  20 690365162
13  49 1463579088
29  37 946957216
4  18 1836314912
12  24 1268361390
11  4 605205544
7  27 869323966
25  22 864179893
45  5 1011000859
4  27 1413366053
28  5 1512007763
28  17 664211882
3  48 1521102909
24  27 128397479
31  27 38288123
49  12 1843175870
18  14 484841299
5  3 70302400
22  36 1971300003
2  44 158448901
32  20 1591088821
0  28 1237210121
43  29 138515816
37  28 735905820
23  3 18559123
24  20 1913977556
38  34 1564398382
29  6 793045940
10  21 377057274
48  23 1201102394
39  29 592017787
13  24 355857419
34  25 1157085353
42  31 940263114
25  0 860210087
6  47 187338104
17  11 1415552218
22  45 1697357685
6  23 2091760537
10  1 2080886367
30  28 1272723452
24  29 1527975600
10  42 1831238477
30  10 1070182215
26  27 382023776
11  26 421243223
44  27 167168195
19  0 225112110
31  21 1654273444
0  4 224731206
29  11 1644925592
6  45 935396623
16  27 1053454988
4  49 663832397
36  4 1612954309
18  28 650499989
21  30 832887002
26  24 1651387609
12  4 738769130
4  17 1467669426
49  39 855558851
3  24 109642281
22  43 562138737
47  16 7080456
10  43 1984610850
22  29 1375371289
39  11 1383410443
4  42 1701222186
45  38 592399474
4  18 1284593926
4  17 1050637487
11  31 1737004230
26  47 1723999634
44  22 199042731
41  0 1169209397
15  18 300111167
19  47 1938656165
48  4 107989934
12  26 2064760667
44  4 384293307
8  1 838593402
4  39 1888301283
25  27 229853413
19  17 858987450
5  20 921389954
48  16 1718907226
9  17 209598921
47  7 1555520657
5  0 846311638
14  22 1529182235
2  28 501400397
0  14 1429990045
5  17 140060834
43  38 2092272918
23  40 916688186
25  49 1284815932
46  47 1782243135
21  39 1638806197
43  42 1538981534
13  18 1551810607
19  42 899843146
48  25 802743351
8  22 1594019732
43  36 1091298013
8  29 275999164
25  8 418313324
12  44 402641096
29  17 1525005854
26  14 1615759539
41  46 414554594
26  31 754181312
23  42 1617982699
26  11 2083299747
49  20 1861465054
30  38 234630079
37  13 2020723692
29  19 839651238
35  41 1930381852
29  13 1701277240
4  29 1408151111
37  24 362570911
1  34 1670700814
23  43 107854518
38  11 585880626
28  17 1632076415
44  43 252165449
22  29 263825912
40  14 430246268
17  6 805861690
45  11 2018762064
16  6 1460571129
25  20 2048607184
6  30 1332216638
6  34 1837453143
19  1 2104032539
44  1 1951111868
5  11 634640257
1  5 1971233739
12  36 976828164
47  35 548934373
7  49 2043062255
22  16 2024916531
1  48 2009279270
29  22 1368823002
48  42 4832245
3  27 1216523501
14  28 1665926211
43  40 1030879530
26  21 261161210
10  1 1168016252
13  29 1217288088
16  32 61135749
43  28 1468698091
43  7 1601898356
14  9 623177285
42  46 1572537084
6  11 162868868
10  33 476641628
44  48 1602984121
23  15 1210466965
42  41 612459115
23  35 1740604877
38  25 1361655804
0  39 864283903
47  48 565882092
26  36 373219084
3  29 382817551
11  0 454233692
2  1 1892242940
13  26 1133388576
33  40 1064452566
35  13 1066033934
27  25 1881881818
24  44 1787858921
48  8 1278018427
45  15 460727326
36  16 1979204057
25  45 1395647988
22  41 318146017
43  10 358817658
28  38 1611577391
27  43 1980507959
34  19 1142495358
46  9 875110352
17  29 953683968
46  4 1661512698
17  34 1426596042
48  7 548714650
32  24 1593339612
15  26 636640133
29  24 339112171
1  45 1489659527
12  41 1429483857
9  32 331647646
41  49 161286484
30  22 924091076
45  38 244505866
4  16 624124720
20  23 868410814
14  28 1651993444
12  19 429033888
38  28 229128953
26  16 1777247833
2  1 1512253629
12  17 268199960
40  48 1360953681
28  7 429007456
39  8 1828765277
49  7 415331588
41  7 1836184823
30  10 1474393363
0  32 1135168713
17  34 704768520
28  24 201284326
23  28 379704132
49  16 1284947363
44  7 1992593168
17  15 1841134720
13  17 66796652
13  33 1593201882
37  4 1365631593
15  45 1379496962
14  35 1347215345
38  14 484065647
27  36 1316946969
5  49 1717459949
2  6 1710911645
43  4 138521756
29  32 48245335
3  18 397222641
9  31 1613312503
4  19 560379684
44  49 1517038707
14  26 658520578
14  49 2058444351
20  27 920273450
27  0 1266301165
29  12 923411967
49  11 340349742
8  37 1013443522
12  19 368483439
41  32 1351593600
38  10 1181236246
5  24 49180945
45  1 2101952509
36  35 748626245
1  29 39519525
27  0 1367779214
38  49 1824803301
32  40 1485901557
18  39 1172382058
13  20 1694908431
35  32 1283363023
0  25 1057862695
37  20 1607554571
33  27 363327589
30  45 2146161612
24  19 1534646288
21  4 499047039
27  3 11850596
42  30 893199591
27  15 811739976
14  45 2070438073
29  13 41823025
32  29 1245063595
37  23 2109944812
49  23 1704520675
26  25 8667913
27  25 120569232
32  48 1552222545
29  46 1195998393
7  44 577203505
7  14 717102289
33  38 1163015572
34  2 1016595925
4  37 1378376687
14  26 1215095709
40  4 544329405
22  5 2124173806
27  1 1513218228
7  6 607043018
0  39 2126936462
38  29 1825361228
24  3 282950312
29  7 1301815074
30  7 1459732275
8  6 751896135
2  49 320350893
21  41 326192402
23  5 751726235
32  45 1764068404
1  41 974438259
4  43 1346683192
16  31 1353186106
5  22 79988042
46  26 1652309887
30  10 595357090
4  27 364316716
1  7 897392569
35  14 563048146
13  44 2062277841
38  23 1104608000
18  40 1782976154
33  38 1523644102
5  43 1332653782
28  21 1670521207
10  32 1104591923
16  8 1647122120
49  14 78749280
16  20 1961787142
11  31 886628586
0  3 365165172
7  22 1763473447
40  17 1112491071
43  41 1583271899
29  26 1775346548
44  7 347960569
48  21 888105920
31  47 1767454010
36  3 253413676
40  8 911419278
15  40 636150951
31  36 1317258159
7  8 2111454902
32  48 487145951
14  24 1878264972
35  1 923102669
5  37 1697060634
9  26 1660778797
2  43 2027009069
37  47 2102535167
33  1 566530096
19  17 732152536
35  15 640262197
14  10 1736828282
12  24 528329838
10  46 1255973976
36  22 390633132
13  46 1243287566
5  21 88096074
40  25 1728981822
7  22 579443857
43  26 1706329516
16  1 509190272
38  6 2037807146
21  35 1144089438
39  33 1481323408
39  12 20780828
26  18 1777649543
30  37 1664457788
45  16 1324464114
16  15 1907323316
45  42 141581263
29  32 720856006
0  34 15322534
16  36 117083127
11  46 2106847853
27  30 706308303
0  43 1751862878
2  7 714517911
46  6 1954655402
13  6 681512392
20  34 1164465287
26  9 728231419
12  43 1622598526
49  41 1995188590
11  21 1059516181
44  15 2036244702
3  41 1305768747
3  21 310376166
29  31 1727736846
47  38 1131394087
40  8 1476601284
31  16 1709843254
8  47 437438043
34  36 2036740799
6  16 619174748
20  31 246417675
23  36 1077886319
19  20 58123518
20  43 2010038748
12  4 1092151933
4  31 740424219
26  33 887034950
0  7 1237128819
17  5 1298550766
7  11 762683029
44  27 461209946
32  40 304112927
14  45 1245609761
31  0 2017919692
7  3 485870753
46  4 1206937266
9  41 1372987887
22  47 668494726
3  17 290449971
32  2 1182127009
27  44 1297400307
46  37 1204393694
28  2 2034660358
29  26 925343816
7  34 1264749715
39  48 1846460342
14  16 1793277708
10  2 845551936
39  3 1396733821
19  24 1047462125
1  40 864748746
19  43 172168071
45  42 69208073
42  1 1882724484
20  29 1348625911
2  18 1587782650
10  39 326903745
2  30 430871152
12  13 667573834
24  8 467790119
26  25 1225702249
31  16 2129116522
13  21 32118078
46  41 308206306
19  18 494739888
37  45 555256454
22  44 1340011901
32  27 877100968
16  20 621187083
31  18 681652503
42  2 82077117
48  1 1636186420
13  42 966900979
1  37 1931511417
9  49 1687737881
33  13 82587695
43  18 1859546016
2  36 103166774
43  4 803231814
34  16 509110328
3  15 1557316370
46  9 16958140
2  42 2097684381
47  21 537236614
3  20 1559283210
35  21 1269626692
46  45 803954923
2  29 244967089
7  12 1137408478
23  37 308107297
47  39 1440414522
21  16 179181905
48  23 475932532
41  17 734610999
30  9 1012238724
7  43 701017724
33  40 1119210610
39  12 1836152674
29  4 1687461590
42  12 1054130791
9  12 745888824
0  38 1768849335
32  11 1135295605
31  42 1278953237
5  31 2009751909
35  9 929937616
45  17 126145051
31  47 1115034431
31  36 385277044
15  30 1726061582
2  30 943851339
46  5 846311098
14  19 674976785
38  48 1142040887
48  10 1657280319
8  49 618299682
42  18 73416795
7  41 521781052
29  46 1890187807
7  4 932200413
11  36 2009912421
29  0 1867936723
29  35 1120353429
25  13 312460978
1  22 484270257
10  43 47752227
22  49 515242169
11  26 1396732293
30  12 232401297
43  48 2094633010
48  9 183625179
31  22 398930567
27  33 351062394
28  35 1838596309
7  15 868468912
36  3 870379877
30  4 486349968
1  28 561870058
24  19 395337351
32  37 506749591
42  47 1930734107
4  28 447001837
46  34 1483203955
22  38 411603280
21  27 855885699
20  4 1603219454
1  39 135490918
43  1 485364758
2  30 315715662
22  19 43089325
34  17 1205449674
42  19 737059955
9  36 1119824228
36  49 2044797964
24  45 1905112743
4  29 1338163668
38  10 1829527074
12  9 532805073
10  8 966706321
34  49 804717782
15  33 720584049
42  16 1892025355
9  35 990809090
4  42 92977618
26  45 1403479360
49  31 2046431147
44  37 1128523585
41  24 477021655
30  45 1334041394
49  37 375054556
0  41 1531630120
18  25 2125774114
39  48 288957873
13  35 1229984858
29  1 1072183567
30  41 1984328854
16  28 2264375
32  20 1618395169
27  8 2061305050
22  13 1513089974
37  31 519970403
29  27 1490766893
46  0 1325101187
48  1 1063485144
43  2 354766616
3  28 1582482532
6  39 2121387725
29  43 1162301378
35  26 1058713172
35  18 117818284
14  33 1164298075
26  16 1405298427
40  8 1447224019
0  49 1923275215
2  41 1073494152
5  23 498368194
13  33 682378667
49  33 2116815752
3  39 1165794858
44  22 1870919162
16  32 1901606705
18  7 1182583309
21  15 1842286973
17  15 1574175631
28  14 1513064814
6  12 1940394955
16  30 1068748393
32  23 1325132777
15  18 992344556
43  22 1063021589
23  9 159797590
34  49 222312960
47  48 1030375237
0  24 1077189404
24  3 645834962
49  24 1411877563
7  2 324876790
19  33 1918797991
48  3 1945529755
41  30 2047698877
0  11 42220600
42  0 2090540603
22  11 1331316988
25  21 1024451511
9  48 1339899815
35  16 1135878952
16  9 306448059
30  18 1769248137
49  31 1759352492
23  21 703349486
36  32 240391689
36  25 1998097160
27  35 1995174148
40  25 1242584371
37  45 1832301726
24  15 1228090889
47  46 1236429222
30  26 2103966913
15  46 1003501666
0  18 1755079458
25  10 187853280
18  39 1989102127
17  45 1075882939
30  7 1895041563
18  19 1388175925
14  44 264803175
43  16 2015588873
35  7 199575649
1  24 1538697456
34  12 2141527044
4  30 871175653
37  36 2041384886
29  49 1240793784
43  45 2078601535
24  14 1075685865
16  19 1129445856
47  4 771073257
36  7 66681350
27  20 847629160
0  1 348008743
33  32 1108314617
12  43 318473698
4  41 640344046
27  0 1506959914
32  7 1752899455
29  43 257590081
30  40 590124626
10  31 906933814
32  42 768318458
0  13 644778178
25  42 1419662897
23  38 659786931
23  8 1838591180
49  10 1468453697
21  9 1579422371
11  35 1832212812
4  8 386733393
18  10 226256463
27  1 1804734480
16  49 286542894
28  38 18131935
42  17 1698667621
40  17 423788399
25  33 1462157049
11  45 1558973652
37  23 836399283
44  41 1149942960
18  13 1883301094
1  6 1224856560
26  39 105187499
7  47 1042958423
10  34 801490153
39  15 1487307547
45  7 1781177813
48  10 1162183621
10  29 234883582
12  45 1365456414
40  19 1633389570
14  16 566642381
12  21 1827819192
12  37 400497617
3  48 955482549
43  10 261748495
21  5 980572053
24  27 589921546
43  37 565180202
18  8 943578602
21  44 1928829435
45  19 245505375
15  28 1395964306
40  15 594825713
26  28 2077005306
26  9 794353305
45  6 201131186
41  34 837930669
4  30 1164863246
46  19 960389120
25  20 885916406
11  36 960115599
5  49 1429150798
24  49 1006900853
11  19 940033915
24  5 1774701077
49  17 211454494
13  0 469812306
37  35 831312576
23  48 120439525
15  4 848059827
7  23 370290429
8  47 206544361
30  16 905099365
17  1 1423784141
32  3 725519623
35  8 793927975
43  9 902659369
28  33 1206914971
31  3 20468644
46  4 1193334608
34  26 1580794862
49  4 1349596692
18  43 1825022019
42  49 846168061
14  49 578594041
30  12 1067897192
41  35 1779981867
33  46 1677654866
44  40 1609322838
20  1 1565009480
23  39 245836143
48  30 1349301432
22  5 2139157311
16  11 1092159915
32  18 1471316532
11  8 1804459029
43  31 36282993
38  41 513387702
15  8 2010547559
11  42 717184829
30  40 436679688
23  48 1970672850
28  36 1894375051
0  26 295495365
39  4 353374136
41  28 200619497
27  3 2050427321
23  37 1775530090
17  11 2038972380
26  34 554942766
45  29 1958608286
19  13 1543628653
36  20 1174293353
5  13 1572724235
7  1 2128150805
32  3 558850420
23  44 1838725184
23  4 1636083431
17  12 1707093718
7  37 510130792
37  17 1708238632
15  36 1825742865
2  38 606397736
6  8 326227180
27  4 260589475
5  31 51442864
39  19 880249394
46  49 1127919788
38  33 1577960158
7  26 448104947
31  40 2011630271
19  35 1903803880
38  9 622661256
32  4 600588839
0  14 1883727511
10  0 2037975828
39  35 513666676
28  7 644340497
37  25 20624442
9  38 1075597264
34  3 384578497
47  20 664813512
7  30 580636841
39  27 1269378790
25  44 2064357219
31  28 751931665
45  32 856857667
48  44 924628554
31  34 1611363887
11  26 420505233
0  28 541848462
18  4 710408666
12  17 268670145
39  2 808610091
0  39 1392301103
30  0 1203289698
0  39 1437266834
15  42 1013572890
44  45 659028503
0  1 1811964024
33  28 1300927061
35  33 569432135
49  1 793348124
48  29 1470991350
18  0 757148880
27  15 1324714817
1  15 7244489
1  13 222858691
47  30 1238219188
17  21 1039675238
49  6 2000316226
41  38 1100774530
31  42 1148912085
15  38 1234787413
44  9 470657858
37  42 937366451
1  45 597017189
11  22 349565987
9  8 712528157
27  22 77514240
38  27 1695172083
1  39 919664711
4  47 901090705
34  7 234355862
12  9 1162068604
16  38 1874588057
35  16 641135208
45  8 610941993
12  38 337002684
5  2 476567282
8  27 877252788
7  5 239857515
14  16 793699163
20  29 1729312683
19  31 1133543853
44  19 459672584
26  11 1265872477
34  40 2085009072
39  43 2034946268
0  13 298488772
6  43 1377918811
41  36 1342819220
33  16 1468555591
10  31 2100684753
20  28 404291400
8  49 1100081016
7  1 1084307807
17  18 534588066
49  46 1167683194
29  49 767609827
36  39 58657748
14  19 1955541891
44  7 1066897825
30  18 203029151
11  10 847266082
46  7 1017184732
14  1 894650900
0  49 716988868
24  2 598410226
18  40 95807872
28  49 1507914242
41  13 168524165
1  27 958584654
32  33 1791200904
30  48 697297548
7  30 1126539862
19  32 5089819
7  27 1126554147
8  28 991342384
48  30 1368857833
48  29 1402287837
18  10 1332212971
21  37 1089616579
14  11 1992941512
27  7 1596505795
9  15 1564950354
22  21 1533985840
3  48 2077161506
38  6 1542449124
22  6 1100617386
30  34 544275947
22  6 1553474037
2  45 1662220251
22  36 716950883
33  16 1754914931
31  34 2008231166
12  40 629736089
20  42 1016208018
48  17 2136596164
17  31 947068373
28  37 929289994
5  2 1277386373
11  17 367468314
6  18 907698064
1  47 861234263
42  23 75142991
13  30 1363543278
5  3 1555682904
12  8 186134082
18  9 800216936
23  34 1712112198
4  17 1241704981
33  26 1659645564
36  12 611658061
13  35 983946153
20  29 1646574491
30  24 1954779428
39  40 1023740245
21  31 54666548
0  27 1753810302
30  12 1915514285
11  34 475971186
41  46 1755661221
8  37 400697242
26  20 1202216076
34  21 503356519
42  19 1498022905
32  37 717148714
40  45 497927430
35  45 591727797
42  29 455990995
20  19 262039158
22  8 956415199
29  18 707146376
15  46 182076113
3  11 1798247032
41  7 247698769
44  23 1782820539
40  42 1677948753
0  28 1367999459
21  40 1860802874
21  48 1753954180
29  48 2014655578
20  28 758531458
42  10 485005529
23  26 1277153504
44  49 151771228
6  32 1913593042
13  9 1952544439
22  46 149375027
3  20 345997669
29  17 1670094525
23  9 969949189
26  47 1707454917
45  39 433519017
35  3 1679283455
12  38 1950836491
16  32 1386648085
9  23 547357559
26  24 63433944
0  14 751316902
47  15 902602647
29  30 186555549
3  20 1277796116
49  5 469133576
19  0 1433556080
2  38 1858272854
30  47 540657950
48  40 1916050632
34  38 27926346
28  14 1068744870
13  44 21029865
12  45 1345198999
22  3 172700816
44  13 1026632192
47  42 2011031382
8  15 1621937615
31  41 461376270
33  23 2027799849
1  35 997938595
38  29 59410572
46  1 1962139112
22  21 53747826
22  49 338765754
7  32 1566793612
13  24 1144032169
24  42 2118342132
15  47 1750501947
14  18 1408705331
31  20 2005848721
25  16 22696413
40  14 1585929619
25  21 210810567
9  35 1569424422
20  42 1841586872
12  39 2107244390
41  35 1919435395
5  23 1281899398
8  25 2092657138
42  25 1598996329
36  2 1593754366
1  3 1490572928
46  14 1473884924
29  9 838685925
39  37 1372323878
7  39 1529038537
20  33 691434451
16  29 628468557
12  46 183819145
23  30 1703625841
4  27 1507171409
39  3 1523919003
20  16 156307717
15  35 1285862946
24  49 1366909114
25  20 185209489
46  49 1214865851
12  38 2006461731
32  26 144613754
27  18 958226707
37  11 981250468
22  30 2103452922
10  25 107804079
46  29 280771744
2  1 863758090
14  9 554686239
6  11 1576825956
21  6 367031883
21  47 604208884
47  6 1559886382
23  14 1494331274
36  29 81719586
36  39 43830434
41  8 2118306911
21  26 1669338831
6  35 548252503
37  11 322759730
7  5 2110385726
36  11 336337818
19  12 61411826
48  20 929313094
27  23 691692067
45  37 318268033
40  12 473340995
0  27 1994840946
20  3 176160768
42  17 2051332554
4  12 186957735
19  22 1138323897
26  13 1288173542
18  2 1950043528
38  12 1883294507
13  44 1451551271
44  38 73700059
36  24 998012024
14  12 1691529060
32  7 963428728
40  25 1282590008
9  2 794725084
9  3 1898268860
23  3 1711837250
26  8 1200798867
30  47 964508026
22  8 1894622377
40  16 1113984311
20  49 14996234
41  39 851218006
30  39 1497933109
29  22 2015393167
23  18 1889186795
28  47 1454772584
12  4 303287195
31  49 79546850
22  21 900538085
11  28 2033393116
35  44 84484299
48  19 58725767
16  14 914050847
41  23 1656791631
31  22 809123346
34  49 1838061845
1  21 282062190
9  45 1751995866
19  2 877629377
31  44 2054085614
26  39 727553863
