1250 50 23 31
32  2 958728829
8  13 970929940
25  15 900212094
40  2 1340835557
30  43 415285353
15  3 1758786459
1  25 1435210612
34  5 1060843149
40  49 817409723
10  20 409438052
14  30 17812379
11  3 678550641
24  25 442248179
17  20 619596937
21  3 1423687101
18  15 1020531261
14  9 43963250
33  37 2049802297
4  30 4264555
48  20 2010986833
40  34 2137915851
24  43 359834556
32  41 860386654
7  10 425546614
41  15 101342546
22  39 825379028
41  21 724325313
24  42 1825888487
1  31 565937448
13  48 49379355
10  17 1515070378
7  0 536185836
2  9 670321966
32  45 480737072
14  13 770481473
14  0 98688866
7  41 745673064
18  21 1083062141
44  24 1170549846
17  16 1248157497
12  16 706395041
4  7 1154073138
8  48 307050759
6  40 561888720
7  33 880178600
3  14 566346069
23  45 1781779303
9  20 1853125334
18  21 1656966002
46  14 1278463508
41  45 112291092
23  37 68266655
49  16 305667578
15  4 979696665
21  33 1078342242
31  12 2065046965
5  29 529449737
23  46 1332792257
14  31 435686060
35  36 436405646
31  46 1517379270
21  37 1079438752
15  42 1880540449
19  18 177068780
8  41 854021675
9  25 1749252541
41  0 1307677545
5  3 226162825
7  6 437976917
7  25 664873989
14  12 323518753
4  46 1424809858
27  41 575177816
20  26 559800712
27  23 113239935
25  45 2142434557
10  45 779292755
10  6 596254355
32  46 271783855
32  23 305360815
46  33 2068875800
20  30 186006828
44  47 1270138693
22  42 250208387
38  7 1659589499
14  16 1404757696
15  12 1380567639
43  17 341154932
23  11 249598796
19  25 1445093057
21  20 2114678092
0  24 1714923699
12  14 380841382
23  20 112844492
37  0 1662051769
49  26 1760171200
17  32 1934140777
30  19 980993450
13  37 2100464668
2  14 869030703
21  45 1772941078
31  0 502659173
29  32 841070354
31  9 2029040894
10  7 1342885309
19  31 1471199982
30  37 1969514791
22  7 57921444
23  14 701510796
34  42 706022441
6  47 70086831
18  44 1248043177
17  38 199159300
27  4 928460383
3  10 979763309
21  18 705909657
7  37 1019061628
45  25 998952676
25  10 136676607
49  7 484651406
26  38 1623439744
39  36 1591271306
32  9 1715455281
41  49 88068279
31  10 857276423
26  10 1660188031
0  33 18778875
8  16 359444396
38  35 1378204404
21  29 186102945
9  37 1950530269
29  30 1068217349
13  18 1028590790
5  10 938353535
29  47 1147918303
39  29 1527521747
26  2 250965967
33  49 1988617298
5  15 78179103
32  25 1756015936
14  7 1750791123
18  11 186387405
6  8 1155904886
7  31 1086407090
48  44 1014507337
2  35 1015667893
38  40 984651186
39  6 522108404
6  29 1613011900
6  3 51480454
26  10 322726860
30  7 119963992
29  31 1247771500
21  40 2076112697
6  2 446548469
29  27 405909340
18  46 1637702015
42  22 981646456
31  42 2143855863
7  15 1079378439
18  7 438595148
38  30 1328428692
45  0 977773334
15  44 916857955
46  40 509680849
22  46 1383762533
30  8 47881538
42  14 104420589
47  22 1741670329
27  20 385750288
43  45 1977661467
43  20 585880179
7  19 1811500909
9  40 1908796233
44  18 1930926416
4  26 79223036
21  29 887371835
18  42 697799074
25  18 264293657
20  25 1180259619
14  46 1224216922
40  43 950668719
23  37 910620014
30  12 984719554
13  31 989517101
5  22 628916980
28  22 1760917146
20  8 927435508
24  0 1901347464
13  12 392711540
46  23 1185693692
4  0 1257464835
4  10 458035092
27  32 1042356910
7  16 485532748
44  32 507038371
21  37 263821277
7  34 1871114026
27  48 643845605
25  35 1540996503
42  29 1550977548
49  26 1772180578
20  35 848141682
13  29 1130463730
43  48 2115153217
33  29 1628098729
7  17 1540392408
33  1 2075656472
14  23 1545181354
9  41 2086629351
9  13 589765574
17  6 1328001739
28  29 1740485318
44  43 889109626
7  44 1527705757
18  31 933443265
12  45 452935873
45  35 401149010
17  46 770158669
30  15 1225534000
14  6 1516962407
35  24 1861125731
31  48 2048998245
13  19 756309575
0  29 1146453773
15  37 918978936
44  20 2010713255
4  6 1489794212
41  15 1776459783
1  17 1788882981
18  47 37220428
31  12 1601346760
17  46 1517528032
11  42 366044900
34  23 496887189
38  2 242776906
46  22 1851240004
6  31 1691887541
28  41 290965474
31  37 1594778421
12  15 903763177
8  2 848096802
28  31 1137044174
32  42 499005830
44  11 63918171
46  6 975290143
20  4 1454699138
49  1 877229411
13  30 1064427231
27  42 509834220
49  30 1787648183
32  6 1049467290
42  26 68629454
1  26 472997007
40  25 1001030235
3  49 20024684
40  29 1060655828
31  44 1919026117
6  47 920590894
26  32 359102849
6  25 261391812
19  5 260876251
49  43 2016934328
13  0 1255613698
3  47 1435925643
45  0 1283838919
14  10 1967832164
26  8 631465109
1  21 1655703638
35  37 1535174611
12  7 1692697778
33  48 372248406
26  7 873613178
21  19 1368994286
21  39 908298407
34  15 367619430
23  49 552333962
1  16 402631707
45  15 608770842
34  5 1409502158
34  20 1589261968
8  7 786869714
38  22 1883570194
43  39 2134732162
41  31 912015564
39  48 311848531
46  13 1134057567
15  45 1455686635
1  39 1613651000
23  10 577922215
43  34 1507003236
30  21 2128534802
46  41 1311997013
27  35 1872161286
24  35 1819141504
16  47 946405180
43  32 1195097463
34  15 1718773863
3  37 773834227
39  33 1552677594
20  9 1676621758
19  3 977845312
43  34 1586087284
40  13 352272340
35  12 1222803924
24  10 1093440209
12  37 259989218
14  37 355307055
21  43 68958225
44  15 2045437437
48  49 949940310
21  38 1995243386
16  19 7477618
15  34 1517985855
14  47 1310095089
21  19 1655688779
3  31 1656754038
26  47 641580009
47  18 2025220994
5  25 5103214
2  35 1466012361
0  29 1598816886
18  39 1370117281
36  3 1428692899
14  8 87288458
4  45 1166950507
10  3 1556619742
45  8 1412617331
5  40 1496146826
25  30 1698171081
39  49 667143431
36  30 1244882463
14  1 1862330186
34  45 2079826723
7  18 1945653752
6  5 2133260058
33  24 4302502
38  29 1520963267
5  22 1199411286
36  24 195990021
3  19 1947810551
0  42 354775330
4  47 817191732
9  47 887093594
15  46 79089644
46  34 633595427
16  18 645925308
39  2 980700804
41  48 1941033425
46  44 2075407328
27  31 1393023307
40  10 1705482694
6  23 449657325
38  21 1296089765
49  42 481221174
36  8 1264597777
42  24 883591474
34  35 1323895055
20  35 1378153374
31  32 45761900
43  0 1482586162
17  9 2040767318
1  36 388736721
30  46 1521964638
29  47 1443322803
46  12 584288915
7  31 1320727268
43  40 1438980903
27  17 1794781452
32  8 2023072505
33  19 1918381513
14  45 1029913347
37  7 739007923
38  3 752606145
43  28 616828475
29  44 711782595
38  31 822377368
41  32 2000248443
29  45 443331000
14  0 84309644
6  35 261823892
12  35 1928450927
29  21 1153102348
11  12 1719514529
34  5 1269044408
28  2 1225561117
24  2 389565501
8  40 486131000
5  34 2139287715
6  32 2051249263
2  10 922378143
36  38 1487136370
33  12 1580714341
34  12 1584443950
42  12 1811522999
34  7 1445465855
13  10 1233250566
29  34 745960534
12  31 2146336349
16  26 1056655881
21  29 579979773
23  40 264621965
30  34 2061280728
45  24 939827621
15  32 1433532563
41  19 1511086077
28  34 1139659788
34  19 34859914
38  21 1385352992
41  42 1677750364
11  14 1439152784
3  14 1484107765
49  24 1774629984
25  18 1331502328
25  47 569994018
15  5 1200226034
44  18 182518002
18  40 1273692297
12  44 479525153
30  10 1451867160
34  43 241294883
8  30 1646732400
10  41 879111178
6  7 2102939730
2  15 2095682905
24  11 653269575
18  3 320021147
8  48 1946117974
16  10 412087888
31  21 396254705
19  32 355864677
9  21 583332340
47  34 402500145
45  30 1512851127
30  22 734662961
21  17 383772187
32  6 1900794466
21  31 1554944177
36  21 1434220917
5  26 1004786017
40  41 356823142
32  26 529652444
19  18 1248379917
28  39 57839378
6  8 55379068
22  41 1745839770
38  43 546755928
12  41 1392617590
17  22 2059093025
17  38 1666089630
23  14 207234611
6  30 253925452
19  13 1497269145
21  5 856092673
4  49 509338038
31  8 690591534
31  22 992674542
39  3 1662105668
45  17 912361598
36  44 1324678838
3  0 1423691217
41  47 705376391
36  27 1194420625
11  12 346966282
4  44 736273278
36  40 1645550356
6  29 1958284063
37  1 1504142755
20  2 1953179580
9  11 1559298841
11  41 1988305635
44  45 771772481
2  47 828385472
12  10 2072013161
0  7 1154412070
0  38 555353874
38  11 1454479272
24  21 543545946
29  37 824983467
44  7 1527516861
5  4 1544222239
25  35 759492220
42  7 665454621
49  20 1846735137
48  47 2045694955
22  17 1538255098
24  39 1691942235
7  40 1128280093
4  19 1643514827
15  38 407520985
45  46 1585503960
15  38 489436943
15  36 1316365762
1  25 416924047
14  10 1479175750
23  31 766125262
32  37 2127445132
43  30 450143625
10  8 810266473
32  48 705270586
3  12 2086373926
17  49 1363302267
43  4 737636724
24  12 2017198010
23  43 852451222
28  12 1491310293
19  41 310914465
20  15 409309350
38  28 1483935127
49  30 630170432
20  43 1884238657
38  14 564246459
27  24 275270381
30  45 70186812
10  23 1951711625
17  11 1761774958
4  3 2021002789
14  0 1456212251
18  23 61332628
9  49 1612416312
40  6 1336684674
34  0 54741596
37  19 1970441109
25  39 531727377
9  46 926922492
39  24 1833758324
11  42 910837059
21  13 1718105879
3  8 250753467
26  32 1880674464
17  30 469549510
3  20 143752668
12  16 518863028
23  12 945880839
28  17 254783995
31  25 609870627
6  11 1946361529
35  33 1865848203
24  20 650563142
36  32 1788772605
28  41 312995749
29  42 1364102869
11  19 143545011
35  21 1654039930
16  15 1626969810
43  24 283163003
18  37 252294806
30  9 902790908
42  9 1872486986
6  43 1014036892
42  49 423397765
34  9 1539056962
0  20 865599637
9  26 347260798
31  8 928684284
45  13 730362524
30  22 1792782093
24  23 833091319
10  39 397770284
31  21 1102473286
3  23 617865425
4  16 662682971
31  32 1434175404
7  47 630142316
29  3 1741268139
40  8 1272057263
5  24 1371478754
40  26 1026989318
44  21 1353527257
12  39 610138777
44  16 448230953
15  22 386307332
46  1 287604408
40  3 427381884
44  43 249326804
12  0 665872501
19  28 641424266
34  41 978936524
35  18 1592820334
30  46 1859137466
46  41 330169255
18  40 217491922
8  30 2008418358
13  39 1045491719
12  30 179485517
8  7 1183534151
36  35 960634608
18  13 1857178839
5  9 167256200
9  14 1363592980
8  16 235557001
4  39 144644904
0  46 1794718062
23  11 819096680
34  28 1563348240
43  36 1118278461
27  39 1696476194
9  19 2118341076
43  34 1252049210
49  47 243687729
42  19 234681620
16  8 757063033
48  22 1730836499
17  7 746526505
6  4 1176794537
18  20 434191379
33  34 498555885
18  6 1305070499
20  39 187144176
33  19 266336271
13  24 1796511214
33  8 145830182
40  37 870173099
27  23 43700671
37  47 71128112
45  32 1161916245
21  48 1138065861
2  34 192656749
25  42 691710510
8  21 95453716
34  7 478119250
12  4 644007231
5  7 492622701
42  45 1630999513
23  42 1452753012
22  20 1424511718
6  42 1461974662
44  17 817407597
3  48 837520422
46  18 933110193
36  14 1309963649
40  25 910982710
42  39 468460783
37  19 1667920881
20  16 296150183
26  2 1198558390
3  0 332460896
41  32 384849114
37  49 755815010
20  22 664493315
20  21 1107639343
27  25 1059170634
44  47 756190802
12  32 80946588
36  46 1380732839
43  0 48578656
9  39 2094531928
20  34 20272832
16  19 1616103708
36  28 377161704
48  19 1884026219
29  26 1976377816
28  25 103062463
40  6 757386980
42  10 1176110575
48  42 1183593551
37  36 627673191
49  1 386454669
36  43 1414204848
47  24 199682214
4  22 71341247
36  0 555368624
42  38 503055993
17  45 602281762
19  25 337320184
41  34 564100912
43  32 1169088571
48  38 892312626
32  25 1264989154
14  45 29948932
49  29 1415341520
19  41 307858574
31  39 1837908653
26  23 743532241
28  10 1153368436
37  49 972500637
5  29 314560853
35  25 507423684
40  15 356452105
41  0 471481269
9  33 737849055
23  34 1804648943
49  39 1483132618
30  2 2023798912
4  36 295609612
35  13 1194629321
3  0 2081500914
7  0 1925054727
37  10 1281987208
41  27 1375961054
13  17 501219723
41  20 1913329296
3  32 691078113
28  8 175429208
18  38 398716559
1  2 705456394
20  22 1569393754
1  22 1303649391
40  17 499134288
36  23 1513343922
48  26 983574497
38  21 1687661352
26  41 1564711638
0  1 301927260
30  29 979439107
7  47 1517078877
38  15 1365384301
3  43 589715490
25  26 320930525
11  4 1250066892
42  45 908707371
36  2 1077101929
46  39 1599867359
39  42 519210271
28  1 1479586394
40  0 1326482156
36  22 837126450
28  16 352679537
48  29 110576071
3  14 1106785163
23  25 722646830
41  40 1118217527
0  47 965269231
45  20 1194914611
9  0 159344821
21  2 936995211
39  45 2015700704
22  41 1197218236
34  17 1213891424
26  22 1772110149
42  20 1726042833
42  12 1845437104
34  9 367065439
18  43 627871975
11  21 539286727
4  34 1888687392
12  32 683215844
45  33 1420897052
28  21 66255674
4  2 547614273
42  39 99447155
5  15 611254506
33  36 124095678
14  26 726508265
8  9 524921331
43  16 748743759
37  8 1201266935
19  44 1763310900
26  24 37020208
14  44 1655683235
15  20 402641115
16  12 1123624807
40  3 1805196910
10  48 344634255
17  21 655224217
42  3 834269257
10  26 1856395906
31  28 1842791512
20  32 1448010331
4  47 192012245
17  41 772918163
20  5 1820663081
25  13 101776731
38  20 881831765
7  42 333834092
1  9 150740390
18  39 277819878
45  8 554629476
2  29 281594885
13  11 551292951
43  21 184279638
3  40 1076502173
8  41 1732827948
30  39 1652334102
47  8 1731381817
21  40 1591091802
27  15 1248488163
1  8 983567714
9  32 824905272
47  14 497200570
9  35 1707066639
44  32 1923407912
45  0 595017856
17  9 688248524
8  25 420722221
32  48 171701214
44  36 77719994
17  7 30113169
43  8 2061132753
48  46 1407943530
38  43 118520730
11  5 794050177
43  5 494102283
39  14 354573673
16  20 805521237
5  36 217857746
48  38 121302430
30  25 738961190
28  37 1526084660
43  45 321732020
6  25 724627082
4  37 1504753946
5  8 424198685
47  36 975884376
24  44 522028961
43  14 1544478380
18  47 2092227596
48  15 395743967
40  20 356791147
2  17 631036495
46  15 1223768304
13  2 491315436
28  42 1866185923
33  22 1677812467
16  0 379533905
46  22 2131303381
5  0 91113109
1  20 825033367
37  46 221671682
13  7 822012816
47  11 9277936
42  23 498546323
41  19 848300532
21  42 1898561317
8  29 2014462246
11  4 600120693
33  14 1660718697
1  30 437611677
38  40 423996220
28  21 1710959256
7  3 837058693
16  22 564969979
5  16 1545478950
17  6 1289780720
44  40 446806003
41  40 438354939
27  48 1555974105
33  34 523874694
15  27 1706584597
28  17 1302649816
1  31 1270530480
12  46 488741170
46  41 415832630
20  17 148839318
17  29 138394684
31  3 909868322
15  40 40669250
39  13 1398778011
7  48 1726335498
44  15 1459617919
5  18 1203219339
39  33 583951075
46  11 97147567
27  28 2972829
38  46 1250199572
12  35 1110633501
9  0 962199694
10  24 1114737887
28  10 102018636
16  17 1921510819
11  10 730403457
3  2 1179252738
39  25 109130136
32  19 116425074
42  49 35250166
27  8 1355017158
35  33 62067154
43  42 1822866743
18  41 97437094
13  43 2065207665
45  38 2058379168
7  33 1805705013
25  2 686872617
39  6 1761709628
48  35 1512969331
27  24 1376222339
25  19 1002508844
15  9 1319549114
32  12 386792742
41  22 1075831280
26  25 76457247
37  26 1504235383
37  15 442496637
6  23 785565220
36  38 1658844038
21  8 1382997983
42  48 358191336
8  45 1797759848
23  4 6152429
26  8 444470313
34  12 2049311389
31  8 138972187
15  20 1338953180
47  2 1322943546
15  29 921899736
22  36 1277023658
20  16 929071882
9  24 1597712298
47  0 552625994
23  35 1502041222
30  6 1083828076
17  16 358453373
46  37 1068633177
19  10 1339229985
25  12 1113046640
40  14 796829881
7  16 2005211525
0  2 956135799
48  1 790818134
45  7 369651923
3  9 1691351923
48  28 1424451360
14  5 1333528324
38  10 631197020
8  45 307818145
41  38 1147677244
45  18 1961709668
16  49 1102795350
49  43 1222541448
2  10 597077729
13  38 1494590775
4  39 714205607
25  17 1300906016
0  3 400452998
4  18 2015488010
29  49 1389127484
28  39 1647250055
8  33 1806645490
10  22 1450005623
15  16 1043741088
0  24 1384666012
1  30 187818209
48  30 135612272
38  23 569860751
38  33 683721756
12  0 276444360
45  5 2099656045
30  38 734873890
36  39 1736065554
16  9 1022677489
1  13 691251737
38  28 339456217
10  9 389008068
44  11 434101037
0  19 435419435
15  44 255884772
48  24 443239202
38  48 966137151
23  6 1771054962
14  35 980723780
29  3 292879082
34  21 131514615
46  37 227464398
39  15 2140918151
17  36 565934306
49  13 1682263109
48  46 1862701157
35  39 1290379227
25  33 2107909661
23  4 1603432394
30  33 2026137933
2  14 1814373957
5  45 2052661542
10  0 1750590158
1  26 2044179145
40  4 2059830963
14  25 2097371716
30  17 1231094071
39  1 1997463482
3  20 1937002504
16  30 1072089350
22  2 49031982
23  22 1551320080
49  23 2048328233
34  23 1474676030
6  7 1161257507
30  4 122070071
10  16 1379433237
36  44 476010178
8  37 2024894911
36  22 1854606321
1  13 1565415684
5  6 162473270
32  42 748217005
12  23 908542360
39  46 1227177650
10  39 668429316
19  30 1999574442
7  2 1512764824
41  7 1254619934
6  18 1607200838
19  32 454890841
9  48 1634302897
0  37 290291700
1  27 356366572
5  27 1466712680
12  23 421750186
22  17 498234745
33  26 1741580105
30  31 527216506
7  35 829701278
49  28 1710659633
18  20 2054822826
5  47 332859899
23  10 1463894590
44  48 2084923511
28  22 920510043
41  12 423837730
13  2 634511696
6  23 592904045
21  31 1507587870
6  15 1023167067
32  21 395452028
26  27 231071278
13  18 1842024380
10  37 692146696
17  47 492047025
13  37 1010281531
43  19 813973676
3  7 61176910
41  17 378500039
34  13 166371548
20  23 1814348068
4  42 2024899664
36  30 823809124
10  40 348853092
44  45 2025684765
20  24 163469711
43  19 540392286
33  7 357643344
4  29 1277838865
47  21 1375261418
27  42 2069489698
31  33 163539441
16  29 1862381839
46  7 258259564
16  26 1689890399
31  16 1836704964
27  10 1202779013
49  14 1102584324
35  20 441023561
24  1 632299622
25  22 424880521
11  40 281139281
4  8 649232892
46  13 1865939201
0  1 565385273
8  10 885146979
47  37 1241854882
18  19 1342927198
48  1 214073559
8  43 1243954229
45  38 291668761
11  3 1219460937
38  3 1283790523
40  35 1966058898
46  2 1483800949
34  43 1259610913
37  27 1793532407
46  42 11652340
24  21 626776411
45  24 859755446
5  13 1693211186
12  9 1874292975
9  17 883421101
24  20 1782539710
5  35 2042685435
2  42 1588935910
41  47 1294005237
41  42 1130542408
28  5 462828297
40  38 1025148019
30  25 1755172018
14  32 1779296978
4  39 1296607170
48  49 26658768
22  33 1034443579
48  46 726673920
29  9 797908677
7  20 119841140
15  6 1954391082
46  13 286131988
15  10 159005994
36  12 1314810603
9  42 216614449
13  7 1292985830
25  17 1735973517
9  20 33275015
28  14 1406783947
34  49 1601656143
1  18 919376895
13  28 301258506
44  12 1048672028
24  2 1441878739
7  21 86263118
8  26 618580677
23  40 2092505048
47  29 1652710691
32  22 1804469341
16  10 1524752388
22  15 742155707
12  28 1521304427
26  40 1542364893
16  19 1978127488
28  26 2133644279
6  34 696408496
21  43 1874405413
6  8 1245918519
44  43 199289095
0  21 936597020
45  6 1218517443
49  24 923414140
10  3 169788858
15  48 1661892993
10  14 200274545
43  47 1172039103
29  32 1646947217
30  18 625064112
10  19 3896341
3  19 1969568319
37  9 1954664704
36  32 1178229342
45  23 1294461442
33  21 1417316493
4  24 1997320490
49  43 523045509
15  14 1369625523
8  11 228143639
4  7 1260052016
22  5 1267427300
3  39 296319881
4  28 1212464776
41  45 929203001
1  20 2094123505
40  19 1050758788
24  2 988578760
31  42 783954738
42  1 1867164862
15  39 1862689502
20  32 543121182
0  41 34514461
29  22 1799736547
36  21 1663924963
49  1 2038949258
48  36 1633578364
9  35 956960570
42  15 1726347571
9  5 380731143
45  1 855749539
37  36 1871877146
22  10 500979974
46  0 309511436
43  33 1869356987
37  39 57483294
17  7 1435578989
43  16 1929898920
21  38 487781905
3  22 1932939755
14  4 1544805249
44  47 323951263
19  23 83637415
21  1 2024874074
22  29 684724390
34  8 693389554
3  43 1434251735
36  16 1317411691
45  1 1109245879
45  38 20272160
41  3 2078682458
38  40 1056631797
3  37 757304024
40  28 1472570702
20  10 1438222444
48  13 796097535
7  8 1783661001
39  18 2118855319
45  43 1781123331
12  1 1233268347
45  40 2000470725
20  17 1806968075
35  39 490222999
19  48 1527912813
37  16 2130830926
35  48 233637875
29  45 772891553
40  15 1027209549
1  7 988419100
46  23 1721695351
3  30 671087401
33  35 735526754
13  20 898282806
22  21 1256380730
31  3 1315230685
30  45 1830424229
38  34 1590562357
8  11 1249451893
18  6 1786481988
46  16 261880616
12  8 1512282709
40  2 719703330
47  43 1954778632
39  19 78370246
5  22 66064463
38  29 985245264
23  13 432936869
8  43 358269095
46  34 1437272021
10  44 2097980545
1  33 1178772117
42  0 954998729
17  4 957335925
45  30 793187721
11  22 1744370150
29  48 1118942597
47  0 692145570
39  40 1686018385
8  27 1723576935
25  13 287887474
3  17 1900107484
21  49 266000150
4  12 1910102459
35  44 1703861936
43  22 2143010268
22  41 1412008517
25  0 1349364520
34  9 645322714
13  22 954421078
19  40 1005651397
8  47 1204282724
24  23 1349485092
34  14 1784130733
16  6 1299047964
3  18 943059638
0  17 1308146105
6  8 1153570849
12  1 1056705728
4  35 1733237323
48  44 1277881239
8  2 1038219394
21  38 604920769
42  28 97865327
32  9 2110240470
29  43 1341532120
43  27 736287131
12  5 865805849
29  37 1237620570
15  1 243077876
2  5 871341453
11  36 1209418136
12  28 2089245982
