1250 50 36 34
8  7 1105527337
34  41 898697718
44  46 1843883825
17  11 1706845524
24  19 1518641511
41  13 815869210
21  1 1236757530
41  35 1015306860
47  44 547446958
19  47 1625731686
12  29 860122174
12  33 1218299303
7  29 1245053986
44  48 1624127786
43  8 1706082876
39  10 55375254
0  36 1750708263
17  0 2089380028
37  25 466795691
40  45 1349709866
12  26 1895640743
2  12 2070403494
41  47 672765446
31  34 1228327664
28  13 1914238204
15  0 794052276
23  14 1794728435
18  25 1175779554
29  14 421841601
47  2 1500376612
21  27 1101087126
31  48 1830694144
6  0 1744091904
15  9 865205527
1  8 981332049
47  44 1548792390
21  33 1657703292
47  17 1050454843
48  33 2011048626
9  46 1261563940
12  21 1474894471
25  36 66572613
17  14 435349400
24  38 1239079327
41  29 171028951
49  33 1887017858
12  21 375627962
23  15 1301985235
48  18 1806484299
7  11 1801186490
21  0 217774514
25  29 1867210155
16  8 517376780
43  40 743727715
20  33 1646484212
45  47 921736636
39  33 323751610
35  44 1335975340
29  22 1502147714
16  48 1483698022
16  12 428574597
2  47 1904734681
4  16 725540935
37  1 685655399
8  43 357641905
47  4 79568050
22  35 1197491640
37  18 442304987
20  10 229369034
3  12 1707010971
6  32 990084453
19  5 106435330
33  27 1867131495
37  28 1488104952
33  4 17743273
39  46 69101054
3  30 1387687215
35  26 17228908
7  13 1140847101
7  25 1475695772
28  48 446196009
5  39 1859752281
16  10 779071741
28  24 915333164
17  24 1326793311
47  48 350816810
41  37 363077428
10  24 1203302367
20  42 18147139
26  4 1325678921
5  20 1960928561
16  36 1387046956
10  33 1202271254
45  35 807406183
20  36 1108918186
43  44 1484521319
10  13 1774197744
21  6 2091607671
41  5 1519528327
2  27 625106872
28  29 736509201
31  38 615740697
32  6 1225112194
15  24 679057311
14  19 92036697
34  16 1920630303
9  5 1717414539
34  15 1071512790
13  16 933861514
39  28 625778207
30  24 319782916
24  34 1617566681
22  19 165952056
26  49 99192655
34  36 1513431048
48  0 44014207
47  49 749194834
22  41 443060114
24  16 529752039
30  23 927832547
13  24 568922060
43  38 1021453156
42  2 201882393
4  5 1336662449
14  49 1646630208
33  18 1186363162
6  44 1961774880
11  30 248594477
12  6 1130154129
40  14 2008606675
34  11 1377822772
9  39 1627141765
23  49 511343672
31  10 1489863390
3  8 1000253462
49  40 1633644257
7  44 1348695516
5  14 1788208694
13  28 832587433
16  17 1890836586
32  26 2114042463
11  48 1604645761
38  26 133045706
10  28 1335867993
42  48 1760270486
26  34 1347182022
46  13 945541161
4  15 1667761358
11  36 644589308
33  2 500342932
30  3 1674342146
8  4 1915538226
5  23 357498563
48  30 1766555719
13  25 1417035479
36  35 1136720941
27  13 1739649765
25  6 158340985
43  38 818192959
31  29 349660128
27  35 1657646496
44  20 1843743614
21  0 1553280612
38  27 161477942
16  10 1452005517
0  29 700706094
33  17 1381565868
9  12 716495385
21  37 178094593
21  19 2144135716
33  26 195545022
19  2 1640573380
27  40 348404516
4  22 431058548
14  22 962516982
26  44 122075833
19  16 1759024105
8  23 296185513
26  19 1308408173
47  30 1366978941
18  19 1726051030
44  9 626089268
42  18 1438459226
1  23 96665619
13  2 241866384
37  46 1088235398
21  35 1311754348
8  30 1630132101
19  25 1632394952
17  21 985440062
27  30 1654240051
17  10 725214417
14  8 722527424
36  45 565239121
13  16 305398485
37  36 573366095
35  23 206060816
23  18 2054651999
11  12 466703761
5  20 810153405
41  3 133911510
2  8 839513208
21  29 1815032076
19  37 810830394
14  3 1616955611
37  8 247567714
18  38 2054457685
42  19 637962558
11  22 494389879
33  42 488964139
44  29 1553280660
23  18 704512950
1  24 1979974818
17  12 2134074923
49  33 356439825
0  7 994495146
3  49 1446390596
30  0 1004005467
0  4 1792851669
10  43 1963783600
22  17 1484500856
28  37 1216191948
49  23 2029002697
9  20 1822058569
38  0 1710005545
0  29 618852230
44  29 1517240171
45  27 348395257
2  1 610763683
43  28 1582861356
25  14 257393054
22  30 331518611
1  34 42061728
17  37 1762992003
19  42 855743144
10  43 1472676765
41  32 654202552
45  9 1594392431
18  43 60795706
41  37 1765211852
30  38 128567270
15  32 1846163017
46  16 1445997728
16  24 1583823372
19  25 633254599
25  13 474691349
5  19 1274042785
9  48 64836075
2  22 1076968375
24  5 938853913
18  9 126652510
2  13 259693539
12  44 1711687300
32  18 300197760
39  4 1854425226
48  8 1970186866
14  30 270014602
25  28 622938888
41  35 1138113111
15  49 116216517
28  10 758764848
1  39 1674824536
28  31 1443721649
39  47 470209406
29  0 636808955
16  17 1659259162
43  22 1155204201
46  24 1330984147
41  48 173170190
8  44 1464936754
49  46 193234512
47  15 1233948273
18  0 907870749
32  37 1026292333
16  5 380492229
18  25 1248808103
27  20 141301198
28  13 462126467
16  37 1919683575
8  19 1115673032
32  28 1156943142
27  33 591183279
31  15 2103679768
44  38 762715012
24  2 1275031063
45  10 1306855837
48  18 801025571
15  13 221457602
45  23 520444754
17  6 1783608991
14  3 302847737
29  36 31217704
28  48 1224618901
22  2 1793816155
22  49 2072014352
16  32 969739525
15  30 1200732388
17  41 609101959
2  9 792287684
36  23 747095535
2  35 1462094814
14  47 2093189402
35  17 1912581833
43  31 579117108
11  32 339183138
13  20 332412574
16  12 170131404
27  39 245902052
21  49 582786005
15  27 11470469
28  16 1900598315
41  43 115149394
24  18 544478195
41  16 2040084572
12  37 708760854
21  8 1960623543
39  19 1743013518
17  7 1147792015
39  5 586380830
38  32 132677958
28  43 1825232340
49  24 1215639207
34  17 1346097129
32  24 700547541
11  9 808308481
14  40 940153474
14  1 2098682942
25  1 2119571369
42  22 182623020
22  15 1262942474
22  38 1665175041
26  10 1837306145
32  31 2107505766
7  43 2107389791
42  4 1324800884
24  40 1576544823
37  44 1459515250
14  40 1909962847
49  36 1461403308
15  34 257950599
5  33 1008430295
30  33 1074072879
8  27 1774417618
29  41 2134584895
34  41 705801815
38  4 1892151442
17  41 937762423
24  41 205135991
42  34 1828560797
42  30 1323812606
24  25 1370321470
28  22 1323134165
39  4 332375497
45  2 796750476
12  38 1745574874
42  39 1895515797
19  1 616798169
38  8 725609568
26  35 91788844
7  21 480829152
27  40 1199932009
33  37 1197688624
12  18 551807600
25  42 1096770558
16  20 272278230
31  5 1860211447
34  25 1522242273
49  2 509455336
27  23 1454218882
25  28 1533531937
15  31 1719631698
15  11 756184382
3  41 549013828
30  39 1339039181
45  21 153293790
22  45 679788530
47  41 142303067
16  27 13388009
21  13 1418803658
26  48 1709708990
39  3 1988464787
1  46 117338389
49  26 1073166598
42  4 1385556630
4  6 2008181935
47  19 1748625141
42  40 722328611
33  38 1477180779
44  17 1979136256
8  44 1679102271
49  2 1160879108
25  31 63807717
26  12 923781852
3  37 1895089497
17  5 649176831
6  41 347348949
20  43 2123153387
3  8 1011289204
29  43 93916379
20  32 1115344876
29  6 2073023535
13  32 382607253
16  37 1152817649
24  44 2080725804
39  45 308869425
7  29 1805170977
38  5 1042692639
12  42 354145278
42  7 1087836500
2  36 875750257
2  21 491377809
6  17 635978335
5  45 634132344
15  36 1833429603
32  8 2023320234
24  31 2031122538
25  22 616772260
29  2 1375528494
44  37 420231480
22  19 734782322
26  19 950779213
16  26 725539846
39  24 334193082
6  23 423233062
5  2 1550650248
35  31 1753185443
29  3 1532506484
15  14 897495177
20  22 487296585
31  1 659552336
28  8 1118355942
8  24 2085829545
39  18 1117432695
4  24 1137313447
39  7 91120326
19  4 390194377
31  5 1520472761
42  34 1707712144
14  26 2091207568
26  2 359846788
47  20 1271914725
9  43 2128098482
32  10 516149082
28  49 9425769
39  37 388646426
7  29 695647572
48  15 1680599620
13  7 778231884
14  15 2060955014
10  5 175368894
19  16 1403035083
9  13 82880631
0  22 559714756
41  20 409166526
20  46 1336390746
28  46 244920632
8  2 1897064873
36  38 1371900303
39  14 1763488864
25  28 2036542768
30  3 2006302478
9  34 159420594
12  25 1283600700
10  1 1759404360
46  33 58837466
21  20 1836662632
34  44 107420895
46  14 523631395
12  38 562530699
35  27 1161040629
48  41 1696620883
38  44 1088021775
16  3 981957255
30  35 878628626
9  39 131906102
13  16 36241050
7  21 1595497453
20  46 1776422177
15  44 2062740162
28  2 962083715
3  12 2138041320
15  41 2098763025
15  14 1093778205
12  13 1529166736
12  10 778659832
11  34 471288160
36  3 47283210
35  4 787811494
41  39 1754600825
15  39 848075510
42  9 2043720139
30  41 1271190674
7  34 161081135
46  4 952419030
0  43 135342284
28  21 1774725954
49  1 413595754
14  45 685537743
2  5 1733881565
48  29 149189783
14  34 1622473563
26  39 1804659908
22  37 61861477
31  47 1771551747
48  0 725504838
37  29 583748169
10  2 1621400320
22  36 1176217302
12  31 410478034
31  49 25367155
17  13 304869491
32  49 57772195
44  0 1226816411
7  39 1144377642
26  4 1461513189
37  17 1904171313
49  43 211739187
20  17 893690141
13  19 1985353457
12  18 1370100133
49  43 636002888
43  8 632483381
3  49 1239229545
11  35 89465858
36  24 65948148
10  42 2073638885
19  33 11248591
40  26 721816669
33  12 1619763009
7  48 1661400077
49  27 1363440075
9  10 1784839912
42  24 740691428
47  26 1753601155
39  3 1750455060
28  13 255443657
24  17 356189904
32  38 2019838201
7  43 2060967515
11  46 1557840536
39  10 145726003
15  38 1878335961
25  11 1914499644
31  40 60565479
7  45 1359186939
42  12 200762462
24  23 628742612
33  9 1208870913
38  11 924158689
36  5 922334792
25  11 1174021764
16  9 1461213263
40  28 37096148
22  40 221053619
46  36 774324555
1  19 2138726427
21  28 27554495
16  19 1858288380
12  46 877073169
3  48 1175123431
44  30 1508163513
2  7 1756694919
14  3 1004711955
34  21 347347735
0  29 871805298
10  38 1348578435
16  8 1300166717
24  6 903585053
8  21 1046208949
8  5 1279408400
32  6 2122604170
31  27 146190424
39  3 1733214314
48  3 97354394
39  11 73990287
14  3 1014766867
36  42 2101074171
0  11 2115144398
28  42 246947584
24  26 287540062
1  29 567592365
43  31 1725756259
29  34 2030193586
22  46 1349690619
32  15 144521887
6  4 1979591688
47  15 1877576419
0  9 2008708418
12  35 1860452781
49  27 84172643
25  37 1287603103
18  49 597133128
41  42 1196880002
29  23 1389510537
31  13 615193976
1  23 1296720934
29  40 2015488601
6  48 2006374069
48  43 2115405032
25  24 810246678
3  26 1445929035
44  16 684634587
8  14 1014525508
0  32 806828171
45  24 1432295361
0  36 1132796376
10  22 453804102
24  31 730030922
7  48 994233289
14  23 83268140
2  3 718369178
9  47 967386950
1  22 837155637
27  48 140207464
35  33 886734355
31  26 1162528339
35  20 1522417859
13  29 1265482668
43  25 2095409646
1  47 654885617
24  3 100382584
24  48 795563212
11  32 243356310
7  35 1849143595
42  10 115965613
19  37 2068417897
40  35 1817105010
31  44 1184383393
4  32 1328227803
18  1 479208275
39  18 388605654
40  0 1822507502
32  26 464606765
38  8 114825521
21  27 527038051
36  43 160513720
14  10 1932066913
3  41 1015072980
11  5 374005574
22  16 2013275084
18  35 1745928014
0  43 2000671989
8  44 1797406239
22  41 56859423
36  35 2137670632
36  9 24166955
21  31 642144309
36  24 812491145
47  36 1383028989
27  33 745667775
25  35 222575377
0  46 309113543
22  18 1762084065
24  32 1273354014
17  6 709446866
14  12 100095975
25  20 24050598
10  42 55293166
30  21 1455994338
0  30 1343943815
49  3 1136796710
21  1 1678149133
22  26 1954414896
47  32 916116324
41  44 458738325
47  3 1326830846
49  42 1523496296
48  24 1593118944
47  31 1363147758
43  30 1028525624
0  2 352672169
44  26 164505661
31  6 2107332556
14  19 849311628
14  28 106479670
30  33 1075834746
46  24 537455814
22  40 936498761
46  19 1485920427
21  34 1312919330
23  45 130308093
25  7 162690487
23  19 738552587
43  40 1906626624
36  12 1728052778
11  13 1016446211
10  41 1905542495
14  24 897727092
34  47 1221624349
33  42 1856455676
6  10 1200705679
36  17 1066559064
47  32 1560701900
15  23 2132905074
5  45 1465747266
10  38 152342271
9  46 1775083594
0  48 799293906
24  9 2133882135
18  36 1848707913
39  19 1249909769
49  34 1035869249
3  23 994192156
7  2 207338544
20  15 217677087
9  49 259692067
29  6 1852893585
25  0 1345957455
41  26 966045090
8  29 1920865872
46  33 1216840302
42  1 1220444443
14  30 1543444366
33  48 83491459
23  19 790801938
38  33 1545831437
9  29 989806079
21  44 720616517
35  46 1231535590
48  18 501269105
41  44 2056323034
22  25 1366221674
46  9 1469132500
3  43 1585880972
47  20 1680164492
9  43 176638343
6  44 1820443325
10  6 1057832567
11  14 69336997
8  9 960894535
4  25 1776520636
3  2 168763752
43  28 643564391
33  37 1391166532
48  19 1886318252
9  3 2141416931
46  20 360384746
6  29 223081919
38  46 1293550244
26  20 1995775331
17  43 214610194
10  21 1670136999
2  28 1252889352
8  14 499236172
39  46 809618570
9  24 1799466289
31  42 450173683
27  31 1990078623
20  14 576133206
9  13 955692511
27  28 1182303399
1  33 1608397445
27  40 925100548
16  37 887579614
41  2 599931195
35  16 268122298
26  27 518151203
23  15 1291286150
13  44 418997047
41  21 1711576610
22  31 1129597761
49  6 1735396980
14  5 60600936
0  39 14295665
39  16 2136904519
42  26 1397023639
16  28 441080973
10  6 1320563113
35  11 1822687328
24  18 75789756
6  31 1166928363
18  24 1584755361
0  18 820396274
30  5 823901692
4  32 2007682284
1  14 2021478659
19  27 1648135327
23  25 1544756395
10  20 2102598488
42  3 296298413
3  29 209001181
6  19 882352360
13  48 2009581135
18  9 116668232
30  22 931865715
23  3 1959820730
17  22 1292603287
33  0 1505747325
27  32 1882722904
0  39 400877415
22  27 129630521
37  1 747990211
11  30 67705970
35  12 453526721
28  49 552127385
13  4 576037550
16  5 606564378
19  34 1406496976
13  49 1961425786
13  15 464713561
13  12 1872887944
10  45 1513531583
26  3 1427801734
33  22 63385667
40  26 876157878
42  0 1848165245
45  43 847469171
1  11 2030545663
16  37 1169317855
40  7 1954834845
23  7 1540251474
26  34 1376176952
5  28 1891183247
39  16 1813923364
40  13 1136574408
20  45 1115214082
23  34 496519971
2  39 1175863724
48  19 1478326481
9  5 285278349
7  19 472046396
33  36 77558618
25  15 1137406717
8  42 77587877
35  45 1968759531
42  38 1657084030
47  25 821175024
47  32 1451809788
10  18 1577637695
11  47 57979735
38  30 335340001
46  1 413182494
45  23 1727421329
41  10 1196668042
0  16 103516097
44  49 611616863
28  29 1260098815
8  45 1212561390
24  5 1462250928
18  27 484347290
0  46 434091234
15  32 824524634
7  8 1246852719
45  39 1525486362
46  42 653030047
23  38 2116482892
46  8 1384997477
19  39 816606914
46  11 1380196792
24  12 1321598736
22  18 2108058340
37  43 2082320707
2  3 2107064426
15  13 1998636542
28  36 488222048
26  8 966548419
26  34 1344122309
36  17 1375354059
16  28 549032349
14  8 476213990
14  29 14613438
2  24 1133864893
27  47 727082230
23  21 1522800170
30  46 1880269974
30  19 1549103840
21  46 1548668519
11  20 1541448060
42  34 569961811
25  34 206181591
46  2 1723429443
41  15 210089571
31  15 206033456
29  36 978494514
28  36 1551250755
41  22 1953742029
8  44 1367236379
48  10 1688111035
31  9 1420276886
47  15 983583991
25  26 829710967
6  7 1439176652
24  9 1308675440
43  35 2146661209
11  5 1841144632
36  17 1351833298
21  49 888564485
47  28 407267541
41  31 1191698476
47  45 687069708
0  26 359951080
47  9 872161759
13  42 497586873
29  2 2015150895
16  9 973207187
24  5 1546258998
10  27 1149635493
32  20 1573933098
35  46 1134251958
33  36 813580700
40  2 225299796
2  17 1352107859
11  32 1429945927
45  40 862310612
45  32 921029003
19  32 2100944530
27  42 1838905468
29  8 765384586
42  18 1343390255
30  44 1507761808
39  22 1560895238
36  10 125170567
15  21 1051455150
22  3 946610907
1  45 1314976334
33  17 1655940345
23  38 1835441494
30  24 73668287
49  11 1463644813
5  11 1130435519
42  29 1430091837
11  42 944279123
8  27 989893987
11  26 1062785314
12  19 1830821300
31  30 70981495
21  33 81087225
14  2 551293507
29  2 1553047809
10  4 645914220
11  5 1964976170
42  5 134873355
38  4 2044701934
13  28 15297243
34  29 558503359
5  9 1910509563
1  36 1050903670
27  44 362638421
44  49 848883220
11  7 774279616
38  49 1990238170
20  14 835328542
25  21 1504320307
5  10 106304770
35  28 789439450
32  25 1514472795
34  24 641273460
29  2 921908123
46  12 974614615
15  17 433961627
15  29 414560357
0  49 1659328825
32  36 401054003
11  32 643778589
43  37 507809414
3  34 1478402711
43  26 2128422032
7  46 1417978333
35  24 1774414085
30  6 1504634113
21  12 620531975
30  31 1478287089
7  27 1941030136
23  7 831422755
15  12 2024447684
1  30 891308017
24  20 2055458983
28  43 735333147
17  23 742967267
17  11 1033124392
42  29 2118622625
47  1 1914418045
48  23 57014991
42  43 621090151
9  34 1643020719
44  39 2016278427
28  32 814358765
44  5 446919350
1  28 1103578491
9  24 784988574
15  22 1204297039
8  2 1225660917
25  34 923487689
20  7 595658939
38  16 811416892
13  35 1884829689
6  0 1686873711
3  14 1177465060
21  24 1168569687
32  28 137018289
24  1 879799890
3  29 651785089
12  30 1603441771
5  35 434861962
8  37 933726880
11  12 213643330
43  27 1978331619
30  25 2088809962
3  14 1122597695
31  28 1411408549
20  22 392071369
13  7 1814331183
40  0 360942025
21  16 355023672
38  22 775106492
36  27 690138200
27  38 1842852958
12  7 2119372178
2  4 395077674
8  23 852198963
47  17 485197381
24  39 1500043617
25  46 1403304225
35  23 1823116089
11  46 945196499
47  23 1330753556
12  25 679186653
9  38 139093779
42  48 413903472
45  23 1844672119
25  10 1131953417
6  29 705126195
25  2 168098086
39  22 1643770878
38  27 110283412
46  43 871325504
11  23 1571867371
5  1 523676595
23  2 1702547031
32  13 1636811149
11  19 124456006
21  49 1975923137
44  1 1770330068
9  37 1464566906
9  33 825005559
22  9 1176486697
46  5 1074464884
30  24 1089285856
47  38 448914591
32  6 1239320254
37  18 892592850
33  16 344006365
40  1 206156287
14  38 973713158
41  19 1469389308
38  21 496064854
35  49 633785394
11  15 23711460
38  11 830060438
23  22 1015982276
18  12 1877867265
43  34 1578746996
6  4 283279168
15  8 1290743918
12  8 1907395906
23  44 412729307
46  28 1084045032
49  13 931115766
42  23 2063444525
2  47 2009890070
19  26 492419564
34  30 2005216458
10  1 1771348309
13  40 542961482
42  0 1358917095
30  37 1781800566
38  39 604942935
23  28 1206601473
41  12 698513902
1  28 458559568
19  15 25128329
28  14 1443565528
46  28 1536961825
27  36 381352320
7  29 2058467579
2  49 1446945701
38  48 363954298
1  17 1732714903
28  32 861969632
34  4 884031424
24  33 789961907
42  41 549540694
33  27 1683176599
32  34 53158788
35  5 1709241299
2  20 1178609149
33  49 1636832517
3  10 403962530
9  37 1416919309
32  23 145940815
34  8 1562874673
26  3 894346961
45  19 1334986870
49  46 1502592254
26  36 1567590066
5  44 540893556
37  19 1816625552
38  47 144154199
20  32 1595082129
25  16 98367104
34  46 727807810
45  6 1792922078
17  39 653443675
37  38 1034536072
23  37 990846258
8  37 2057284323
34  44 489798277
22  33 1050876840
2  6 357181843
8  45 2037183387
41  47 1605888867
40  8 854532712
15  36 42326216
26  49 678799665
34  44 188433902
25  4 1205001693
18  1 480601346
39  22 762674569
40  48 714666107
12  17 638873083
32  47 204686130
15  29 712531820
42  14 1878186155
24  12 1052976924
9  36 98067134
20  42 173749697
45  15 356898167
12  8 1454470409
15  5 1281924694
4  40 862913887
44  42 302153697
1  22 1905715527
1  23 1500764220
5  24 573870546
9  30 1693270465
38  24 875321449
49  8 1245013670
1  17 342131604
21  28 757876556
5  25 1278942756
34  2 1093653945
22  47 1039466461
26  31 1360057190
47  11 1933849767
8  2 1172245186
24  31 1349205695
1  7 977287094
3  23 2000772164
33  6 397296627
3  2 760133188
34  29 1657809602
9  23 737954258
44  45 1781175646
42  29 987872732
18  48 825043349
31  47 1638891607
3  41 648576746
4  33 320341456
14  6 792142328
24  7 1198808002
46  34 1430613764
24  37 46934492
2  47 193616327
13  38 1619260598
48  20 1286714995
6  42 508426546
13  37 1881068045
40  19 367264883
45  25 1863908947
22  40 1734779431
8  23 1695406157
9  35 1634503796
39  1 154179517
40  26 1263428617
33  32 1338395690
41  23 254568939
48  14 125414935
31  2 1586444845
3  42 2143533971
26  0 1075666263
29  8 1370925612
4  9 1277251779
7  40 130864136
49  26 10048741
22  5 1144231391
39  23 1720468103
32  25 422357395
28  30 674150491
18  8 522167663
48  24 1925548505
23  21 1914517951
47  3 136533998
15  12 1084212980
19  43 2061933
3  23 253292056
47  29 1267401986
35  41 804333577
6  48 626688633
1  14 557923331
17  25 1733204758
15  3 679716307
22  4 1571892625
9  38 342146627
11  6 561478934
9  13 1989792604
35  16 1311909308
3  9 1369782637
47  30 254150608
39  15 1416746707
15  27 419633042
5  16 969710354
32  2 1074561536
20  34 1328395449
34  32 971629593
16  48 1748875302
32  3 744243378
9  46 1993453294
7  42 738756688
34  13 1777709676
28  40 613636042
17  46 765499160
5  18 1801344312
34  0 1876056966
25  4 1677145015
21  20 478076622
20  7 1066488405
24  5 76571002
47  26 899948424
25  44 143043744
21  17 877051223
21  16 263159398
15  39 781632468
14  15 1378642870
49  45 1063010579
15  34 1977286412
7  32 1634929859
9  4 1376188215
47  48 1954750755
11  29 435949552
0  24 145795535
1  46 1503657111
26  46 1875375803
9  22 1492176876
6  4 1464975091
47  43 1535264073
7  0 842085964
5  28 445961002
9  12 603488640
10  4 198417479
43  34 1881536026
