1250 50 19 44
1  39 1363814952
39  20 670851433
42  6 58757449
49  46 760215424
32  22 2130050028
12  7 557994832
21  37 695844339
29  8 80846458
18  10 313139279
34  21 1497238830
22  41 1689537210
44  42 723588914
49  8 315723281
17  11 254218087
34  19 1955223666
17  0 1166958449
37  28 73162992
6  25 142738335
21  38 318240933
47  7 1182290029
18  42 558069356
9  25 2039007594
40  49 1261840093
36  40 12359009
22  11 277111184
40  25 969524199
1  17 2016786938
9  40 1721690926
7  15 1995631117
40  41 628970768
16  18 676536308
28  1 1603354340
44  32 2074799824
28  5 1273887257
10  12 85799695
35  9 220963945
15  39 889502904
46  47 409665510
9  1 666036592
21  30 2115286474
40  41 1415130248
47  37 1045862493
17  34 148278180
10  29 486085773
4  13 1894189127
45  16 1232175239
22  25 288759681
48  44 332979456
31  9 1293152955
46  15 1283538486
18  38 1510311692
18  10 453847485
20  27 772921099
35  16 1692496881
31  33 1497409007
32  35 1065606493
19  18 1816444872
39  20 1520677393
24  32 1090183476
14  24 1580890685
7  0 1180680258
14  48 2137411087
45  32 1173834714
20  43 1972783599
16  30 2104351603
1  27 609090439
40  6 211115892
25  47 1745254019
41  19 1301284760
12  18 514046829
27  4 842162177
26  7 1241423868
14  26 1289108304
36  48 812289479
0  18 1033462374
27  14 708689885
34  45 1901655829
7  40 1510502715
1  37 1800992875
26  14 386220822
0  16 1444614292
44  14 437971373
30  24 548120120
46  5 1225942158
15  42 387572453
42  2 1388361970
8  40 786967174
11  30 684067368
32  22 262773697
24  26 908398013
5  44 549566317
13  5 1962823849
43  29 1285085398
8  26 1171775676
8  43 1610733555
40  34 2084960667
6  4 1508119471
27  11 1657823750
11  23 1712491751
1  30 1019779465
41  34 1035243914
18  27 336502809
11  12 1925512830
27  32 896192182
20  26 608038607
41  29 544929045
28  0 656390854
15  20 1811955016
1  24 1866210907
21  39 1387704668
32  11 278877804
6  37 1853263917
12  40 129646800
33  29 503492881
36  48 358986790
28  30 118094289
47  17 667485446
37  12 449304044
4  5 968783635
33  38 2074498226
12  9 1017192076
26  32 409875083
41  26 265565080
34  14 1366063308
4  22 1968384647
43  19 790759003
13  2 91431290
34  23 1030713934
32  29 980767672
40  30 1344954728
40  36 237401807
37  38 612412554
1  31 1745008859
19  21 2086784056
16  22 1199752273
49  12 1392201417
3  15 992753808
29  44 1003445317
49  14 1514853161
45  11 1229959617
14  29 1139487425
20  15 534277432
48  28 1095549913
17  14 64694577
15  4 1299224715
38  35 467244714
39  12 1087700760
41  40 283390058
32  44 1850867598
12  13 17816784
8  14 1066750507
12  15 1783539885
34  48 2138249728
9  29 1061823859
42  32 304012067
10  23 1968782810
29  11 883995711
13  18 1843211265
2  37 53203173
15  42 734288347
28  17 1475642357
31  49 45925357
14  27 488970325
4  42 1203881359
32  11 1365972449
48  24 253649048
23  11 1754323976
27  30 392174939
38  30 990445005
6  40 2039753016
10  34 773536184
39  38 871048188
1  5 1279629089
1  28 63460023
4  38 1370467039
39  44 511195051
41  47 1483879839
13  6 252685346
46  10 626711758
41  39 2140688753
6  10 599002629
36  10 2096449931
9  5 1680391694
14  19 251845051
10  41 802906889
9  20 1860067654
31  0 949247974
36  37 414831553
4  35 701240885
12  29 1293858399
32  37 879307898
26  33 1641813290
4  40 824015689
34  12 1089026410
49  14 676816348
29  38 27393400
32  35 729446363
43  35 1966296897
16  0 736439344
48  44 139952985
28  33 1900878331
48  1 1544304831
23  2 985397956
11  20 1652598693
12  6 1859239505
43  15 211460870
19  31 754708849
21  18 1544293373
13  30 1054367102
35  48 177037372
7  29 503192925
46  33 313549172
14  5 557956445
45  23 728688901
6  32 257426497
33  32 911246272
16  20 1730990661
22  5 169182612
26  29 86725942
23  17 2019037846
26  5 841026725
46  42 688314503
13  41 65933740
38  18 1194986410
45  16 2079263634
43  34 1140104839
30  11 476006788
24  23 1387931481
1  18 629202164
31  44 1343767242
21  44 1345925666
20  25 929525607
16  47 1265836231
1  43 2055306751
15  27 1730810945
49  42 1500419057
4  10 1125691787
11  41 467875820
41  46 734578370
40  24 925627814
25  24 370859954
15  20 1194774546
10  15 1622894319
12  27 1448532689
31  35 1908835281
38  34 598023028
18  11 2043875702
18  12 1144019293
2  20 1751490487
23  4 386229307
13  43 651390111
28  26 1409899065
31  38 347828892
34  36 1564327009
22  30 1815119722
43  47 1337359914
5  11 1413188229
27  35 1638543182
48  37 287763307
14  19 32042658
22  16 1198470949
13  49 1848759005
43  35 93020718
3  16 781017122
23  7 2067463750
43  12 1646645671
37  48 1784544149
44  37 763460738
19  10 1882682342
13  3 1715438825
40  3 103523542
23  16 577678554
20  1 481110214
44  3 1292840238
26  20 1702792010
36  8 430537785
16  45 1232072135
27  29 934943453
45  42 204828459
5  45 2012550473
31  18 2087245053
17  10 1078893928
32  41 2049259200
7  14 49305940
46  41 1703930547
32  41 1834771593
27  23 1709124053
22  48 1556374484
19  46 590773848
1  16 1386171526
12  34 1493918205
46  33 65851635
45  40 1745194796
0  15 909931189
10  31 1686294651
16  22 156080380
15  29 572347391
29  18 1131103053
9  15 1991122538
43  35 1803621948
8  35 1707221344
0  2 1742196985
10  7 1408425959
9  38 1485694107
44  0 441614335
43  22 1960574749
18  3 1271271235
33  11 669180854
25  10 884765766
6  26 1841886679
8  4 1919046765
0  22 1565207295
31  29 1896324476
13  15 1438100371
35  5 527361814
21  45 477969869
1  43 38552595
5  19 1744299737
7  26 1675094103
19  46 1097739050
18  4 1874409196
30  28 682181759
7  0 1322579215
28  32 1402364115
43  13 398161665
12  47 893794327
33  3 929288897
9  5 1948767686
16  12 1676064264
27  8 1428658704
24  45 1525206857
20  18 1340009044
22  38 431935802
41  45 1611319510
25  21 177656634
10  15 1860288337
2  10 1728616921
37  15 1100162643
37  17 156097315
26  47 2040750906
25  9 172297036
19  34 922150893
23  41 728402417
6  18 494944702
8  32 1899882749
45  44 1460909331
36  21 99377280
20  36 1194187231
0  26 1982950395
35  24 1446374864
1  33 854974938
14  23 1481583674
3  4 597682856
34  36 1026231097
7  39 1801456276
10  35 286558303
15  19 780709674
4  26 1163875886
10  34 1245447801
21  23 2030001138
36  31 1189127591
12  24 1089998725
33  37 681946344
31  11 2136002036
26  33 2018789612
49  11 1885006006
6  17 268208047
6  29 524174952
15  48 352350547
47  13 18835031
12  32 801727833
15  10 1698229233
14  34 1172675756
0  35 1327711010
4  49 1462978043
26  39 912850129
16  21 912960196
13  30 594381528
37  25 403058345
40  8 1609188520
24  4 925777855
44  1 859548258
11  8 1870426030
38  44 2000785522
43  5 945811801
20  22 1759437845
18  16 1880988069
8  34 1410847448
42  3 584398926
18  23 476817853
34  28 43010090
47  44 1068750644
28  18 1904583738
16  41 1537825444
21  0 1028412433
36  15 598414951
29  11 1264704466
40  11 555115805
19  25 553471867
38  35 683461906
2  20 1052037100
2  25 1121931335
41  47 1894360621
34  5 78052215
42  13 1805118678
3  19 104790704
47  29 2130982920
35  0 739496989
37  20 939688527
49  7 685009688
2  43 511280715
34  47 974627637
36  16 2093500066
1  12 1511891350
12  13 1405835328
35  27 452073020
5  30 931055541
26  5 1159592618
42  25 1525941901
1  46 1314516894
23  34 543672079
16  31 589159147
6  39 1619219699
37  0 687694367
43  1 624605665
36  12 518587987
42  33 757040815
15  9 1049634856
0  13 38156139
30  2 1915743168
36  26 1657241144
41  33 1961738845
6  26 834818581
47  11 631050892
1  21 588061318
7  33 979450755
42  27 162209541
10  4 1792311508
45  25 1125891629
23  43 1822721107
11  0 656194839
42  16 193175118
43  47 1750172781
21  3 1317225
18  38 1752989963
0  49 950397572
49  22 1381792671
12  41 454869610
49  34 1406486571
31  2 372069702
46  36 407840079
7  42 454675353
19  45 397188193
45  42 1572357201
5  17 1514670907
44  47 255263337
49  42 516150262
11  0 1952993745
47  15 113250642
42  0 1440236791
40  41 1087289491
8  30 1266941322
26  30 1377552136
47  37 999527007
5  14 93289021
38  32 264059703
22  6 484164601
17  46 2047884496
5  34 647385981
7  26 451320728
30  43 652736299
13  19 1962308933
43  4 212565447
48  47 1370433290
32  20 2108613494
0  47 1349909702
39  47 2041881720
1  49 2029820145
19  3 1808593395
30  21 1547567086
26  46 1913386586
7  14 1233110934
5  30 1783909725
47  11 29586434
45  9 1937062493
35  15 1224159645
11  23 1010733386
8  48 457143970
42  20 1063080530
30  8 449326370
39  2 1936668179
49  23 1408490559
3  17 167225536
34  32 1513281419
15  29 1031062668
14  43 55100484
4  7 30326244
13  4 1812050965
9  24 1783115275
27  24 540828651
27  49 621899062
47  9 142640172
22  38 1380322109
8  20 2079146647
6  2 1906105778
48  5 1754083321
8  19 260830725
38  48 1188802035
35  9 1720093758
2  21 865268628
23  38 1263315725
10  18 720334129
8  33 1390451330
28  34 106754424
7  14 1446751683
49  5 1536377536
29  24 1527885557
43  10 1345611022
20  22 1638596740
21  31 1861995394
46  19 452919309
25  3 2080431250
28  26 1155368353
14  48 956405479
37  34 739469991
24  4 6019626
28  0 942460507
14  0 726313006
17  39 4856179
16  33 647883929
19  34 1900006236
28  39 1177877890
3  25 2132766735
35  4 932612924
7  23 1639542934
47  18 1820909461
37  20 163796931
17  41 1684567600
39  28 2027756635
33  15 1536151657
49  15 233801284
28  4 460968352
2  34 1535138
18  8 149598353
34  12 1526455867
17  12 490600166
14  0 780222940
25  10 1087413954
45  11 1294649068
3  14 1313430546
28  15 331636905
4  24 307867519
47  9 456140346
48  44 1750025899
20  42 1408617089
29  0 1164509517
18  6 883595023
47  24 1624446714
27  44 103236489
40  21 1360505991
7  44 2101553317
38  27 450846915
19  21 983785434
43  18 1994648252
44  33 778590005
32  37 1370512963
16  49 2145485378
15  4 49941412
0  39 805020146
10  40 159792331
11  39 407929914
49  39 1614473934
32  26 435830948
48  16 600307744
24  17 1187386199
3  9 57804460
0  45 820440790
26  7 489956932
28  5 1002576635
40  9 1807343925
23  33 2131211354
31  8 64803284
21  36 323641971
21  12 1837600055
8  24 249029480
26  8 523086476
7  18 274910777
46  32 727144607
17  24 1002999227
7  18 823484642
42  37 399062903
41  12 1212724418
17  16 2057294837
9  5 1451949910
32  11 824554553
32  25 1116758159
36  2 1008928773
47  46 1761055523
38  37 487935044
8  42 2036469448
6  46 1956356906
49  22 788484433
10  0 1160969232
5  25 93012567
8  40 1130703500
20  12 1077184232
49  0 641710288
49  12 208997078
45  2 1250864633
1  45 213125258
29  10 1711414262
25  27 1918698681
48  13 1173397822
9  19 1147138295
44  13 1119677323
42  22 26295549
36  29 974701308
10  33 664192163
9  7 358318944
7  31 923287854
14  7 646473863
47  29 1898151440
38  14 223675031
18  22 1313650209
5  34 2120171188
42  38 341749270
35  15 121520657
20  40 2102914347
28  11 2071393186
48  21 904934382
25  4 1338214312
39  5 1352529064
9  22 2059984632
45  29 2023420537
27  20 1146956608
4  30 1905207842
26  15 504445826
22  39 684476590
12  42 133736853
32  7 700097329
12  7 969472081
19  45 2065064372
33  1 1075337090
21  20 868297576
40  17 1878770359
21  14 1325056359
47  42 583177054
26  24 651990901
0  6 1112342585
38  46 779781933
45  19 1599259900
31  25 785925070
14  5 2013008013
25  41 1108027249
43  23 429947484
17  9 524114174
15  3 1781132924
29  40 134365637
2  26 259687054
2  35 1388374244
23  28 929897865
22  31 1374380155
7  9 1862107642
26  34 502985605
1  35 1042049676
39  1 1069014998
38  17 912202673
1  43 806576770
15  10 1747278991
15  0 1618419790
10  21 831794868
24  21 841552386
7  3 421738114
28  11 1970106016
16  27 882840342
31  2 955360274
24  44 625186064
47  3 1395328296
37  48 183666805
6  16 463167777
44  30 660484215
8  30 201860833
49  32 992424372
33  28 783189475
43  17 762277614
45  0 1182229246
17  35 522118702
34  9 546278788
20  44 366387813
34  32 67049430
19  47 1646696026
38  4 1822132789
22  28 1357914701
29  18 1723609582
28  44 1785323117
47  40 1447234186
37  11 247786012
12  42 276938703
16  15 483669103
43  1 1142223282
5  44 1788697965
7  22 1532952500
45  8 597060315
36  8 627376860
0  35 181984525
39  19 772121676
40  11 366529352
33  40 2119806968
26  46 662149241
33  24 336846738
39  6 800414006
12  36 688478936
34  0 2115780276
17  32 370900243
13  37 1553652080
21  37 1507446750
18  38 928660135
47  41 2146580158
8  26 968034778
29  48 1752258783
20  40 322828185
48  27 243993243
44  29 1832091856
31  4 922523842
39  18 1389218037
41  46 218359845
32  11 2066095882
4  20 1555055145
14  34 357391207
48  40 1985010327
8  43 1052150346
12  6 77021846
36  29 1436112249
45  11 1161607406
33  7 725811926
24  36 1694532768
22  23 486786986
41  24 622741099
19  24 26880870
13  42 540585582
5  47 2062966279
1  47 1610942502
28  32 1084257095
2  3 855144145
19  18 240572651
34  7 395505430
29  34 484070671
32  24 1996788231
19  44 1175300138
27  42 343596229
43  38 89234873
8  46 1928403872
15  6 1250141677
33  23 1923153572
48  16 2097780252
1  46 1786327557
26  38 404595068
24  16 687818104
9  5 1092710376
7  20 2086631867
4  46 278604633
5  9 1545205022
1  48 1768704048
47  46 2031431770
49  33 1842064356
38  8 449314891
10  28 2058482504
44  28 1292134016
31  14 75771810
0  1 1078321985
30  34 1019628731
37  6 1589158938
33  36 1478958406
32  18 1547073741
49  6 123497955
23  10 1425378437
8  1 1526520770
4  22 678318933
31  7 442715394
25  41 1341579900
36  46 466889101
20  34 1741205974
12  38 290701288
14  24 1522196414
6  1 997908133
26  47 781313607
48  14 488340950
46  28 798900489
3  7 1205371033
34  1 1358047997
47  21 1546691615
40  12 280042527
19  41 18086392
15  7 2122655415
7  40 1007831897
20  14 656273699
14  30 470140196
8  12 2120138298
8  20 60051122
21  16 1322918436
45  43 232304222
13  0 1926958525
39  8 640912619
35  10 1791472451
2  46 1589983963
45  36 1560013107
4  18 704293535
1  36 1545540123
19  23 887407684
1  28 921117347
43  37 139645414
36  7 432362328
19  42 1875497044
35  39 1341724391
43  20 146069239
0  18 895878437
3  35 1125113337
19  17 201004908
46  41 708358665
32  45 435031659
22  41 1049081278
18  38 1019395087
22  4 1050930650
5  41 1280314769
10  15 1585798015
11  13 246436581
0  29 1746077898
7  5 1365587817
5  38 1878074129
4  28 2010971070
30  9 1656396611
3  32 930867330
43  40 1641288702
21  5 1409635427
33  19 1844357178
19  4 1465894632
4  23 660358182
8  12 621539432
28  39 1637509704
46  24 1682632182
19  46 251586094
34  35 1390726494
31  8 542699530
12  11 34841480
42  3 1088386996
1  40 1054003365
30  11 550219441
6  18 1492140615
22  7 1618468193
22  10 598350226
43  5 1342314698
18  22 665801634
30  3 14686988
35  28 1416744762
37  13 444157172
29  0 2132438522
39  4 1466596462
44  20 282779083
12  32 596476369
30  25 1128345841
37  17 979343426
4  20 509059525
2  23 1804176678
32  39 1539416704
38  42 1798130677
14  46 586368413
5  16 1756856634
14  11 1975789476
16  49 405972162
2  1 1154486759
0  16 367786290
8  21 2093954560
23  12 1090606424
46  29 2121274562
2  3 1276216373
10  29 1230420846
18  3 1485032338
6  40 670136646
23  30 1431626332
36  42 1580121050
1  16 1850277555
40  42 1703415998
7  24 2106898866
11  36 201653742
46  16 695457969
32  24 442150451
10  1 162788524
44  42 261745339
13  18 97882553
29  49 701650200
30  28 726545251
22  2 1751545371
8  32 1703325177
6  19 317207575
41  24 61321693
49  25 5143916
10  29 1261395900
35  39 1784550974
42  36 899268893
47  20 833794094
16  25 1583304301
11  2 37896964
8  4 667996556
46  21 597825145
15  46 930880041
4  8 910605469
29  24 545741905
34  5 223258665
24  3 1979723919
15  8 1440448401
40  3 424488867
7  20 1993995692
19  20 1300840876
33  1 1862069825
0  12 183892745
14  20 743143828
43  14 1879275548
6  21 147046093
49  15 1955827647
16  42 293539811
33  22 1281750211
45  1 1991128319
3  1 411116491
23  42 119615217
25  30 2120985652
20  27 96574923
8  17 1851648754
9  24 1278155011
43  0 2129438470
22  44 1203515084
6  25 733728918
44  7 449238600
11  27 153202065
11  46 633097486
19  22 1802997368
13  44 1099296312
10  38 1491201112
3  17 1237335235
19  26 647953275
46  11 1447957219
38  8 1849352437
9  33 920194032
11  1 1327280349
32  38 1762698366
40  30 277786798
47  40 1687140500
0  10 1440297310
5  46 1155745879
28  14 1618151138
32  4 1568692741
29  33 954369138
39  41 38098640
14  5 2082935996
25  31 1951511191
49  33 313814176
49  2 216654347
11  42 528463468
1  10 605403617
30  0 1482404480
16  44 489316509
36  3 915931799
7  27 1596008792
8  29 2141274787
8  17 1861947133
17  24 1025843235
2  25 1850620877
18  5 411000683
22  16 861175708
45  4 2046366346
29  31 950520473
18  24 1170407802
49  4 489585852
0  21 1124783674
46  15 741890406
13  48 1088490560
32  6 1906007663
39  16 250948203
9  17 715624640
23  15 1747716992
43  3 837879733
20  8 1201850944
28  3 58642853
23  35 1692338689
31  40 482063626
29  23 152515904
6  34 1976942097
19  18 1671547839
41  43 796731874
19  27 808871333
23  9 920421562
28  9 2112516437
3  25 1597023324
37  12 783536950
10  14 1106536962
31  41 2107666308
5  17 203145862
24  49 2043936601
21  39 1406766147
14  28 269601241
14  1 303936896
38  37 636409255
26  30 1374745704
44  17 1512633375
45  40 609726080
44  46 1658677751
34  32 1753369928
30  37 41396898
13  44 1750520778
3  5 401735604
27  19 1907550058
26  41 1516228371
32  36 1323528172
35  14 1094862989
32  44 897861346
26  42 2068595838
28  43 1162614936
47  4 1940882262
43  9 11927558
40  35 2117146878
46  14 1406877913
43  10 775572965
44  16 1022115446
15  47 816862470
20  25 1536890263
8  28 390181356
8  6 594783127
6  2 648624014
12  9 1132025151
45  21 973314253
1  14 777417056
7  17 1921948331
14  5 1099472199
21  32 233935278
48  38 1999182506
10  14 1349613309
11  13 346925932
35  26 8017679
21  45 651001164
31  48 492310746
28  21 815220194
36  21 325357016
26  23 441817367
31  15 70803893
20  7 1903259844
8  12 1063860418
2  12 167198913
3  29 1517800731
12  15 1721326860
25  34 1841503617
1  2 142486501
5  42 820475062
8  0 1676241282
35  48 34447758
13  17 823691473
18  0 998940050
22  44 1317597742
4  27 1370074498
12  36 1540092529
46  35 54127765
32  49 1749101011
44  20 1282856817
33  15 1747285147
23  46 129681455
21  44 733387320
41  6 1329696040
14  38 144432369
13  39 1597338109
31  45 810355008
32  45 1770877025
24  19 217793060
16  42 722895062
46  42 1339827111
46  8 1304926215
11  20 1231335948
22  37 1463813633
33  34 1171710728
7  6 724344258
36  26 904741100
43  28 1132328694
23  28 181551171
38  37 219379232
1  33 512303385
33  0 1412527998
13  30 137842145
46  15 1910147288
18  30 981569756
10  35 1367352944
15  0 1374677728
46  3 1758414507
32  19 2037739695
36  17 773961392
45  31 1697823917
19  29 395772746
21  4 200924067
35  18 532410627
36  41 1972228825
36  18 1405304054
18  12 650399344
18  30 292714238
49  20 2028120293
37  6 2020506692
12  22 1442777254
9  5 21851591
40  24 66809142
17  28 912702986
37  29 1493998000
11  37 1289159799
37  2 1797078310
43  35 1248496348
43  4 439248023
41  9 1046877140
36  20 2124008206
21  36 1085735469
13  37 1212785986
47  30 377453869
36  44 967877430
47  48 523685884
30  22 327810734
4  44 263864572
46  12 693369322
44  1 551031755
38  37 1061696778
25  0 500353453
35  41 1657249172
35  33 672881263
35  26 2119669643
40  5 2118066435
30  13 1712257194
37  24 1298007817
1  18 611442973
46  28 1301413517
46  24 677386584
32  19 223724222
34  35 1934722264
4  14 437311473
34  47 163829436
10  37 2123646814
38  44 1041662142
42  26 1228236158
25  40 636361428
27  22 1430769008
12  16 83207630
23  32 1249092534
5  19 956987863
49  46 258367382
3  18 1487541658
19  25 2017165163
11  17 219117366
46  9 1337549407
46  43 89390998
3  33 1074997500
11  42 465960140
23  9 346397438
10  35 1971793819
38  12 1093281703
24  1 113029439
11  6 1125510615
47  14 1455290979
28  23 2003398292
36  30 1455580646
22  36 123399201
9  34 1266178592
9  16 841339166
44  45 1968945719
0  43 1812569473
37  12 2006673944
38  22 315668394
16  12 1823101263
21  14 1093744852
33  26 1920428201
35  22 471834357
42  4 1253999196
40  6 439906525
22  9 1501112261
10  16 842579860
24  45 2094392077
26  46 1134842113
32  17 2143454105
11  10 348089202
19  2 1880147250
6  38 1418744644
3  5 360632956
12  18 1930508809
27  36 1829910098
22  3 392384759
37  48 869787433
2  11 1019704308
47  15 1731265559
29  40 1601348471
17  5 2036409734
33  11 83057579
15  7 450155444
36  33 419829361
16  7 1318507277
8  34 1363072439
13  1 288775607
36  42 990747477
7  23 1866312440
47  49 532867944
15  2 957312960
5  9 1979435670
26  48 1438794109
8  29 2119924315
44  40 771526280
15  0 802835652
4  49 1282399039
25  9 940882332
13  28 894589646
11  47 1915372341
1  11 940797340
0  33 268996772
31  4 2101373478
41  20 1330244146
12  5 669202142
14  11 1525356687
3  43 899928932
9  26 1293045528
13  44 662765382
37  35 1165338397
6  23 1369612426
2  43 1339961363
16  4 1329551786
12  44 2127159752
33  32 179724488
21  33 854931200
7  34 2042946094
15  49 1081979368
1  24 2047895667
46  40 826385185
5  28 464476987
26  8 1969701307
37  17 503863211
17  38 1814444611
33  14 1757789003
42  10 2065321141
27  11 1515420113
27  10 173419704
24  27 341304263
47  49 1683420927
26  1 231314351
39  8 2014080547
25  34 1428187687
31  21 1962828506
27  21 320321491
35  30 2039793544
19  4 341065329
18  41 1790078646
16  6 1933864476
25  10 541131065
29  45 346770398
