1250 50 31 21
2  4 1555209567
8  6 1435603405
3  34 1442697203
14  29 200020786
48  35 524993651
19  23 15543383
24  44 150502361
1  20 857492925
6  15 1510674322
3  5 2097111480
38  4 137924619
10  49 1024052041
45  48 156389323
23  36 866145748
15  24 100684379
18  19 519888710
25  43 495683090
33  24 1436188998
17  13 2009180929
27  36 261476225
12  11 109956632
25  17 2105079122
41  2 1500036166
39  48 1380215478
49  30 265897465
26  11 1522702358
43  5 1006406222
10  48 504615466
23  35 2125381137
0  30 1245936474
40  36 1495560333
22  38 1023462049
19  0 1263671671
37  9 701058456
13  41 2050007716
47  8 1705179832
3  11 1210595382
7  21 716906808
12  34 1943406065
14  30 1049907514
42  32 626315307
2  22 1487633287
41  22 185120722
6  44 1589816109
37  7 520608654
39  8 1207651237
20  23 1288962144
12  20 1244704351
44  27 256743056
16  46 1429151441
12  44 885918761
12  31 503860963
23  6 1421649569
49  13 311506165
12  46 709419206
39  14 2131718483
7  48 1822721335
10  24 451248491
33  15 1070307987
2  7 2057826989
49  3 588420867
39  1 541967465
0  12 1389878588
3  25 1502810915
23  49 428745466
16  33 1529373395
42  26 1805389650
29  24 302406807
9  12 238576353
18  14 775496823
10  42 6755096
15  7 750813137
5  21 1878684672
30  21 1430935185
44  17 168768633
27  39 2073640778
3  40 750090763
29  36 60088797
38  22 1084412089
48  18 1141886054
33  23 500372677
31  29 2137528715
27  10 435647915
18  23 1832455583
35  38 1254223933
18  13 1321958012
34  24 936523381
4  31 1763233287
13  26 996724118
4  27 712620570
16  8 430371046
4  5 531803566
16  5 1495702664
17  0 375789704
42  20 1705308332
41  40 2003908950
48  6 840070287
34  27 1110847444
20  38 1341275724
9  14 1531107393
19  21 1537300096
25  4 1058307331
24  9 1944328571
33  16 2129208762
28  39 711550532
49  3 672619044
15  19 349831780
16  14 94163515
28  10 1016459093
4  9 1321367280
31  26 1858070783
48  4 1184321387
19  4 507411125
28  17 351724212
45  22 866428006
49  34 927310438
21  24 188141513
4  19 649421941
29  20 1885833739
20  30 97010591
18  45 1751630381
34  18 203617219
43  6 1567159317
49  25 1417131635
33  41 969297713
24  26 1760778682
45  39 506873692
23  33 766503914
9  44 423902352
17  5 1395596647
32  26 1248901024
21  12 314898797
6  1 702426960
11  18 1766437791
24  19 1832210594
12  27 1350464220
0  31 962127791
14  2 913941745
34  23 2041174108
13  24 634238829
21  4 1119727104
18  3 623202228
38  36 1599210834
27  33 1300554030
30  14 1143465550
0  49 1095967864
1  6 1256878006
13  15 1844633810
36  10 1879784307
45  29 526120530
46  7 1343548753
6  13 790579931
30  45 869191431
33  48 1109435617
36  30 1204477137
22  23 1142753882
2  7 1173713458
45  38 159416531
20  21 670310176
7  39 1663862331
16  24 501848302
6  25 1290008372
8  22 1308176622
0  32 881513506
18  30 5396839
38  35 206923213
44  12 139615523
2  19 30877834
33  18 1876731883
34  9 30030284
42  47 1783576620
29  4 1185404781
18  47 432522262
1  5 1251859773
39  20 888170102
35  9 1451499767
42  21 363934797
15  23 2039094185
49  33 1244381734
10  14 878978802
24  1 1415905597
27  39 1996759948
12  37 688173903
14  5 1337722963
13  36 2016309375
33  9 1180680450
25  41 2079413615
1  8 839365093
17  39 1710427256
33  8 436297289
9  20 1030683733
35  11 26753446
3  26 733515074
0  41 2026642380
16  19 1451825032
42  10 1931152561
7  37 742944338
39  25 628321578
34  29 279013901
48  9 1289593043
19  37 614037749
42  14 770305482
11  33 1912523078
14  42 1387170074
6  42 737976635
43  5 588412742
19  13 861284605
22  24 264766160
45  22 1751439780
21  8 1919503432
39  46 1200199829
32  47 1768801501
2  12 466779473
41  25 624559690
30  17 1764353028
26  5 1081341276
36  31 1649692290
27  26 1182070761
35  22 398915365
11  35 1021451397
2  15 595281890
34  49 223790106
28  44 1514709097
21  47 752695616
37  34 1456745441
4  43 1390913468
44  27 1666247459
14  2 1591917987
23  43 1870038064
32  22 1919116129
38  24 1198292096
28  45 385759370
38  32 899974949
12  24 314498135
18  11 1040071370
25  32 766450418
11  9 1298639225
40  16 601590906
34  11 1092592388
16  2 782216146
22  31 1823665377
26  34 1989773576
43  10 1651964038
26  39 554125709
36  15 614935190
16  28 640085369
48  11 1544177139
30  28 607735125
8  31 1266465582
47  34 1459454573
20  35 123348395
49  38 149621477
38  1 2126183509
17  33 1463285251
34  33 1185761194
0  34 1286836304
4  40 622153779
4  21 1855430001
11  26 887040037
19  37 1912715422
3  26 1177407522
38  33 1473998181
3  19 852999003
9  31 1999913873
22  26 170121345
45  19 280386309
24  27 1711383056
18  21 1537879058
30  17 552488405
13  37 1165487772
49  36 825725686
15  47 922382053
30  1 846186284
26  44 399218127
10  37 320392264
4  7 1817992313
28  14 1498682369
17  30 1914736132
48  29 1651961855
25  48 1542577278
15  33 2087751619
26  20 544876968
21  6 2077633248
41  35 698780558
49  10 1414320127
20  14 980529991
19  47 475801589
11  35 220391778
24  21 375122981
48  32 1249745543
45  35 61776552
19  13 1679229450
12  46 2103256681
22  11 940811650
22  35 62427833
13  4 1325723444
25  49 770468495
17  24 904119318
43  4 1610270988
10  5 879763465
3  14 1912276759
39  19 510205243
37  4 882432222
10  29 1355440847
12  2 1843933766
14  6 453403322
30  11 1910157703
33  23 8543698
11  40 2052122376
41  14 1256609493
34  40 309439556
24  48 618988653
30  40 56037977
38  24 1640639965
43  45 901581272
49  22 360039743
26  35 912611607
26  15 54696067
39  14 2082135467
8  29 959934633
39  3 123505198
36  44 2113645117
30  47 989608277
21  29 126482825
26  27 534012110
7  26 1126320026
5  48 1293076341
39  19 452488088
39  29 1582477554
22  9 923625318
46  26 342211395
42  20 1322559544
25  19 936647734
6  19 1910851917
6  15 1635125085
9  12 1727802200
22  32 900902353
0  32 2092595253
33  19 1638695700
32  9 159317947
14  22 1099729680
23  25 794161147
8  38 415818071
46  26 1347202975
18  40 2014512731
7  4 199482554
30  31 1377910060
13  46 247809096
2  28 1785597710
48  2 1462501644
14  23 1460529598
16  0 2079123318
15  46 448973824
7  46 1704412707
28  30 1129585439
26  37 1598879667
10  24 1647185047
21  31 1776916640
30  24 1565127001
48  22 2048644803
1  24 585735042
20  9 1207871712
30  49 153324214
30  1 1737262406
30  17 1487712034
31  9 610043499
24  6 1353487736
0  25 1371093690
29  2 1536398067
10  7 1990561036
24  3 1419921024
43  23 916715036
47  39 1127686865
46  35 1464175640
6  33 1115216247
11  5 434125911
39  42 1004364270
47  19 1385479991
41  45 1783551363
25  44 1365931048
43  21 1546529411
31  35 709118853
31  49 1775895469
32  8 650565516
0  43 1036351880
34  3 863568335
6  47 209444871
24  49 668679078
42  29 451381379
9  28 1476921714
14  38 1563480207
7  19 1449761006
5  15 1225290353
12  48 1778404471
40  17 73312015
38  23 742225293
44  36 578564644
35  48 2105748727
40  39 1583412754
34  26 506404000
34  14 1680645453
21  10 301771960
10  17 1779599274
31  40 1585612584
46  45 2055544638
34  15 287933567
4  47 732773287
19  23 1677716224
34  3 669118686
22  18 863565913
49  37 1481488412
2  24 244600694
48  46 1109723313
35  20 165480845
25  22 626696856
48  23 473478807
14  15 14691478
21  6 1477465078
34  45 401248114
24  36 1835230542
49  24 938825607
28  10 1918564156
46  10 547174008
48  15 1292981687
5  40 1016818081
19  37 149340169
47  14 147314191
36  10 1796174899
12  8 970066910
6  40 370878791
26  6 9601346
28  10 1046974074
23  33 921398411
47  9 894934663
33  42 916024332
29  30 1097753928
45  15 486758035
11  48 1282694253
6  7 1027150351
24  32 1056508977
1  39 12604280
47  2 479341973
12  4 1024647405
7  27 137948513
33  29 2106016148
15  41 2040784773
19  41 1495341884
37  16 725241688
30  14 530266481
19  41 1189982887
3  19 1338184746
0  29 1983480635
14  3 552334410
39  8 856591049
48  34 1000199494
30  1 200225005
47  39 1604035158
2  45 1782277542
17  40 215741411
23  44 476361095
12  44 1046311077
27  10 18112513
44  48 1568411549
35  29 706117308
4  36 1699296804
45  5 820929579
14  46 1076125939
48  13 1450943281
34  37 10703131
10  19 76087519
49  28 1971050780
18  21 1841401991
16  34 1276876788
45  31 1173617803
22  40 959380336
27  8 40277069
40  4 40306541
12  10 1742190044
49  36 1194097835
35  45 1397248692
27  1 505454013
1  34 1144201263
29  5 1407291253
39  17 1026631150
42  16 1793567293
42  31 944577223
29  5 2083888824
48  18 1155230147
1  11 596558215
32  11 506475707
0  27 173819559
37  32 326558958
32  8 2101918038
34  35 1703957478
33  44 564579604
32  6 1313081820
37  8 2099124057
21  28 1959293391
29  40 1863948333
9  43 1966920188
28  25 1106580868
26  1 1582622304
14  36 1481828275
41  11 34490497
7  30 1430077887
0  40 1920601999
23  2 1988367925
21  6 2116813064
22  41 1326026569
47  24 1438633675
12  17 71148686
49  30 1017648276
9  18 511939275
31  0 1510883985
3  0 2102110615
22  27 502228859
37  38 409674582
37  26 897367608
45  15 1937629840
19  1 1475871119
33  2 1453932003
48  9 1365948921
21  17 1241663416
41  7 576938452
32  27 1193844987
8  18 722968880
21  32 333634950
14  10 341720489
45  12 562142515
43  41 2099034873
37  22 1855423360
13  1 2080981951
47  46 1359198591
27  41 361406260
16  14 979384633
23  0 751701601
42  9 1841300759
23  12 1460949337
29  15 425704914
16  45 2080284994
22  47 1499792487
8  1 1879565696
35  48 938483925
41  43 1122936984
28  34 1991274751
45  19 1127279030
25  21 220271023
38  13 2062882696
19  4 1982205636
5  34 556694612
41  15 1409511369
26  8 558994487
15  38 243575962
14  46 119973170
30  42 1475360597
0  16 694341738
41  19 2117519369
34  33 956814798
10  12 1319211959
22  3 1070264067
36  48 1007141521
15  35 1690346666
24  37 104012597
3  18 2057484557
42  11 1652009832
20  25 277453959
19  22 1515137641
18  41 1905983657
13  16 427729468
31  15 1567691555
4  3 1823747814
19  49 2111290697
11  28 772061970
5  42 92897753
36  32 1830635709
11  34 1515317756
17  15 321124155
38  25 622786097
37  40 1938784148
9  48 359870534
38  9 2028439837
15  7 1701421646
4  46 1917980811
36  19 433956213
17  9 2000753199
30  31 254420386
8  16 984883436
7  35 787905288
16  22 147027797
26  41 681090357
38  23 2027251517
21  14 2072493667
43  8 1667266147
12  28 87705514
6  32 1856167021
2  46 1519418298
14  29 1559368298
35  15 1135208909
34  47 1113529287
18  19 673400102
36  4 1236380608
33  25 186736921
46  34 1742591147
26  15 365117587
1  13 1244760723
47  21 870814231
12  35 700453731
0  26 557765238
15  3 578754231
15  5 1958835357
13  3 1905665045
2  34 1944112897
3  27 174965259
9  25 628556731
45  28 1086440889
27  19 1131516136
6  2 1856110391
45  18 1213476983
17  39 366028256
42  28 532041222
4  49 1364448334
30  35 1002970762
29  36 843432184
6  8 97956806
17  46 1087153731
11  49 1189703270
20  6 1055289054
1  44 13541008
17  21 1538932363
26  1 1028430593
47  19 1969759552
7  28 590680585
10  46 1944115587
39  37 1185092148
4  11 941399665
45  9 190007365
4  2 204124935
5  47 131897019
12  16 1081814560
9  6 82308088
0  19 493804494
25  18 1234812269
29  36 905024459
39  32 1290634167
2  46 1131978449
39  46 123165844
1  44 607832408
4  12 1806950931
18  27 926291586
39  7 94783586
48  8 974503683
49  34 1087304569
47  30 2007245085
30  16 1878432033
22  33 159549852
19  43 1096697050
37  25 1521410411
6  47 1001940317
4  40 1793313721
44  41 1845039818
17  9 350457699
31  23 1673100497
34  11 1778712782
32  23 632391864
40  4 156204848
27  9 1170254353
5  49 1807598253
24  31 1542809678
49  44 1242795874
25  31 1873178964
18  39 821925065
14  34 1705354546
47  46 1450844160
14  40 1569087165
32  29 1635723055
21  25 1251494093
46  1 103167392
43  37 2113316911
0  2 63884048
28  27 791573527
2  11 1878523240
46  21 1129806456
4  27 1569623288
17  39 1104444060
16  11 1901594210
25  26 435296563
29  37 1572623143
18  25 10660133
27  25 1589742934
7  40 867874998
20  19 1974884985
6  20 1071365351
41  26 987056747
46  47 1422306668
15  46 2099888308
49  1 240950598
34  12 1693249177
12  9 1897706104
29  21 2014202185
23  20 1857866139
30  16 54757644
8  30 1239951063
7  27 1089928347
23  26 1378029676
43  8 551669377
32  43 1119840498
32  39 1463790959
0  22 90946027
30  35 295701192
22  21 779556366
46  2 953948433
41  14 757316597
20  43 1151723004
48  6 1126801261
12  47 1606230939
4  48 1494015109
14  19 233654105
3  45 1303466679
16  38 803578499
35  1 84162848
17  14 1904151351
36  7 595561085
9  45 689664813
8  13 343232561
47  17 582078950
30  26 683367328
31  42 842341935
5  47 1811811798
31  43 1152056052
41  42 1256813668
42  40 1299406242
20  37 1861868148
24  37 791532913
41  31 380713554
18  16 1308128884
29  35 75118100
22  21 1201245735
19  23 1819954750
14  25 1942413716
4  27 1446947985
48  6 261398706
9  0 1065799484
11  34 12820936
40  30 1257437177
17  7 512284888
28  10 1350843624
34  5 137996013
0  15 1486371185
18  9 636355526
36  21 652037181
39  29 1570481139
10  37 1140795140
34  16 82999018
12  48 949547636
17  31 291370415
25  2 341367134
9  47 218865535
4  38 1132234005
39  32 198515882
20  18 1960123990
13  3 486719594
41  45 1930699629
45  3 1926366419
44  28 841357960
21  31 21794773
43  1 1680688957
17  30 443720891
45  27 1143070649
1  13 748181443
4  47 1331399360
40  17 2060537405
13  9 126706147
9  31 1819684474
2  38 283733316
24  8 1707054973
35  31 581701110
49  47 1658715861
44  23 768576424
28  4 236180099
5  17 1142036505
20  9 1906541545
12  3 367212831
37  43 1980948423
21  20 1936836669
42  11 1001435149
27  1 390836867
5  11 1703273927
25  30 855829455
22  3 1738746869
36  49 1728565161
3  22 1248286940
3  42 583500532
8  47 2106933960
43  41 1516581553
20  38 818695471
38  3 1831374691
6  22 1056973084
43  24 1221942371
1  32 1738255831
12  36 1204161379
19  38 480008598
37  0 1335776597
3  12 1368562357
4  37 1536977311
38  17 760820072
42  12 1151342163
13  4 719411140
30  17 1727475559
34  7 2078759086
12  1 1772741319
28  27 1489537717
36  29 1100406998
46  26 1656809712
25  17 1509051843
10  47 2003556932
48  35 1199397411
24  4 380637405
34  1 1158230771
40  47 1928362861
1  42 1710897955
31  40 1349651033
35  20 1005628109
12  14 542747538
23  11 105690193
14  31 66368893
16  21 171511663
10  13 1257875022
48  11 1648925725
36  44 162318282
21  26 1810395841
5  23 418753459
21  39 339750322
49  8 1963368584
20  34 694354581
33  21 1486304270
36  2 1083805561
14  49 490769922
33  3 468170807
32  24 2031018923
12  40 1937752984
24  28 1866427451
34  8 1676580771
0  10 740567235
13  15 41831359
36  0 2144852975
13  9 334573765
19  18 1713676950
43  28 442824625
42  16 1262857444
36  46 995206674
28  36 883871629
48  18 1226143688
8  28 677019341
39  12 1859340038
37  35 908788509
47  2 579915394
49  36 257124696
33  27 224085557
45  28 1760688613
20  3 1402604968
0  40 2098277504
31  36 661694251
34  47 436261188
29  17 1285702108
43  2 1348682779
10  41 1753977313
29  14 1807382179
5  0 2009979633
27  41 1580093912
47  46 1102888574
10  18 230932391
24  33 1902078974
39  37 559412677
42  9 121631457
46  8 1656114494
32  15 1442878988
12  9 1960261795
27  34 288871719
17  27 1520757458
42  6 1457608390
24  11 137911874
42  0 608614962
7  0 1525392771
19  24 1848918039
46  31 1650776446
28  22 1583118388
22  44 1289932636
14  31 1186986657
27  19 173337895
40  27 1892240977
32  38 763522837
39  6 1184511876
28  2 1409879274
30  27 1080212414
12  29 52851404
47  27 1897005472
27  1 1548539322
19  5 1621674259
16  44 816103464
25  1 1724299096
31  0 545146966
22  5 83574078
26  10 346358185
6  25 163202006
5  8 262421757
21  34 376522403
16  13 769351438
24  13 1204295838
39  14 1304209478
48  39 1579084682
17  39 1129257437
26  16 200736136
14  0 1595472328
16  47 615079704
4  13 934404011
38  17 2127270953
27  28 451735965
34  31 800147335
37  19 308455481
49  30 1034700604
26  16 480075611
18  35 1272766408
18  45 829564203
36  49 1094476140
19  46 562862511
42  25 623199512
19  9 1277484966
16  34 2099611870
38  1 327865783
35  21 1444563791
34  4 65611593
1  2 2019060965
25  21 1512138540
5  41 786640380
32  33 829245364
42  8 1997820882
47  39 370059594
29  5 1812299211
9  13 43830001
45  42 1972921175
40  23 867373796
37  42 1416169068
16  35 325135693
7  33 1809401181
11  30 986698743
48  12 871937869
47  15 1955416868
48  0 1106882212
3  37 1627337386
41  40 937419377
43  35 479803263
24  40 1473519826
14  30 2095198593
10  32 157196125
36  29 19324152
21  23 526218746
1  22 669392689
24  40 350584862
35  5 1515683700
23  2 2085402196
32  42 193016721
49  28 741837658
8  49 1006191689
6  3 558663893
37  2 640327249
2  43 1250554230
4  22 833638773
16  44 1711898764
25  30 1124446046
26  46 167251634
6  10 2070601005
28  10 1220833865
28  2 750453401
49  31 1525329407
41  40 294003357
0  8 1687664659
45  38 1817234888
9  28 1636530064
31  2 1672095445
12  16 140829001
25  44 81781937
11  19 17345345
32  31 242850339
16  0 465249337
18  38 121373832
0  36 1024514350
16  49 76735775
16  32 1017288618
14  1 620278138
11  18 576799146
33  46 521304002
34  48 1355135747
23  11 110442216
25  39 1722407944
36  11 1967558759
3  22 1366980580
20  7 1388715360
31  27 472199687
25  8 438692333
21  44 1188683098
45  39 878225565
2  12 1495607205
13  0 1293633439
35  16 1149872074
47  46 940940051
25  17 1935026712
49  46 214676977
9  18 364972784
34  21 1264029868
44  30 257235305
4  5 1503328370
6  35 1300770692
16  40 1640845482
36  2 1580120820
36  39 1159391360
13  1 1140785114
10  46 1884632966
44  5 1893447186
46  24 1435133763
1  47 250512572
39  45 987542387
43  41 126984037
49  33 1699180965
1  28 1238443680
23  27 1985017654
35  19 1614917646
24  0 1192975774
5  6 357271198
21  7 2108897849
39  33 1042032179
17  8 691593404
0  46 139294001
28  4 688983926
26  7 2108663497
33  14 197824519
41  34 1552396498
47  15 947157284
38  22 2082359090
46  17 809507029
43  5 273668172
31  16 670822177
31  22 1332242066
17  37 655283015
10  8 1372613991
30  35 710140323
10  36 526184023
47  49 838047285
41  37 1259123574
16  30 881477059
14  26 181887934
33  29 1144017566
38  14 30436450
0  30 636936000
44  19 1519198405
31  14 205325592
2  32 1856849202
38  11 1754321784
10  24 9187534
26  30 166641663
14  39 2033289370
5  0 399279642
38  14 1910020540
11  18 1791415092
25  30 1492420851
29  33 674520634
5  35 205737996
48  23 1887725492
38  1 1769085939
19  34 764890454
36  40 1289734772
43  2 92987871
47  26 1994981507
47  11 164256585
2  13 960856724
30  11 467342446
11  31 1776009162
36  24 1807925867
0  17 406956519
10  49 1212081001
3  32 490265524
1  43 1925486010
48  0 418926635
15  13 1909358926
45  41 955824060
13  42 270165483
19  42 1207371909
32  48 1475784372
49  43 277323851
37  19 962601790
1  47 992302259
23  32 327757057
35  42 811920635
24  27 672563675
0  44 1840325651
16  39 1339873329
22  28 1471881156
31  1 1852207899
45  23 1170810224
36  9 1889886763
10  35 384683562
36  4 1444195347
39  34 1210685192
24  35 715863184
26  44 2047034542
21  5 499624761
11  15 1614022924
36  44 200782741
28  26 818421001
0  15 1380436280
15  14 890849328
25  33 377638409
26  32 1655895509
44  35 177989368
8  35 2132019658
16  3 74960130
6  47 1476317072
2  20 898462573
6  27 90700967
15  2 1342237050
16  2 219196494
28  9 486429361
1  4 1433577027
37  43 454110881
43  11 1003523177
9  8 1210114560
34  1 1746632538
32  2 1724925024
35  7 849337341
39  3 1923510983
7  33 1881885399
18  41 673151407
2  0 462729337
20  34 625006133
32  19 1093152306
9  17 590031908
23  36 118848239
3  14 1424585496
17  18 963068604
35  13 1793773938
0  16 629496850
47  40 2039682116
48  42 1697486974
1  40 2053983962
28  1 335877013
18  31 30924068
36  9 395501248
43  28 439300213
37  28 261852642
29  27 39140026
7  3 412977624
44  34 121413146
6  37 470931723
16  36 94019235
43  48 187435176
18  35 393453086
49  32 1616256646
13  28 892506264
27  17 889708341
25  43 1198993764
31  27 1747691309
36  16 643589296
44  25 1754065331
33  13 1912589911
1  19 249854153
32  41 1603334293
38  48 436140848
22  36 1000612278
3  6 561067587
8  35 802406652
3  8 1227050564
26  8 1398339800
13  25 763855115
39  33 1835541396
36  33 749117020
17  18 936141979
28  12 64827015
27  47 1060166909
34  43 420085825
48  17 1028735580
24  43 1109033214
9  19 1284091509
30  10 1039426697
12  32 100380767
34  15 1834588314
13  27 363149950
23  7 1502374492
7  30 256940225
32  24 1563500819
6  44 598003606
45  31 1853435043
10  42 873305367
49  39 1051552816
18  22 526766801
45  1 1995629590
12  27 348355618
0  14 297543037
2  21 1794152222
41  14 1741063104
37  33 1951364725
24  28 1725272635
37  0 244566301
6  43 548950225
16  45 286256783
20  12 1445438599
43  14 738217733
32  28 572419836
44  0 432122564
34  49 1671753331
6  9 2064436677
21  35 1624726039
4  14 1696576150
47  19 174519651
8  4 1885062854
24  25 1728623798
11  36 452433560
33  22 887802890
49  41 262223793
24  14 616332102
30  37 1252954826
29  19 702142329
16  28 416258225
35  29 155047030
0  19 518515207
30  36 334196523
39  41 465292451
33  43 538593597
1  8 2032151746
41  10 1579007605
12  45 1938043191
11  45 836754010
9  24 899212293
40  16 2038743219
15  8 1642649819
14  41 294944772
4  39 1087561107
7  11 185702577
34  3 1988168991
29  7 12320271
15  0 53328094
30  0 1446849239
11  18 117135954
48  1 1993690107
33  26 1949220293
44  28 2057103059
2  41 1709665068
15  27 980078671
17  11 653466953
34  5 1353437180
23  2 659059403
31  11 140134270
