1250 50 30 27
19  33 62056913
19  6 1469263364
40  5 1612889370
18  27 1974792371
3  37 601038031
33  31 77238127
25  28 506871327
48  43 1564141776
12  33 837377322
40  38 1777556050
8  20 1465758581
23  45 1340260622
43  26 850403896
8  19 1911692059
27  19 1564994789
8  46 883720083
15  18 1272444434
37  9 600708342
27  30 2022258755
6  13 803617813
14  17 1916805197
37  8 994829177
29  46 1387686164
31  33 1287882045
28  11 495726286
43  44 950089141
0  30 331407122
15  49 45932857
13  45 1649397036
47  1 1648614575
8  7 840813451
49  39 1698635519
6  23 1251657741
28  12 75011571
36  40 841993885
7  1 1409751514
32  23 31937587
27  19 1759698923
47  45 1299938514
10  24 545621602
10  36 2129756616
0  11 1758517899
9  28 1994043387
29  4 953692904
10  36 292792392
10  2 41371619
39  40 54749695
27  13 268227893
29  23 1328750891
8  38 664758646
35  23 1457412210
0  35 189000826
7  19 441273091
3  27 1690447448
34  42 333410543
43  28 1606897874
49  1 581095821
23  27 13103796
27  8 268250272
38  9 1118739864
4  6 179474459
21  33 960332029
48  39 820988495
4  44 2014509500
48  41 773309503
8  41 155425291
13  35 84499969
2  15 1748903295
38  1 432056514
18  19 224253086
5  43 1572311377
45  36 1731510815
26  31 776369802
4  39 77198439
43  40 951217247
49  23 434455729
0  14 317847181
18  16 1615019364
40  18 1879152969
15  27 368659153
48  20 634641594
25  39 212247845
46  1 1653389678
31  23 1765206850
4  31 1937553622
9  42 128566763
25  38 1752483673
33  27 794178679
48  36 1278676623
6  36 702078814
5  24 7303980
7  45 705350996
17  29 1939105145
13  46 1733953262
36  16 746246380
10  8 1151115316
31  9 1008578939
44  46 1959436254
21  0 1847468023
14  47 218724394
4  48 846039511
18  17 1711981100
47  7 1601461555
23  29 1632926638
12  36 1883874803
38  31 1867336018
35  44 748337633
49  35 107855085
23  3 1789245922
5  0 1991131223
31  36 1468208428
1  38 1563057243
2  15 538281259
38  36 818256576
15  47 1317472212
4  34 1097855551
34  38 1977635543
16  19 274684320
22  10 257431040
25  43 1179198114
42  14 775049974
20  8 1659193263
29  33 114437755
19  1 2088952730
12  27 21122321
4  5 891718300
27  46 1787487151
30  4 59182492
0  29 2000287596
42  17 1732560746
21  19 1661545625
47  18 404124251
3  49 498364443
15  32 1155376904
5  44 938395120
30  17 1143102618
34  6 1263170472
45  5 77832524
32  49 46971003
39  26 125174841
1  24 133660034
5  47 831989256
20  0 1283445420
45  49 1984459860
16  2 1369996719
42  4 785819919
17  39 1978388404
12  20 2078885365
27  49 792548968
11  36 343353031
48  15 1611570141
31  28 1773979583
1  30 471126384
6  49 1356635220
21  29 885196677
39  43 555499482
7  10 1055699151
36  14 275480277
46  2 1339237004
9  24 267359207
38  8 120030060
1  5 1536873716
12  22 2121859712
2  24 142754109
41  22 2138636502
29  41 1379415057
18  7 171969957
46  3 659705298
10  27 1261964817
36  12 221319228
4  45 233378457
22  39 821355519
16  35 223928921
36  41 411931501
47  4 1934370728
3  18 1467739359
45  0 960040710
1  4 850215014
37  13 759760368
32  23 388937027
43  45 1993675189
20  11 1681906057
37  35 856717248
33  10 965751385
39  9 918646930
28  41 228582837
47  25 380266681
44  24 474135376
6  7 535346654
18  11 1440231762
33  23 1019207040
43  21 2058390368
17  31 139724851
37  19 616185239
43  19 309907996
44  46 480090183
48  24 942329219
0  14 918465217
12  13 22033472
23  33 1694101553
48  21 1150408669
38  26 763200951
25  34 142573163
13  40 211394221
7  13 421589974
33  41 1291616577
46  42 1339938918
19  41 547441347
36  25 1094391510
17  16 325476606
37  34 510996549
28  33 607355350
35  11 1409185211
38  46 584136344
34  15 307893849
35  12 2030631361
47  32 1557264292
35  27 1815847654
6  13 48192163
32  45 1628082525
6  34 2050890617
9  43 2135397395
35  20 1858866157
31  41 1812049799
16  11 309751032
22  36 853156721
49  25 422172082
23  13 942132909
44  22 782104070
24  44 397095093
20  44 1112161459
39  47 372059493
12  41 1531298192
10  16 452581406
3  44 1132192806
3  28 753352863
28  7 2122530715
42  2 1560958141
12  32 734808212
38  17 400229448
41  28 561178264
35  37 1193949614
40  44 764684621
41  40 937601183
33  10 1235491197
16  11 811978120
24  0 840199482
30  39 1436654801
14  31 1884651921
49  26 1532864833
3  1 530456508
3  24 83054235
12  30 1669943183
49  16 585212123
7  44 1293677270
21  10 1111276054
41  35 2015348319
13  2 2095666573
26  45 1740730739
14  17 9148768
6  39 1151696766
49  31 1467928502
19  4 423262479
14  9 1549796619
43  6 4866358
45  6 627644013
15  43 1880665966
47  11 685198536
0  40 796706353
15  45 875752542
11  35 412990147
21  43 798299363
44  18 872932
2  10 889373578
29  45 789013046
11  38 1718265763
45  41 1098160197
44  35 1906499718
34  5 1349785602
19  11 385712928
48  30 765935894
30  38 466260440
2  35 2083771834
26  22 1879523779
19  10 543927898
3  31 1750402757
31  17 605773361
0  42 1112034898
8  47 1129820267
17  13 236394187
7  2 1882774231
21  37 1729451650
35  17 867308863
37  16 1982927822
2  4 817052355
26  44 1199890442
19  28 1238139480
15  6 1738941883
12  32 2076268184
35  18 1405213418
11  33 665057247
48  23 1619936686
18  29 615360711
35  32 1630001134
47  33 760842973
23  9 238757672
13  19 1654735531
38  36 1728129270
40  45 549836669
32  30 1222934076
37  13 669791351
3  10 1413094277
47  31 238556064
23  22 1733819413
10  6 1472935765
14  5 1344291109
36  33 622280444
12  47 955576429
35  18 987304965
40  5 974339729
7  5 579386074
48  18 507438893
32  42 1813190981
12  38 1886041151
21  36 790212206
32  1 562515650
37  22 1266191709
44  40 433775179
44  20 177693901
15  21 100779748
28  34 852698673
19  23 1811171808
44  20 429028179
45  16 197114983
12  25 1695328777
16  1 656639161
0  35 1892528119
48  17 2111458917
6  15 1397929392
10  30 402193517
22  12 1456332727
12  16 668075302
13  38 1856392629
24  14 931446032
23  42 257867964
21  12 1750624943
25  6 959056548
29  48 1343956475
47  25 1397802648
43  19 2026593140
38  25 694689907
40  7 1982375358
44  27 1489498334
11  35 386477962
24  23 860107749
34  43 1014659523
27  38 497789811
4  32 1773654937
12  21 10262415
48  38 1268712561
40  42 1557055704
49  40 1030095307
40  24 1927075142
15  2 849581357
27  45 491650340
8  1 671649636
26  0 760807524
34  5 1477314641
24  16 1863298291
48  46 1297593354
38  45 1981044409
41  23 1659241528
44  7 1181749428
19  6 2068746855
49  7 470932938
33  37 1662711860
25  3 513637829
31  37 2144768536
26  19 1969531724
29  18 250961543
45  11 1727424432
26  16 2110026074
9  6 1822365869
10  17 781597048
42  16 885647476
48  19 672941435
41  47 1548793292
26  32 457194739
21  27 1178248406
33  18 1418497586
29  28 1969368115
36  28 969489918
45  23 835459276
36  46 685311450
35  41 1333938014
17  8 1256404909
35  6 1563094727
31  3 1925170191
27  34 428002991
26  40 2085971889
12  26 1945217666
2  15 78676235
32  4 1634856944
6  2 1392031748
45  1 495395754
11  30 848336461
41  33 247919619
39  16 381503228
9  34 693555974
7  22 556144131
15  39 1310529295
20  18 1684694042
17  24 1833613174
11  13 237327617
31  49 935652561
36  3 1428943462
4  20 1528969329
36  9 944115425
12  46 1451863145
11  23 494268771
21  39 1851625810
2  0 632350802
42  13 828631182
48  25 858509293
31  21 912620467
0  4 691846949
43  14 606937852
0  45 713294761
31  15 263536643
9  22 1910316787
21  35 29397982
32  12 1758707755
36  27 7612414
31  42 1199682222
8  27 549465789
1  15 1779202859
42  8 182751290
22  20 454875310
34  22 1929287868
26  47 600001822
8  22 1453209502
29  30 1005592498
22  6 1749524249
0  37 211650493
10  42 922706523
5  22 205249671
32  11 646357603
24  16 1500962293
30  33 1193918522
46  29 1331651577
36  39 1001512074
36  14 34931093
49  48 1852254311
33  45 2108987848
37  25 1243470364
39  12 179281456
24  17 1555000049
0  43 116375608
16  44 1239168164
14  20 1572601209
41  39 882736705
13  39 672676729
49  43 1335443921
41  42 205402779
25  43 792182688
38  34 712663034
39  14 795992953
3  37 1011658263
26  9 1063283420
7  39 514229445
48  22 1573049616
18  41 866286523
1  23 121148393
27  40 61406856
38  11 53067780
13  1 66274569
6  2 640266356
27  24 651553782
34  20 1516014190
19  33 90787812
17  34 1832252394
27  46 748687589
13  41 938895316
4  8 41267055
37  33 140306731
21  4 745408450
31  30 137411617
26  23 564652988
8  0 506900317
12  40 1158634145
3  6 1172616997
38  13 1942125106
4  18 802951187
16  8 282656907
1  38 1343931963
12  14 316747332
26  3 426139017
14  39 560402872
18  6 844696389
35  31 1240169736
30  37 82329222
46  31 31093861
8  26 665876453
30  18 512305799
44  13 2097865016
47  22 22410657
9  2 1994452718
49  15 667992694
35  6 1880625078
25  11 1204162646
20  17 1074099496
8  11 387918313
35  37 1602909502
17  0 1812164105
15  9 1108270990
40  18 486556876
23  20 1151895194
33  25 1535359621
22  46 2075045191
16  19 1048719201
44  49 1308831190
2  32 1418527396
22  5 1878641844
41  27 1199760996
26  48 1016053281
31  4 1692611060
16  43 2026801563
28  7 275874812
27  44 530594100
29  0 1629416718
23  34 676150461
35  25 636730899
39  4 2020666012
32  19 748600377
18  15 402284048
47  32 2056814286
19  7 1520734224
0  2 524999043
42  17 1726072018
33  29 1909338072
13  10 896294814
40  19 1122001560
41  29 485027828
20  34 1748839238
22  9 1218549002
28  6 1384600136
15  36 1261511600
19  17 1847671173
18  39 1219977775
23  41 957775867
5  42 1771155993
47  6 647274052
8  24 1043672283
46  11 1053366365
0  22 1921360416
38  12 2004749215
24  27 1705419225
49  22 911359644
32  5 238323375
46  2 32847005
25  44 784550872
47  31 1001140984
10  34 1852553801
8  18 1541109805
19  23 1745450794
19  13 1506831442
44  27 2119214354
28  37 1908100570
38  18 2015222977
10  32 246575480
36  41 2029058546
27  47 632167613
36  5 752790441
30  7 1400168279
22  34 511828336
42  18 1338469748
10  43 240012312
47  36 2143597123
24  7 1279103344
27  22 902053293
41  24 1611056306
34  5 735659430
6  25 1636755967
43  29 1425591311
24  13 1079468362
40  7 456683902
27  10 71203160
9  33 1118008680
29  35 1256776923
47  44 1681483318
9  4 1652223212
34  32 468980193
1  49 1985418896
36  43 1681223547
36  40 1847745992
18  5 36076518
39  28 2035106598
36  20 1934257600
23  2 2043188961
5  6 1423844834
19  5 1308468156
22  36 1439112956
17  27 1362626714
41  29 1569459371
0  25 796428025
9  3 673100340
25  41 1526932369
3  32 1153392824
47  49 839295753
9  25 1412724816
49  33 2133470556
37  49 469570836
36  2 1884878264
19  32 1824092560
4  45 239819221
25  0 317796829
42  37 687499280
28  13 1504901854
48  46 151805401
36  4 555987140
14  40 1545637880
38  25 2111305626
24  46 949009441
5  9 1274678032
41  49 1514832823
48  5 16626401
23  12 414694748
40  44 1458573462
15  1 1172747003
43  35 1379661470
19  16 1161239318
7  42 1048052457
47  11 1819457917
23  37 316051762
28  14 350162885
6  2 216883673
38  35 2125712302
45  11 260185292
27  37 647251281
26  25 1417891619
38  24 677204996
16  15 918202207
10  3 380232396
49  42 1141366385
10  39 1968201361
13  6 479810422
5  9 168027991
0  29 1668885570
3  18 819795760
21  32 1379929906
18  0 2055718028
7  34 1832686952
47  41 383812008
23  10 452968278
28  4 1665010275
35  37 96576075
34  32 2015142815
37  26 320244373
9  10 479968132
33  45 20167482
48  10 1883625263
49  28 2087539041
27  12 1045477632
4  36 126606717
18  47 2068626105
19  44 172773394
7  39 62000216
15  32 1758870283
30  38 1987010685
2  22 691120244
39  14 1890652959
27  26 1349827366
11  35 1111193744
15  2 737876194
18  12 669321743
5  2 601941966
17  46 723370055
5  22 792578299
14  24 52458357
29  43 137369074
44  8 389275156
16  41 440287986
33  26 1110947410
1  12 510415562
23  6 530374653
33  40 2088077188
19  42 291117071
9  19 1389196019
42  12 2067482067
41  28 1437212954
17  7 329412550
48  27 443509437
21  33 1131824120
16  22 425138878
7  10 636480402
28  2 2059565424
45  15 1918288365
4  32 1878785020
27  48 1317330366
26  9 1218847586
4  46 1907678267
26  21 2091945079
17  19 69189903
30  37 1776008478
45  41 1903502559
31  36 1735653538
20  15 489590773
21  14 284153977
39  40 613399513
47  3 83743771
9  21 148933135
15  35 1624202885
15  5 76666552
49  45 1979432944
41  46 832622038
34  9 63591838
29  3 1160711246
31  1 539739350
18  8 520862459
2  29 942471429
24  22 379229184
36  3 42931982
3  25 444045274
36  0 1508862339
6  4 1894368536
34  32 196580858
32  45 679371071
46  28 608401112
41  40 1385663048
0  11 1446137859
17  4 1229258841
5  0 720809834
21  10 730293137
10  11 1683981232
30  44 354513409
7  30 1625113664
45  20 958078591
29  19 519697450
20  19 372051176
9  3 728596451
48  5 380919608
22  1 1002042167
13  48 594612585
9  12 503381907
17  34 1651055938
2  40 900204943
15  4 1938236885
8  14 1695639799
49  48 2087764360
22  42 1854336547
8  7 219818646
37  30 1902623987
29  46 1446385773
39  3 271152432
18  25 2053049839
4  1 85501507
30  13 516392938
46  21 531678378
26  23 1828490714
12  25 1998475367
23  30 2058392694
49  37 604829506
44  14 2089264022
12  3 559316784
0  26 1876305203
37  47 1812442335
39  2 1266776118
14  10 1076542299
14  49 904864239
1  5 1699964394
39  11 1610648520
1  39 38343434
4  41 1443241297
37  49 880893185
4  28 380109883
20  12 1250732696
19  7 555638695
28  24 774559037
45  43 1808736010
12  18 351384504
15  39 1981904263
33  47 381759384
24  38 374752602
22  18 1095370541
9  34 224691239
25  6 574787108
24  12 328970431
27  37 1453312794
11  34 1713630372
4  38 382322388
39  31 601993485
40  35 393750923
18  37 238813950
33  49 1562347355
1  47 746263901
1  36 1723960296
1  20 1866817031
35  30 250293514
47  24 221930034
31  39 1686951551
20  3 1913928126
33  5 1729245933
29  21 933951231
34  6 1814754407
46  31 2059269549
20  25 776125144
8  26 2031605071
32  43 664047740
45  28 1663325604
16  20 1118414634
44  45 701979165
13  19 1194418081
10  5 346811823
25  13 1442596988
20  4 380301997
48  18 1436806520
23  43 64512785
39  37 893684451
24  20 107776562
36  0 594566852
39  11 1378415683
30  40 942893894
48  44 1127782589
11  29 2061663200
39  44 1149536437
29  43 1416591538
12  9 2004215150
17  34 936326414
4  29 1542203329
1  7 709425083
16  44 1373265835
25  26 1250255305
29  12 1418037522
47  20 1812432659
33  15 1008376611
20  5 1234333088
20  28 686107007
17  29 1512992075
7  8 1220783426
10  18 344663443
13  26 1273563304
9  31 2075736215
4  7 205426129
24  14 1862889254
26  42 111473371
28  6 62399996
2  26 2140582193
28  9 317283415
36  6 1058573633
39  23 1527380359
25  10 1444322750
10  4 685096415
25  9 143312565
5  11 2132458390
2  0 1601775511
27  31 1384016573
33  31 1544782601
29  9 948106744
7  22 440399520
32  33 135286178
26  44 1565069401
39  40 163197911
42  2 97027244
43  16 411155478
35  9 566615405
38  35 423999107
32  35 401270719
49  5 613599606
5  46 826644699
8  14 1101899203
41  43 1821312552
26  11 1975931097
27  8 1483380617
4  45 138543633
34  19 837149723
1  42 1109499462
32  12 1035286902
6  13 309592069
10  18 1492726261
22  28 1139286167
48  9 1735236624
36  1 1261627492
23  40 548034451
9  5 859177583
18  24 341074676
34  49 743915063
28  3 689384515
13  2 1251412313
12  19 1998302443
22  1 915973948
10  15 483036146
38  32 183433953
31  4 1783029321
20  39 87721196
11  26 312936384
5  19 1908815866
4  30 1481258973
35  5 890390228
49  25 342197691
11  6 85691271
23  3 1178041156
24  35 1195159838
45  21 1131273626
5  49 1616403853
37  8 1058189397
30  46 765330153
24  33 984571680
43  42 589915688
27  39 751842379
11  7 1077289629
5  22 1590173994
28  17 1128969511
40  33 1208949416
32  47 1639693958
14  22 1585059190
48  42 521626951
17  8 1976637880
12  0 397241369
6  35 1271508874
43  11 799014865
46  11 103984046
35  22 89725117
22  6 766243225
46  48 881274208
6  33 741738178
36  3 979623136
48  25 1523303424
46  44 2095788058
14  49 174143371
46  21 994156999
39  46 862292783
19  28 1841051218
21  30 524163373
16  13 158982722
31  11 909810458
43  30 1597101446
48  43 1126730431
5  28 1708066591
8  18 280594452
3  23 200085558
34  30 1212752884
8  10 820788376
6  22 756908903
43  3 469657586
8  32 1323666069
1  38 1659750168
47  26 985569578
4  49 126324996
26  1 1049436753
29  24 152992011
39  29 919319352
17  11 2075293834
25  19 1832226644
6  3 1175587225
25  26 1202496121
12  16 489659985
35  34 223195610
19  20 1628164757
35  25 2061189220
16  17 326902246
27  30 1646192686
28  1 1480652664
14  24 801531892
13  44 1023929631
2  38 88061310
2  25 1083522291
38  1 1339121743
25  18 236708825
26  23 172457315
17  24 535410983
23  37 480893290
4  12 923888950
36  12 1199232652
17  37 353668266
39  10 1456931736
9  35 446950853
17  47 138205739
26  28 411750192
38  1 773595941
11  49 2067969877
4  47 181443986
35  39 2128362433
30  1 1747269116
39  42 1940383310
17  42 880008423
13  28 229266479
20  29 1150192575
17  13 347795194
20  41 1421670838
35  0 979104598
46  22 1340155271
20  10 262514978
34  8 179305513
32  43 619969865
4  43 1190903893
48  0 782327251
36  47 1804450004
13  33 208439877
3  27 1690722196
9  5 1529272246
27  17 2106327741
9  21 1493678946
0  36 1770563903
42  2 278260377
47  24 1738081294
41  28 391393925
47  19 264223858
41  45 1617719016
28  10 2049996814
49  10 775884294
13  22 1542781548
39  2 880590476
20  2 2099786882
20  46 644493935
2  12 1603744058
29  5 99070742
5  29 503491827
19  20 1138321168
32  45 799756809
3  20 1178140161
2  38 1646548383
30  43 972533487
13  28 1273701508
39  27 1708748572
47  1 69440011
36  0 135597876
2  26 1167601789
24  26 2016154929
19  16 578521422
3  31 1798924914
28  4 297606741
35  27 26132528
28  43 1782513034
10  39 990275114
46  14 1794458722
18  0 934806603
38  39 746255215
14  16 1740119344
3  12 583273742
25  3 1325141751
32  21 1756949166
13  25 144639977
45  32 2123211886
18  0 1448636069
14  32 133118688
8  30 554839211
33  29 471298305
29  36 1624367777
8  2 249349485
39  4 726006636
43  11 1139102952
32  19 1458109477
10  2 1059062744
48  26 1764980149
45  49 733266361
19  41 1212494175
35  17 1656435183
37  6 95534404
2  17 509692466
18  7 2071625677
31  21 268032413
42  8 1454578065
10  13 1901152529
49  27 1442526081
37  44 575546469
23  15 27602078
30  15 318782969
35  27 1506121443
25  38 1885535790
39  31 1528784957
2  45 1667908172
39  22 328359032
44  33 844310558
31  30 527926858
11  29 1496909161
44  28 1025616125
8  19 1181417661
36  7 603096892
28  36 376773431
18  23 951298999
14  37 422433047
36  15 820172784
44  10 1548931955
14  11 1080895931
41  30 657245787
7  22 1655886646
21  18 1473771156
14  10 372966579
32  21 754173425
12  3 1264331289
28  24 901975186
18  23 276297636
35  42 448722654
19  36 44738828
38  34 832993690
37  45 1076276976
19  20 1094288076
14  42 155099658
13  30 1621226094
20  44 1115385909
16  47 993615837
10  32 1076933403
14  22 630276263
24  2 370949656
47  23 26874652
6  32 224730647
43  42 344192131
35  21 2032115736
20  36 961907972
6  24 1563546670
7  20 1602474269
4  16 1846307370
38  20 1506685645
26  21 1414994977
17  33 1976851794
27  44 504890380
10  43 1008674134
2  34 494958705
15  41 120094887
5  6 1333347609
26  12 980298554
42  1 997793572
44  31 1704064629
35  18 1025191457
21  3 674974756
46  5 2052562700
32  42 1701802451
28  9 719905626
19  16 1785041058
11  37 1528100138
32  20 698248022
15  26 1611811604
48  33 801563843
34  27 1661600603
20  37 363339713
48  2 1913099821
28  45 2106492987
19  0 1893956905
18  44 463403201
49  29 84562326
14  37 274590207
4  38 826701801
38  19 296515162
0  15 1340678271
43  45 1049267519
9  28 551478576
19  48 741358852
41  44 892931126
10  47 1880285328
24  40 1224701541
21  39 1768599293
35  19 1862552665
47  22 1373965831
25  19 1182626137
12  40 1559649791
41  21 646126032
37  26 39967639
21  26 1630542075
12  44 1135109270
39  10 1161247361
33  34 1950245788
16  13 428356777
42  31 1730815367
11  6 762895466
8  20 1493417876
0  3 1612593970
1  10 1981797925
23  42 2142792124
19  14 425862294
29  5 698849820
5  14 1110646117
8  12 69673271
42  43 313029817
21  16 1196980192
47  27 1332919220
44  22 534240276
27  16 2036926138
3  48 456877857
14  49 89612179
30  6 524749632
3  23 1432291891
43  37 831899392
6  46 917137961
49  1 835873586
49  44 1347906974
14  30 847953450
34  26 613986498
30  22 1767157057
20  9 321646036
11  5 246306477
48  37 1847926253
39  31 649417384
26  39 1115808231
36  41 572779276
12  13 397598118
11  40 1404577500
26  23 73814580
24  31 345124919
15  2 1813869362
35  44 1185694201
12  9 1994516700
16  1 628270354
32  41 519529719
35  21 32841631
46  34 1302271309
48  4 1810093976
37  6 577254329
11  33 1404165745
49  8 1139431631
23  20 1037015989
9  31 1656831471
25  36 393526092
44  38 170679619
37  25 1101742037
29  28 1599565487
39  8 1129174220
20  40 402303310
41  15 2028481993
44  23 1813541034
11  49 109296100
37  26 186459937
2  49 810311608
48  24 663542225
18  46 1142035797
45  5 324292652
47  21 912348893
26  38 426639562
12  30 2063549363
24  10 1346120295
33  17 172077567
38  18 1925107082
42  46 1677006960
29  15 12454257
9  39 1888529816
43  13 1446293413
25  18 1514012521
9  20 644510505
21  38 1836776744
26  23 1211643887
33  5 1988825211
31  6 2061050418
31  15 1722899956
23  21 530235141
42  15 1179993825
4  24 1874653987
38  4 1164526917
27  49 1072277283
10  8 1967705874
42  32 1429377362
46  34 213472615
