1250 50 26 27
4  44 1211251324
38  9 1444163358
44  30 737112306
15  28 440374162
37  9 1198788369
19  46 1173171927
19  7 1070501458
21  7 537238913
26  13 904098225
19  11 844068880
10  18 1799887555
45  2 1867448000
9  31 268531704
6  28 953201135
44  33 942396283
48  29 2072634899
31  46 207643960
7  45 158978225
39  10 2104641350
6  28 457383488
28  24 13184304
43  27 1694197140
43  22 1595444239
37  40 1082506191
4  49 2033592112
43  40 971391990
18  44 2024866792
30  21 813045577
7  44 190390322
30  16 1158594716
29  22 1282168272
31  26 1605878282
15  46 82603743
6  34 560620064
33  8 2095435443
0  42 791787891
15  24 1154246562
42  49 2136601428
41  40 871294893
17  45 2006052449
42  45 1204768561
23  41 869881800
49  21 713542419
19  0 2038863859
17  5 1767568533
46  33 484199533
19  30 342453140
48  24 274128250
49  10 1055334086
25  5 1423342183
12  48 297971290
1  16 1905859541
48  5 1094613090
11  0 2057013312
49  2 1723984841
31  47 2091574417
18  45 1417667222
8  28 844846395
2  38 1215846152
43  30 210564718
17  10 9156745
31  36 706667820
20  21 526070291
11  20 193202397
31  17 1678205653
15  16 1692809262
6  44 1974626663
38  44 1431825186
24  23 1542645248
14  35 702875386
10  25 484981028
37  14 1363351930
35  27 1007500744
20  43 1925358583
36  29 724407469
28  23 660888622
13  19 1986446546
39  20 1787045136
24  43 1199109089
9  32 757876591
19  28 1843888448
0  33 1518804413
41  14 357217808
14  27 337934277
15  23 75481867
5  23 1274300847
28  15 828854844
17  31 664332176
49  4 333111673
13  34 1316229826
14  7 670067030
22  10 1707892318
15  11 1510163823
30  18 1424660729
48  43 889194923
40  48 1276460741
18  1 1039536562
44  42 755262735
25  31 162416671
37  7 1250493230
16  26 911336466
29  49 509827749
28  15 1092917783
45  29 467155791
38  44 379855235
22  21 708800401
47  43 29574295
10  25 276927987
4  29 100207225
26  14 306662871
7  41 1218119142
27  8 256615967
49  11 1020967999
20  11 757483071
48  26 1865657947
29  10 740152279
21  39 1959227387
37  15 1350415777
48  20 885247041
32  24 2145245376
46  37 215831094
14  44 1883530537
6  47 418047305
35  37 1788256675
16  17 80341685
3  34 1137778738
46  40 1102565557
42  0 573136651
44  21 1239496919
36  35 1985902940
32  15 659301742
21  41 1204252313
34  18 1638235194
48  33 76359259
22  23 1198026411
32  3 685407296
26  6 1859907372
22  11 1137635922
41  6 972964893
45  2 162723123
35  19 181777777
36  14 2137538566
30  7 714310295
2  3 1692021479
24  4 1050043422
31  15 1799798245
28  7 733585906
17  8 22699533
7  2 636646234
9  46 228422283
3  38 727690803
9  35 1307331386
9  38 1091453218
9  8 353606143
35  20 2133094608
4  11 1709328071
17  0 400767157
5  46 1698405367
44  22 1947637450
9  42 575546167
44  32 85851026
18  1 1648800104
42  27 676741752
46  23 873797447
49  22 1264603467
32  27 599162036
26  17 1815343987
20  37 345156063
24  14 845340741
37  4 274649442
39  37 553510246
13  37 1000397823
23  6 408072021
13  49 1822401717
36  39 95887324
6  30 816981110
21  43 1355904485
6  10 261642448
1  29 338270595
48  10 624518105
20  1 1234299290
25  17 2043183366
24  35 60547707
19  17 615319777
47  23 111203667
40  17 2134622437
42  7 904435276
32  20 601365736
49  3 1799637751
31  13 1884709175
11  38 1698894236
38  2 2094564965
3  16 1934373678
42  28 1881429888
42  40 1797932354
18  17 537004586
16  31 800365253
2  5 1697204067
32  2 1611646961
44  39 51312474
30  32 236625029
39  32 2068383532
28  23 519962540
15  38 52534716
3  17 1375489083
2  28 1694146978
6  14 30900843
29  34 579732939
28  31 1215425879
1  16 322561051
17  38 805502788
12  30 1823782060
48  3 133735213
42  23 949510931
43  32 609737876
0  29 1489590709
32  41 1232990622
15  37 1173447533
3  11 1372297417
40  44 431702879
2  25 1566690193
4  17 915059925
41  20 1243542111
37  34 1198436899
16  9 1999156972
42  14 1375254760
39  41 867048626
30  15 818420637
40  10 1706284616
8  29 600239231
28  11 1020460558
23  44 540231156
13  33 968889147
12  49 604544932
38  4 100641425
15  27 1869424487
3  46 679017740
15  1 770679564
47  39 1835892227
49  43 1954179166
5  43 1488394952
47  31 180845103
45  3 1086261048
46  34 605534195
44  6 1650241765
33  22 1339514601
41  34 777573484
24  1 1601821330
46  26 1602668294
15  27 1437580455
34  22 1633497044
42  26 1087064793
48  27 1732076021
8  44 839572427
4  17 664441171
0  28 484467537
27  21 722697227
46  15 1796148986
18  11 973967538
16  8 1050877674
14  23 621622518
21  17 389101404
43  2 1226142026
13  39 2139156613
49  44 427694571
3  33 312209912
41  26 1165722509
35  15 1121515535
31  7 1862557560
43  42 736740650
12  16 1222298548
25  13 845777107
32  15 2094283703
15  22 2054796173
33  23 1240827242
26  1 561078477
31  2 2013172191
30  13 657379912
42  46 643528067
40  30 1705109015
22  13 1819918400
13  36 641765950
33  27 268616675
17  48 2026087997
8  42 1192572331
11  16 793335608
47  40 899507970
45  40 326840644
7  37 2091961487
0  24 255826035
2  45 611018008
21  13 1712140363
42  39 1402138254
34  2 1216647531
49  15 889237882
33  9 2065539710
3  20 1919786330
12  41 1521638511
48  24 440066434
5  10 783113511
49  32 513472710
8  15 650072023
33  40 1508812879
24  0 1008537183
22  48 886090554
31  46 1732551912
49  21 1120693481
21  38 2076504478
46  47 1718212292
3  49 1988317205
19  29 1185651495
26  28 1818764746
33  11 787887057
28  47 1516748354
16  34 1378500982
38  46 130043508
20  31 794057192
31  4 1079606909
9  44 844154082
24  9 1714745800
10  6 546836346
16  4 1818897191
24  4 616868276
33  13 1258222782
3  1 606750231
7  6 1346123257
4  34 460190239
28  12 1760419383
8  38 2127485736
49  43 580155865
9  21 363803452
39  32 824614381
28  41 1857741710
35  15 799423953
33  46 718587482
10  24 848470881
19  24 1985762224
8  25 1877312059
42  36 2115776857
29  27 683873025
32  38 931344294
23  13 1710433384
21  34 34029846
14  29 1618928352
4  11 501111770
34  1 1054559226
40  39 983743106
6  24 657771831
37  17 1182283673
30  45 902319007
37  22 1313589275
43  12 1511881013
9  42 383445217
45  0 2106025939
5  39 1501469078
15  33 1773767110
39  14 326469492
40  11 774586147
32  5 2088006936
31  10 499752139
1  35 885733849
19  35 530949425
9  11 582306556
41  1 1579635172
41  31 507455252
38  14 409701926
43  15 149915193
43  5 890774569
32  46 879215627
45  44 864400183
27  48 1230401202
20  36 1454617471
22  5 1883390832
11  26 111226709
26  38 1403859250
44  37 354108451
20  38 1955194256
16  14 1093494327
13  19 1012304137
28  0 1528716048
9  26 1776377838
46  37 1148996381
37  15 93007343
2  29 613788987
48  38 58563366
9  49 964865730
46  28 1189951375
32  28 66997464
27  38 1478659129
36  31 245491418
26  39 1311421080
47  19 1241222939
36  40 616228024
5  48 1083529778
16  31 1119852656
8  49 799570091
43  5 1390906165
26  18 705481023
36  5 567671715
43  6 1604625279
29  4 1112727753
1  24 2113570474
26  5 1244587951
42  46 46757592
41  37 2134524161
34  39 526664067
26  38 1445420638
4  10 664578584
0  29 1698954175
45  6 559637613
29  46 223911382
41  33 2112239774
49  3 1694146518
10  36 1586749753
11  35 69085228
38  42 2003468460
2  37 889100071
24  47 1536673231
12  38 953394107
32  17 271221145
40  8 1020735683
42  32 796426856
42  8 1506866048
33  38 383279348
6  40 594178377
42  8 1435385346
43  12 1814576823
35  45 912844230
29  27 471300059
44  47 765360022
34  5 456657400
46  34 482051544
7  26 1207364529
5  0 490254570
18  32 555723764
9  8 311418539
29  46 1598203817
14  15 1284489270
43  16 1458337452
19  42 1903596463
44  42 1968760763
43  49 923394863
47  3 695221609
5  33 1173434713
44  17 1637973541
4  42 2120156573
0  15 523522838
32  5 532515151
44  38 985964430
27  15 113228216
7  5 1771288328
39  30 14595348
35  13 1915145391
25  30 1182478203
12  48 1774644005
17  27 723146805
21  4 1289966629
14  47 158369592
24  7 1948993046
25  4 1788892858
15  27 2009359230
24  17 1229675506
30  8 2024683710
49  3 1266690121
32  43 1086176093
25  35 1011786771
24  4 1903796800
14  13 1520128599
43  27 1416874536
19  47 478831115
44  28 1802909943
26  32 1221025642
44  21 412558099
32  2 759264334
40  23 1142695482
6  22 2061923655
38  2 1185993201
17  42 1701873435
4  5 1634890180
22  47 1559338641
46  30 170078391
33  17 676390823
29  38 969615228
30  21 306996544
13  21 1275321525
19  32 597712114
33  46 1211504368
46  8 2028832336
24  3 1276578740
40  5 139550064
30  16 1247191929
36  11 1784039689
34  24 965000815
2  33 391323902
42  12 937275886
47  45 1365400322
25  19 937015005
1  3 1458330263
49  26 1530973990
22  7 1054306533
12  9 867840121
24  21 1340318506
15  28 1515337587
5  20 1799567319
21  11 1816927459
31  0 587067323
22  11 1176349743
7  40 997736532
7  3 945172471
27  5 477546401
43  9 183358629
37  33 2142123380
11  47 1296487280
49  2 615326215
8  0 1355667476
6  34 826513336
33  30 1628323867
46  17 662943005
43  22 1656216290
1  26 710344365
2  29 1628751271
39  16 448835570
44  28 1700799450
31  34 1111491349
31  6 1319884601
12  47 480137441
21  40 467237497
23  13 708053036
45  16 1557273753
4  9 1335085194
0  36 1421654903
33  30 1634409462
27  36 1110121735
12  46 571945359
40  30 1486853038
25  22 1078238748
11  21 193233170
22  1 1337289440
10  35 1879810488
12  8 1421044023
42  43 2024126398
16  14 434201208
6  0 1662649484
47  13 714552445
33  30 1791841661
27  2 1471065029
11  35 1815211055
14  16 1599041037
46  14 1045945676
23  25 2101439403
33  40 1010152371
19  48 1433923330
25  24 991603970
25  26 23346980
26  27 586204395
14  45 1144784885
10  3 1004612821
22  10 2030210373
17  39 561386827
9  3 1452711525
11  16 1365943310
15  28 1647871586
8  27 10348944
10  15 1044881307
10  11 598558295
30  26 1413411638
20  30 610231858
6  0 371704660
38  33 1036517830
33  46 1252764914
4  27 1077105073
48  15 1244225482
19  44 1787670312
15  48 1530531635
0  38 884052272
20  1 1712142368
25  24 446251970
33  37 681272069
35  10 649039705
41  40 222317189
33  22 717926506
19  25 2112415746
46  5 1076292545
21  8 542042241
23  22 546412350
35  47 1820918314
37  12 633649357
32  38 1185624351
33  44 1960093255
10  12 1274951399
27  42 1215218426
31  46 44336076
12  7 67122578
11  14 1908855893
8  1 1519410628
29  21 1945449683
26  43 999716237
41  12 536854339
44  25 1507244183
31  43 1434633846
24  3 930490942
15  30 1891004005
49  31 928508044
4  39 2097306402
2  19 87690886
34  41 740263213
7  4 1761904469
17  22 659389533
39  16 1574378440
47  4 128052825
2  43 1656992991
36  17 1029631966
8  34 93053953
23  16 983951736
40  20 507140517
22  46 694742729
43  6 931333017
20  29 2003306890
16  5 190130293
43  29 1600140138
39  44 252839621
10  4 1515203467
48  45 520926713
26  2 1433196255
33  4 1353378126
33  11 1392286565
14  10 1760365346
45  16 878736311
12  9 396303835
31  25 1038175937
23  8 1562774702
4  1 955773490
49  37 867529261
12  16 88969632
20  4 1054788366
40  43 820443297
21  8 1924859103
35  0 1972445599
35  39 1831124514
28  14 615442508
44  41 2079295914
6  39 725648337
17  19 1544207697
24  11 1378882497
9  44 46133501
27  9 1446052456
26  5 423571483
47  45 1417001812
0  20 67646546
46  19 405997318
27  20 398407884
32  6 777253268
22  30 2135520442
26  30 1037333054
44  33 1680599362
16  9 511594937
14  36 1170424446
12  48 1882980632
27  14 1381313992
43  27 178599736
12  38 439018212
26  30 1515719424
7  25 1833124802
31  2 390371709
42  22 1893345287
46  31 1164354796
33  30 1521133139
4  0 1753039613
25  49 742936863
49  29 1306744841
17  35 1479182044
25  43 1899777767
48  41 410711239
41  46 953956524
33  41 2001047527
22  47 892768500
34  12 1347056786
17  40 501829852
1  26 427732281
2  37 200857860
25  31 1134132467
21  30 531470834
30  40 878601171
35  43 540864839
11  38 1008725463
17  28 766552601
42  8 1453894435
43  31 1455136672
11  28 1731405913
18  27 543464181
14  40 58544985
12  39 540562567
25  38 437986468
9  36 861787393
1  12 2120849506
40  20 835045016
20  7 2061276225
42  23 987874766
23  3 1896500679
47  40 1633467785
7  13 1453390285
47  49 1356543319
24  44 481423004
19  30 1920453756
30  19 1639924356
7  19 859546850
3  14 889333634
0  43 233543946
12  6 1151115941
33  22 1604542914
24  27 1657170887
38  14 1906392287
2  16 86350657
16  34 1450678089
9  35 1034110544
21  18 544131733
2  11 190512370
41  1 1479100403
20  1 762746533
47  21 966424458
20  35 67007994
7  31 1749076421
12  25 1440211633
0  3 1439206532
12  48 878735201
20  12 1840050750
0  31 692339656
49  18 931106058
36  40 1114196174
18  42 589310550
49  4 1312125406
29  12 1696892488
0  33 1646147311
29  28 1150849134
27  19 471715376
20  9 594900889
42  35 2014884657
46  0 720498664
22  49 1767334484
14  17 2032132446
12  36 329579121
39  46 2137555767
39  14 1240470803
45  11 1944570529
36  21 1606989137
17  19 1121205928
42  25 611310194
26  9 833376283
8  48 735425300
32  44 640847818
45  36 1672735646
8  19 1438658701
19  1 2127318776
1  39 545628024
13  7 1872020307
43  29 744151474
45  3 1632817153
30  39 814136345
10  49 39201167
46  26 1815098613
29  30 334019589
15  7 1792459043
10  26 1795367633
43  1 1111008122
4  19 359268741
20  0 1311986008
8  26 450406278
43  46 1443001106
28  49 1954665223
34  45 375849371
11  39 1218889511
8  47 707670748
36  11 1435663154
26  40 1871043723
5  10 2094012703
41  37 121688943
29  49 55191708
20  47 1504391769
11  27 1609099302
46  25 888025514
21  39 2124848729
15  7 906377368
49  4 1756732664
37  17 1212202648
18  19 677509193
19  4 138728023
49  42 747159618
24  34 1012489807
41  14 657579053
15  26 158503744
40  13 259702783
43  38 719296048
38  10 1594174207
40  28 1850476994
37  36 1092957761
42  10 674275980
44  24 1217573420
15  2 1027432567
31  15 1731064135
37  10 1931543934
17  12 722985248
10  16 650158967
15  5 1558427978
12  7 2039924654
15  12 726379846
12  25 1192679826
37  33 1350460505
8  45 1401941954
35  46 1594009443
19  18 1725840587
39  8 1232558517
0  31 224957417
31  43 153488296
1  3 352563386
39  3 2137294233
41  24 2078268790
17  10 2045957204
29  25 1690858079
32  25 861339101
22  30 338286365
3  14 389444883
37  19 906780645
25  18 2099674809
2  42 1234835721
22  19 901244851
19  39 335143482
19  17 1269496223
29  38 196537390
13  30 961825259
25  26 235062001
16  29 429010761
2  21 793791024
38  36 1185914390
42  7 1021764469
39  35 520577749
4  2 1726378776
11  6 109489066
38  26 1057838441
29  41 1157733068
8  27 1966516964
33  1 815717538
48  20 390230788
10  41 1979088876
41  38 1061846728
48  36 122143716
28  3 263057879
35  2 1444855122
2  1 744081312
30  24 588161152
31  7 148344922
1  22 60741735
16  24 1886238113
45  25 1230739308
25  30 1650893708
20  16 1179731587
9  10 809892964
16  43 1223683623
45  21 225191246
42  28 110567788
32  29 557216652
24  7 1084839407
44  41 1869626617
31  7 1618417863
40  43 1996941039
44  18 1915058855
22  3 951325691
41  35 663126506
13  17 971119182
3  4 719597387
34  46 1390587836
41  39 902723806
42  30 326644908
45  26 1338955828
12  24 846033486
20  39 104732165
15  36 64398379
26  18 1054313160
30  48 71349405
15  29 51821831
20  15 213489117
32  6 425750974
18  41 1097102800
20  10 1475131101
19  1 1265864504
48  39 445949429
29  20 177166886
39  20 406545766
11  26 123570173
9  41 1459438973
20  38 1529642128
25  37 148013895
37  49 1983803065
27  6 1388829762
2  32 1191901686
3  8 1662697042
5  4 1177697882
5  19 576697372
45  33 1994055936
36  38 375932448
43  20 2117714766
15  39 665217305
38  49 1505220640
35  12 683653249
22  12 1560452359
21  33 261738612
33  14 1461595953
6  34 1883843209
37  9 1742682269
15  39 1271926769
12  19 362559975
8  18 1319149188
48  25 1776083146
7  43 284747351
3  35 1387758000
20  30 593982578
35  21 81753175
43  10 163825817
15  27 2051497440
19  33 1111286785
24  33 935239875
31  5 902922833
9  44 882717836
15  7 964137366
5  3 281402737
43  30 2146251129
39  26 1817648572
2  45 2122276113
11  4 788978209
22  19 1107004685
36  33 1688310853
4  31 1908294935
21  17 949339416
48  1 868396647
12  28 1075546046
25  6 1742982826
21  25 481949061
11  25 707727885
11  33 2052112565
49  12 1135858572
4  44 1479880846
31  16 1336718541
8  2 90140041
45  12 351615088
48  44 242361564
42  26 1724804685
10  29 312353370
46  43 176450022
20  14 512884785
12  36 248833474
22  1 1414410667
22  8 77360992
2  19 172458893
38  28 287597554
21  2 1356310952
27  32 1101227422
19  7 1990669713
17  41 746628149
38  25 667518531
8  7 1631031730
35  22 53570767
5  17 382969339
17  19 762851077
31  27 1126585939
17  12 280419803
10  38 1910282919
46  4 128133424
15  25 1420151371
18  19 404876433
26  5 720565006
45  36 502558963
18  26 753126145
27  6 1842664627
0  26 1861274429
35  23 81637504
21  7 1091295989
44  46 438881225
3  2 554636861
26  19 502087506
30  48 1092482132
36  22 1299393815
37  5 729657512
21  19 1295154006
17  8 577661214
48  12 2053201505
33  32 1469328522
39  38 689351757
39  17 525361949
31  14 1515044061
35  18 1906717033
0  27 792322929
33  38 2119972223
16  31 561961553
22  6 1504407885
29  35 255651944
30  10 1320779828
26  20 410260705
4  28 1816664572
10  30 1164774474
2  40 157155768
17  29 768603297
42  16 558143555
6  40 1244727822
44  5 1680550433
26  40 272583545
5  10 1834877648
10  30 23056458
33  11 228197297
24  47 572950857
20  32 394675129
18  47 2072752601
2  11 2059147682
35  3 1720569008
12  35 2057307141
27  6 791958658
7  45 48671083
40  29 1539933404
0  47 563838981
46  36 749967559
21  1 1553878091
17  12 1577219837
12  41 1526177021
22  39 125377431
17  21 534099606
6  0 530704089
10  7 669643877
47  23 1515548273
29  34 1372939517
4  32 75868653
37  3 442182748
46  29 1918770027
26  35 1004506942
47  34 1949037231
23  17 1605209087
7  43 1554267335
30  3 1258862684
17  18 1640871691
25  42 1644958591
18  2 1433016740
35  29 1845570479
12  31 2063437858
26  21 1316338833
9  26 1186746011
17  40 546594215
4  35 1285026008
5  20 1265575780
1  5 746240921
0  48 1657966356
31  46 1251977532
39  47 1442742758
41  44 1664210522
19  35 886977141
10  34 508601003
15  37 304659240
15  12 1047030611
5  1 1260645666
24  8 1695226886
46  17 997408922
30  40 1399767511
8  16 832807871
6  11 609657521
23  11 373670204
30  3 302535267
29  7 1686699164
19  11 1956933353
41  19 1139791281
24  23 182925626
13  0 698505657
39  10 489032222
35  33 1812628284
13  11 1464388430
47  20 1716046153
6  14 695172342
20  43 1706534693
43  49 890356046
32  18 852398040
14  35 1746540157
49  15 2000650162
5  44 400101752
27  9 1500440138
5  40 1830002635
16  18 45736249
25  7 296408104
16  40 841260743
15  13 1136157400
19  37 416476852
11  43 225312532
46  3 1265662871
9  42 41322892
27  22 1080971563
26  9 1033232151
16  37 162087832
48  33 1807324028
31  23 1845161260
26  31 1020876272
32  27 1237506578
38  9 732273091
14  49 291507626
39  45 124500204
43  17 23132507
19  47 1075903682
7  1 683178220
33  40 671931495
0  21 750249756
34  32 1524164855
1  2 468526466
20  11 380994868
46  44 1205329287
11  20 1984998762
45  19 1745174986
33  43 1684164156
45  15 1349857418
30  26 85748036
33  32 1808988333
49  17 70404818
49  4 1322780091
19  5 918780320
21  10 1855382925
4  20 1900573429
40  16 1580252181
34  22 849079507
34  45 701986274
40  12 824891762
10  33 1331756145
35  14 1491726001
23  37 408844503
3  46 1214074643
22  43 808936622
17  6 1607693043
13  27 576269027
47  40 626472025
26  49 132644279
45  27 982991989
6  12 1556398734
23  2 2079022868
12  45 41032309
28  47 868716705
42  33 1177913926
35  28 744435348
3  48 1134884606
0  19 842553770
32  28 230115815
47  36 545789345
4  43 350234701
39  19 97067516
42  45 831482613
12  38 102618866
33  4 1116185845
27  46 1099793356
21  8 1717009973
7  15 38777318
17  6 411486527
22  33 2105587985
17  48 798962054
6  18 1383788147
29  7 1654954060
35  17 734326381
6  40 1459455801
16  31 210433692
5  23 1239504585
12  37 331345064
31  6 472722404
27  49 806939118
20  7 1086450186
26  46 1661748119
46  29 9224115
34  0 1189467818
41  29 801934530
7  14 1985848955
40  0 2009780433
10  45 738013457
4  37 1799808777
27  43 2125003594
25  49 1657346069
28  34 675380602
20  33 557308342
45  40 1289462446
26  21 1255832954
46  13 1902167416
28  42 22858337
42  26 1718645693
42  14 774250759
33  46 1830773472
26  10 1312442585
6  32 994037242
25  1 1873449367
45  0 1251904617
34  42 1931210203
8  13 2094323890
28  0 1530749761
9  37 685242890
2  18 1467192339
1  0 364147194
20  38 218600376
49  19 1008582647
1  7 120390302
39  10 1095541667
35  33 1553786609
17  9 1608862461
12  37 165423649
12  19 282732373
26  8 1928750984
48  37 160068467
48  7 2131285914
4  24 965681136
45  31 1935328706
5  26 2134734048
27  2 1536443679
31  0 2049110915
40  25 353239558
30  7 1649581494
0  26 1779484284
43  16 15549677
23  26 1715915254
38  32 939627613
1  6 1389280032
8  17 71028838
42  36 1412232915
10  28 671934928
30  47 1712492702
22  27 1944774045
38  24 1968453133
18  25 1479774371
34  7 1275293302
5  43 466669315
37  18 2080652970
18  29 530125523
3  24 127695727
35  9 1484564953
14  28 378139709
6  22 719311341
26  45 1384041718
40  10 622937001
47  15 1008887139
22  25 2028997362
3  24 1496565856
25  16 989088827
34  48 1744384801
0  9 323590492
1  7 1278822294
41  28 1734237025
37  26 1710145913
18  44 1537922548
41  29 1214629439
46  5 158002543
24  16 302750358
44  39 1819014743
35  18 891345660
21  42 937752381
19  0 1180892043
5  17 2002080907
