1250 50 47 11
18  15 51261967
19  16 833387121
45  35 1408226881
45  23 304123582
6  19 1499347395
34  36 1421326149
1  31 2056523719
40  9 1002846025
28  39 1966540644
4  23 1086014562
6  18 1018058121
40  45 435821807
27  4 1403948494
4  18 611673835
27  33 1106105029
42  16 2124202093
40  14 232532755
42  22 900711287
23  42 1125628640
31  40 802566442
22  36 860312625
25  36 779585521
14  35 1115770768
15  12 127773219
14  9 54111588
33  17 1651689200
15  27 714168378
34  19 1255003628
16  14 1662921241
42  30 883242862
12  4 397976303
37  18 439938549
23  49 143336637
38  37 2008961234
37  47 1089447106
18  20 547412726
41  6 1949189071
11  10 1957442419
6  35 336925224
24  23 1086500005
1  10 1713572909
20  21 705243947
35  29 310675039
32  3 1051735525
48  21 1959196303
49  38 878761564
2  4 43280251
32  18 307478595
49  48 1895130166
39  3 833371635
13  35 1890444607
29  34 1629778312
43  32 884542170
42  36 1990442532
10  48 1922985715
32  2 107486774
28  16 1334281797
2  4 1265598229
29  49 1435206346
25  8 1721750428
2  12 1649317684
36  35 678137714
47  12 1940172751
40  9 1805956032
43  16 70799616
11  5 2083839107
0  28 1431893683
46  2 862278418
38  30 429278557
20  26 746113466
40  0 921259024
38  18 189017995
49  6 649657918
31  7 1913326028
43  27 1691847549
37  42 247020076
22  28 1126903277
49  47 298803822
47  23 477014199
9  39 920852484
4  19 1487380481
0  6 1694036989
36  3 1206723325
21  46 2032149063
22  40 1461632513
40  12 1350600156
19  20 2141486053
35  30 2007850638
31  28 1526676075
48  1 2026183929
24  6 1908484320
42  38 440951077
14  43 1470385776
28  8 1120762971
43  21 1794453885
25  29 506539412
37  22 826573997
19  46 485203668
29  24 927579264
28  4 1427765352
43  42 1907551003
17  13 336240306
47  26 576119161
10  42 953524382
19  1 633082538
40  16 1276455108
33  3 512802640
41  32 530796574
24  12 238634567
38  32 479736390
30  38 547284597
43  28 797112150
36  23 1555624746
27  4 1425044456
26  46 1513218804
27  30 2005765999
23  24 1146628992
43  4 394476943
18  27 84599506
0  37 978578008
41  12 1138420462
29  42 1362872841
35  25 1902104934
12  47 428889813
8  32 2140768359
5  35 1857083561
36  49 1639468504
20  10 101126860
3  41 1902549267
38  4 310816995
10  29 1433498130
11  27 2067330018
49  23 297899673
46  35 864508088
12  19 1971710375
10  38 1394616557
2  32 1310410804
29  3 670280273
15  38 1552285856
14  17 876188350
34  12 295663155
8  5 11021432
21  12 1935663831
17  8 1904526406
8  20 998352126
35  20 1221284221
16  46 705410038
17  29 134247218
24  12 787565015
37  19 1755821675
11  38 165892293
11  39 1312449449
40  29 1370441170
18  31 1124215258
7  1 11416588
49  7 1124253797
4  45 2065901186
36  29 2084867859
3  12 565085193
13  34 189178855
31  6 1978419088
35  17 432482807
36  44 480035738
17  37 2127849454
46  18 154473319
40  7 2138131135
49  8 1571932773
11  47 1749320590
48  14 1298203664
28  18 10702540
31  38 2085432208
41  10 515847452
2  14 1760793106
8  26 529951987
40  6 1745409427
0  11 984681161
25  26 1954909283
8  3 1135152933
17  37 112210240
45  12 703620262
31  3 1488267544
21  0 150676880
33  1 1081393746
2  7 1814361741
33  35 1584037874
34  4 290574879
33  20 1733147469
49  35 2083280870
42  35 956437949
11  2 1009564143
16  11 543470491
34  18 2089132422
34  5 1467716793
34  31 639163127
39  24 2052506457
13  11 1228979589
37  8 1727824508
47  5 1434708200
47  27 301999797
16  36 2053816195
24  40 258954432
28  25 1106621325
10  25 854066133
30  4 244224444
36  5 745241105
41  45 1897229522
24  15 1071736165
22  28 143861998
42  12 640778691
45  11 1427390111
46  48 609126716
11  40 1567732791
39  35 735314973
35  13 1387818765
32  19 1220887820
15  26 1305505535
1  28 324684538
31  23 766071095
31  13 1458199823
21  28 1296664829
49  11 1344694445
21  9 1189013872
11  10 363440225
46  47 1403511980
35  31 945003786
2  45 1752127427
34  27 2026930442
34  2 65538900
40  32 1188925690
0  18 1546381547
3  2 1099445961
34  20 1464554722
6  26 2031945575
3  28 1559865991
10  35 1585414058
45  28 2105155847
8  11 1575169859
27  35 143332794
2  28 80739796
1  0 1291688038
17  0 480740715
16  7 741986742
19  4 2031947921
27  29 418104017
24  25 1428987060
27  41 1352385291
7  8 1119908196
45  25 711978807
49  26 652104706
41  22 1456297822
0  12 2137581561
45  24 1585655307
27  41 1960111689
21  41 249410628
41  43 156643852
35  25 460154033
3  19 1292019384
0  13 1983470501
49  36 303626008
44  16 1768171937
44  48 116848200
21  18 786441944
30  7 781439129
12  39 1814293875
32  2 1825770208
5  42 1214795262
10  9 605422428
23  18 1141339335
2  44 330784919
13  40 277462587
28  46 658488647
31  25 375573291
31  29 536771579
46  48 1007714696
29  22 2114136003
49  44 2095203512
11  32 1613947102
0  44 102224924
41  12 1743407075
27  34 937965845
24  46 1949337186
17  8 1702419566
21  33 1273696137
28  39 1228488075
1  2 1962096777
12  33 703674658
17  32 1626353896
37  34 341595758
45  13 857131243
4  5 742016488
23  7 713559818
4  11 1013876298
28  19 2142478338
28  25 1699825766
26  27 1894357671
34  30 244987151
40  3 1768908619
29  40 868737173
49  42 1307171506
40  9 1388080908
10  5 2001712564
4  41 469321066
4  32 1908088001
47  15 1244000776
8  1 326717032
15  3 174351991
44  8 636834553
16  24 1904478637
6  24 1976720410
27  26 2054238408
5  36 1371221041
18  8 1133127746
44  47 1039816231
44  43 903395436
28  21 901317137
33  17 296751989
13  41 991879891
43  44 1814388543
24  44 256138170
35  44 1743988320
47  22 1663581934
39  8 115884965
38  23 762186869
5  18 723202164
26  29 1469797622
17  18 101142932
18  47 440771194
46  2 338328361
16  47 1032701531
49  12 1479493672
38  27 22467881
34  49 687942258
29  17 1590803477
11  26 929704595
14  33 102812382
27  24 957134198
16  40 1560889203
39  3 297204341
19  34 1715151132
38  48 315675868
22  15 362710599
1  7 1425140737
13  31 891568470
34  27 229100033
43  21 1902559206
9  7 1050636000
4  47 1936508458
42  12 1060527376
15  11 836845431
30  40 121886865
38  23 1995489127
10  14 328435080
37  24 1008399551
26  2 1482668011
31  24 1207192019
48  1 2092080742
32  9 1871378394
22  5 119201217
29  1 2144179584
28  30 662043771
41  42 86521230
21  14 1295123059
30  40 2046330728
4  43 1899596823
34  12 1815246922
18  39 828195602
12  48 561833790
12  37 60508463
18  13 677799397
2  31 1357554289
0  21 1046128438
45  28 1926270160
12  1 921369886
41  18 530205353
47  21 248250774
30  46 1507737796
25  28 679585613
3  9 82801068
23  14 1217594698
43  2 64475802
42  47 1687816229
5  23 2072337470
19  27 1307878992
12  36 1319561482
31  15 1072187853
41  30 1680593032
8  42 1680901868
4  31 1439562355
15  13 1781228211
17  39 221127219
48  46 1407866154
19  40 1796757316
24  35 1486245279
16  4 1817733749
20  26 548031707
26  9 1649657317
32  43 1190225517
24  40 317996325
49  34 92642342
25  15 732219913
8  26 1099511922
33  37 1310791211
38  18 1710038511
45  28 1730796734
32  25 1757270315
35  48 382604449
0  16 600040607
48  9 181739717
10  23 1701066987
24  27 1876309517
29  6 964347087
49  17 322230578
8  18 1600293166
1  37 345671544
2  47 181841630
39  10 166574172
13  22 1890297240
26  48 1052592903
22  17 1045677633
6  25 1097317404
28  8 1508338054
42  13 259902194
9  15 1887513960
17  34 2143053175
32  6 1542943351
27  18 897551754
7  17 963313904
40  45 2080157683
38  27 408675509
35  44 784062479
19  15 883194909
10  35 846205850
25  34 1113080718
44  25 1480126750
39  49 1460543235
1  24 991596772
3  37 350500320
20  43 1157148078
20  35 1568643253
38  13 1083177919
16  25 1459603787
48  40 1573540267
41  39 1679817112
3  4 862209147
31  1 995679153
24  14 288409188
22  47 1556965230
44  12 1016272295
14  33 1198684800
39  46 699321152
42  32 1041210020
9  27 1092957865
32  23 1285301858
46  23 1473542604
24  11 2014526132
9  45 1072317072
3  29 136579122
9  15 1669266115
22  27 1475507870
29  5 2097984546
41  18 1875549691
24  12 1739680340
27  29 1674170918
11  48 2053638929
46  24 1780469149
39  43 754840623
38  15 1533147210
30  2 478482672
1  10 1965563466
15  45 1918335954
33  48 1024081182
37  45 501028616
13  41 111150997
45  11 1626211449
7  19 554988941
28  33 2071354419
5  32 211388309
10  27 1238985443
2  23 808017935
47  33 246923310
21  33 2036141842
35  45 494376499
33  40 988521958
47  6 388543977
37  3 918971170
18  16 1476936348
8  20 54426087
13  18 867622410
15  24 696206510
48  44 10831049
9  4 912204606
28  17 1476924849
9  11 1831720544
34  29 1015125224
41  7 2086754717
26  37 2013501057
1  24 1422024591
35  5 927621387
45  39 945481534
22  33 1085619826
25  47 813565259
2  1 46625731
32  35 591327174
27  26 110792409
18  14 1538812974
47  12 88197968
21  8 213014251
48  40 1290668631
27  21 257057015
12  32 210019626
13  17 2134290196
0  34 1666917925
17  28 2139739927
23  26 641668406
46  28 248162249
43  7 1370155544
24  39 168922374
49  34 1638009600
31  37 1308865685
44  24 1490442238
47  18 1706002123
6  4 1160911585
9  5 1115637036
28  22 11764779
43  40 109556079
5  46 462799864
16  24 1713755265
35  5 646682444
31  45 411883037
28  8 1008005739
16  5 1092766769
11  3 1048028675
30  2 106746190
25  16 761650699
36  39 1367035892
28  20 786608922
42  47 896277125
16  40 336629629
16  17 1791944021
49  14 705383931
44  23 2085524172
3  6 13406085
23  17 569640450
42  24 1748742024
10  21 1159537088
4  43 1635483405
31  0 1165765434
16  29 241156977
19  23 582600960
34  40 339194197
29  16 770281261
27  12 1036557881
37  29 545692491
41  26 1388140262
34  41 1859497076
44  14 1672036374
34  41 434114973
29  2 444208000
17  33 201044508
26  33 1592844417
12  11 1900668702
22  35 1183580561
12  10 802597365
39  46 2056528574
23  11 751759974
36  39 1928560151
18  10 17191327
49  20 1983717838
27  17 716851691
27  31 552504288
45  4 1428953620
15  5 1340150880
34  10 154212916
45  4 686204267
35  49 105741980
13  40 1769578131
37  6 824480151
30  27 758479184
1  44 1414029636
24  39 2083295461
35  29 1268420742
2  33 310413584
17  28 856660551
47  32 1381218146
18  12 1161405612
31  39 1752271896
33  41 1339245461
42  12 515321726
2  9 1643543087
38  24 833489339
32  36 333697977
28  3 1511603790
33  26 145564489
19  25 1399794920
46  39 222596369
12  31 1792025410
10  31 1789086482
46  44 965653854
4  1 2085017633
29  34 26061931
35  6 1087477731
25  10 258712756
21  47 1071679430
30  47 1200675958
45  11 560460491
36  42 106212445
33  35 600852826
7  43 2010098927
13  15 1484382647
10  7 107212875
20  45 1920436574
15  40 880046842
27  28 348308895
34  25 1832614507
4  28 1589328125
37  15 505390814
25  34 1470554799
12  4 1899362240
37  14 652425891
13  9 964278809
4  0 1589893238
30  34 235614062
40  21 239569491
4  7 1880817328
43  42 253803768
30  43 1266399204
27  2 63650196
49  34 390516989
37  46 71846824
27  3 1709076546
3  9 2030146435
8  29 1165128905
38  31 278758307
37  9 812622795
36  3 351231924
36  3 1527213478
27  35 1035960233
7  41 288532115
37  18 845642898
19  43 979872862
13  26 288390898
14  39 2138645766
6  5 1281543438
43  8 1893245621
42  29 1684061367
30  36 2011579403
38  45 1472987104
31  24 283014917
8  49 818691155
37  1 1287061755
2  14 1872359624
9  11 1246016137
1  37 1280092219
26  37 519685271
17  5 844410132
45  39 1458308134
36  21 1720486060
31  35 817188375
13  27 1109086537
38  11 1041720445
49  13 592855608
15  27 689824147
4  26 1977212145
49  34 1633764446
4  35 1387130356
23  18 481252935
22  48 65155206
9  44 1023302162
29  6 1631061157
36  37 45539443
16  10 869895251
35  29 627786936
33  38 1984066786
45  27 737579991
15  17 1595387363
28  7 2064480795
27  33 768709646
22  0 2116354739
19  45 1077719143
27  17 240874488
43  47 1983429670
28  26 233854944
31  6 1971226631
12  7 2075805751
6  41 2083338732
36  20 232461368
19  12 1090071940
16  42 1370524909
48  17 371424803
2  24 947504400
43  37 1615999632
16  22 365125110
18  4 1039035002
48  45 470346415
0  26 1913601457
6  8 630427348
40  42 1102570427
24  10 607028356
18  24 1482869373
17  45 314964909
40  10 1917052066
48  18 666885266
39  15 1698527610
28  46 1619801361
36  45 1494562586
24  6 1386647709
41  34 1482147904
18  21 208313493
38  22 1739561352
32  8 1367856865
21  9 3034035
49  15 558506302
2  28 863316613
29  11 665622386
0  38 1139697668
47  38 464037010
1  31 685709489
3  48 2020757585
7  13 463723265
9  27 669822582
15  38 205948578
17  45 938666889
42  15 1568040988
8  27 528344287
31  37 2135922786
7  3 166360110
34  18 547132078
33  36 1625721854
21  39 1777672391
0  11 791663567
1  23 1357563764
31  36 847726100
11  31 69923124
20  6 551368540
11  5 830918136
34  36 1477446404
7  39 1798262981
27  12 258197716
25  9 709042488
37  36 1270130198
44  4 1460227904
8  38 1493979656
47  39 665814905
8  36 1209477066
41  15 1414835640
47  45 1257176441
3  28 1563108764
8  3 439453144
26  23 759491097
36  26 1400345046
49  40 2025256761
12  36 582067687
11  41 2010674280
1  19 2106490014
9  5 82227790
46  30 904590835
21  3 1152093480
19  45 1382412725
2  31 1886375149
7  44 192097263
22  32 110558029
17  8 2079607604
35  32 263843302
31  11 134903721
1  26 876299424
9  46 421553221
26  15 969700269
44  13 1613222017
44  10 18797706
14  34 1339468429
11  43 1880130303
5  37 825088119
38  37 1712750936
46  38 1868662949
48  10 979838073
24  10 1372810328
10  17 673747137
41  22 568501329
14  15 143110180
45  6 2064010508
32  35 999287618
5  9 542086251
47  5 1410923617
44  25 492248358
17  5 752538634
46  43 262157136
6  49 1772269993
34  29 357819493
20  26 887334558
43  19 2076822234
20  33 1522327491
9  30 1943082111
3  46 1467296922
3  27 708968671
8  11 2061815812
35  7 96078006
0  5 1259096419
29  18 816738036
20  34 1070552501
1  19 1085493750
28  37 1123546541
30  44 199494442
47  8 875506685
10  42 1587659234
30  44 1113986259
11  37 902896760
12  2 1024604923
30  16 1913307419
38  4 754079420
37  42 1008935795
20  10 1298556302
38  39 1476993910
38  42 1385929581
48  11 1788197518
15  23 123259472
45  2 1658272672
44  23 1209236096
39  43 213409939
28  42 62794760
16  17 1244693857
10  18 1936361121
14  8 1546583173
48  49 90256910
36  24 1026535055
37  9 190008842
5  31 1870845411
24  46 1195238692
19  44 1826694503
25  21 1567076410
17  27 837532745
14  44 1157041734
15  9 1844058200
19  17 836072831
26  5 1391597192
29  49 1287541012
1  28 1068963663
42  25 1514145186
35  5 130854577
4  48 527242463
23  32 39781552
11  9 1929286443
9  27 1045205414
19  43 1666812671
20  23 220957057
29  43 788569434
0  17 1714444095
8  45 1930795899
29  10 1540019752
44  36 468568352
47  36 874910466
11  9 11352592
47  48 90284419
0  42 566606198
31  1 1594241968
31  19 674125487
27  12 269597140
1  25 709875620
35  5 155380414
48  17 1346484973
18  19 448559756
9  41 1053094296
29  19 1448913239
48  12 1115818511
8  37 3876616
2  23 488430244
47  37 1186527184
23  37 650606404
49  25 365373042
19  40 88276398
29  46 403634462
22  42 2110153401
1  31 1002185628
4  20 1922338403
23  8 1029462351
31  18 2121699786
23  33 1126670722
1  30 2134890734
23  29 108934217
42  16 1669416570
4  19 1075431273
36  3 1223624812
11  20 1963862545
11  41 1380703777
22  31 1962194172
34  10 1686612518
17  38 1257581567
38  3 2026004398
34  26 1299646662
27  41 396765360
45  19 1370720365
4  32 423281084
35  19 1888048786
31  22 388009073
34  19 637398276
43  3 861478787
26  18 1728722033
4  37 2032612640
19  41 9936243
48  37 1739465628
40  14 747665533
5  46 898381061
27  22 1047365501
12  7 500180126
3  17 486467509
3  12 1315824945
18  8 66012555
30  46 923381465
40  3 80713767
36  23 6605726
40  25 649704124
0  14 489922139
1  47 1515060560
16  4 1879297724
35  4 347609434
8  47 1574480631
27  9 1626335641
26  4 1026692909
45  16 1881201824
14  4 1823609794
29  27 213303328
27  17 702287008
25  19 1713465328
25  29 1421210241
23  30 69978901
45  28 642253095
6  24 922885902
18  30 192579221
28  22 1079561952
44  19 162789602
34  16 438107492
36  0 1830108602
13  26 713925591
30  49 1991846712
46  16 1860743936
49  46 101850215
36  13 1041967451
41  29 241538690
5  12 1987434946
2  12 1383910494
5  7 1387940044
20  18 1161126996
7  43 1376231497
20  44 1108103989
19  34 1263050894
22  25 4000924
16  34 417038316
41  5 1547420163
11  4 1632359551
8  24 1280509149
11  30 171303415
20  6 2067831745
35  38 461126984
35  18 538685559
47  48 1375563438
20  1 943379726
12  25 1446635450
37  4 267683889
22  8 145003636
29  22 1722660090
26  37 56431376
20  46 599423698
48  26 117906500
42  34 775233706
4  46 568484423
49  40 824622949
48  20 759689853
10  31 1779308031
29  40 304517865
0  12 2057805941
3  40 1987641575
29  15 2034682167
35  43 1777769492
9  11 829098338
35  18 256644638
20  42 1835519324
7  25 1621827222
12  46 1228750878
40  27 1114473412
34  47 774145021
8  39 1591423653
36  16 992034818
26  15 1256184509
21  5 782541557
14  48 89690433
20  5 948963982
46  32 2040830747
49  46 1404771108
6  1 1990439729
35  21 725453149
30  21 371597379
3  42 1603304274
28  32 134229496
11  19 1731701933
9  47 649678851
49  47 933372780
2  1 1806242302
39  0 1706124908
19  15 2100989562
17  23 1602111643
12  31 2068633568
44  35 167481511
36  48 390685823
35  43 890072614
1  19 2123901042
15  48 765472826
22  29 1937902128
33  10 784739063
15  35 1795693116
5  48 826213707
44  48 1371461198
4  35 1543032779
5  32 912349624
19  21 331716543
23  26 1816498340
23  20 1498486736
39  27 162046242
14  23 1907192660
43  8 371654523
47  18 1099611162
1  38 1270664124
8  33 659241957
16  21 606033226
3  46 891992330
24  31 1853444637
11  39 517105727
32  1 910868379
10  11 1027139065
38  6 92752077
49  21 1062950556
35  48 686548733
0  47 679903774
48  30 130655344
12  21 178824596
40  39 1753261630
32  11 1922224419
46  27 865574802
38  12 1219424010
39  19 1248055109
18  47 319009708
9  18 1125813599
9  25 815250774
12  44 323851331
30  13 1533422437
30  7 612135645
30  22 479032650
48  0 1582816300
32  45 1838324550
32  15 1685581846
15  30 457109901
24  1 637573272
38  8 1199703032
25  41 556555597
47  42 1608814234
29  35 961062605
16  18 1975594895
30  18 694429469
1  48 1145843787
44  0 790922046
40  0 2049999181
1  38 305128124
2  4 1060496
4  17 635410279
48  38 1091560299
27  4 881264431
7  4 1024812389
5  14 1766369742
35  13 877090515
34  12 83708367
10  18 112131377
14  36 769944275
49  0 812370557
44  42 748070591
17  39 1806122592
1  10 873550466
28  1 1920452102
20  30 2128849720
24  20 502859874
41  15 1491298252
3  39 1503597251
27  38 1437991695
11  38 1681370816
39  38 258686811
37  23 1433840318
27  29 1796802725
9  7 458288112
18  0 1866620964
26  35 1250476750
8  27 1718359339
46  15 2138815175
33  32 455266732
32  33 243823198
44  9 1207898800
5  23 1239136868
18  10 1397836422
46  10 1521584340
34  30 2077486009
1  2 1818555776
6  42 234408281
28  16 184573942
41  25 358815
2  23 782192931
40  22 2026356520
25  49 740417129
17  24 1886366842
43  10 1088136068
6  36 1953174930
2  46 1929766410
48  32 515074007
45  25 1652648037
15  35 37441362
22  21 288303504
13  10 876045513
24  23 1554956446
7  37 51325389
1  26 94362516
30  14 1796944999
13  39 1791890316
28  5 1539030896
38  1 977962125
48  32 1873167650
8  34 1215355364
41  31 244309907
9  31 243886517
32  30 20125495
0  27 1236505341
38  46 1687950112
44  24 560347349
5  39 2130867822
9  32 690856395
39  28 549430363
19  20 264578937
37  18 1996825157
22  7 255641316
8  33 1232575873
12  11 1040859319
10  48 2065650140
20  11 266941145
4  14 2122929677
48  23 1418209991
36  27 590226724
28  14 385327570
43  45 472861164
5  27 1480317095
14  16 1952056957
46  17 1279049178
47  7 1009731135
3  25 1574721271
16  35 435578773
6  0 430836579
8  18 281315034
31  15 1239848066
18  35 360536843
21  6 613621722
27  46 677544838
23  40 1605234907
2  27 1667886685
34  20 1044171641
46  22 6416308
27  2 655370743
0  2 1735711073
2  22 2065821427
29  24 761665165
40  4 618022115
9  28 1839742022
13  30 1506682183
13  37 977999119
40  10 280274690
11  8 1604623379
45  7 1095171755
22  40 1327028724
41  24 555298654
31  7 780093309
18  3 632910120
8  33 914695986
4  40 1871451027
34  36 1343737092
18  45 1529190985
48  40 489432910
26  30 484465536
21  49 1439252815
48  29 180744304
25  38 85002867
33  32 760255600
36  5 2055792379
34  32 411329138
9  33 1619344489
38  25 2017113711
18  41 2115256242
19  49 681305027
24  22 2054038176
22  13 1092002499
5  36 1872169228
27  17 1042673660
36  37 562292247
49  33 274206412
47  40 905199308
14  4 1850099606
46  12 2008446700
26  0 1490184722
40  3 1535056505
38  28 1322791104
28  26 666270615
10  13 1166967987
45  35 524864524
26  25 197453333
33  39 1640337420
46  33 1115584466
39  37 1820391858
25  21 1437363276
39  1 117201599
3  6 1508782426
12  1 201864311
9  41 1284152087
48  34 991191028
37  39 593419918
8  49 1137896264
18  20 741949410
16  2 886414161
26  13 97827377
46  35 227629738
32  22 1383085575
9  6 1966584959
15  47 1696834162
47  38 1164767214
21  15 987066956
42  45 323837088
41  8 160839121
7  33 504168322
44  36 1649624829
24  37 2130019952
4  3 496376983
46  43 1443245047
36  24 348014825
41  16 1895860881
17  43 467330475
3  7 517890557
25  41 591003511
37  8 633810199
49  16 1698074229
18  9 1755005113
9  0 1014473077
49  36 391082254
8  16 513512812
19  27 538368460
18  42 1679258183
21  16 38244641
15  38 1686620464
31  11 171319993
24  36 1725738135
17  22 219397370
