1250 50 33 6
46  5 1736544927
42  43 460758202
21  23 1832363245
19  42 823568950
28  23 529897043
36  13 600027658
15  3 893039928
18  31 157102607
31  13 1525568099
2  3 1361545060
39  15 474665827
43  28 605925227
40  0 559400036
20  8 1493705943
17  0 405919480
46  2 269904750
28  33 752327584
49  14 1577046964
49  37 1021981052
41  3 274613718
48  26 1592629161
45  24 1486043814
34  28 1009870587
39  36 819471626
43  4 1199657529
16  25 277321206
15  43 1300686794
13  49 1280439828
16  30 216609556
4  18 1655331174
4  17 959172845
39  36 2120183444
49  45 2052257192
42  18 1998234846
36  34 1161080848
40  19 824065988
38  11 944298283
24  28 1581533427
0  16 715015703
42  40 396705623
23  25 823606371
0  14 1321826195
7  13 1052619059
49  30 1657318671
45  16 1551947967
39  1 151984627
42  49 1707218189
45  47 272565189
2  46 840682505
38  41 1604237460
22  44 1845483522
28  2 1892292182
27  21 1028107855
12  28 1350815468
17  27 1016474425
46  8 1881874874
1  25 1369754584
31  12 1492805786
9  46 878950142
12  2 642366313
8  19 1407959923
39  47 955499282
35  32 1711979976
40  30 2045007614
15  3 1858995973
34  17 2087406750
0  15 117033903
5  42 1360575059
43  45 1640604092
16  4 585375813
19  38 1260116003
40  7 2009459495
34  21 699091889
48  39 170140281
12  21 1447053905
17  12 1613952530
10  20 1148237018
29  24 1255763973
11  45 1074099260
16  15 447977775
33  39 1396227133
34  15 974841085
10  7 1091433251
47  39 1912850815
19  29 886281738
45  49 1495763444
4  12 897182035
38  32 356603157
45  4 1141915521
21  31 370213585
4  15 1390197471
35  1 2145370456
36  21 1714536194
30  45 149093460
44  23 557544738
43  9 1465402327
27  23 1402534863
34  20 1111558703
49  23 841308771
19  17 1382371359
37  14 511863076
36  40 1357118996
4  43 313590071
23  20 187160367
42  16 394155788
44  45 1281491104
1  17 428848587
27  1 335213343
1  5 422917094
4  0 481266085
14  5 808368609
18  2 1238697216
36  32 601770483
38  10 383425015
14  30 558162397
42  44 966642618
34  13 1789530173
36  25 991681780
20  29 2049330287
34  2 1494701272
17  46 1781838096
40  38 360262406
13  35 1226056461
14  25 1929608218
47  11 1644224373
33  31 1229143087
1  40 1821175318
43  46 729835727
42  34 415029756
7  6 338341871
4  22 236507679
47  20 1323840309
38  10 502546371
9  8 535848840
44  45 1570620404
21  45 327168820
22  2 1738943826
31  25 652511144
37  5 372460502
12  3 38122894
25  28 803574362
29  28 936435692
4  21 1108440294
21  49 1046407825
4  29 87850367
31  35 321586657
25  1 1299484709
28  18 3045177
14  34 1271085665
30  38 926168289
32  31 1192381146
35  43 1108004465
30  6 934365129
25  42 1738035631
17  19 1408918158
43  3 1143335676
4  44 1155726291
8  4 2079968544
48  21 871578371
28  36 961909970
25  39 377764526
16  3 562002266
38  48 1859576951
29  25 980362963
6  0 657660416
27  28 1499492796
43  41 1299135929
35  37 597954214
2  30 1960417175
2  39 690127363
17  41 645688974
45  3 1568894685
34  15 794402191
41  18 135153612
14  23 912210450
34  33 1164456190
41  29 1618047238
16  36 1110998067
8  12 498845860
42  44 818337704
45  12 2083505367
8  1 1468578677
2  22 815985588
41  15 14517402
43  33 1889632933
32  3 171238339
5  34 1827325858
40  39 1264135315
6  19 1151080950
19  2 1561992733
5  34 336349618
4  46 592025875
5  1 1561209595
37  45 1854713597
6  48 183501589
7  44 599519630
43  13 1877404732
38  25 415020670
25  46 522388419
1  42 436793489
30  19 2053237423
36  37 2037695436
13  9 350088628
27  10 273656261
32  39 1789618603
35  46 659680871
17  44 249387423
16  20 426978551
21  36 321825572
34  4 233545005
43  8 687469652
41  23 1855323795
0  38 1516205786
46  47 1710891708
11  12 1457599465
18  7 355037262
30  3 29247087
1  6 499570324
31  11 807836583
32  46 580602378
0  49 1129291422
41  19 907772819
48  13 1049186843
30  29 1366179498
40  5 1033781681
31  12 221189455
29  11 1846347764
3  36 2018523574
18  0 1084574052
45  21 55146158
4  49 1025474223
11  41 1388996997
18  44 998652600
17  12 1363964401
42  15 86829820
14  31 1014497280
35  33 1190048039
27  12 2051841877
48  29 316538851
44  33 61183695
20  17 1391253285
12  20 1065976113
11  35 1658891977
26  4 58876181
33  17 1639107873
17  26 2114704311
25  17 172702593
17  36 1235613311
20  29 1465329085
2  5 872082588
26  47 103129878
2  35 1632361507
28  36 1885935862
12  40 1878673876
5  34 267174361
36  34 1643459715
20  9 503504356
39  10 1904079084
33  31 71163773
21  44 365138391
40  23 356407102
37  13 796843627
28  10 1140392960
7  44 275591261
16  13 1845383245
31  43 1462782332
32  1 2087078873
28  49 655691177
39  38 2110814489
14  43 1241640718
27  20 1207088493
13  9 1611384342
9  12 624717044
18  7 1127159039
11  2 657687597
19  6 438134148
25  26 1619166795
3  5 1382526524
11  26 1237224809
15  29 1413798756
26  41 1196428065
48  28 1155818232
11  37 1028798955
12  29 1649912556
37  29 1532968774
27  21 2140634609
34  5 798373963
26  33 2041499491
49  23 1407491998
1  44 167646882
44  15 718872129
17  0 40899090
5  2 1782833279
36  32 2133959806
33  26 918601147
1  45 2056342008
16  40 1093563352
18  22 1545327237
34  44 1836031780
39  49 859993730
25  46 1183699413
19  33 803902558
29  47 346533318
44  21 354725093
10  46 1862365657
40  1 2065008051
25  42 29200642
23  30 875603020
5  43 322069581
1  11 1498546750
45  44 1613097097
36  42 652382737
29  22 100473059
31  17 1747984814
29  43 836650022
20  46 2070365534
31  47 1917183161
36  38 1095970516
27  19 2129602444
30  23 1891993821
28  30 237621198
13  49 1223728273
40  48 1717018822
32  5 1928960719
21  1 1642738524
8  36 1711963955
12  3 1765044938
32  13 1392212968
6  28 795092450
48  45 470800770
26  22 1116378665
39  1 1909753985
4  41 604104356
43  42 1320257671
13  30 834430089
32  24 990888062
46  13 2000824947
20  42 452598275
34  10 83176196
2  29 236577901
4  5 944167947
18  0 2140304403
11  1 1060438521
7  12 1196635707
28  13 1569927607
29  18 1248412197
40  15 1167101794
26  5 528611500
7  17 251927478
9  30 268631771
17  32 1505580480
2  20 322937375
35  9 1528582183
32  15 1810524694
24  8 978958508
11  46 1671954423
22  13 1495713428
26  18 33999165
32  8 1378259948
21  38 1097803964
21  31 281425631
49  6 69681577
24  31 687362956
38  29 611942014
40  15 1563707879
43  4 2008101260
6  40 615386793
28  46 946580075
22  7 1078805598
27  34 1452848792
20  38 18655228
25  34 2111093891
40  34 1064641186
46  20 1400741589
33  6 2097485527
36  16 590989751
41  14 580496394
20  17 1113617773
21  22 2056653169
12  35 2105674927
45  35 2122918885
43  39 427502835
19  18 375848512
40  7 765599591
9  1 222940267
48  41 491892407
21  45 131879524
29  34 51953997
49  9 1968780938
28  13 139835736
37  10 161503902
2  5 301539652
33  1 205178495
10  11 1830887402
44  4 377315817
33  28 1317523948
16  28 1575373622
21  4 1548366112
15  47 2003431094
20  17 782676190
19  28 765452611
28  49 1935327453
22  35 1081781087
44  23 621506415
45  40 902553339
3  23 44014049
18  19 69124933
37  43 800410278
31  34 1493833454
19  34 1370447825
30  13 580390659
48  9 832175611
25  30 1120651029
13  44 824072836
6  5 66264968
48  18 2029062352
41  7 736968792
32  24 2100441197
3  22 206572802
17  44 1975093437
28  0 554615412
45  7 1901533299
43  25 1185978574
43  33 57922994
29  5 837626168
31  12 642656954
26  36 1581144470
15  45 1118430905
42  46 1374612426
8  45 378941963
26  38 983153350
8  39 1770258021
9  8 1112500562
35  12 334867469
29  47 823415132
15  27 722300834
12  35 34076269
28  24 522415337
26  28 146107067
33  10 1497101618
13  42 1733817281
25  49 948925187
26  30 134823691
23  5 343771907
20  12 312157235
26  41 1216444415
45  22 1262775111
17  14 1761384749
23  3 1447409404
38  46 522226538
38  8 385282499
30  13 671260402
45  2 597131372
10  3 2104506704
41  6 264276447
22  39 2031319693
48  11 1768644924
28  15 1590313676
2  44 714470022
49  13 1714266437
49  4 1131564863
12  11 348471626
38  36 1422470477
16  8 755915506
31  15 383389495
0  16 1943948679
44  29 845854846
46  34 1033524951
30  10 769213774
3  36 1062895916
28  39 170849736
34  47 2111752194
14  18 1741153291
9  17 898414334
43  11 551273568
49  37 584042528
16  47 1799845059
36  8 699850378
29  43 306517379
34  32 1738933988
9  2 1980735827
2  31 2136046453
27  22 1615695935
31  27 17292351
34  15 623807708
25  23 545947862
40  17 1469317219
47  34 317028672
19  4 2140779487
8  30 1606717466
11  33 1157545498
3  15 645865058
38  48 1450633764
44  45 539241372
38  33 1998649157
37  11 883952053
47  34 1106635381
22  19 1609317640
46  19 291413406
48  41 427252617
15  27 1622825048
13  30 1990040041
26  37 648230872
46  27 1083777660
11  25 2089254191
43  47 2056013637
15  19 666779724
5  14 2077025833
19  45 1195599385
14  39 1776935730
44  27 644362681
40  10 1278045508
36  30 965162583
5  26 225656267
4  16 945456198
6  36 2137492044
3  16 971614940
32  2 1310106114
32  28 2117700653
29  30 2003229702
13  48 1657646492
47  10 794185467
37  16 717680792
26  10 1412462460
47  26 1956911410
11  30 1264659127
8  9 2087344630
30  39 861917206
42  6 22793293
0  28 615518480
47  10 687725045
33  18 1513603425
25  27 1704824735
27  18 563099905
19  10 839232982
24  37 1348898064
38  30 577977664
3  10 1303027625
15  26 429061053
8  11 1691934144
49  26 325724983
42  13 1251489006
25  15 439062030
5  37 46069596
10  15 1808877790
44  40 1383956423
2  25 1005336324
25  12 2081257712
7  6 1197776609
9  32 204740613
2  21 288935720
47  30 1553730204
30  19 1775896952
5  30 2090927072
21  45 1511297969
34  47 287484292
40  39 643055254
25  11 2140567024
28  8 313416076
46  21 1354940626
31  19 1573234180
21  17 2041816168
32  0 2130152289
41  13 2140736008
28  6 1945066408
49  46 1137220021
22  8 182697523
42  8 371663724
47  40 1734797894
22  39 1303220409
22  29 652217412
19  31 2055137018
18  26 1523369697
31  28 1871300926
37  29 902185868
47  3 1663345127
10  48 1433465622
16  7 2112419236
12  49 646053915
27  22 1275784228
25  41 281628306
6  14 1038072422
42  15 482999310
47  7 1755705825
17  8 2033352317
38  15 1902941045
24  25 509344531
24  33 764390972
45  34 1080625112
43  17 1382599788
25  29 798186653
29  39 1693305883
7  43 859357211
26  35 2000146646
12  13 2102926757
41  46 1356265888
9  30 1395161833
6  48 180143520
48  43 131953239
18  27 1615673776
20  14 398498223
41  4 2138047318
8  32 473803608
9  11 1830426457
11  2 380810576
43  7 1600091283
2  48 232235483
31  11 240029831
2  33 1417675250
24  34 698353227
25  22 1028643740
37  17 71234686
5  11 212378863
49  46 757378015
36  13 1936371347
7  27 45589761
25  40 1045340822
46  32 194390874
10  15 671762308
28  33 923206683
45  29 1335830721
6  11 854006819
10  17 1373678427
44  15 530154149
23  41 859323368
0  42 1414836102
24  4 1595920269
22  41 829018793
49  48 59022242
47  35 1212162362
40  23 1214369041
8  45 1360727284
22  36 1643401180
13  45 1808314834
49  7 1737317874
9  21 1930806085
10  5 886326556
12  44 1458264626
0  16 1864952860
14  34 166618093
3  35 418992076
3  34 771921929
47  34 996270362
28  35 1670469241
48  4 1921127388
16  40 1716203291
37  47 2100735672
12  7 1775300331
14  1 805093199
33  12 2034066046
49  39 1529991309
15  18 25256388
41  10 943643230
48  31 1448016235
45  23 766120654
0  35 2143629310
48  6 1261105215
42  19 1146207912
38  16 1662544173
32  37 752001884
23  31 1765274407
3  10 840433594
43  45 155690745
47  41 401286386
24  47 810357007
46  9 1616032500
28  15 662257403
47  25 993505550
1  28 1679892789
44  26 1076059760
31  45 1117171411
34  13 786104944
48  5 1436734273
41  49 173201577
14  5 1899148627
44  10 1198696782
5  47 1327498835
18  43 1819363616
30  47 101569491
30  7 1005115717
3  46 289879708
9  8 449977392
38  39 853896452
24  33 173852878
11  16 69599391
30  9 1992380709
32  33 942634808
25  8 1855676309
22  3 802813996
25  32 393829810
7  15 1928972557
24  43 1875455250
18  19 2134647805
18  49 1656975291
17  23 1389326769
15  2 761714087
42  11 239819277
38  0 1398111921
37  49 1533319107
37  4 1694732399
9  45 1116689531
32  44 1085223931
9  26 2084438529
9  17 1637545137
21  17 827069293
26  36 1345561045
4  0 1767024058
47  33 1405414790
44  38 598976581
7  41 851281985
25  44 1552164901
44  11 795299002
14  26 867406444
45  1 335941200
26  18 1124094993
20  11 971430597
40  17 545674557
25  1 1739014823
7  30 1833799520
15  40 192714262
5  4 2143641794
4  21 543976743
24  47 1478084802
14  31 1446205464
24  16 1360846522
8  13 1985692920
44  43 1155147712
34  23 1816161760
32  5 2022349469
2  46 200881678
36  0 1324316259
38  8 945138443
47  9 394384104
26  9 1571264035
30  36 316822551
29  9 276823664
5  38 1287511728
12  7 1307644869
27  24 1530988119
20  31 1434280406
27  32 2098819197
10  17 1878276642
9  45 1625712526
41  38 1565601275
36  11 158708160
42  25 1203563855
40  10 1108429999
43  25 1365223989
40  45 1365706497
1  6 1798916651
6  41 528110078
30  6 240928759
25  32 838592289
43  1 1860555077
29  21 1710660893
45  44 673089404
19  38 1554554438
3  8 972619418
44  35 1164502221
31  4 25138653
27  24 770318042
39  21 2013777800
34  46 521302787
22  48 1006547583
30  38 953571163
5  21 1914621469
33  11 712452908
49  8 1581577521
30  15 2136611929
37  27 207218077
0  41 2039311970
7  4 447871939
14  27 881907618
35  32 925984887
21  39 1767405554
44  10 1670728257
26  25 1519090682
33  17 1352423783
16  5 1742448414
41  16 1315374777
39  20 1774349691
14  32 526781558
6  35 1019328186
35  1 390290649
5  21 295488802
18  47 866528552
33  26 1816820559
1  31 30507516
39  3 1037425512
8  31 1344645035
34  23 1360574916
31  11 1917660761
13  14 639727990
21  17 1749974630
1  27 1160895274
46  21 95832845
11  45 844784743
5  7 1815915330
14  48 1312726411
49  2 1219601785
19  7 1518097838
14  41 1204210402
33  22 1465049175
23  41 981033222
43  11 1065373964
11  14 1962535184
46  10 364035412
14  5 1973296089
31  8 1518880751
29  39 2060867631
25  6 447035474
39  5 332288751
0  17 1123062597
25  13 910338756
24  3 1802917854
21  15 1407276312
35  37 1479488851
31  41 87824282
41  32 188509667
30  5 1611001689
22  7 1234008024
18  10 944861383
1  16 389319482
13  34 1781358898
8  36 1254298181
34  5 600760182
49  8 2081268732
16  6 361115088
14  10 761203703
10  2 78990286
5  20 2113709304
42  13 55270188
7  21 1911837028
40  27 1102970359
14  10 652217663
8  13 528430126
44  42 162581208
9  40 2004017958
14  1 601097573
48  33 374643745
17  35 593602823
27  15 1171162144
6  1 837875102
9  19 1607991585
23  36 1334703231
18  44 394892809
5  32 301366191
38  28 453595118
3  41 634105190
24  5 593736548
0  15 432619402
47  21 1278900829
21  30 1547845170
5  35 893722304
13  30 2069436501
4  19 953730856
11  43 953778543
40  23 741795999
37  25 1515233465
22  36 1368916663
49  26 1396458934
27  20 281882627
46  43 1288814812
31  30 160773079
22  19 767862763
49  20 333248975
32  40 703557707
44  20 625560564
3  22 626036618
36  30 346015758
29  17 1243155934
35  14 250198572
13  40 524530397
20  32 1350744495
23  10 1588724398
33  26 108546557
5  23 81974895
43  8 1732622212
41  27 796798190
44  7 695731356
35  24 1855119634
28  49 1146690194
43  2 730047802
3  23 843184272
21  45 1060916534
19  23 248889452
39  2 457311961
46  12 155648132
27  18 1287337617
38  37 740683808
26  42 200101639
1  47 1308904612
13  3 1208695955
25  23 1641175758
1  33 930752828
41  18 403051983
12  35 2084588004
32  11 1096845777
25  1 294072889
37  9 1417002290
36  21 1050090974
27  6 1667155633
15  9 494197116
2  38 1480530464
43  14 546929955
13  0 1689257867
16  29 41917498
39  33 1169674076
34  5 1029357305
28  14 350739414
30  29 1360761617
5  4 1404815204
36  48 305031064
11  24 1710131093
24  25 691768041
3  6 124552485
40  33 1037386238
11  6 271353700
38  19 1927894456
48  17 1268547443
49  26 1817497314
36  34 57340036
1  41 528470770
30  40 208744111
8  20 60060168
0  7 1432595287
34  10 292080320
43  34 406884619
31  9 1839857066
21  16 65460182
17  16 829233945
11  38 1422071475
13  32 878548478
5  11 1852720674
14  41 1234584518
15  27 968501561
42  38 2015561340
41  16 372521018
10  44 1618826524
42  46 550790128
32  24 490265738
49  38 775661457
3  43 1838652005
37  14 1005915452
9  18 743461017
27  26 700991099
15  4 1118638263
11  27 2121613364
47  5 774196796
14  5 829177410
14  35 1184860986
9  12 891470762
12  23 1222245290
16  38 1355240438
30  36 1273255872
12  16 467863022
11  15 523416098
38  7 1655177348
3  47 774987688
30  14 1633631510
36  32 1479248807
28  46 1294761662
46  27 1947346296
9  28 969001593
2  31 985460816
35  46 2110390076
38  20 1238882056
43  3 1451717710
13  0 1976640318
14  23 939566307
46  30 1545525703
48  45 265152627
15  3 1041152056
21  18 257172380
2  11 888822772
38  5 768583188
48  40 285632058
41  15 1386490080
31  5 940874155
40  22 1563241219
38  2 569595207
23  24 203194651
12  35 1103761816
16  22 1261583511
34  21 1059795234
17  22 2039289533
16  15 41141055
32  46 1086560290
23  16 1620119550
39  15 1014696324
23  40 981835857
3  22 1145678137
41  29 1191426118
41  40 474308339
41  29 2029742895
22  43 1905896171
3  38 1698658162
39  31 314441191
14  33 2070078050
21  3 1304212918
26  30 1185864227
27  10 2082709933
27  20 1802304002
10  26 1672679310
46  30 356603528
23  9 512436335
11  1 1910139620
8  37 1032000884
45  34 492091897
4  37 1541954177
42  47 1443403308
38  37 1042210230
22  49 2025863097
21  44 1618297429
20  35 298251237
5  49 1436726204
0  35 22140243
37  19 695428886
37  0 2048651312
48  9 206162070
17  34 1861966161
8  23 1152289580
37  46 639133809
4  33 665692095
0  7 131539134
10  44 1466011846
1  44 351214539
10  3 1383583712
25  16 222560980
30  34 1328952001
22  35 217456377
2  11 1490654682
39  45 1652913552
29  4 311320680
46  39 909114375
14  32 101135821
48  13 1869451564
29  41 1616019600
45  41 1292282179
4  21 28612736
15  19 2064003318
8  18 1348597184
11  26 1205678720
38  16 1412895401
36  25 460417611
22  10 629814089
39  16 548345754
3  44 1861670230
49  47 316243710
31  12 245656888
17  21 931607750
15  41 1051396122
5  18 1023691607
16  33 1358491242
19  38 1096108530
32  5 1251374401
34  32 226856776
43  23 867799997
25  37 1651185229
20  21 304057288
17  10 519595887
25  35 1516511578
18  27 2034955353
7  4 2045994371
18  3 453408836
20  43 1487140489
28  11 1008627073
17  18 1929135465
9  7 850700377
4  30 1652662990
6  40 1345975180
7  3 2143484782
19  46 1305976085
35  46 1787234702
37  26 1515497919
9  34 378067650
43  30 473461173
15  1 411792940
8  6 1244561172
26  21 296379485
38  20 1964674531
32  30 950387543
13  25 582655731
16  9 805736742
3  20 1501127578
44  43 650349580
19  11 1007642672
6  47 1010380466
11  3 1195906415
10  39 265296694
2  34 1561572405
9  14 2146428552
2  36 772392567
33  10 1744182083
17  20 106342988
0  10 1900624580
6  44 734967292
32  21 494917297
3  35 1104937402
42  33 520819184
23  0 1101541833
26  42 2070607686
15  7 1656767351
35  8 2115368156
4  13 1019966667
13  24 410771143
46  39 738588462
34  20 1680592910
12  39 744323754
1  30 1448687640
39  33 342627766
23  45 1382065796
14  22 1522784205
44  14 544309630
39  6 1599946843
34  41 318395232
9  45 771690529
44  40 655098358
0  46 708253558
29  21 446941257
22  45 520335634
39  46 160389274
38  17 1048716248
6  15 1432481655
35  38 736105616
23  24 664656041
29  0 536360900
36  14 511924733
35  36 1068441604
0  6 23465382
36  44 309004380
2  5 1291376762
38  15 1484904897
48  25 2029482039
22  11 897328273
48  11 1577092390
8  2 1114244361
26  15 727164797
6  14 1285652580
14  27 1120043923
12  6 1687726380
36  46 554208931
40  2 1620589527
42  24 1289644598
21  23 104264816
25  23 1528154208
18  23 1677244617
43  49 676686901
20  2 2049273050
30  28 260681661
45  26 1774021634
14  4 1713604740
8  47 629507525
31  8 1786732198
24  44 1359113560
27  11 488005539
30  45 293803705
23  36 1150764254
25  9 1689093067
48  30 924995603
47  29 369485059
26  5 1021429471
5  28 1299938061
22  34 16775508
14  31 1003334516
16  10 916213734
11  14 1200755047
48  2 977686266
26  6 649941606
6  25 1424633458
43  16 850791138
35  15 667167745
49  31 1056619717
10  8 321949241
40  49 68751600
40  20 841775736
39  41 1328117556
22  14 910365424
32  29 1396935115
36  35 1322312750
33  44 1360671616
49  21 387927798
5  2 1901937880
7  27 35217194
33  44 878969893
42  25 1115379953
6  47 582058937
45  5 1635334190
19  37 1619499013
18  31 1943806622
36  25 59322296
42  8 1426687153
29  48 1279793284
36  17 1504917833
22  9 1335585418
39  26 626998412
10  34 447435545
48  46 129798156
2  45 1537805862
39  23 26941789
28  31 284165759
26  45 677819216
18  39 1709483372
26  42 4704947
10  6 1270471153
45  33 370707120
11  7 1878149146
48  20 899389046
21  4 1634190776
35  36 405835924
34  14 629138579
36  13 1518381862
47  8 1848237721
7  24 297716569
16  4 205318520
47  13 563260034
14  24 1269415498
13  30 1379654672
36  41 889354200
17  30 341527110
43  1 1099702044
2  12 294772078
1  29 246528118
41  46 107977176
16  34 1711725771
31  15 1260114468
38  11 38101783
41  6 790757972
38  43 1443747390
30  35 645676062
25  18 375911214
42  30 588449569
42  18 46887373
0  4 969598159
8  38 1790328977
37  10 1173186943
16  40 1975763254
41  11 509356196
12  32 554143618
46  34 1829147201
14  23 185236341
11  13 351948058
45  25 1935015676
47  19 70516360
5  18 1724903309
46  27 1516476486
48  41 178533781
9  26 842188579
29  30 728427372
4  14 533062369
