1250 50 41 13
9  48 953039546
33  24 1838328756
39  15 284052067
17  0 1861078703
16  1 516816912
31  3 790244600
10  23 212072212
40  39 266318718
17  33 2108941559
11  6 1003356883
19  16 2104853835
16  24 2007471031
6  10 363363221
42  36 64839910
23  39 683902206
49  22 1414838916
36  26 1998876315
26  43 1506710273
42  46 963092981
44  14 1592628079
15  2 1382777329
31  41 1721312475
9  38 1442952632
43  19 1542553269
36  5 334867748
5  14 1956546522
49  28 1052477499
42  47 152322286
13  15 2032573825
10  14 76759583
24  15 1693565307
33  4 864432864
41  10 927359618
5  32 719503102
9  7 1408897306
10  46 1683953133
43  23 980463196
45  8 1835174830
38  47 452636383
22  3 348168419
45  13 7984273
46  9 757449824
0  44 2093520336
26  4 1729596782
1  43 1307713684
25  28 1535638293
46  22 578088423
4  36 926647841
38  46 1362958169
7  39 1455213083
2  13 971764999
5  3 36094448
9  2 1842777019
14  46 15649256
9  22 1260292679
19  48 2049884116
45  17 1503001065
34  10 1291122918
41  1 1270255080
33  20 296465864
20  2 2081100145
20  45 442812174
28  2 264795828
10  37 1556738917
47  12 1524228776
14  30 229139368
47  38 517566721
32  16 101208611
43  19 1998105867
33  22 717372537
11  23 554904109
39  17 397756005
27  39 13304381
46  32 407765111
2  36 1646796009
28  21 629505760
39  15 1971006028
45  2 1890532787
20  32 1663688492
10  43 569412437
41  6 1557156026
3  4 1090765888
31  13 1938928666
33  25 319496927
8  17 224848637
24  40 1822601731
19  39 2134547180
27  26 2130327531
6  22 758341005
9  17 1232034563
35  12 824585103
35  21 1658033838
27  28 1716178608
12  29 161799810
1  27 8953611
32  46 725872751
20  25 1592414375
22  29 1428689079
37  32 684803056
27  33 1528791372
5  3 2005890350
4  39 1344048591
47  3 1295218016
22  27 318473670
34  35 1703489884
13  9 102464480
31  48 945212822
11  47 46840185
2  39 2065890385
36  5 1107027381
15  36 1620813440
2  12 1134866
0  39 1422655749
48  13 1647216326
10  39 1195911872
20  31 1424287816
1  2 625034853
3  24 1279224864
27  1 1986467057
23  35 1963949540
22  16 1566730826
35  13 563667200
36  33 1964790533
35  40 1183923069
24  43 1033596186
12  2 695787452
10  0 1401007387
36  48 407051341
5  35 1359902331
23  35 2067035576
17  12 144569856
23  17 2084684772
38  19 1313462010
38  28 982439375
11  38 2046808430
7  45 1123591658
25  48 1069567835
26  1 2077047818
15  28 728002022
24  39 72785444
48  24 2047341893
30  26 871314409
14  32 1382652590
38  26 1435824929
11  5 692631028
0  49 399114082
37  31 1222655920
46  49 300072670
39  44 788993497
47  46 1705309819
4  39 2045553619
31  12 1073518683
15  11 789490608
47  45 972984694
13  12 1834690504
0  29 717662162
24  7 1267904081
36  14 1670326170
26  10 1025730748
3  0 1532376693
37  28 1450634094
27  13 366684769
24  6 552296305
4  12 654166314
34  12 74422268
39  19 544142368
33  14 2137255798
28  24 2114925250
4  42 806567753
35  46 1858593269
1  39 860139221
44  39 1780071434
2  39 322056441
32  18 1759777102
14  15 1005272294
33  11 659548885
41  28 311514338
34  17 844586470
12  42 1652742438
41  9 890193443
29  34 445368494
17  25 709659766
25  19 1880752734
23  22 531360345
44  25 1275338178
44  19 110159569
15  41 231941549
23  39 905250070
49  24 1224020329
5  29 1666017925
39  18 351601215
0  47 1138712907
25  13 1477420799
26  13 518202350
23  20 1691394663
26  8 1167045646
0  31 607271855
3  18 296407301
1  26 619598804
14  24 1714681844
4  48 1127978700
31  42 1694975376
12  18 331835560
36  3 845617557
45  46 921624871
6  20 691234865
37  30 988327734
23  31 1863467961
31  20 726355026
7  42 1860955082
19  25 1119788835
20  28 488658714
43  48 674282555
41  44 548330151
41  10 526498324
35  4 2012524026
19  14 1998665524
19  42 471607210
40  22 1700281550
11  47 1772203307
2  10 1722257374
15  2 3564069
30  43 1937520955
35  42 479664011
40  16 1848749541
49  24 1387107806
10  39 1506776572
23  24 625200302
40  23 190891800
14  7 813642231
22  30 1440350077
39  24 3206122
2  4 379236407
24  19 1560023133
8  43 1779745154
4  8 665418287
13  17 1652247896
38  42 646389128
36  16 68676072
2  43 1422741855
46  33 1771712125
34  9 1046835733
32  11 206547845
13  2 1975527871
46  23 1054468241
4  14 1567089764
2  32 1698681858
20  17 1929664329
27  26 252434783
34  43 1255225996
41  20 1286359411
31  29 1790070049
11  24 1941609706
35  11 1767704941
1  35 24959848
34  46 1944050402
47  6 1187858463
39  15 1669021628
34  23 748822895
14  2 247317391
49  29 124224934
15  6 1413114579
2  26 491218948
45  42 1148618174
9  49 361920580
36  16 1861975977
20  14 391247386
26  38 2102872752
25  5 1787343779
27  11 2071274694
18  34 1797426579
18  36 1323380649
14  29 635147736
10  1 1875190127
41  7 732596922
35  20 734426157
31  25 1213069670
33  28 2134533268
10  45 1761460451
16  43 544493509
45  32 134068872
24  44 1744529103
0  42 1941682424
25  45 1629787666
27  25 1873254523
32  16 293363976
9  20 2051071016
35  7 9108493
22  38 246924545
47  7 206834359
36  6 1326461747
3  42 1190280095
25  17 464877575
42  43 1700543480
22  2 1344801415
23  8 834577318
31  21 1625639567
43  24 1416259592
19  25 1813183632
10  23 1978518495
9  6 235553759
22  32 1380069212
41  33 1925323854
3  36 901383168
38  31 2033169210
25  49 29701630
46  22 628717775
33  6 285726492
30  27 6455571
7  35 1344342558
49  22 1506877658
0  47 2087117887
14  26 1782633197
47  42 325787849
28  2 2101041684
9  28 1707551840
12  36 1616550346
32  40 1178511234
10  18 1329976630
11  24 882480601
0  25 1068676539
31  16 2068557506
35  43 1375623179
26  49 1443814084
6  49 1459176213
25  38 1988200662
39  2 533744616
7  12 756748576
14  10 1573516298
1  23 1118781553
44  9 1309686530
19  23 378369069
28  46 1952142741
26  49 1157815887
17  27 1272112833
13  33 808715802
35  33 732310079
17  26 382716502
23  38 533881518
18  45 1838402615
5  35 1413989418
27  16 1798659592
28  21 1894026061
14  28 435339666
38  32 889465141
40  36 674228157
43  22 155061667
39  16 1299487864
46  13 1962080219
23  36 841693941
14  10 308519658
36  34 874099366
32  17 183245789
43  14 1268506541
32  38 1509600964
17  20 441172589
12  18 1749560203
22  18 1974963062
2  42 1661012334
36  20 1681286379
42  41 1271612118
2  46 648632126
29  14 830787320
24  19 1287566626
11  27 1521010311
28  46 1205525898
5  22 1669065294
33  34 378686686
40  19 1516855663
30  40 815916264
19  42 723495649
38  33 1211761011
48  11 1481050428
28  12 1037147398
23  10 1680604175
8  48 1150743183
31  15 1991373707
6  33 138749408
25  44 1135246751
9  5 1305248666
34  10 152367382
14  1 987849605
16  33 1633982272
28  25 788207766
17  40 1505396059
47  40 827629190
3  33 315800425
41  13 72063904
28  27 582417201
1  41 1174286897
18  6 1960531649
37  28 1149004235
17  7 380711164
3  2 1988259179
39  17 1660566016
49  1 1282109429
27  8 1847363967
40  33 1636048328
16  37 1128974883
36  7 1417286524
23  49 831566938
40  34 656484311
29  21 1552780612
16  5 1166508755
21  48 229136716
8  2 1009538877
32  12 2127033301
47  34 583467821
17  29 2077815391
43  15 1248986202
26  10 1968019044
12  0 2075519762
25  14 1324221778
47  48 1039066500
27  18 1458144190
20  14 2087502873
43  12 1794749872
0  37 342623419
6  45 1286083888
12  5 327730440
12  33 575586695
11  33 2032902921
42  45 354358149
19  15 1731490243
41  46 1409034896
45  42 2071970204
9  5 2063213596
30  43 452968143
42  16 1056006926
25  7 1295022505
17  3 1827436624
21  6 2130138868
16  36 817484880
5  9 388818203
2  46 662144591
35  8 469836280
33  32 954980092
43  37 1770417852
28  43 146073610
39  22 854350155
23  35 1023029506
39  11 657983641
40  46 1969269495
46  36 1977505752
17  36 929492986
14  39 66650698
27  16 15266824
11  26 1719020787
39  21 66283344
26  15 847246064
38  37 144220849
22  4 151549775
5  25 1537502734
30  16 58531792
31  21 1483402110
20  27 639663920
24  15 1935484871
1  5 1795863959
22  2 484272963
10  18 758860232
44  30 2065475012
35  10 643901099
21  24 339387451
34  38 226456813
23  32 813049376
2  10 1915571711
41  45 424304358
40  5 965087616
23  26 232150802
19  26 136885539
30  17 1334916752
34  42 1732836409
37  17 825963357
12  6 1310464782
31  34 1293339215
23  1 1366099561
2  22 995945764
46  31 1931381036
38  49 1868399928
5  22 2052037351
15  12 1882665148
44  28 350658882
17  45 1970439412
32  3 1902756368
4  14 1313521288
25  29 1963454236
1  48 166968432
17  11 1554022212
21  42 1222225375
14  5 1747581080
1  49 1956895200
45  21 580610866
33  30 779616922
26  46 1497196560
11  5 2032156420
30  28 282251536
49  6 840262866
1  14 1931250339
45  9 1330237058
3  2 619069593
4  40 1679617982
39  13 2146683777
49  39 1697392453
34  45 1970555410
45  17 603615921
47  36 135530589
40  34 1047663021
7  25 505372624
48  28 1607778061
48  14 603077400
2  43 78899107
36  17 1508541009
9  22 732827508
48  36 1085163345
17  47 1721864045
24  7 771868124
27  47 17027963
8  17 938633602
7  27 2044100512
9  5 1612534215
21  28 1221165819
5  30 1516210753
14  37 1339302424
36  12 1490416969
18  40 859618387
19  27 1464702581
12  30 844085543
42  49 402257752
18  10 1823074000
36  30 791663026
35  7 1540974659
4  31 1184459280
9  20 813026692
21  28 1646197128
14  3 441399596
6  3 759955451
0  27 1199712431
9  11 212140142
11  49 1828851784
3  22 1240878053
14  31 964898291
2  17 390465121
16  47 407954741
25  43 1133185190
38  43 1583576703
30  3 1356168910
30  3 978524493
26  29 1981321107
31  43 725599329
16  48 230211368
18  16 942560353
6  35 578012540
18  17 502063814
3  19 1468376218
14  17 946890219
34  21 1288513950
28  3 2081023864
42  27 956056264
15  17 829426503
45  43 460791383
38  17 600626285
3  1 1901794825
21  34 1366199757
43  27 1339005000
30  38 576777415
1  24 826871079
30  26 1394704464
32  4 2128798401
29  10 142317326
43  11 1037070105
20  48 1681985782
9  42 1386539206
45  39 366282476
19  44 1768725912
23  18 849873409
35  21 1399008194
17  30 371400744
25  12 513724609
33  40 1719412280
2  32 1615458233
14  23 1098002199
19  32 847677744
0  1 938095863
19  13 1460802841
5  49 425954501
25  45 614628118
25  35 400176159
24  35 1886800524
16  46 1970132683
22  17 1155106941
2  17 1520667436
41  3 655833634
13  29 2038239985
9  0 624951829
9  13 1191936234
22  13 1862550516
16  17 2019180651
23  48 2122773135
25  36 2041436213
22  24 943764099
9  19 900328577
16  45 2440786
6  26 557954324
23  46 1489470590
23  6 690768276
47  17 1641023691
32  43 173112601
13  48 154925790
23  28 1635027930
17  39 853779123
47  20 1935194264
29  39 370493934
18  19 1860705072
30  9 1999572766
42  43 972638342
15  0 1925853167
22  2 1057513510
0  34 1011455915
16  1 984795696
23  46 851939457
5  13 1667205712
6  13 116183396
2  8 19689079
21  23 2122258779
8  30 394516763
29  20 1365535046
43  17 72617168
5  15 647049166
38  37 975873734
21  3 1080422651
41  44 231064963
21  3 1976398559
5  35 141069172
20  9 367427497
40  7 1543921869
11  48 1360663451
30  18 1637301628
7  39 2051403668
32  7 2124539277
0  39 1167401484
11  12 648964017
27  31 1378315539
41  31 1110277617
30  5 2048055413
13  26 1549354186
8  1 1941199127
38  33 1714325074
4  40 917733080
30  16 151997758
41  30 88466186
26  7 1561091232
14  8 1094287916
15  21 18874396
37  14 486213459
15  29 378905379
40  2 2050307040
41  10 1244147750
24  12 926269579
10  39 256317437
22  13 1740808801
12  36 2141422920
18  29 1971998699
19  46 279020407
30  26 964322896
9  4 635963258
12  46 503390954
10  16 918912093
44  22 494771238
43  19 1002948546
24  7 723315368
11  7 156767369
13  25 607251138
24  29 976057678
36  28 486084914
11  18 53594230
42  7 1565069976
2  17 72067500
20  8 511854042
37  33 130607380
1  48 336267225
20  26 93331779
37  3 2111507336
46  18 1233616981
30  16 1146863372
44  9 1177903486
18  1 191963419
24  21 2009038931
12  23 927946710
13  31 392757272
49  28 506888529
19  49 2059022949
43  3 324176255
35  19 473478819
21  43 541538229
40  10 1748025972
9  41 946609250
37  9 1716958972
45  19 1189521599
3  28 1357100635
1  26 1581275518
49  39 913906391
37  10 435153734
37  28 841259008
20  33 1418491798
11  12 946977168
30  47 836661703
40  0 1907821479
27  1 381204664
2  34 1700684756
44  22 1934334275
15  22 2091821847
23  26 1597466202
2  30 1418601446
0  39 1362596756
36  30 1025909878
3  10 1594001166
24  31 57817472
33  31 1250951737
15  2 1864920934
11  36 1315463331
19  39 246076695
49  1 1443631586
30  27 267410300
9  20 2096318814
3  18 1600328124
39  5 1970542735
38  28 207474930
8  49 662129153
45  19 841023003
44  37 1971458362
48  16 1010926214
5  38 1003374396
18  44 1613227479
46  14 1174744493
29  16 267700242
15  34 1190534118
36  7 2056827163
28  4 1285299019
24  0 554028827
39  42 591753507
34  2 1996598119
46  14 2137566672
17  38 1449611144
42  7 1934882146
20  29 378622941
14  39 1965290051
26  10 338523561
8  16 897983650
16  0 920910909
35  31 798983480
35  48 835207218
48  35 1824334840
26  46 1213148825
41  14 556696042
32  18 1731782515
3  0 1824266463
34  24 971874683
5  42 348556293
31  25 496742982
22  15 1583583961
35  41 1057153328
10  1 1729257251
13  18 906011026
35  40 602893536
25  28 1406735925
11  48 1411002742
11  28 1249661123
14  7 1174353330
20  24 1872308902
0  11 110752768
27  29 783631421
19  10 770096625
41  2 1820951520
10  15 738817882
19  24 907729252
28  35 411665144
47  41 952744632
41  36 917081502
49  41 438741381
4  39 357109183
7  16 1707581930
23  5 1848115222
26  15 2109439334
4  47 2126654917
10  6 260402311
48  27 1509042926
26  31 596619399
10  6 2114306094
24  36 348755167
34  19 1191077888
35  25 256591449
40  2 2015544063
19  6 1287656616
25  31 1259505268
24  47 889968306
29  37 2026284744
42  6 1062693364
49  38 1308190487
42  39 1169042118
13  11 689300478
2  17 1356347570
41  17 1815597408
7  28 1209620375
5  27 1476893644
36  25 852073
2  33 1265987797
20  16 303475696
30  31 322471498
44  28 313059396
26  42 1992420687
9  8 191046080
17  12 707702895
21  0 1460454104
49  24 2091699865
35  37 210729941
13  27 155145972
49  10 88895402
47  22 1680344147
44  19 1225854342
16  10 949054397
4  40 89698266
43  8 1616732118
23  34 948900848
3  6 372681525
22  30 907253131
20  36 408340429
26  15 317515575
4  17 379319460
24  7 146643857
19  25 1906122481
17  11 1693418056
2  39 1732352214
30  12 293851827
40  7 1814152858
32  14 977479137
20  16 433755304
19  32 1907916519
46  15 635026414
42  45 393302996
3  11 963395309
14  16 836796814
9  44 2141227501
14  3 2066267042
38  19 1342237544
18  12 581629145
32  16 1752666178
26  29 314651870
4  45 100042060
20  48 980540783
4  45 1332484961
5  40 626907655
19  40 1032515905
16  34 114326697
45  29 451421456
14  26 703513238
19  43 438215907
8  28 1170196274
20  25 2127381197
30  31 1858086413
0  25 411270348
41  19 415216383
13  25 1533587449
43  16 1202549182
41  18 1582961504
49  32 711363109
41  26 356200956
9  35 380502693
46  19 108525524
19  47 583012826
7  24 689258799
18  7 1693581957
30  43 694879629
3  26 114432352
10  14 1244340707
2  6 2009582833
16  6 1978517065
15  42 350773714
21  47 1961541620
46  7 63829497
35  17 1233714726
12  44 30864347
49  41 1834983325
12  0 1314817964
32  36 1010973946
4  41 1988215080
44  35 660702243
49  0 550474565
13  49 1458347220
27  0 1248602481
3  9 1838084032
6  14 646357077
48  10 638670068
6  26 494808288
31  26 718991217
35  29 115017872
24  15 1819385773
42  21 697858491
29  25 589924122
6  1 519467975
29  32 898815546
4  2 291969538
37  40 770088315
33  16 127896501
32  12 461612889
13  3 1966669768
18  11 1039677249
41  46 410434693
45  47 1592375964
9  25 1760296008
33  35 1670576382
10  43 1149278227
36  14 1423272222
18  5 757885774
17  7 481246561
22  35 490548728
44  32 86965076
29  20 1761922402
32  41 1243668750
37  7 963118531
20  5 1993795188
7  29 1978809069
43  46 1869316004
19  34 1000362045
30  25 582693211
20  25 353148131
15  31 876265583
42  24 769611111
42  41 1963375019
4  6 2023865114
25  6 1431053120
11  30 1844980115
16  1 2019206395
39  23 907075366
44  47 1689150091
46  21 383417831
13  12 1174540281
42  28 491231546
43  13 899263228
35  45 960452751
13  33 1722690524
12  43 1897286158
33  48 306173174
3  27 521863286
23  42 1163923894
32  29 1383827727
23  22 1913659162
47  14 1942703426
14  26 2003049919
36  21 1451919849
40  12 1270904583
31  40 1694910665
5  14 2053384920
45  5 190761821
12  31 1358886465
44  29 1265962763
41  28 49916816
18  11 1248026520
8  29 338026826
48  42 2068518550
19  42 1446764958
47  22 2022731697
47  20 1802518016
19  16 398956494
25  6 524106426
49  33 374030639
23  18 2047761270
29  7 1530752765
46  18 241774489
20  2 482293842
43  11 1101187420
20  26 679191810
0  47 1353260443
1  11 2099723070
7  5 786691545
1  5 491339227
28  37 859491409
38  6 192703004
34  49 102736264
48  37 925209529
47  13 1501771332
30  1 1972145050
16  19 1102052510
13  49 424600931
0  35 1234314103
34  40 1663001995
15  45 1425549059
36  34 1799710948
44  19 1796712298
9  33 1018321691
8  3 835427110
9  11 1999384348
43  5 239888181
10  8 1070329831
36  0 2041837773
42  2 1164564396
0  8 1350550907
25  20 479393609
17  30 1349906799
15  21 1305146339
31  33 1880160144
12  15 281499068
26  16 1786347318
8  45 460401841
11  19 97235342
49  7 254488627
45  28 1970325671
24  49 424343785
41  30 1570000879
28  43 847469212
19  1 485217535
30  32 1308131135
30  24 1385071399
27  32 1976327293
9  1 481273125
22  8 1075997940
38  0 671332126
3  36 518951382
10  1 1173322208
22  15 195209849
42  45 1280045769
2  35 1547437846
38  8 1767596174
49  4 424420097
30  19 582179157
23  47 1103106523
4  21 2121845468
3  36 118035049
26  2 1634855461
34  4 808492153
44  25 459820142
9  11 1774981604
9  38 2084506668
20  34 2040100700
36  16 1923259413
12  6 1814389437
29  17 950137413
40  17 906311656
47  35 863181286
7  46 1927147921
29  24 792792101
0  31 1793942575
1  9 2136582102
35  1 1116104189
18  9 1514470690
20  11 371113168
23  22 406539284
19  5 664634326
17  38 344479959
11  8 989372881
20  0 437423654
9  3 20137085
23  37 555736138
24  11 1336524380
49  34 1733206597
38  35 1737112281
30  29 677502237
13  34 57876150
46  48 1111446671
20  21 1946840065
9  21 1867132228
46  26 778224274
6  45 1148915853
17  5 1698870420
46  18 156886634
3  22 1363017536
30  44 1694018028
28  47 1921171885
40  10 464909961
41  32 1772605779
7  2 1872182708
29  14 2005958139
39  22 624369745
37  29 244098453
6  42 1241338659
23  6 1596608577
41  35 1539106487
22  19 648460366
27  32 1246512628
43  19 1438583655
41  16 1819499392
1  32 183335091
17  32 1568878703
10  34 769034169
29  16 365035616
36  28 694908856
28  49 1653779212
2  44 492008191
28  7 784469561
42  37 251469922
14  27 20476702
9  19 1268820490
15  40 1160391145
43  42 1275033857
26  34 816098632
48  42 1369562961
4  30 2053367842
4  27 1739691227
46  31 766294105
48  15 857140582
4  24 859194672
2  8 2060221574
11  17 784219971
23  44 128071084
46  45 1477393215
26  3 2117566399
46  3 38573202
5  14 1825445992
19  7 764073493
6  0 431551930
8  28 260235286
20  14 1697854509
17  5 804000107
29  5 194950051
10  34 1331249878
22  39 1527839505
48  41 560960492
23  37 1203945020
34  12 1819433048
23  20 1944122725
39  8 345063491
41  34 1761343873
0  6 794985326
9  14 196145675
46  43 1156177963
3  12 254015240
26  28 1987415264
1  10 1385374058
43  48 1931295736
6  25 945436610
14  22 484478571
46  16 1305202514
34  42 2084647660
5  7 101015323
6  41 1439169798
7  6 1625342894
12  43 2051395640
24  22 1294048109
34  45 1777352532
22  2 1728005487
35  6 950251773
18  9 1108442091
2  17 155909408
44  11 2060048052
0  14 64887930
36  38 295194593
27  15 1716310090
21  47 156413476
30  35 1312660741
28  29 452380956
15  14 136851217
47  37 934655559
26  11 1354454670
31  34 43044478
1  18 833434772
14  4 1673665174
21  18 129429554
33  43 402605552
48  15 1990755671
18  29 1770990781
4  37 169002964
29  2 1396344698
30  37 1963711627
4  39 1582383265
48  26 207684422
37  33 845443835
36  35 2096088665
23  45 1299737051
0  47 1397133962
34  43 1602367494
49  19 718544959
23  47 1063058081
29  20 1080464215
12  42 389047900
27  11 1483492158
10  36 880786759
35  0 1014525368
46  16 172113308
20  18 1272119053
26  20 957405285
11  46 248353451
8  22 839538145
2  47 1929517536
9  43 986423165
31  49 1803334132
1  29 80823221
8  2 580382217
12  45 1529815611
11  44 83723063
32  1 2146241433
38  28 689752142
32  1 1939474369
47  6 1037217677
9  7 418892646
23  0 612217440
6  34 714964152
15  10 834517462
0  25 936338434
20  46 583635038
19  38 1578308213
48  43 2107659873
31  34 360583756
35  9 601660722
44  31 1557350016
29  26 159596
34  25 1269966003
18  15 1929014798
27  0 1490321054
38  19 923814782
1  11 1447009665
39  21 926912999
45  6 938627393
39  30 774391385
7  42 2143840681
25  22 1284070210
16  13 744738678
27  3 660707020
30  7 1300533423
26  20 518010484
19  14 21332124
32  45 1879438985
0  47 238864526
34  38 71325591
13  18 1796445355
3  49 2142197683
2  1 30873703
17  7 215381837
6  35 833036030
31  34 1360577359
19  22 987864613
8  12 638131635
7  40 587623941
45  30 1242609168
11  45 1776964753
2  43 2001926172
40  42 923307897
11  44 1893148937
40  45 2112947153
43  41 901113441
15  43 1298932470
26  40 116683146
32  21 336105888
42  48 598581261
21  47 1059057604
20  17 143841412
9  12 656596300
22  47 1223549381
41  1 1865316141
38  42 1039019763
22  20 1909209799
36  22 1594582158
