1250 50 40 38
40  7 781827519
4  6 1435830451
36  48 719064847
44  26 1978107616
33  29 824962271
2  13 57211457
9  43 140392865
17  37 2035732986
11  44 1258863367
42  35 744724278
3  23 1159236439
33  13 708825308
15  2 2061231047
12  13 492499047
5  46 1907081186
7  15 1716875272
22  32 707525306
46  34 1393849547
39  27 1871163729
11  30 1863211758
13  20 130992287
8  0 1756673113
30  23 1131554123
1  0 180636857
30  48 2097088725
7  25 391726024
25  38 2017737270
35  41 1833055233
20  31 758814700
40  32 167068598
36  27 270143829
21  43 580215849
49  34 1217428361
5  29 1596091251
12  29 1915654283
32  36 1893257121
17  6 889257031
29  37 277286370
46  39 65832580
1  43 1671528979
43  6 926255423
25  45 1202612600
25  45 1494487822
4  3 1367658065
18  45 1963553032
19  49 1847966765
42  44 599247374
10  32 1417047996
18  22 1627252043
7  16 1310702893
2  44 1841575970
18  3 1199809837
33  16 1318650489
33  21 974140946
21  12 1570001452
40  20 846302658
0  45 836498995
30  26 12814480
14  10 1758710990
20  0 1797973568
43  20 1701343581
26  24 3941858
48  25 1876064852
1  33 1351676165
18  8 720525257
28  42 1391885979
13  15 1190921623
9  3 372569376
39  9 1674602401
49  41 272400556
10  45 955349761
5  6 1972574086
41  35 1719305557
28  14 683472991
16  24 548197623
44  33 984060120
12  25 1916084703
24  21 858019210
45  10 843641618
29  10 103356902
37  12 81651774
13  42 579294515
23  45 859365338
14  38 804722532
35  40 173512738
26  39 1111494116
32  5 2085019608
45  8 380969424
5  12 513143269
15  18 1740613345
2  25 545271557
35  12 639766786
30  6 1922983470
41  25 784456138
32  5 822420194
17  28 1182181396
9  19 765064556
31  40 1104235720
6  46 1240793494
13  44 1001189320
23  47 103316766
37  43 80588804
36  46 1840947802
40  21 1478591351
46  11 27325698
0  11 786106726
49  48 778652555
42  29 82605588
47  16 57314239
11  28 1565539998
25  47 1491856243
17  18 1803823858
37  34 444865977
5  7 407581286
0  35 310856773
31  9 414052451
5  22 172043361
44  15 1797871431
46  5 1724350929
6  21 1574377937
17  6 303433595
19  28 1769243180
22  16 1754667568
11  7 822055620
21  10 929704897
30  44 1765992876
40  6 1007606755
46  2 964763322
4  3 1570216421
24  27 914173130
21  34 824278090
7  4 611230525
14  6 99657837
28  29 1860067314
4  43 1372984282
31  1 1107928804
16  45 1473508222
15  28 1091152155
1  37 1714852935
25  4 155104569
2  0 292963602
38  44 1592928077
43  42 2144146691
31  28 1228733605
20  47 1050939501
14  20 1260259036
38  23 1184868936
7  40 1343764406
20  36 461510186
37  4 1840943010
46  19 1966387506
10  5 110083215
43  8 2130400480
34  0 1570198301
13  22 1684307933
29  25 1315221449
26  6 1998862623
18  6 1459251879
35  10 1231036605
44  7 1488319181
32  30 391206892
48  42 935443281
14  3 1112262639
46  14 630250626
42  37 655060521
25  19 1496037793
21  14 524221883
36  33 2064305902
49  12 563480096
33  47 1602967358
15  42 266650124
7  18 1401449995
12  13 922509340
34  11 1084684852
3  0 725828953
35  23 1809818073
0  49 282798669
3  48 381531576
29  31 327243558
22  37 701504165
43  6 1658488434
21  17 2044143710
14  6 451284848
14  41 472146586
43  1 507338305
12  5 2034643839
14  26 2019358606
3  49 1219523136
27  25 1152053678
12  37 1318434907
17  14 416998073
28  13 237939650
10  22 794511202
49  37 1314046576
27  6 1326749520
25  36 1220182463
32  35 969530449
37  8 1423966897
39  47 442886297
26  49 393386700
13  29 1100778063
36  32 586463703
23  26 1597991612
11  27 1994600575
46  38 1315628989
23  5 1039332473
38  36 15999656
24  36 1379483496
29  1 1352593889
13  12 1209869412
42  4 1781591958
25  39 1508255396
33  35 701860540
34  44 1289764857
18  26 1880636310
23  17 76934932
1  3 1693185232
7  45 1074694822
13  10 592710441
47  37 1931232921
2  0 853821926
35  7 1691679852
24  33 339038623
20  49 1809551153
41  33 1857141659
8  10 183315761
2  16 1175125616
7  28 875488383
33  32 1712695510
28  41 647319666
26  25 737968715
9  7 1668909092
6  27 1500502408
15  25 1492035305
30  19 390606047
0  5 1682787212
6  42 2043664990
23  4 2038723585
19  13 2110686573
26  25 1507752121
19  40 1661629940
20  41 1994274451
0  49 953744651
36  26 1483215535
44  12 10383499
41  23 349087982
33  21 669125564
41  25 588409734
28  39 1758939631
27  6 172884390
33  28 72721838
39  42 1786464566
33  13 470246113
5  29 826054040
40  9 1066251466
15  49 832229963
40  29 88326024
45  9 388566642
20  43 402921440
46  42 1777767736
40  35 1466941734
22  33 441441444
37  45 313181978
36  15 1222041181
41  20 694386345
30  16 696029736
7  15 1881229930
16  30 125114301
28  40 573856362
27  39 1934994368
20  35 988180942
30  44 1497041790
43  47 821323766
41  13 975404202
38  7 77880747
37  3 862568597
22  36 409050958
18  19 71758529
41  40 2128207619
49  16 195980718
37  17 1489061117
11  37 1106003080
23  8 1845480274
27  8 1637442720
18  40 184578243
5  19 181222077
40  14 1580366243
36  2 515308363
41  33 1471775788
18  45 2102202069
0  13 821457709
29  34 386905006
47  24 836032444
42  9 1657067805
9  0 1347817936
5  11 799899376
6  8 658301643
43  42 1063969824
47  2 2074486534
39  32 415676541
22  27 1200633219
5  48 298159833
6  33 619952304
29  45 2014617622
27  15 1244455369
4  32 833960431
15  48 1694979030
27  41 1176477802
1  7 865615775
32  47 1903504681
29  25 1116606288
45  37 1170150153
37  38 1780859369
3  44 790620790
29  3 171906061
8  20 2146850163
0  22 1368757905
8  3 785727606
39  17 1606767054
4  37 526538758
26  4 1400284991
28  14 800636597
1  13 135184586
35  25 1524141008
32  18 504494830
22  10 2108414742
49  1 426369000
16  7 1105508378
10  36 1040925316
32  25 1270007583
10  42 1481756108
22  3 1547706285
45  35 832982504
9  38 211814991
16  0 741005094
1  12 151530327
6  34 721278882
33  44 1774319299
31  9 1578183894
22  42 1573350663
17  14 1426054028
45  16 618948172
16  49 202001941
29  0 822766335
22  3 1204302086
4  15 966675124
14  47 180149065
39  38 1087061050
45  0 395779485
38  33 1572097227
2  28 1756914965
1  18 40177178
21  25 933050566
16  3 925123040
4  46 2142910045
35  39 419755020
19  44 787189532
18  8 1074144567
24  25 1998504766
16  39 1253856358
5  37 360061192
36  45 1376073339
37  2 1750812042
41  9 463720049
16  23 587347478
38  12 1764893240
3  37 2028106190
35  15 2051616636
20  49 6734270
48  43 1516577843
35  27 1147493850
31  30 25513003
8  13 2005993617
1  49 1536444640
46  5 1515610126
4  41 2100767967
39  0 1612360656
10  44 941389970
4  37 1500780420
6  35 1396706555
2  20 1404375474
40  27 530044612
26  32 2083560327
33  46 1421533798
13  6 1638883529
22  2 222788871
3  7 904735721
44  23 1099270011
37  34 1903985026
36  22 1473038171
29  16 1758914501
45  32 1146725613
14  48 261603087
33  15 871465198
29  44 1218040582
20  25 637031527
11  35 1458868727
49  45 620655419
43  13 1802067867
29  4 658383553
22  27 2005316435
40  43 2048424957
35  29 54015393
48  30 1635879137
2  25 829787817
11  33 226793475
48  46 1939183172
29  24 1599639012
33  14 1025713458
24  20 2069758687
9  10 370678509
32  5 1223609829
3  35 1700164319
25  34 1502322947
28  24 1117847303
45  46 755224087
17  41 988594079
18  12 779278521
16  19 1232476572
44  20 492741003
22  32 1815049997
31  7 397739891
19  16 2018998360
2  6 1743358709
7  16 893906660
18  7 1279685463
35  5 116513816
49  44 2050986871
7  27 1938715520
26  29 1869031186
18  24 1277303211
27  10 1366338831
30  49 1108522104
44  19 261400434
18  32 1394707638
12  4 1673824686
27  24 2109449359
13  47 995305405
29  43 2103510055
10  33 2127630492
3  8 880775735
32  8 1550387017
17  43 918917349
29  39 1929726201
31  20 1689862330
8  43 1575104362
31  15 1882888911
27  5 8060258
19  22 302132341
49  37 1940433877
2  26 793718421
25  39 1431990920
41  21 247245052
26  46 451879406
38  46 2014617721
49  8 2090885727
8  14 293318701
15  49 592540542
30  49 497295203
45  41 1705481198
19  27 1879872767
49  14 221476957
42  1 993015377
6  47 1629778067
18  49 1153071944
7  15 1937151096
0  10 1895501294
3  40 1650830071
20  3 625684449
47  44 884598447
41  21 69630986
4  39 80272538
36  15 1481341651
2  29 1167992280
38  5 416219839
46  42 2071081243
2  22 110291524
41  25 1707351106
32  30 2046197669
15  28 1848519852
9  35 629610794
20  4 1600967098
12  31 1132848944
16  4 1710988249
4  6 1704389776
42  38 1223439117
29  11 1007540438
20  2 823486262
19  10 1865711849
32  13 1674613196
34  2 2106273660
18  14 27389468
39  43 611803788
1  4 239809847
0  49 1499395865
34  22 428832866
34  37 1462648070
9  21 1340325349
21  42 1658832919
48  0 1174193948
19  21 783316235
45  31 1485045342
7  3 213026984
27  36 1419093760
34  6 673966678
21  42 1880604624
19  25 1222226418
16  32 74231999
31  29 795322389
20  18 208414847
7  39 1287842214
39  46 2113456713
47  3 1447838665
17  9 851741411
5  31 1413179909
40  46 1881838427
8  45 2099478957
28  27 328814922
31  10 606799832
31  12 1419363523
7  30 333294675
41  12 772455079
5  25 725530509
22  41 2091723807
30  38 1055686627
37  1 2004655884
9  0 450657701
0  47 816740245
17  39 1197994287
32  31 590944224
13  47 1537260167
48  25 1682369676
37  32 1844978450
21  4 1129565082
41  4 1283851908
39  49 1203082274
49  34 1507330434
19  48 2046704205
7  43 1344581286
24  18 1476730867
19  1 260178994
0  14 1740963390
32  7 1658055189
12  19 1083818853
33  48 410281405
12  23 729089739
12  21 583934086
49  13 183322250
9  7 2008752477
48  28 571925194
8  32 1987341557
26  40 1608266858
37  22 1399624755
30  18 289385539
4  33 612741464
17  35 990208978
3  7 197570380
26  6 521748435
7  15 586093583
33  16 2114712851
1  33 1443829899
46  29 640925411
6  48 1869156076
31  14 2103192767
29  17 1533786989
49  13 86575476
3  31 1699070073
37  6 544580987
6  36 1972465477
27  19 892867463
23  32 526211984
15  14 783710015
23  8 854766399
0  19 381927919
37  4 1739104507
20  22 552242874
8  34 1703151483
23  14 1864773494
44  33 1255310991
36  19 1418366723
6  22 429422295
42  22 489654949
24  36 623061789
43  31 2038060328
20  14 394131403
5  15 896856684
25  8 805389669
37  23 946928250
32  23 777773088
20  11 1324200583
14  37 1204767090
22  48 1681390295
7  37 2057101270
11  49 1337620243
6  3 1050402148
34  29 1583653540
4  21 1253704535
32  17 1716022008
0  26 1581108612
21  11 567789340
47  32 2050382348
33  9 520117015
5  25 1283393307
23  26 819751830
48  37 554823261
32  47 738251228
40  41 1978889979
5  18 1847753321
21  31 999680972
16  0 58815706
5  38 1174437888
17  26 569100662
25  1 1205239632
12  34 1098494233
9  5 1070611572
16  27 497887147
39  12 1287169032
17  49 10596653
35  44 1019300852
26  13 193099762
26  3 894432240
13  29 2039490283
24  23 510360246
21  2 371709378
1  21 627269515
45  7 1746580496
0  49 392333502
42  24 889140042
6  44 1376447358
42  26 985679784
27  5 657952227
12  27 1099248742
13  7 2068849496
30  29 223844691
26  36 2007194268
16  23 1624618357
45  0 790179552
30  0 936483889
48  36 111566357
7  31 1279531267
31  42 1969219766
22  23 238063763
49  31 1228742513
39  42 332881876
12  8 1261873180
24  44 1662752559
19  1 652874469
33  45 940876353
11  37 1532501739
13  19 1977831470
1  46 1299645801
40  32 643293437
14  26 810653004
17  34 471443179
29  31 431270410
47  44 1599402907
46  13 1987807874
4  5 1641165745
23  11 1975049483
20  29 562249678
23  27 592125098
10  29 1921363807
36  27 1004551165
32  29 189802299
29  27 180552215
1  18 1533074838
27  2 489980345
35  0 2104483816
18  38 1222409434
49  27 1806300056
22  26 385628477
36  32 710162030
9  33 1836723770
31  2 1523033421
8  16 529023768
37  2 234866682
17  32 1511577450
17  23 1190272821
24  1 1926560591
26  43 94413979
37  40 286986720
15  36 1006439171
6  25 1377933622
12  2 440836961
9  20 1340215183
14  13 422190840
43  28 2046639994
20  30 271324040
44  5 1836591701
7  11 1039504930
8  12 1717693942
11  3 298705391
12  44 1729713174
20  46 1269582890
3  28 606480095
47  38 1949323896
9  24 1756333356
45  21 239480477
30  12 1687088119
18  20 72149403
35  22 480324245
21  31 1946907302
41  26 1383209424
23  22 1512462975
48  22 851920140
11  7 295944846
7  11 983350192
3  6 1925737950
46  0 2042764976
32  26 1829047468
14  37 1177912315
11  43 1496936208
14  9 1124606423
24  14 1165104057
35  33 514060337
20  27 76803111
15  7 2034661119
15  19 14806106
48  38 1320591627
29  31 1338957070
26  37 388386437
26  13 1108905920
48  25 1393463826
29  30 64646756
14  4 638576249
0  49 303339775
48  9 557005021
2  26 366094902
31  49 1524584919
33  8 1806260944
41  46 206279358
28  33 424079808
31  15 2114549281
46  30 897115742
14  40 322127419
22  14 1346093304
23  35 1900961133
19  22 1611558768
14  26 765005629
19  31 177137976
34  5 1305816788
12  16 1250900952
24  9 1944052194
49  0 190955979
6  3 532326041
6  39 29988252
21  46 844026667
38  30 1828767453
47  24 772185133
13  21 843342588
24  34 1426425021
29  20 2068912268
21  39 1838478501
20  47 1096080570
24  0 1520515532
39  0 1609961965
23  7 1252807198
43  48 1617642746
30  28 1655709834
35  32 1470149304
31  1 1664659125
12  10 1148235520
26  45 26317425
3  33 1027714908
33  22 1793283840
42  15 401366454
46  13 1208562390
14  21 642168045
11  14 1928351777
27  7 7573545
44  26 1937001876
28  34 654707335
4  8 372444250
9  11 24028786
15  35 688336429
39  14 22724704
5  1 1342387177
6  11 681796786
36  29 2021474391
43  2 298068460
31  10 974732007
26  19 1222468149
10  44 557905955
13  39 375081202
1  28 1111739595
5  12 485348108
45  18 443475618
29  23 1637329958
37  3 972750344
19  27 1188131195
17  36 217709952
42  27 179313625
46  37 1687675249
21  39 1484888614
20  32 1041376059
23  3 569884458
23  5 310037549
48  11 1233702152
36  29 1835602802
36  18 1968054478
17  27 1873854662
36  46 1315651925
35  41 1401397229
39  46 574684282
26  21 487786314
7  20 816696323
4  33 1720656945
5  7 330259695
4  37 490024657
1  3 1255671499
30  39 1595057623
1  19 1276857747
20  32 675479679
33  39 1646504274
27  16 1072125164
49  2 681480256
14  22 1229612932
18  34 197597774
20  28 1513852747
28  27 811509483
38  29 1020464460
34  7 2144969283
25  22 701138502
20  49 428266892
29  8 1996788135
27  38 1851138219
14  39 315580406
9  44 1838154259
1  16 768688083
32  31 819415071
24  42 1712283919
45  29 974131578
15  43 1228291831
23  4 1053719168
18  35 1077875293
4  2 284461091
37  13 1826599163
39  48 526954695
29  5 1827765237
47  42 567371067
11  14 277066271
34  26 1278756219
26  11 1609417297
32  19 1601409412
23  30 2043870727
41  44 280548463
10  49 2032379259
1  7 1657093514
0  18 54147083
46  1 2115011396
25  28 994004826
6  18 1256779243
12  25 83792855
4  7 204760475
1  44 1853896003
20  35 23318016
32  43 855783993
46  33 120642162
5  15 1278515851
21  18 1672555160
32  19 1513345065
42  28 1009968516
11  23 1129208182
18  49 903170741
23  42 1503327658
16  5 115750223
45  23 116735957
23  19 1369740311
1  6 1357921343
14  31 585519626
6  35 1344398916
21  44 519825906
11  0 997365222
18  32 1680545849
26  7 947568880
9  23 760016901
38  13 1264837490
5  2 639201606
22  41 916214798
8  23 1907811915
32  11 1741099766
34  23 651445033
27  6 1170065777
44  33 768996886
3  14 1498350908
19  3 1945268194
29  37 730037083
4  28 1322104549
17  18 1257265479
3  39 469649575
0  18 964015088
37  0 1285634677
49  7 956254723
4  25 1505065932
36  21 1752277139
7  44 995505734
24  28 2076091230
24  11 225668044
9  40 1774135120
9  22 792213648
24  42 1078628932
43  33 1938683610
17  40 130756467
20  44 2081860139
41  29 833459670
35  36 983376071
42  27 1630542495
13  42 1911130782
21  12 39587720
5  38 1344447303
0  45 846818205
3  4 797686844
26  28 254029627
37  26 1639769573
23  27 1432901706
24  6 1601406693
20  45 748649793
43  35 1071761661
21  37 149868499
30  42 316207583
42  16 1213239465
11  15 2021917052
5  33 1739158032
30  37 799153837
7  23 116467691
1  38 47750419
18  41 720740548
37  42 1977153555
39  41 1358449602
7  33 1258725232
5  16 1192388957
33  44 1742659771
30  5 232342188
38  45 428179216
18  39 1332871743
45  38 505666182
38  34 1552039737
33  14 1054107422
31  9 1431286588
7  46 2076693562
8  5 1726987683
41  0 1764017777
6  35 27062225
46  24 2033807106
9  4 924583716
4  8 1628842806
21  31 209329171
29  6 900145515
25  27 1006912600
32  6 495762065
19  44 279570597
3  11 470442130
47  15 698226165
16  21 2119576964
38  3 48835391
42  19 1427411963
34  33 116632325
10  30 2042791989
4  43 1053944455
37  22 875388782
33  7 793310732
27  23 1194150795
47  41 1218023273
19  12 243998302
1  13 1201540836
42  25 381856982
42  16 606256591
30  48 1595284742
33  7 67301702
30  11 1524347138
6  30 556154536
47  22 1909372121
12  46 544618682
17  11 569155437
18  33 1155944219
37  8 816218174
14  23 972270786
26  41 2127743635
39  48 1437894896
31  21 1224018546
34  4 1099991622
5  19 2055677914
35  1 291648323
26  15 1812672324
45  25 1270637082
38  35 1374276212
40  22 117834023
35  39 1414880254
28  3 687242217
21  22 1853513955
15  39 1496578690
35  14 499370468
46  31 792017987
28  38 275189577
35  25 547141582
4  46 1271609028
9  20 453603433
26  5 1185910832
17  5 1027503597
5  37 1397818833
35  12 1531210562
2  31 102549135
20  30 491353156
16  33 1794296698
41  16 370401246
0  31 785036300
31  17 511464961
22  35 216392559
5  27 2009036640
34  16 1724408438
10  5 1423879731
21  28 641076074
30  0 1416995178
26  9 932074977
5  40 2040284746
40  44 848243843
36  49 1656264394
45  25 1802766969
44  41 1852279370
46  18 1131606546
5  31 206636948
25  35 817804156
20  2 1531358531
5  13 1710068523
11  26 1469554651
6  12 196829697
5  39 914613107
0  12 344481336
10  45 1741746429
48  49 1444163699
28  10 1396524207
38  27 1399876202
2  47 606680983
26  30 60363581
41  4 178675646
34  37 1457369854
41  9 596325899
35  46 1143350939
17  46 1420137050
14  8 1705468884
1  9 644250505
38  47 677483591
29  18 1330836857
29  47 1055405363
2  17 214151997
45  39 410921520
31  41 603737859
3  34 929663315
25  37 470248009
41  26 1084605734
3  25 714721803
39  17 2361339
4  35 1559631343
25  38 1190701087
37  23 1944733626
3  9 2071031057
29  39 1469940453
39  49 1049402686
29  4 675654827
33  36 1599470451
31  19 1618935082
27  26 603760907
19  33 946790703
19  34 493699864
43  17 1785888915
45  1 562828369
33  37 1414514851
23  24 1557651613
10  5 1613281159
38  36 30402065
23  4 420145042
0  15 514314204
12  5 881415254
10  39 495401942
22  43 1646521097
29  3 629978526
19  48 155043089
22  31 2039473110
39  47 773272089
0  11 1597714411
26  15 1167398677
48  43 1234096862
23  0 1455354976
19  44 1475270190
19  6 1930208471
25  30 1134188449
0  2 1079024113
34  38 2000010448
7  4 1717567434
36  7 1708921823
13  41 1934247575
48  1 1474973895
25  1 1160537151
11  43 1662184325
16  37 1173935034
13  28 1761318984
34  6 1370825395
7  38 1579907454
24  39 1305847313
5  26 850194989
48  27 830761820
17  11 1715228230
23  15 290214261
38  15 1808714675
36  46 1340598675
35  46 515574475
32  14 421922793
43  44 1408873428
47  22 680882998
6  9 470434253
41  25 356833253
38  24 1333781189
6  12 753681727
37  38 1233759240
33  16 1535012853
1  16 2053824613
30  1 613985706
42  22 534185784
13  42 1495842746
27  21 466272279
13  45 1618524174
5  23 2054630229
21  27 1829488390
7  26 856104658
3  39 224092762
27  21 1920596363
32  24 1461505421
35  24 1916768694
24  5 507565835
25  0 1889563393
18  9 1163895254
0  22 2049575
45  25 1688945852
48  43 1913850621
16  37 2104093602
29  35 756027586
24  45 2017519314
29  44 1627956239
23  44 2104920600
0  34 243247801
7  12 1250721638
24  44 159131155
20  19 1813009195
48  35 1487185913
38  25 1722856631
47  29 663087253
25  9 1777835130
20  8 800775648
9  30 1736747397
43  7 1337681010
22  35 1779797355
34  10 1890168143
36  27 1888444278
29  5 1290801056
39  21 1081086569
5  42 1848224426
12  16 246448724
45  46 650684490
45  17 1297795248
32  7 15870712
29  37 1125157403
31  24 1792013268
36  44 1944992323
19  28 1469535862
14  41 2051335005
11  46 1737227752
26  8 1627219877
5  39 702064769
3  33 2115678538
4  23 2051694278
9  28 239598292
48  2 1186630793
12  36 1493750141
45  31 552849166
30  1 413140931
45  14 1997692150
44  34 1526945968
0  41 385859658
41  19 891803750
40  36 362570961
37  25 1647408930
44  5 1381098030
27  15 632749517
35  11 270423723
15  39 1092140695
14  42 1913708821
43  19 1734631025
46  26 1935455331
9  49 79261668
12  10 1398539760
38  49 495101069
4  43 1638708778
40  33 70462584
2  37 32066610
31  28 920615613
14  3 464092200
37  36 1327230860
36  16 1547145729
37  42 492494736
20  34 1974951357
39  8 140157740
21  27 1410428872
4  20 1040865348
21  9 1107128260
11  13 1535955152
5  24 600587949
20  41 1713055510
26  30 351971846
25  32 877018771
7  46 645030151
35  10 51694302
12  18 1038776768
4  14 2105594927
6  41 1341758962
32  23 338153345
30  7 598225288
6  15 309450493
20  9 1725365027
14  34 118722395
9  4 1786787080
32  49 2063662538
46  15 1588753412
14  49 201699221
36  0 2103883474
11  12 638670653
46  17 1825045925
6  20 121361386
33  37 305563300
19  6 218671316
33  22 1795317320
28  33 1975915568
44  14 609226312
22  48 1551256781
19  48 1131264308
40  42 28346006
20  23 158531310
20  23 1531909241
2  36 2008582847
21  12 346321544
17  20 1293085151
17  8 933026978
19  30 1938096661
2  32 1723327308
10  0 1117510536
11  48 1108554426
1  16 1152701114
25  32 1681107442
11  31 1825788211
21  0 1170810678
39  16 1003770461
