1250 50 3 38
15  43 1716121053
13  15 15794651
34  4 1041661737
20  9 570710210
11  7 1235499296
42  31 16892932
27  39 1046327058
48  18 1058613931
35  30 210484361
21  34 2007165108
14  31 2117028698
25  48 30674319
13  6 1365247778
10  9 2064996316
20  7 1450677763
11  48 1893038672
13  34 674665049
47  15 2125410686
47  32 67971432
12  19 398937550
17  22 2032007242
14  39 1599408903
10  18 1026059434
44  11 1699481757
35  25 1417203027
3  12 2061674807
20  44 1896470918
23  21 2124948385
33  8 810351872
15  4 1125488860
14  41 848602734
33  29 519080612
17  43 436454482
16  6 2130161064
45  40 1403301697
0  5 1788819154
11  39 1034578629
42  37 1906846362
9  48 1483329844
23  25 270601385
18  9 278950197
6  3 1468242040
25  20 1292709764
26  10 473522884
26  30 1026382226
5  26 924504829
43  46 2138232925
26  34 2065640522
1  35 1725500217
42  39 870322657
46  15 201347246
6  21 1174385338
21  12 1992879858
7  12 1027754917
2  22 370821726
46  7 1445598498
39  27 1018919409
9  35 267762950
19  41 1805951830
48  22 1237113462
37  41 1924120737
47  41 1855267189
4  2 415528104
7  32 132408033
42  34 1430341836
34  42 1886991850
36  16 116812035
5  40 557367930
20  10 1246507291
48  27 1243186721
29  44 49896541
21  45 1412537553
27  44 1423397406
25  45 1526587341
46  36 629861902
41  26 141306577
32  38 2093249302
14  42 483323370
2  31 536055121
15  0 133291265
33  19 1138766299
6  12 1095332242
18  29 417722106
29  21 1467418470
22  9 374479003
33  6 595619738
20  1 25538031
15  33 376225546
45  24 1350223314
42  24 1810911790
36  3 1985515780
24  21 2060803407
20  26 1983509111
0  10 359146804
5  39 836013904
40  29 1653107788
11  43 2000429080
49  24 1051163351
35  6 452700946
11  14 598733628
27  23 565680393
31  10 1535897902
4  33 142107026
6  35 934558171
21  4 434165302
22  26 779608756
6  20 1676547673
25  31 1089908020
35  40 2000914025
2  10 619314486
4  33 480325858
49  35 128503562
19  43 1751581833
20  10 734226580
7  40 1948762669
28  37 1460043355
27  43 572384983
33  1 827594559
32  30 38670299
35  12 1555821389
5  15 502660728
39  10 831209993
33  13 283920275
46  1 250938127
35  47 1743422544
28  8 391167206
31  0 144273054
30  15 867336293
0  42 424691152
31  2 1962174977
29  9 1708824348
49  41 920164917
19  34 1969522367
43  23 886340913
36  45 833824992
45  35 268157331
2  32 455526772
30  1 505949025
32  2 321054283
5  46 1138289442
44  7 450728303
12  29 1647001805
19  42 284173960
6  8 1234612884
17  0 1916483014
43  34 472129983
33  25 926258212
25  31 704002694
7  12 39489168
18  37 1333503171
37  23 209671774
33  22 273484460
36  20 1312244392
47  44 458896908
7  31 1749515514
7  9 643338048
22  42 1033318385
2  22 1891179505
43  26 1890989386
19  48 131619773
0  38 859204255
23  32 1639038241
19  26 1548406180
34  39 248122232
36  45 1217911700
44  24 666918401
33  17 1505535437
46  9 1380852991
24  32 935694312
10  44 878558754
22  19 1147958367
6  49 371029811
23  15 697846414
8  34 807793239
24  29 1094775968
32  42 1238020285
9  7 1909162136
48  14 1426864385
15  43 1730693741
28  15 1366730206
22  27 430682241
46  40 631288117
18  44 1627902338
35  19 176614873
42  10 1796838614
31  4 1996225281
33  11 447636188
18  47 1149241446
22  5 143229435
38  33 1338419085
2  30 525448619
39  42 511865306
24  36 1531731643
49  24 585218423
26  32 1810887910
39  16 130938678
16  45 1236022331
7  40 176214737
4  12 1866325961
17  28 166510866
42  17 1232733212
1  39 418438489
1  29 374458714
38  3 991109870
27  23 1159485095
8  25 273543840
13  19 1171998896
37  38 1423812586
10  19 9161400
6  7 1931151634
38  45 912517983
17  39 1622724740
13  27 1159075306
32  25 1092621663
47  7 108062764
31  23 2058009187
43  33 1901216771
27  14 354338834
47  11 831336446
46  6 1547018606
28  15 646556039
11  9 399116529
26  35 276804725
1  19 1204992219
18  47 1100514510
31  25 1371862047
5  34 294657299
9  25 727400734
12  41 456597465
36  18 1188680717
6  11 425058002
43  33 1949351813
13  8 85685348
5  33 858661586
26  33 2083915862
23  28 1266820344
30  16 1243549097
20  15 1607390902
32  10 1292894240
27  14 1061894852
46  38 1798643515
26  0 1905910325
1  33 1492816575
38  18 1575053099
10  12 2126339399
16  48 752555309
49  21 1812129896
2  12 1406035354
14  3 432941735
26  43 1535299780
11  25 1712495414
4  14 890598603
4  20 1513949968
46  31 632621460
37  35 398715151
35  45 963175009
22  9 660311348
4  38 499200686
44  13 1798637845
5  3 56022171
25  33 420329448
26  22 103541773
29  42 600998770
4  35 1282499382
8  7 1281247018
34  43 1693623610
37  10 135679467
33  10 1262587826
39  3 366354797
1  33 1610095267
20  4 1200242610
11  16 1692658202
43  34 946120491
47  16 1712447010
34  45 1199097679
15  48 545603011
15  46 1149816976
19  49 2137639564
49  29 1904800148
21  43 1336241948
25  17 184010969
18  46 888669243
11  31 1536080894
13  7 888669081
6  43 1959031405
34  15 1844815710
19  12 1784570376
28  1 1405953104
12  49 198576618
36  7 972640966
39  3 1483591351
10  27 1698140402
36  23 752687501
46  31 2036880580
4  9 257186174
15  41 1381668072
20  42 251769206
46  10 2066522753
6  32 120913389
39  1 1032015913
38  14 2119116585
42  45 456593926
29  19 1990011059
27  25 1598281867
45  49 1839357310
25  31 1914358838
39  32 617336911
40  13 735337895
40  17 1960374975
2  10 1431552348
39  13 192533273
29  16 1247141579
41  18 1632939998
27  8 1483031697
6  30 1824378784
18  4 781090107
20  0 756002809
23  40 502031024
8  39 1092828104
46  29 1698489041
38  39 1792664629
27  1 184451391
28  44 1676310294
46  34 202373855
44  12 143382693
10  46 653615915
11  37 378366406
46  10 2142113524
34  25 362785564
11  30 1649440182
15  21 41979927
48  1 1666905380
4  45 1072897531
47  40 261891555
39  33 1623469058
19  38 187460259
46  45 736215417
49  24 187255907
3  41 370604906
38  22 1796776169
27  29 251320965
2  22 1870570044
3  28 512842103
37  5 774516397
46  18 2117055652
4  29 917493908
17  30 297953026
32  7 1491280981
24  28 1827404863
35  2 2047151901
16  36 1203089746
14  35 1562547249
28  48 453228941
8  12 348478885
49  30 1282532329
44  30 830788336
35  43 856375493
0  21 1980135491
22  17 323544972
28  33 1563589595
17  31 1609896521
47  49 1044310266
41  13 266751510
24  16 1213187567
44  43 1805773656
1  22 1940838780
46  26 605546983
23  19 1617593897
12  6 1598669703
10  15 1880811971
30  11 25798950
44  10 69229799
13  41 543978097
20  10 312241394
10  49 671280465
14  30 458917368
12  10 367089601
42  6 1206410507
9  45 764361015
3  31 1756625526
18  21 1046676491
25  12 1746023478
38  49 361579168
42  24 472471402
33  49 441020174
17  33 2086299517
46  25 1670205996
44  20 1003931650
49  32 1190025185
41  47 826371440
47  13 737752514
21  8 823258543
15  46 691853897
6  23 235423939
44  14 831044641
34  25 1717264883
24  5 1612081765
49  13 1389443854
47  39 1066083597
17  11 399034025
26  37 894615074
7  12 1901040456
36  42 602390576
22  3 601191171
41  27 1819135555
23  2 1350806881
0  14 1314874402
46  20 1561000585
13  9 1965020834
6  33 1242231421
23  9 262368964
2  9 1895335100
10  22 657309863
32  19 1424198124
22  17 2104680625
45  12 795846910
11  7 1028261111
41  27 61861003
45  15 280962831
35  42 2093916413
39  35 255411105
46  12 303195554
14  10 521192546
25  47 581613663
15  17 1400507868
34  31 746831384
6  24 157520168
27  42 695227289
6  44 643157533
4  5 937870413
45  12 1613799962
4  17 966909461
3  40 1372384058
18  25 1732949664
44  36 913027981
9  28 207131669
22  36 1628571540
16  40 429818759
24  19 1278737184
48  23 2129304023
2  28 2132517892
13  23 139533934
42  15 427218272
27  7 1247654905
46  12 365160865
33  40 883608191
15  9 1295403579
14  21 1788039506
47  39 51033813
33  4 798390270
23  0 238881286
33  34 660210131
10  0 1222916636
40  35 141334505
30  12 1814020767
1  16 1296584591
48  45 130105783
30  2 1973681969
42  31 94313080
11  19 755046732
28  39 928353792
9  13 1165401531
46  32 340733847
36  3 96816290
38  42 1436825685
42  24 1915979671
45  29 303167044
36  5 1358667102
28  13 1397855217
13  49 614446661
14  19 956951909
41  49 1670746609
38  16 770514932
9  20 830780012
35  31 1331949594
7  40 1820469741
7  41 1289522555
46  16 44493978
21  34 1056758291
42  44 933880417
33  11 1120198182
10  21 399836146
28  36 2012218522
0  18 1020334772
25  3 296125466
6  40 930787146
20  3 638430992
38  27 1852618150
35  45 1029959991
24  0 994586884
40  1 2090753496
24  20 1587769180
19  44 1516876842
2  38 1688944575
5  31 1144914694
7  3 517210623
46  29 2016960467
35  23 486085370
33  7 1968995271
21  4 1531056689
0  40 1577900736
11  33 2029340381
35  0 1081016781
15  41 1932324357
43  31 317761312
7  12 387644690
45  6 1526007004
11  33 527314138
44  2 1962153316
20  15 1130574091
4  11 1926436635
24  47 564086813
8  45 1866505525
38  18 1657600950
25  42 831507962
24  4 1948822463
46  8 1899752019
5  46 384090913
4  13 109441056
6  43 7218398
40  22 1346159884
29  7 639915739
44  46 1443184378
24  16 1710844529
21  19 469014768
32  42 1333581945
30  31 1964760220
29  11 2101058904
22  11 1287206403
43  15 1846855596
40  24 354091534
43  38 838565541
4  46 362697166
10  35 826965806
12  9 1806694196
17  29 790850356
44  26 408173055
14  15 957298024
0  49 1597717979
22  49 599815154
17  37 1678063246
35  23 494809909
21  1 813994242
47  24 920323493
44  45 950923609
4  45 1213899780
9  11 614790151
4  46 140310040
12  43 1764196511
13  23 83048440
42  31 2016328458
43  18 1123673871
0  25 1991367329
11  17 1667103521
17  15 335219554
11  31 1794323520
19  49 1267747658
27  12 1765985392
7  27 1650236560
28  38 1925119868
26  7 1694617078
23  42 761175662
19  39 992795176
12  31 1848461909
14  3 2058644399
23  1 1974995873
47  3 349402495
6  8 104645484
0  38 2121651996
40  15 37243586
15  27 779568160
14  6 161415055
0  49 995317756
8  6 1757350409
38  47 637620953
49  39 1382887966
5  44 126923539
19  42 1083214929
22  21 1902499880
27  12 133673132
27  48 443181725
21  22 686793509
6  26 1283373097
45  6 590121985
12  24 6232755
33  19 1037217491
15  47 1305996366
29  19 1276204656
12  9 174947025
31  9 1500510185
37  28 100458549
16  1 1713682093
42  38 1868097003
17  44 200429777
21  24 424827452
4  9 1980087044
32  13 1995612255
18  25 663339005
40  35 999975899
6  15 1117749682
14  25 35592697
22  16 2138123841
29  9 1433078162
31  21 421708891
45  49 406157114
40  23 1527988185
19  34 79645558
25  17 1372970067
14  22 814348643
20  27 358376430
38  33 694455946
35  38 1593329873
41  46 183690641
30  25 2059835425
30  4 40411362
8  21 1746221712
49  35 1932847027
20  37 980369008
6  45 897449570
3  25 1910308040
18  17 1117855418
11  18 1358525309
24  9 1013966059
21  1 2075079487
48  12 1620515898
8  39 1081171945
12  28 926793263
3  33 1124184752
7  2 2127091544
44  34 1865999159
2  28 2011865901
31  46 1624997887
15  45 1481869788
25  21 1797822483
43  18 1736693084
34  3 390769316
46  3 1182944582
21  41 643802568
9  28 1989423646
21  14 1096219709
28  9 59680113
28  24 2039251484
6  40 2091827065
45  11 111669680
37  38 902745428
12  25 1867545724
10  36 2111726950
5  30 634559062
7  28 1845630261
15  17 1240397866
6  25 99067373
34  45 1175687685
38  19 1439520161
49  12 2136516518
2  30 1565937351
32  47 1659826485
13  41 1449847419
42  10 841995135
41  36 1943700109
24  35 1436871356
32  36 1341837096
36  43 1768609185
26  18 944751513
5  21 1551505887
29  34 54028824
29  3 1668209696
26  10 585114351
30  44 1536837974
40  38 1128777780
29  23 2038387657
27  8 1034114883
22  44 1926441354
20  9 2035796940
16  23 2073445312
17  35 618930097
38  1 783361716
45  26 1073307455
48  16 216706526
44  47 1730350435
10  40 267772259
3  22 1253966512
39  49 968627278
32  10 69141345
19  27 637907559
32  24 1820237806
19  34 934954192
23  19 1223114589
46  23 1693012196
9  2 1538458529
48  30 524931005
40  35 267225371
27  26 1469096499
5  12 2127764035
39  44 738418523
49  6 903737297
12  5 1805653692
40  37 703242188
29  42 1232472863
21  39 704981636
18  45 1177586823
0  7 958535414
12  28 1539202101
11  26 1996158116
14  11 1473155536
7  41 865024456
42  20 147005915
24  20 1695023308
42  40 744198995
5  41 1993307836
38  16 640056230
23  34 706326777
29  7 722047585
4  35 663556114
44  48 326375393
25  32 2003813389
38  17 168824107
21  38 80895088
36  35 456364848
45  43 832624147
29  6 164507144
34  2 308242843
28  21 1659445283
39  10 1982515035
17  15 1304490029
21  9 1986145251
15  30 1072055268
20  1 1715992439
13  43 226188070
29  18 1893606689
45  36 1502993918
31  7 1767288792
21  14 2110312694
29  27 426835762
21  15 1770777471
0  42 1853837031
35  25 327880506
32  22 529409335
11  16 1210290074
28  11 89763306
22  12 2144052600
14  44 1706844564
4  38 522019109
14  2 1688525323
1  22 1677260610
43  25 716744350
15  12 1458639478
22  23 1568149236
18  13 1582016507
37  0 1808420291
9  28 405458673
16  15 641729084
14  9 1975994009
38  19 94411439
32  10 1766775769
36  25 695260553
49  32 865522372
43  0 1405720836
48  39 1020764297
27  33 243980979
39  17 840353594
26  31 304009490
34  1 145406855
34  28 122950244
8  44 202444548
6  49 1365683568
37  43 1003805001
41  14 523350575
18  21 552295285
20  47 54041785
27  34 1112717322
21  14 211534112
40  16 2030082912
30  7 900919127
7  18 437174362
2  22 1652611878
42  2 874982282
4  8 121622372
18  27 1982572094
17  44 797440298
42  2 144961295
22  21 303535649
6  32 2087357373
29  49 2004165814
0  11 1713719465
40  18 1311154224
31  9 1076214079
7  3 1428816165
31  35 1853358088
1  7 1186481733
47  0 1834238926
3  37 1135812999
16  41 1928341877
0  45 796615292
10  47 799317348
19  17 264949738
12  44 651082304
0  10 1633431839
49  30 1236587066
1  20 1391224230
36  35 248163886
44  33 140384592
9  2 896222889
13  43 695232276
45  11 1306052500
44  35 1139530843
23  41 1593968571
48  37 1880501305
3  38 637015683
38  5 1408973739
11  16 859875150
41  39 705131426
7  19 674706059
46  1 1268010856
44  13 1779683667
38  12 1276788592
27  4 582219635
39  19 714804703
19  12 173372648
29  24 543197971
43  47 443621705
38  7 1740281561
16  0 2041639629
3  40 2038158239
23  0 891284044
19  47 159951514
10  31 1762654328
8  28 548895153
29  30 699765852
3  26 1759212070
9  12 2109310051
46  48 1686149243
40  12 809147786
22  0 45678296
47  0 1022921482
37  49 2052450965
23  2 2011172944
40  35 537794175
21  43 341887784
25  4 2072869976
4  18 351025801
35  41 1918908205
21  27 477912129
19  27 1790224648
13  44 812916472
31  44 1452050074
37  47 1344931247
11  38 385799116
6  40 838357474
46  38 1135040375
16  27 273442718
9  48 1850509440
11  30 221097243
32  24 221817977
45  39 572524198
9  3 539588519
26  36 146773037
12  32 587336726
12  44 915199426
48  36 349043216
3  21 1492305953
24  26 1021701574
28  26 1582509269
19  29 1900441396
0  41 237253675
5  33 274279468
22  19 1336413108
39  30 694095489
31  34 908130944
19  3 244450206
16  41 603544506
18  41 542722638
33  2 396673744
8  22 1324486321
42  15 626766513
19  27 512011216
2  45 1495021579
40  3 1172063585
16  22 809749748
49  23 352101591
47  16 1973785979
29  24 639617574
13  6 17779945
12  28 811209733
4  3 1049412628
12  30 1498906074
46  41 542739351
26  8 1543704603
35  28 826535688
29  24 686114893
5  24 994807677
37  7 1066002820
8  22 728548692
41  14 963282008
3  26 186118171
30  9 1732122450
10  13 2109258681
18  48 1441095822
39  28 1451484861
30  31 457934896
17  47 2066293625
2  9 1030889071
2  10 1203683112
29  28 779307483
38  2 870492971
45  6 1290852967
29  18 1275544165
47  15 2039781737
12  22 1132707197
16  11 1485929296
49  48 1800786214
8  36 1898948999
22  20 1834332946
3  25 2098979483
5  32 184964619
2  42 2027394835
7  36 1564018806
26  48 586530099
29  12 2095058685
0  10 392519103
4  47 2106758554
36  46 2096274917
1  45 1154440128
5  16 863451586
18  41 1421727742
43  24 216085805
23  9 932583127
32  15 1438505648
39  3 629491804
31  3 2098057911
27  13 1259460425
35  25 702500810
2  10 663843326
45  33 415861510
20  7 814742056
6  23 513562127
23  33 1263462188
3  1 632676260
37  42 933370529
16  47 2036170517
2  30 197575085
23  3 61033587
44  41 670614861
17  29 957486929
25  24 623169065
32  41 800289026
46  5 1141668205
23  26 1617015263
25  4 974660781
45  34 891602386
7  30 1991350588
14  12 1033546176
47  43 770273031
18  9 78842227
10  4 1722331372
24  5 173106482
12  34 1933566988
27  35 1879636119
24  17 2005650179
46  2 833526194
8  42 928101885
2  41 1243248375
3  37 394930242
24  23 1647122740
8  26 1102817597
49  32 1170753531
18  19 643374936
15  4 585394226
13  34 1193872282
1  41 1729519309
18  45 1595852152
37  13 379728592
38  25 216804478
28  49 1300689218
43  28 604920287
28  21 1099097545
37  1 2040332701
7  3 1927676907
26  37 1637448061
44  27 56428013
24  41 677541129
48  8 276638165
10  18 1854011756
30  2 523158133
11  45 197098225
12  30 609014837
26  45 1734050323
16  15 1857275788
30  36 2038572233
29  14 1924115212
0  48 1163757680
18  14 81247406
42  15 1751875555
33  48 500362872
5  48 565359466
14  2 1596814994
37  49 1627511546
14  46 1391542134
13  30 1481735236
12  24 99881066
36  2 1984713194
47  0 1198109045
9  39 1473690484
18  26 1618299655
14  30 1760590392
34  14 657612251
37  26 1973959467
46  26 171511471
46  6 1855149966
27  49 418779339
36  17 1436015410
4  37 104809742
18  15 472032428
37  29 1208482108
7  46 257994764
19  41 1880247118
8  7 492520042
22  32 448529838
21  5 1565321602
38  31 64255837
23  0 2057190246
6  20 1058936855
31  2 383751156
32  37 199735564
27  1 1439657920
16  49 1935829702
34  49 71170657
47  23 2037425488
48  35 271596773
26  15 1071595253
19  3 265506939
4  37 954953274
18  1 969883659
30  43 1019909144
32  6 1012907056
31  36 624690792
4  3 375435711
7  29 1066977017
33  20 403610328
16  1 2115542339
23  22 497573338
29  17 1676461879
49  43 503331858
3  13 2137591879
16  42 1863092317
37  5 1285806573
48  26 429969136
24  5 1323642815
14  8 850090429
7  37 685789664
37  18 596986241
17  45 1341081715
45  29 4571893
47  32 1031732260
9  4 1819003833
36  13 647912365
9  17 1857813655
46  18 1220418532
26  8 1005242728
17  12 957815239
24  38 618889108
45  10 1707760857
6  30 79983920
5  48 1185939399
16  21 987505569
21  37 775771498
5  23 66541715
3  39 773964525
25  40 1529648342
9  27 286341385
25  34 1863276598
11  9 771134270
1  39 1528915013
6  0 1309263026
46  3 1422964303
28  13 199312703
19  12 325271581
4  30 1682853263
19  13 1748315590
14  30 1388406793
31  40 722385306
24  34 1899888612
16  34 1783948107
48  28 1324631018
41  29 2085350371
46  34 2042861360
33  19 2119083830
34  0 1794388609
38  32 1273207685
24  18 1382533701
1  34 1018585834
32  14 1210467908
0  49 1491506860
13  28 811596780
28  43 34458163
31  10 264607885
48  46 622451665
43  39 1609483665
32  0 411712939
38  33 153391952
45  35 1350895897
27  21 1052048715
4  20 631783775
37  22 1076056463
39  41 842004665
8  24 303307303
40  12 2076645067
7  22 1261953541
26  7 695981462
23  43 1870945898
26  1 405977870
7  13 590447628
2  1 1801191761
12  10 1016965293
45  3 1141552503
7  5 820738413
8  9 1464421885
18  36 424974718
43  15 536085091
49  3 1043710088
49  37 1695691056
45  44 1443821876
39  19 864765912
35  0 574922515
34  40 782363703
30  12 17737256
26  34 2054103615
44  38 1232304130
3  31 1063275650
30  12 753704979
34  38 822813000
44  10 1728912630
4  45 995035901
10  36 1205391292
34  45 1006200003
24  33 988444747
7  25 117422445
23  5 946078093
44  46 1143366425
3  21 1494076323
25  30 1121281271
33  3 2055709058
14  23 1474385536
49  38 1652538207
19  2 312255027
31  14 995538247
41  10 1214978791
28  8 996437940
17  7 1979895555
35  18 1189622214
8  27 2038085954
38  27 904926412
20  5 1101020900
7  41 245184771
46  37 223099919
16  0 986778663
34  45 1331939911
4  29 1898424770
28  14 1056299415
44  49 560412748
27  4 1987911338
33  22 601853116
31  46 1131538791
40  25 345999843
34  9 719502825
43  9 1743520035
46  5 246152480
19  2 767536693
23  35 264247393
49  41 1867870477
23  20 1968101943
19  24 910964588
30  35 2120002633
44  32 2014514528
24  41 375144274
29  9 1199765611
48  11 805743734
6  17 369750120
19  34 1073574521
26  47 271792476
10  45 641514023
37  48 1826413580
43  1 1685355493
16  38 352569568
49  11 783641564
42  26 991284421
45  23 127150261
39  32 340144729
47  30 1458669378
2  27 1960649600
47  45 2058531041
49  21 2072031042
3  48 1380719311
46  49 1354815174
37  19 1083635464
14  30 1625257176
36  37 1397947423
47  20 1294124455
18  35 969021274
1  38 312100498
15  34 1185089275
24  12 2015793441
23  5 1599573875
49  9 649251581
17  23 1849972798
48  14 1493130872
7  17 82099640
36  43 1894036858
9  21 31782397
20  40 193150985
10  44 2079697916
1  42 1117741948
34  23 842404302
14  16 1070047489
48  0 2038991302
25  1 193268540
26  32 853248796
41  3 1500091616
37  39 1927183348
17  9 1870801271
45  49 2083533839
3  30 1305995653
32  38 601583864
39  41 583950996
39  49 1609565987
9  30 944306644
36  22 1703942875
23  26 1051372990
25  7 1937406854
34  7 1828064657
36  27 450822055
6  39 300909578
23  37 19366253
19  5 1371010877
37  43 1615267251
42  10 1251489900
24  25 1683934011
20  0 385854520
30  17 1636203921
0  44 1508139203
10  15 38685220
43  21 906008602
4  15 1139403494
3  22 1419682882
30  32 382909768
34  26 1544953754
21  23 1806872746
27  33 1843476693
9  11 699415127
4  30 1461212160
6  32 956574826
