1250 50 28 5
36  0 1123911159
30  21 942897136
15  7 928874515
13  11 570467207
21  7 323785394
32  46 1264942814
11  26 1542568127
12  18 1944812542
43  0 1591895955
21  41 2126268726
7  47 1319120768
27  49 725548045
38  16 825774851
21  13 2029251666
39  34 764386884
11  33 1379634543
3  42 1839471482
16  45 23625184
35  23 2112748808
28  24 832811031
28  40 1719764128
42  36 1420014508
28  45 1082108369
12  24 1880787709
39  8 1036247362
12  20 759523005
17  47 1644777921
23  10 848585858
20  0 814892745
37  44 2011381799
31  4 1394744794
12  2 1297495899
2  44 1950196540
5  30 1873393230
21  47 1569907081
35  45 336340596
37  31 1266356758
38  29 1707752786
45  27 1049667920
46  25 3070188
44  48 585492595
20  23 1566735839
2  34 1948549164
30  8 1633648928
41  1 262255131
22  48 1776331241
44  41 1582042549
17  41 1242162569
33  8 798282046
25  10 1519557199
8  36 614703921
20  19 1151322750
6  37 1943002873
31  36 1733725631
11  1 740170856
27  0 861646426
44  19 1830075528
5  19 1260203271
40  7 1148853326
23  37 1452983477
34  14 1167606061
43  11 1235751190
25  26 1860637015
21  29 1946954214
20  32 1420991704
13  12 1564267236
37  5 923810729
6  41 1404307886
7  41 1277368189
4  28 1158553020
12  33 887686780
10  8 112199685
30  0 467323079
3  4 1012641668
1  21 1742038809
36  30 372938454
4  28 1234380238
40  48 898079651
21  42 1264308543
21  16 915781041
48  25 622688058
28  15 1177849655
34  10 1450115692
21  39 251759642
16  17 720303715
21  48 1951947576
3  44 149198046
7  16 2081683770
23  15 1198275806
12  39 546665618
37  40 1790818418
23  34 596154466
12  14 274767586
19  12 2034285586
48  30 1647144284
44  3 118674186
12  1 257844555
32  2 440896626
6  49 788029374
12  9 746291054
8  14 1855040984
27  43 1957991796
20  39 711552059
24  43 1454005380
46  27 2128481691
37  19 80065066
34  18 1929909940
14  3 464957933
21  8 823058236
9  46 635867301
23  28 1794504733
46  49 2076565564
42  15 1470948732
19  21 1370067758
23  26 941133717
20  35 1944348586
20  0 1885586438
43  2 560983544
12  7 1970924762
20  46 1121856014
3  34 1196848566
19  40 582815203
48  29 268862010
33  26 317440880
39  46 1429767613
17  4 1705356223
3  16 408767554
47  0 460812998
17  30 268010705
42  17 1668388449
19  47 1486540673
26  49 1781898901
19  16 179281824
24  15 1517749520
35  38 328534320
25  21 1538824157
24  25 394463512
36  29 1452372777
21  4 564606130
23  46 519208331
25  27 2086722697
11  35 1478763137
37  24 936528222
20  2 1144122335
14  0 954600957
26  10 14762
36  1 95348480
19  9 1027199806
48  26 1026548123
4  14 670256607
16  33 335836060
17  36 2011352372
46  2 963206342
34  3 423431542
38  2 1682022485
42  19 612158236
35  2 1157394704
37  44 1000989970
45  37 858282222
37  3 1567392724
44  7 828011869
10  25 65428621
12  7 1280173606
34  44 32859194
39  22 537642686
47  31 1440613431
18  26 1832272847
47  18 102532066
49  19 1092920317
5  30 555391666
14  0 895066347
9  13 2016587877
18  43 980267480
10  4 1049489634
2  34 1102093260
22  33 290560944
0  21 1402088842
16  43 392900544
43  39 352997250
2  33 1913079641
13  19 1845950295
1  21 644980888
36  41 1255507652
21  39 987946558
23  0 440833878
16  48 203156195
11  45 1315370927
29  11 789080416
42  16 1457549481
29  21 955059825
15  34 97879657
21  17 1219334574
5  7 493599444
10  48 1162665650
23  26 1881142864
24  39 2070348285
47  44 1284226546
35  24 1615667900
10  44 1908601442
37  34 1801388137
45  33 1388931159
42  37 1060327615
30  47 2084764336
1  11 1715576440
4  48 1908752649
23  5 234767478
13  20 707959668
37  39 1158336297
24  29 162702670
32  16 203966740
16  41 1514991668
7  21 2138990617
9  23 1415430189
9  10 1789011599
36  41 412980034
17  0 979284345
48  8 31204054
4  19 2124211442
34  7 1560272351
29  3 121744488
44  9 933405233
42  35 1335841793
45  15 2129541641
12  20 1507017571
3  25 1405303048
8  46 873076686
41  31 1623336625
0  26 1841162581
7  19 1560506043
15  7 932343893
25  33 1455841542
27  19 1795163258
16  7 170972869
42  48 1303596660
3  24 268951902
24  44 772500727
38  43 886705426
24  18 389654768
44  41 1531340036
15  5 2001449075
12  18 262618088
22  11 1888125589
21  0 1478625662
21  29 440551746
22  18 474156327
3  7 561970330
42  4 517444797
11  42 1219707001
19  28 304931818
9  31 1600593071
45  35 1846851647
31  14 888016474
43  1 408340666
3  39 1757190252
36  5 1092622565
40  31 2012792504
25  41 1412907414
39  33 2074731405
46  1 1434418667
25  12 654436932
28  15 1439944204
30  35 947404950
20  18 197358843
28  35 1990499702
44  42 951161724
23  28 1772999213
21  20 1526142536
0  26 1042898666
15  36 216896328
12  14 910142355
45  5 1396172401
40  22 1852752285
6  14 2100780442
4  30 1603798607
35  2 1363153518
23  48 919503730
20  24 166025399
21  34 1630225233
15  16 355093996
19  31 939658172
47  0 1980277774
11  35 1965621824
5  44 513176231
39  6 1296219247
45  18 453019325
48  22 1000382205
29  37 1770387454
39  3 245363720
19  44 2093886212
39  12 29679413
10  18 1177574234
31  41 2076259068
25  32 1534433561
42  19 288594569
49  19 24349655
42  25 1596056796
8  23 1965114719
18  45 572131449
9  38 1827924870
14  26 1986886289
34  14 744794712
11  45 1333803573
10  9 267662086
40  30 1592190050
7  11 409180448
26  36 1464660584
4  42 1664644799
24  1 1923775591
18  17 1161464664
3  27 903822923
46  40 2143747623
17  18 2008284156
15  11 1295127277
3  38 2053552209
23  17 2042083596
44  26 1173659132
48  25 633188682
21  11 1866284078
20  12 1272072588
14  30 1874284996
15  48 1614515694
43  31 1359176048
11  29 1154620629
44  9 1250058732
8  32 695808589
47  43 287003353
27  13 1433685759
39  23 1685845077
8  24 512218530
29  8 125202972
9  33 756074121
46  40 1383555633
23  20 1515868656
13  8 644216640
24  11 555571190
31  24 1206246332
18  45 1821891676
5  36 1700938884
40  25 142316060
49  35 536147011
18  14 448251898
38  32 1462415311
2  12 890759956
16  34 2197022
20  3 351266047
23  10 1588705535
47  46 1143571748
23  7 723390968
43  18 426722449
2  44 2072034199
32  31 1093597513
14  44 1082947440
43  6 1248403123
16  44 1097998834
42  16 730293600
5  41 302580010
22  20 1276647468
31  6 492587318
46  30 478986598
46  39 808666164
27  49 668107312
34  5 1864297636
41  12 261771330
13  25 1705753423
40  24 1730908092
43  4 1611489749
6  7 2087062415
14  16 932639097
17  34 643508246
13  24 720399844
38  3 3987704
13  1 19097787
36  44 1016975176
15  6 9478659
41  48 453800721
10  1 2125307937
32  6 2076504305
5  11 1931213287
28  12 1429830223
7  4 2042181085
32  21 1237786059
24  16 1139429866
45  46 1081303385
27  4 767445046
47  12 73361553
34  4 589076082
38  42 1317681800
33  6 1420819255
30  42 119439904
31  38 1475496164
32  23 522260102
42  23 1867849755
21  43 567843383
44  34 1228155284
30  19 1421303967
9  15 988074200
34  7 1163382239
36  5 456485941
44  40 1019224748
11  19 1948447796
48  34 319488020
24  6 1393134991
19  11 410108649
23  9 1725698004
23  21 154846498
6  20 1325275607
19  32 1687189378
47  10 231890419
42  15 1053758746
12  14 1312109467
11  5 821029500
0  5 789868596
34  15 25420805
6  44 936680187
49  21 999832810
10  7 616589159
9  36 1683081930
26  3 181628270
33  17 1444819509
16  46 634206236
45  10 1235716811
49  48 743970289
32  27 679743231
47  38 1828470479
14  20 1003843414
2  10 1950401705
32  26 296742496
22  13 1227615784
20  23 1181449786
28  24 161694426
24  32 1478925990
34  6 1249973701
29  41 392017710
4  23 192075194
31  13 1520340621
29  31 1219885207
9  35 1065603636
42  43 1925855449
9  36 1624894968
49  48 222076638
23  31 1228639208
11  23 569964590
4  33 691023389
18  11 217633995
19  18 635503116
24  30 1702596277
41  12 370104466
35  6 1374096089
36  21 1437335868
9  38 469467991
23  24 886174236
7  2 378369565
18  28 1422734405
25  39 995577360
28  45 2097906670
21  43 1382099765
48  21 237721976
3  30 1881165289
9  20 1706132854
24  4 904132038
16  11 1938669800
22  3 213368767
24  12 1977565653
41  42 1973210976
42  18 783903911
17  39 1390837925
43  16 1608107789
29  16 1639961770
38  36 1836468757
44  22 142050681
15  21 194402619
17  38 1371451519
45  7 626227599
32  28 1195756609
32  20 999144700
43  7 1998186409
41  20 947939026
34  10 1296104078
39  1 1720692279
20  15 554919731
41  34 954072088
36  40 2040441594
1  44 754466825
1  38 2000498911
38  28 175854127
42  40 422046444
19  28 1802457535
29  15 312058233
49  44 600833726
18  1 476729682
28  46 2042031283
34  4 922468388
49  5 449760111
26  45 1242839514
4  31 214675578
28  34 593853742
12  33 482722368
13  4 15093947
29  43 445200773
45  0 2053692044
14  1 747140682
38  24 1492148704
44  11 895029918
19  43 1334865869
27  28 645784880
16  26 1504328466
28  0 1982955766
27  28 877473745
33  2 1421075351
26  3 2069751255
49  18 35565812
19  22 2078549739
46  19 815638524
38  26 313920358
21  40 1551975966
44  15 535319714
3  32 1968145712
26  48 1965192892
39  0 1489623723
49  14 1672659960
37  8 1079200734
34  41 1946069504
0  7 1960023366
29  33 264154618
6  2 1463455475
19  20 402531202
48  28 1040219864
24  27 1750031473
31  47 1685557567
14  23 1110732484
27  24 830811626
29  36 1369972883
46  36 918274042
45  19 524507274
19  12 531215944
1  49 1602066254
36  31 94322586
43  20 1133432414
2  43 1218231317
39  32 1300673065
47  48 768725383
24  44 1211688312
46  39 777841975
25  16 2035395359
36  45 979749958
6  21 1313549242
14  33 1265834784
13  6 1401150391
29  13 1558344982
11  12 1580123786
43  26 2006819373
30  36 415887850
22  7 117969974
7  21 1249841541
20  10 1453783160
13  24 1096110502
49  32 1777417879
29  11 561169995
42  25 1540050330
19  42 1775837897
5  17 786658874
11  42 565985249
26  29 187579414
0  2 1522443287
22  10 1638764175
45  43 170456230
10  8 45056208
40  32 803069616
9  18 261035305
24  9 2058936788
41  5 1481692269
49  15 938436259
17  45 1897576315
41  43 1694475464
33  14 900042415
37  10 789012712
33  14 357394422
19  24 1005520013
9  20 517420719
12  24 1642122950
22  49 577415387
49  25 1568272041
1  29 1069471215
32  36 1104503789
28  25 1768326163
8  16 2084283333
30  7 646746850
23  22 353730244
39  44 1660196528
10  7 762564478
18  1 1819625908
22  8 502565164
34  32 895054894
10  15 1688180148
38  41 250767814
3  21 967034532
6  43 229679013
48  6 1301484556
9  32 598976516
27  7 702938797
48  9 1260692730
40  43 463368319
40  0 184680853
45  0 1741136418
42  0 874389153
41  19 202851393
19  43 233256440
44  7 1195765783
8  42 426747667
1  10 1375016194
31  21 195799308
2  11 1934072319
5  43 1199610729
43  24 498724101
48  18 2137405742
20  25 697480553
31  12 900030607
8  21 486192528
16  49 1734242046
30  48 1818863749
26  15 726874339
15  11 165350363
46  4 1076219054
37  21 108955004
7  29 706358734
0  8 1106631258
49  43 1999788419
0  49 1123263814
8  43 1515962525
26  23 366305217
4  27 1834588881
4  1 1042598582
7  32 1437897122
44  2 435800611
39  6 913460562
42  9 559793902
27  1 584919344
39  9 1038624353
29  1 1908332220
0  6 329831136
37  0 2029374405
38  47 994017200
19  4 529249181
4  14 1417343138
25  38 1408401125
21  19 1205175883
0  45 1188060556
7  12 462661527
9  14 1028150166
19  47 834852914
17  49 1736784138
14  8 1335173480
40  29 988466581
22  7 849967848
3  9 194290187
25  47 1273966382
5  38 1920301091
35  38 1521239876
49  17 2140269182
20  27 1673715190
3  26 1382648246
40  36 1119642583
26  20 396728297
47  40 103880650
40  29 1393207524
13  41 489944053
0  34 1290223780
46  21 1209797629
16  31 862710606
7  23 1862835128
38  34 220781627
13  27 1071592352
30  46 1563026530
18  31 23587206
45  22 445450231
1  18 1029875089
36  33 412188389
19  12 1583595732
34  14 539946551
35  38 1193054180
2  37 317477603
24  27 1222157012
26  24 1367451608
12  39 661975498
34  43 75384473
26  15 120309948
18  38 756278923
20  24 183303678
46  31 316176194
18  30 1722996519
49  27 591296694
40  44 303986599
17  32 2112367750
44  12 2143022801
49  36 1213734395
38  48 1448529730
4  48 1901236804
3  41 1794541634
32  40 1381179687
16  33 2118391440
6  8 42154407
31  39 1139651787
43  32 198328306
0  38 1564350569
22  34 1053294290
22  49 1242289525
20  30 1045844980
26  27 1175674709
41  40 2069750990
2  33 343114422
10  23 1501032740
40  25 2088547012
39  7 2033421580
32  47 1369813138
42  29 2121669221
39  0 1480581871
31  26 767168313
4  17 431876947
5  34 1470439941
19  4 573747305
16  11 1419771972
42  9 131508026
32  46 1234125278
12  13 1440712455
37  48 1672347916
31  45 231988270
32  33 508067404
31  23 1758420895
29  6 467464297
18  38 248745333
14  24 1463053144
3  26 1376797451
33  4 468458877
27  11 1192700447
17  47 561931172
9  41 555113956
23  38 1945106985
25  19 983635538
23  27 1333661529
12  6 1454340408
37  4 1112398574
24  29 812812661
27  1 1649242412
20  46 1459234025
48  33 232437433
49  4 2126895770
39  13 1488977177
45  40 2007998850
38  14 11518420
34  2 1075877285
8  19 1404851761
49  41 1408604787
26  34 227741610
37  22 2075112610
30  29 28810798
10  33 1132188142
9  49 1923090556
9  25 849472021
35  27 1939022682
16  39 929983030
3  9 1331386308
22  34 590618382
28  13 1568675065
16  6 1449377849
29  47 1377697916
20  1 590069336
1  36 1238471701
47  20 1348020589
18  31 760234536
1  8 94758986
2  0 486998736
31  21 1740594857
9  15 857726795
4  35 126953129
8  41 397684805
34  47 410676275
29  23 1787761670
35  22 2048339806
7  8 1373298037
40  8 1645162073
19  4 1848326828
5  7 334742550
18  4 1632331820
40  49 1320350463
35  46 1264878582
15  8 617846245
24  38 410649935
31  37 1434613414
0  42 82643130
23  41 1275703723
26  48 1087338710
1  6 656999809
30  29 2057598600
20  28 129753591
22  34 313270208
27  31 1600129063
3  29 1811743827
10  48 345061424
27  13 1453654023
16  5 1401540480
24  17 616952200
32  12 338479982
39  7 1710959448
18  13 6173059
29  36 1304840966
31  34 61695980
34  24 1949634557
19  42 971145295
48  0 1048814602
33  48 1843248834
47  37 636310015
14  33 1616353887
25  35 1405145037
17  19 1501194504
14  22 556176948
4  43 1772669286
32  5 1133421795
9  10 454461495
28  36 1213928534
15  29 727653560
46  29 194909058
23  17 1533829345
47  28 221580739
33  10 398421669
0  34 765804167
17  42 592117522
36  11 1940198857
24  36 1438843697
9  5 414207590
20  49 101317543
33  36 1985600663
39  36 855221313
6  12 1527159562
27  20 1824731209
36  17 203220306
11  25 86765983
16  24 1060115994
29  3 1114997227
28  6 856156188
19  18 1225715969
11  24 805131905
38  34 585068518
36  45 2044320585
21  30 685024271
37  38 18990260
1  27 243301971
8  38 290791167
7  29 1602489518
0  35 1602377456
27  2 748474284
15  32 1517473821
12  23 156007564
20  39 241620792
27  25 873884661
2  11 1786808218
27  4 1085954394
10  11 771646095
33  49 965976316
38  49 390552839
42  27 1316794038
39  10 1629804929
20  13 1377904125
10  12 216482844
12  9 1514644543
19  10 745087435
35  25 735056922
20  19 556720511
13  29 1606990742
35  20 1750566777
31  10 546539878
28  36 136993573
30  46 1890804616
25  22 53252880
39  32 1315051452
13  0 50338194
2  10 25046317
43  7 743575265
45  34 1725632355
33  28 1706233339
8  9 402035595
26  29 1981110198
9  5 1781630385
18  0 2000912142
12  8 772965302
33  40 1337186579
48  46 67145986
17  23 856944680
8  30 2051996393
2  39 246390402
19  31 822184895
23  49 1109330547
49  34 1775499791
13  1 1039703363
38  9 1977836515
25  49 544258290
19  33 1146186611
14  44 594064938
33  34 1738620037
0  32 2085300486
8  49 1729058946
15  23 1133144303
47  22 1125531717
19  41 865528883
45  5 1748257628
8  30 512982525
41  21 541851868
20  2 163624176
11  46 1505964293
48  43 947822762
39  11 2028158718
41  5 1626369472
12  15 1997598497
1  29 757268060
1  2 1948768361
0  34 1237237143
15  38 568839018
4  19 599625505
33  32 281016517
14  4 554505761
32  22 1169881618
41  32 706422466
30  38 553522050
25  5 1174483572
40  49 737025930
38  34 824476326
2  9 1457091818
19  27 884796116
2  31 1228155792
3  35 109591402
30  4 2018846809
11  9 1934814303
36  30 550712015
5  12 1436734302
1  29 1597261598
10  40 1095166908
8  38 1100654120
48  34 779015562
24  25 666962113
40  38 1225942958
48  35 874230323
6  28 1767448743
18  34 940056806
15  49 790213236
34  5 1925137046
42  8 894752218
6  26 420292828
22  25 558393777
11  27 1055955064
47  21 837622555
29  31 1046594563
28  10 603247808
4  33 2100834297
14  11 943180772
45  36 1613047935
2  21 503786879
39  45 1057270335
8  43 879436391
8  15 2017759027
45  17 1526473908
16  38 1380538113
36  7 331532464
35  43 841547385
3  39 69971743
13  8 1891795567
21  23 1554236332
2  12 432079712
27  30 918283859
18  13 1621287928
38  14 1239956586
37  47 12751286
49  29 1235429635
3  17 890814976
33  0 2027050743
26  49 1231984239
11  19 846659317
36  48 221933077
26  49 1594746622
18  19 2008037157
11  46 801752522
6  38 568866853
8  42 158223126
0  37 405108707
23  17 160538328
7  45 1464557801
15  26 1258312493
41  10 2117226646
46  33 318813825
45  48 1058832018
17  12 413028653
49  7 1085266135
3  41 2020818639
2  18 1480201259
21  41 952675971
6  17 1359659868
22  28 623928349
10  29 1283288759
4  20 81395992
8  40 1584350370
6  41 964156285
3  44 1807890477
28  9 1803089042
32  5 2094786612
34  42 1092468104
0  18 1200926519
12  28 1283561861
13  45 465013947
43  18 2128468528
21  12 1118885371
49  46 1395595935
45  30 579866336
32  14 1787009357
9  34 435703336
48  42 1665193921
11  46 1720684420
13  6 2059435560
45  5 572106782
45  22 1227810462
38  30 1428225614
17  48 783769369
35  4 763986067
9  40 1642485922
2  20 983591445
42  35 1790234665
9  42 1276558725
24  40 1523950251
12  0 100263095
32  42 507771632
2  37 1446745994
18  31 2040588351
16  24 272571803
5  17 828100712
3  46 1204077794
11  46 135269777
22  49 102690054
15  43 187604120
39  45 1561934220
4  28 1734519164
17  29 1432296431
0  25 1985016604
49  27 376857315
37  19 1287544580
32  13 22446643
23  28 1171338460
39  26 301225076
38  19 484539182
2  17 1134233564
17  12 1349451024
7  41 930864376
17  31 1904126562
0  38 583076905
26  2 1526807330
21  16 805916354
40  12 1628002371
12  21 1644740225
30  19 263840546
27  13 352096090
6  49 1804632004
45  0 1033772060
21  6 1683301550
43  14 270252171
35  21 214589704
33  41 1123598798
20  18 1435583584
37  3 101434476
38  40 112654555
47  8 1777715656
3  26 1775054902
25  4 451745482
5  9 212537234
32  10 373634455
18  33 1321089795
48  44 1373719438
15  24 1481101866
15  19 682577183
27  48 1391699670
33  5 442446657
31  12 256492756
27  23 984837012
32  25 1839943870
4  0 1915977166
18  31 395068784
0  34 1476396181
49  37 165279734
48  17 1198195994
11  17 1618005356
26  7 1617190683
5  2 1293435459
44  35 895622018
39  29 1448927020
24  25 1788191928
45  13 1315557641
19  2 1852414972
1  26 1566427743
18  2 994327095
21  38 801653389
13  42 1542334748
24  19 330691791
29  25 1589387621
33  40 424911934
20  14 2070232418
43  17 1308024790
11  12 1303358742
11  43 143888589
20  45 562538864
19  39 1803471078
8  12 1306232292
47  22 1821788438
26  15 151408786
30  0 1527982096
36  21 1550772585
0  18 897174946
20  16 250258717
17  30 883788828
22  20 1031431654
9  16 23138573
39  12 1996630200
43  11 1106032930
39  43 687563281
26  19 1991012903
28  15 940176159
24  16 818324489
14  24 547433565
30  15 454176815
21  40 1423718196
30  2 1903084674
18  0 228630660
30  14 428662460
49  8 632969263
15  2 1090130510
18  19 2057339274
48  23 828317634
22  45 276072988
32  36 1389833986
18  35 1667903273
49  31 274359036
29  10 1925319386
29  34 55185804
33  12 427783204
21  3 685862987
32  17 621790548
19  46 1436035519
29  42 2015554781
44  39 1297717168
5  48 866313506
11  13 345934455
8  31 1345666489
6  49 41729716
14  40 398902735
43  6 1371240145
25  38 1606719610
9  14 803397455
11  0 1135785369
23  42 65154701
6  4 1395588361
4  41 1462926658
39  20 1913530152
26  24 313564715
25  20 1175197841
4  33 2128323393
12  13 1386351306
3  21 1476037498
19  43 1201686181
43  46 1119178134
3  44 1082862187
26  9 1393955966
18  14 887367951
7  12 1184525111
10  37 2127041470
46  10 1068702229
3  11 1569441430
14  10 1417612000
45  34 1553286549
47  49 1440984456
0  9 1668625616
35  30 1456042900
48  49 1534884150
9  36 732807690
42  14 470210704
21  14 1133989304
14  49 612138336
44  28 637797842
18  12 5690686
5  19 28587385
25  2 92326692
29  21 1210406934
8  26 1562572490
17  2 463445150
42  20 691816970
14  35 2108142920
5  22 1605078708
16  46 1136785015
15  7 1730832672
44  32 1411700760
22  48 1409841528
36  22 818056194
34  26 695234785
2  0 1732147551
18  4 1150104417
42  3 948890613
5  19 1887761127
21  29 535074028
9  5 670621248
42  17 1841301604
25  15 1056846756
30  9 1286133337
3  39 990029535
24  46 1539342120
22  8 155900786
22  48 1602688260
35  13 1888882862
39  35 17500087
0  4 57916998
13  29 386324044
23  35 1189544818
41  9 1112239174
30  28 2068926524
37  23 1649895646
33  49 1459401084
12  35 568262727
37  12 457984877
9  38 772084848
33  36 1742115778
25  27 979414513
20  38 532807000
17  30 28437905
7  27 1934601267
44  39 949005240
35  10 989237117
38  39 189943165
37  16 1678630514
46  39 469871109
48  16 1779686640
46  15 1508819000
28  2 1056890818
27  42 1922559803
5  10 1944913985
29  45 1436756304
5  38 2139182636
17  41 1323272979
47  32 502081213
39  49 1153793606
8  9 600536608
30  4 336449808
28  1 577215490
8  12 575804655
4  5 2088587546
8  10 180797524
10  32 1086284257
18  31 1268976108
49  34 2091266181
