1250 50 0 6
34  35 379537612
48  2 50690887
9  45 1607476448
16  21 526306888
7  40 1387203747
18  3 669351789
18  2 1430989307
3  25 2040537656
16  34 1669761093
32  43 478577083
6  12 1120597670
12  17 97437372
25  44 887601924
41  39 1043712318
40  36 868138945
1  44 1762128602
31  9 1718271438
26  24 1182307922
43  11 1278675341
41  28 2115903313
14  1 1021120816
24  39 1468255221
45  18 1200249434
49  29 2079721183
30  2 540760547
34  5 2014764776
18  24 389399529
33  19 1798298797
19  10 2040397343
45  34 1950780934
33  15 902987871
21  17 1707980528
49  36 1320337244
29  36 1095431726
20  47 1012715002
32  7 2124788401
1  6 1902711449
22  15 1043210291
33  24 566203628
19  47 25756688
22  43 1927740043
15  28 1236597085
13  19 1900584485
3  18 1206008728
24  22 983316190
16  5 1368273942
49  1 1546125806
5  46 795160459
26  12 1270899034
20  29 1829366386
12  27 151665282
6  13 1785215816
22  46 1162941558
22  14 914161279
13  43 1055819411
43  48 115418797
32  17 1491597377
48  35 1296108334
13  40 947992317
36  4 1926227274
33  45 612606065
26  13 177579586
5  28 1492781184
2  27 1317870568
42  38 2063799250
9  35 2084226115
39  6 1300874040
13  49 1609931344
13  5 61520753
21  1 1462647316
28  46 1985242245
0  4 2091607253
9  43 157682541
29  11 1635076292
45  17 2011815133
17  11 1212474993
4  29 1999077165
4  46 759569485
29  23 126464688
35  31 1138877915
4  35 126428814
25  46 1409160678
2  21 757788332
48  21 454900226
12  43 1568129742
10  25 661840629
5  30 473877682
30  43 1702482785
5  40 235768799
10  32 1315074329
47  38 995197427
26  31 157461647
48  18 175166847
49  18 209184140
15  19 1526570550
32  28 1693911952
13  5 1848065026
49  4 116459917
12  49 763529237
19  2 1110837315
14  41 338588903
36  38 1751083551
1  42 17886380
2  9 1619223210
38  39 1047213733
27  10 1159111255
28  42 206602366
6  33 185924993
13  39 1577726258
21  34 1848984031
16  36 1615559775
1  30 769885820
41  6 1326502512
34  11 1645435626
46  37 599604573
41  22 1310971950
47  23 422351392
5  7 1015509471
10  39 1862626546
17  6 1544650185
25  24 1414797622
39  19 1014181111
35  38 1454620913
26  8 192618830
31  6 512205562
47  35 403196833
44  0 843255876
13  12 1903377829
30  5 723009592
11  18 1624170486
0  27 815675036
45  49 1804917772
24  18 461829193
18  11 2086780614
40  36 1853061455
31  27 392782182
43  39 976165044
23  21 2066242003
26  30 2066241194
38  41 122890344
48  23 1287822264
18  41 1357001318
42  12 2112047949
39  1 1189660755
26  18 1887341832
31  22 1766479375
27  11 734034357
20  34 871589589
11  22 282920101
46  33 417500107
49  32 1874831921
43  1 1406778998
12  29 1227379925
0  21 423698731
13  16 1786891996
42  2 1407241298
40  44 1697257674
21  46 1678679023
28  7 1410258338
19  31 2007249681
10  48 1303816237
22  36 1900446526
25  31 1408193711
6  18 2105323625
46  37 739608168
11  37 1119506377
15  42 472677248
2  18 273732281
1  45 1483503621
25  35 1366057744
44  13 822843874
11  29 1774454544
4  3 188267593
40  20 668321194
44  49 765072536
20  38 1124428580
15  3 610509764
47  4 600521099
33  40 887131651
34  43 2043329909
30  44 1897213611
25  8 611764603
1  49 277349856
20  42 363181068
40  49 1671290555
45  29 148704742
30  49 1653325725
20  37 4892514
12  33 969833770
45  28 29183840
26  27 816641768
33  9 891961361
34  10 1573963741
15  11 564376508
45  16 1641006544
37  18 694653661
3  17 1903803732
43  41 764927554
1  46 1752105219
48  6 427456958
41  42 709497300
22  3 1670648990
48  41 1113847362
10  12 1750966222
2  47 997528405
22  44 1232466407
22  7 1510314932
4  21 93110558
34  13 678281117
38  20 1978732972
13  20 397320942
12  28 480103907
23  36 1698226907
30  14 590701572
12  37 626711119
18  11 510966758
36  33 809201419
24  38 631210201
14  34 1565026630
33  26 333328476
7  36 619843162
38  48 1173799951
12  10 67598056
3  15 813971704
31  32 2061139217
13  36 1787817860
6  45 1441361216
39  4 1320111913
47  23 1068563140
42  49 1331858640
49  0 113987184
44  28 2128745158
32  6 822460464
18  0 1893805163
27  24 211798338
25  32 2001042478
0  20 659579602
40  15 733087821
49  13 1465247606
0  49 1499179318
24  31 188251004
48  23 553002139
1  6 1237808302
21  26 1347145758
48  0 1343881076
24  18 319990849
43  48 1463897139
28  14 1764203578
42  23 1562922974
37  3 37214569
4  47 153275479
24  19 1850991402
49  40 526885761
17  18 910675425
37  38 139948277
26  47 404583106
31  7 559826932
21  10 535506908
21  45 2125584771
46  48 1403116790
39  30 1421199289
34  30 103072150
16  18 178377039
20  10 1811149538
45  29 845214960
38  49 1843941530
44  48 2063495975
36  25 2015566590
4  33 893604522
41  6 675451706
30  20 1801213639
4  30 479226462
27  34 1010867539
26  39 2083685505
34  38 1768384574
17  5 494853817
15  5 1883268301
31  41 181308358
2  35 687321590
37  20 1508033094
21  23 87496993
43  42 1017628272
31  43 1231907335
35  48 1128282707
25  4 681446557
21  25 1417481529
6  27 1717419755
40  11 49403335
17  10 202282123
3  14 1074948606
11  10 1881135169
36  18 1034766743
10  34 1146848379
11  15 1759893594
12  49 405150610
17  3 494612223
14  7 1028428496
30  16 1172256706
26  35 1144948481
36  34 921813518
24  21 1593151569
3  10 1691913064
29  48 728922801
0  13 1232375347
5  12 1270513076
27  31 646719362
41  22 1460158436
21  39 1960338744
30  49 217829121
3  6 896560648
17  0 1879326083
49  16 413900588
36  4 534841129
35  45 962337243
25  5 1034031569
10  35 794078605
26  10 546427206
14  4 1614941560
41  38 1209942782
17  2 508842627
19  25 2044761907
25  40 1840233614
27  7 2011609726
27  31 1455245922
9  37 427646329
19  35 608494033
36  33 1692000519
48  33 1316099374
12  42 374669166
46  41 680569853
4  14 1913077569
27  42 1518023838
46  10 359304354
21  2 1523657132
6  16 449025306
9  18 706651178
20  24 53874117
14  18 219041625
7  49 505034470
27  9 2067104542
1  23 815771653
6  24 1978407604
28  21 1832371830
7  12 40658715
2  6 1151691844
4  20 882332262
30  42 22675319
7  4 2115412973
29  15 1156645829
49  40 141321437
47  49 566665030
14  19 446248339
2  27 813135732
0  25 1126476916
47  22 985151085
40  39 348223272
27  12 1443299038
35  32 1958729378
8  18 1320779255
40  12 1362932859
26  10 1172443653
14  11 193282089
47  40 1835987842
21  49 143854030
15  47 329208380
45  11 1750770515
8  49 2147365431
19  18 1152235868
14  35 1953837436
46  43 474915060
25  8 748570518
28  24 906920175
12  24 1603341890
35  17 1583391786
24  46 2018195790
4  1 921577110
45  30 545476242
39  31 1426203541
46  45 1014602078
0  44 956679523
3  8 1864330875
34  28 1639816176
28  29 888059968
45  16 663281629
9  25 1655969562
45  27 1609795387
33  30 1598767552
21  5 1371171344
1  40 1903057444
9  40 1478549146
39  15 1549414607
46  22 882885970
42  3 772233159
17  4 1717532361
17  34 1534212792
2  10 1524781792
8  9 1152008333
10  32 1897161051
3  24 1243816223
43  6 1438760168
27  39 160362517
2  41 312695022
42  24 85176221
5  21 1553750276
39  45 1969001273
42  37 670832510
9  32 2001963169
14  22 25498479
30  9 1966242508
2  38 2117202170
2  29 746178161
41  15 341290474
36  10 328063249
41  35 1819944912
5  11 1747397054
17  36 1141782006
15  31 1612785727
27  10 859643090
9  16 287359596
8  49 715302946
19  18 1694854248
21  17 589306772
29  8 759505367
41  19 959181694
25  41 633970705
28  30 1635758482
43  3 1546596446
11  23 1824352906
17  19 240064538
3  32 1251796014
37  35 1723656536
47  45 320776370
23  36 35097478
8  6 1690851251
43  27 1986966332
10  8 1877283684
1  36 956915605
44  34 928043291
46  20 2120314520
21  17 749821183
18  20 1794453681
42  44 650363091
47  36 1716607743
49  41 2145372208
33  34 1454478161
34  45 2044773326
3  16 286366992
11  36 1162054969
43  5 1217349280
47  3 1217000716
27  32 432935977
10  35 994361480
21  28 519563656
5  31 791192532
27  22 1025203330
47  2 1340213711
33  28 681812168
45  29 1454068177
43  23 665458710
13  9 1960771932
41  5 1422449002
38  34 397415206
12  11 871206473
17  45 559253649
3  39 1892575000
47  8 498317197
31  24 2072865920
21  33 1224651318
23  26 1511589426
49  19 1255663304
12  28 692809642
5  49 1414901550
5  38 620149019
47  42 866004932
41  0 2128406728
48  20 1817235366
39  7 843637467
20  31 1395534707
15  8 2093988715
31  20 763699209
17  16 1900448703
3  17 1332274928
46  16 1540961985
13  25 1455170300
49  27 224494689
13  49 1264371163
47  33 659692530
49  37 890553324
36  32 2094576620
7  29 158956278
49  34 1562461970
0  44 1747141284
15  35 1264503224
11  16 351391035
19  39 346128381
14  37 2059679298
32  3 527879036
32  15 1464025567
14  42 793194718
6  15 622525302
15  42 313129299
29  16 420896415
17  1 1020658395
4  31 1802178040
38  0 1007190200
4  44 1099677170
46  47 249671845
37  16 1192581813
41  31 1696039915
0  25 746087826
28  46 454416032
46  0 1359783363
43  18 103067908
25  30 643696774
25  14 1525555613
21  40 1635043225
36  0 2087295236
45  18 1443044324
29  42 900642500
39  32 589594397
13  8 1082329940
30  17 1656169194
5  16 314722878
19  26 1439220720
17  7 1566702310
39  42 15544625
41  5 430069472
17  36 1091370129
7  27 1038086554
16  4 1416112369
8  16 1825034973
13  46 1402319762
42  20 1126241208
39  1 2088510620
0  34 1698976329
40  11 1007453878
36  27 1746056778
35  0 2050050419
7  37 1409847208
16  34 318411294
3  42 2062291308
43  41 298444939
41  25 581619215
48  31 977163183
37  21 2087155441
8  6 478011542
33  32 1962501012
10  9 1855066267
13  31 2079622824
7  34 888555003
26  13 332161424
17  42 1574642531
36  40 1535370215
6  48 1902610708
29  7 1524765029
35  6 704858997
11  43 716044890
48  39 1571038590
37  14 1080627488
48  15 627052524
6  10 572368069
32  48 179327457
49  35 923914261
15  40 1804768158
43  7 487438784
18  28 711359219
27  21 601049069
23  7 406289886
35  44 1794376190
21  32 514182359
25  3 1538170145
39  36 1345566441
49  44 1030324255
14  42 171428496
41  38 1850590518
43  34 1374431718
3  21 93847600
43  21 491805439
10  12 143745466
18  34 1480873163
29  27 1193046308
19  3 74777756
48  14 387119
15  11 712365094
40  1 1435864855
48  46 1373269688
47  48 383731418
10  34 458178671
14  0 280249227
45  41 706043716
38  0 1644813767
13  35 149576232
29  27 1767784494
39  42 1107329103
11  38 1602818753
24  9 1145720268
27  33 336918704
0  43 1636889251
2  30 695299255
44  7 713049432
32  49 971974486
0  43 255687918
2  3 1448762824
17  40 2052934194
35  48 1935799946
40  48 657602527
49  25 1880183055
10  40 1018478631
17  35 43360038
48  25 609205258
18  29 405361153
14  13 1293018828
37  29 565645574
15  20 2092476284
8  22 772877884
49  7 975457751
1  11 995535180
46  12 1613669606
11  33 1566566790
11  27 1968422078
30  31 2097871167
7  12 1071852807
30  40 899393993
4  8 1430416920
7  48 203877257
5  22 465440908
35  33 1893812609
20  7 1804560007
6  25 1046329773
15  14 2015119701
27  1 1825783805
2  13 1909557808
49  8 245418134
39  46 1755830393
47  45 1160953810
0  20 228425626
38  26 453220509
43  22 1434961161
13  12 795418761
1  40 1651770377
8  35 672297774
30  47 913530804
31  16 1231744006
12  19 922855736
9  24 849161855
20  35 726472552
28  37 2009218538
12  9 169779337
7  21 1878235885
49  16 1907678132
40  33 1222365407
18  11 34226737
10  44 284151165
25  48 1375553456
30  25 1110995458
15  39 1753780464
30  17 973436804
16  0 1916326184
35  12 218573229
13  10 144900688
7  41 646993180
7  45 9039286
42  20 901352165
44  23 1961010059
0  16 884651436
19  5 348721717
2  1 1430020138
16  41 583352636
11  43 739715580
41  14 1459224786
35  43 1329831966
26  18 849816495
48  5 2054350835
19  4 1904779127
24  26 2004581364
35  3 1386162331
41  6 66523812
8  0 1825296854
41  18 1024228118
10  4 2074157226
24  16 1900548391
49  10 958168869
5  34 1351262702
42  34 172820217
5  13 363360630
42  13 713388896
14  24 1173890332
27  3 1173816644
44  2 109231512
49  36 1884913487
12  44 1354203994
34  22 2115858876
23  43 798918082
6  33 1233845436
6  27 973494151
29  34 734843712
9  29 399093922
17  6 1424588110
32  43 337886018
20  40 525496376
42  13 775368302
41  3 1625071089
49  17 451905681
3  5 1874947944
25  8 652432655
43  26 610002544
33  45 1175491336
40  38 1346871916
0  6 1512266888
24  21 636800592
39  25 1849391292
31  30 789896142
11  36 2065568103
25  16 920452298
46  19 680578536
27  29 765211864
11  43 1969774147
47  0 752718897
10  30 1153812327
44  0 82978863
37  43 667548233
22  40 1905649264
47  19 463811164
42  14 334073820
39  37 2082971705
8  23 804510847
27  23 946295416
43  24 987764386
22  25 867566143
34  12 991353577
37  1 1290315107
23  28 250197309
35  15 49105350
25  17 354724137
13  27 1240188575
21  49 695492189
44  49 108299497
16  20 604460282
39  17 1536837808
10  23 1789611244
13  1 2003336078
31  19 1254405863
48  19 1124185181
23  32 1665169072
29  13 578231186
16  35 735496182
20  5 1302609362
17  24 1508820686
44  4 277207404
28  18 1743115840
3  8 1873313538
7  10 1497842298
12  43 561268729
39  48 1181464311
7  22 937120036
46  17 187159795
38  41 2119558686
15  22 208680959
26  41 1659432318
6  7 2086616640
37  46 1423431000
17  9 61584873
2  13 317302903
41  11 1087716571
37  43 425946120
30  24 323143112
20  0 1581171682
10  26 89977273
7  36 502453055
24  42 14325051
29  47 1308536507
28  10 1976712231
23  4 1854513293
17  26 516185616
48  2 726342402
40  28 619562858
34  23 699797940
17  25 11074381
2  44 740399060
31  38 1024756915
45  15 502218697
3  41 2073919965
35  23 1039919762
45  4 420400341
28  44 1980141628
27  38 545555698
42  2 1825458249
39  26 1288522793
15  25 609345153
19  46 1969345503
31  1 1877111866
9  29 581794928
12  48 808729940
46  43 501734813
13  48 153249397
20  30 669881999
42  34 605520967
8  7 1852745911
30  11 1186776542
26  0 561112107
23  31 1336007597
35  32 825150529
15  5 1072555793
44  21 1304637034
22  47 393668807
44  41 1257293133
33  26 1874719807
20  44 1342334471
21  27 1489779271
1  29 1185467033
37  9 595159028
24  25 242197512
14  12 768252997
34  45 1082190209
45  43 1740713804
1  11 1072573996
22  46 1725699316
16  36 243414443
37  43 1368696599
20  47 814169722
21  30 702086908
7  11 347457477
19  7 378806297
21  13 1568797996
30  8 1282745941
5  46 319388651
21  37 532303400
30  13 1602655983
25  6 698045865
4  6 1424369528
12  27 1256805112
7  25 196213103
6  32 473025782
8  46 1533050755
36  22 1130338391
47  38 543852194
6  42 1339969971
32  10 1246592439
40  25 168180113
2  49 541331996
11  26 201516647
40  45 1689281964
49  24 1818710229
34  5 801051464
36  9 785149742
41  39 637930029
46  7 1692734196
3  25 225594518
41  9 2123928474
48  34 1822935133
18  34 564228523
34  9 185408136
46  15 1365557894
30  0 1321854105
37  16 553659899
16  6 8923091
30  17 1359185060
16  43 1305194032
14  43 629971252
48  22 279208079
46  36 639871891
13  29 2052232154
1  22 182651005
32  36 2033741005
3  31 1769618056
48  33 652000940
42  10 172329218
2  18 1476255304
23  46 791784812
34  12 1382236740
31  39 1407346915
18  47 2054157237
27  20 7894935
14  45 366219044
21  14 540760516
2  20 1492819165
13  25 1129439115
15  29 240178204
7  43 1056787521
7  24 1360545458
4  34 1423143122
46  35 1489205204
34  48 1104023585
39  11 1067809835
38  29 2138814566
26  18 90236943
25  35 1927071411
11  10 1258471772
42  23 75064441
32  25 1611083062
14  13 1907749049
18  1 589343188
2  9 494657784
0  42 1740600517
14  22 2068974995
16  40 1744048589
46  38 1103342894
7  38 23510422
28  22 1500274995
42  0 1309646385
46  0 1033196564
23  49 1983958255
16  24 48241087
9  14 738171781
40  17 720749394
16  33 747196358
33  17 2067529580
25  3 192225519
5  39 1135005417
1  46 234230477
17  10 532605111
26  45 1916267217
3  12 1708907211
16  22 1833251693
4  39 165235665
13  37 99193800
23  37 1492432197
13  1 46658733
20  34 1813804283
47  38 916924710
46  47 64143247
22  42 1235339354
8  48 1264163060
30  40 637269842
2  16 1402395358
23  41 505376556
43  9 1748734417
35  33 1155464722
20  23 2024195656
32  41 551838453
0  29 1977346007
21  47 293376110
24  27 328266558
1  33 1829393440
11  0 948889992
13  28 1010040296
7  42 404271493
5  14 21193292
47  3 1107097661
48  37 1072850493
38  18 1836567766
40  33 1503436712
45  19 133922217
20  15 290415822
12  14 1665778314
28  14 399591958
12  28 899292440
24  39 1930318082
29  1 180094281
48  35 99062730
29  49 1519535264
39  29 853241724
3  23 158760953
3  10 161534132
18  42 423648720
40  45 1741499928
36  38 849072568
47  6 1141143262
27  23 1015521580
16  42 709434063
27  39 926101842
13  7 1115703828
15  35 1562139181
46  10 667516180
49  12 466811984
3  4 1624964320
6  11 1886793129
30  24 1504586440
35  41 839166122
3  1 168365633
3  24 104441665
23  16 1119707466
31  24 925711769
5  17 2115097096
10  20 1857222652
10  31 467218575
18  27 996086654
1  28 1723034403
27  7 631653877
45  9 852140730
29  10 1033731552
10  6 306686837
19  32 1869452085
10  49 1069164792
16  9 1417061471
48  0 1212079686
29  24 628800436
42  32 1754696902
49  8 2072172440
36  19 723274700
49  25 565903730
42  45 1830546407
20  7 1888126910
8  18 1399915416
18  2 540033150
14  29 1426574995
20  28 884900160
26  15 197431061
47  24 1800052406
31  33 500946107
45  23 1092668764
28  13 2026222904
14  31 869960301
2  18 1910634632
11  2 911669552
28  3 374481201
29  35 1459600768
39  36 406434158
22  30 596960800
44  1 1442579106
37  25 230995047
19  26 790104484
29  40 649222229
16  13 1661360078
29  43 1113030054
3  42 1576465286
32  27 689031294
40  5 310839293
12  28 430603500
10  48 1669414375
16  21 1339796405
14  20 649601381
30  26 786671953
36  27 2017780285
31  40 713086948
15  27 103539198
28  5 1605123399
7  13 1513920113
49  28 1717412248
8  5 1082340692
5  2 1121485186
19  24 501852136
32  35 291869569
14  8 1895156702
29  41 1015429797
41  18 1007817819
27  37 245543536
30  35 316501798
32  21 1425097907
7  19 1276673158
14  42 1309714741
30  3 711684893
5  24 34473607
24  42 9909423
25  19 611435522
26  6 1799909119
44  35 772069730
1  10 1486490683
31  14 1993935227
20  5 1775229212
23  47 1911507110
12  21 1605314596
27  18 529925369
18  23 303943769
26  12 158253198
20  18 1171385100
6  38 1504160225
9  38 895096475
11  4 1750416155
11  25 180767653
23  49 1375868466
48  3 1161739191
11  35 1370464695
9  19 1716184730
9  47 253544460
14  28 1973619319
30  13 526079513
39  11 1955585087
15  36 938322982
44  41 296388162
39  22 65131309
14  24 640682502
6  5 1241411959
40  37 1746491231
36  28 216818127
6  19 2011547994
6  26 452651023
45  40 772340679
22  9 1303505869
1  30 706586066
4  39 1892935103
47  29 371723793
25  11 1854011175
23  27 33250744
32  12 1094903018
19  21 2004163603
22  42 361253565
16  44 566745019
2  19 1964261256
46  14 989486795
31  4 1126806861
6  23 606148051
48  29 828732313
15  29 1079726985
10  21 1851112043
16  48 1200718050
2  46 1850855628
2  29 1582823908
13  24 1691514145
45  10 602642302
4  7 877736421
4  35 1232147950
8  12 1461432826
11  12 63244240
11  34 1607366297
32  35 623135557
30  3 1656362460
21  27 1182998292
20  25 287100006
29  46 1865824591
15  48 1732129410
15  39 928040109
6  3 302262301
22  48 2017650505
34  2 614838641
6  34 1254626699
28  13 971100071
3  14 1242948287
39  47 1516823958
46  34 1234860925
34  41 1052994548
12  10 1733504900
18  28 27628736
18  22 440627519
10  12 754876532
42  14 779016604
34  36 1806167818
14  10 1150214811
5  38 1127991787
30  38 1723919407
1  30 412989894
11  27 527668420
32  40 529843611
25  38 108262464
11  9 1740706477
25  8 1834692284
48  42 509071255
36  4 236106762
32  6 551163988
10  45 1952030167
10  24 268038792
31  17 1627381463
30  24 595359730
47  8 814414386
3  43 540620662
30  21 834067986
4  14 1368145464
10  39 1388063303
40  4 589241535
44  38 578702231
29  18 220236437
5  9 775485052
28  9 576536008
17  42 29767454
4  42 1267746064
19  35 1492371786
20  12 1679959570
22  40 1701467407
31  23 2057459912
2  17 272420986
43  40 823782750
8  2 778806490
6  27 325061470
26  0 1223366816
44  27 475034181
37  24 1400359191
2  30 621581232
25  23 244411633
19  22 1956108827
37  40 77437749
21  33 56552338
17  18 1441395914
8  16 1329167109
27  32 772604334
7  19 1545427485
0  30 36814633
4  18 883745087
42  28 372905116
8  13 665765484
46  3 1358676514
22  1 511588612
32  2 1645394156
13  35 750564315
27  18 934381182
40  32 1925928355
12  45 126936611
44  18 1564174211
12  35 1098049765
28  45 1399479321
41  15 287603962
17  19 425578791
1  23 386906907
46  25 2014595764
9  42 647465567
1  2 601794695
39  23 174711185
35  25 431493894
22  18 584861975
22  21 972661384
21  6 1093948514
18  7 1167931939
43  34 1035304437
26  22 1907658085
42  29 405376526
23  15 1823803938
31  6 655348797
39  44 1925460086
5  46 910668402
29  18 213789017
44  24 1425363631
0  2 344553124
45  19 1690158819
14  29 565081008
22  47 1983191132
4  46 1581325822
49  46 382962130
21  34 2116898023
20  7 1434329904
27  47 802427686
48  28 1042672961
13  10 917070170
1  4 1489021269
16  13 452618761
15  24 2063224657
20  9 369314355
21  40 593678518
10  28 430558946
29  14 786279472
40  16 904371357
46  47 662911285
31  9 1481214072
48  32 295904078
34  47 260266815
13  40 81210083
27  32 2106949021
42  44 1079506224
7  5 951498058
2  47 1097172064
36  32 2122400136
16  0 978705822
17  22 1145004720
39  45 427868801
28  23 794941022
0  4 1013149970
15  11 419639033
27  36 463231752
23  44 23598978
7  44 612968155
14  43 263141958
49  25 1887057954
