1250 50 11 28
16  30 550629114
37  20 353629814
20  27 255452726
8  41 887880096
45  5 586796802
30  9 1563355251
24  33 265710574
45  2 1053522424
44  4 528865431
38  1 1056787782
33  46 887075449
7  48 468117658
38  12 643535103
11  27 286319239
3  2 1189102559
2  4 2100183740
3  17 364537661
27  12 853747354
15  1 1768872682
3  49 1152880561
23  42 120839137
20  0 969277367
33  35 1796480465
25  26 821886327
42  38 537604090
10  34 2047159594
3  32 104075484
3  12 1101271049
14  6 1739395434
4  15 1008345865
3  42 614094074
21  41 605215525
44  16 533476098
23  38 1682666863
35  40 1068666961
5  47 648045513
1  41 1978887078
3  40 1700734278
11  0 1571835541
25  19 45047817
24  15 2016958388
10  8 775037098
28  40 780127592
16  28 1235715122
35  33 246754400
22  4 2034848949
47  5 884112285
0  35 51956698
36  6 933953422
16  46 600404156
13  2 988573579
0  30 1839775871
8  24 930455820
21  5 1965385306
43  5 790529373
40  33 1846092278
33  19 1789778165
43  37 914320874
31  4 1650166224
12  33 677419622
19  39 226436052
12  3 579881206
26  7 359228885
27  35 2045928763
43  14 139469717
33  46 387964165
22  17 380513137
8  33 1518245425
19  45 1252067611
4  25 1585046974
20  14 1082005748
22  39 727287400
48  26 741615761
6  14 735568959
45  0 1720668462
35  41 63455473
23  9 516374388
12  40 375671398
44  33 209409081
30  8 300844032
39  9 1956508395
32  7 1704841640
33  47 1860098267
46  21 1714748753
8  28 931098718
27  38 339961896
22  17 1370988456
6  40 465884942
38  35 1178698142
7  34 233899110
43  35 1689169840
30  18 1102587468
31  24 884560267
31  20 1253108241
12  8 31969342
4  20 459183615
21  46 469007419
26  38 925823136
47  40 1632358916
13  39 1139821153
4  40 238996857
7  40 63873812
6  23 1215289138
21  2 431783338
17  21 518219814
35  23 780020151
14  47 1765297305
29  22 1045086800
19  44 1679631957
28  46 2089095667
34  21 2032272000
47  26 1335035797
9  24 1783412683
49  18 1707704066
11  42 740034909
37  31 2119757793
43  22 790505807
32  39 1089346974
7  29 583831894
28  34 1789527042
36  22 1147026859
36  16 1146508678
3  7 1190557189
7  33 1604137274
49  5 1403266117
42  9 923828222
46  32 1190030097
32  12 393372055
18  47 1478309737
2  31 962406652
39  32 188582754
43  35 939131631
47  37 1655183373
21  45 751373286
17  34 1040248931
23  34 562757295
47  36 242671470
18  35 1694633457
40  44 655610705
24  1 174811184
37  0 1602323504
36  46 682264978
3  14 1019621980
40  10 715040316
40  6 1525138194
46  1 1166438741
28  47 1366714111
29  8 1166446001
46  9 1633423762
20  15 1077320403
13  34 1937187248
20  1 1261055587
16  46 315030289
31  28 89944495
24  22 1694491725
23  34 249850746
8  42 1880425641
17  49 1953853852
35  39 1903936262
1  42 582789388
44  38 829690447
37  49 900163818
21  18 1414764840
44  43 1903105521
9  35 1446526870
43  26 430498938
42  36 221859370
31  40 1439651033
3  45 1604461759
2  20 1574885087
21  9 287166402
39  34 1334687799
28  2 2046684695
26  25 859593008
20  36 2083850840
29  15 994581643
48  34 813224470
17  34 1091603917
13  48 1186207466
18  15 170780674
49  23 1993198987
25  21 2019411875
40  38 531853370
42  2 2039209846
49  1 1176277292
24  7 394071771
37  43 84308082
11  41 483699846
44  22 1344918342
30  5 268344562
35  27 1947623916
13  37 449102884
37  0 764449893
42  20 1609740824
37  12 1435319618
8  14 912373687
36  47 1921506777
46  29 407610009
34  2 451824144
44  45 1170136497
19  31 1789698033
17  31 520422087
24  23 178751150
36  42 172183393
45  7 814500510
39  30 1351205637
6  48 643513799
31  24 1317406034
43  28 109023897
33  15 1756614532
42  27 1875295285
17  21 1919906963
41  48 382876695
25  4 1532996182
27  36 2077615926
10  23 1156521342
44  36 1437746739
35  2 729693422
1  14 404772085
32  14 1621134943
38  44 173108025
25  39 1768273951
22  18 2072978825
45  39 1787979105
24  16 1018970754
39  34 1438525613
9  7 1576609890
26  8 1399215935
15  45 23150473
27  46 2005609190
31  15 2028618815
38  15 224815359
2  27 1334849287
21  45 860552793
9  36 94767523
7  5 1176202476
41  16 1413396765
23  0 205530066
3  25 1757101242
6  49 1433252340
49  2 240097411
47  32 1791308746
39  43 393451701
8  2 361427979
49  39 519965923
42  0 703332960
9  38 1572994442
43  7 1924164726
24  19 1425340134
21  20 1563254123
45  33 2033868833
49  34 1382204565
0  2 133481186
27  42 325810722
21  18 320823349
18  35 1572026002
15  28 75802032
6  22 1140090408
12  13 1365423209
8  41 1196822213
38  11 674333016
49  40 1267939178
47  34 1496795827
18  5 1753611037
34  13 598943559
49  32 2082679466
42  15 122444181
28  46 558758088
43  42 337384420
11  22 2011297719
29  14 1308136069
47  13 29257096
5  40 188630958
2  43 1338971552
35  0 1514305329
13  16 6141962
22  9 1818512306
21  38 925323252
36  23 126936123
29  27 1056445387
13  9 166614599
2  25 1584725492
28  9 2103582040
43  0 1255090067
32  40 1948911068
6  13 1281033496
4  1 368775207
11  19 471121802
9  18 1950973396
16  22 2009251599
43  29 1366181397
44  48 896353263
39  35 1323344555
41  7 428672922
1  43 573075838
25  44 1716048569
33  44 1289236845
29  34 940978647
41  21 46644875
2  33 1163247040
6  28 1172055911
9  1 1756021552
48  18 1364805496
42  40 1164118723
47  21 1215491709
7  45 1846094603
24  36 769400597
27  43 1005953008
1  12 1672340487
18  4 1386586751
19  8 2038903503
45  9 1586829556
35  26 1052452418
0  34 509287738
34  16 338482750
35  36 1764706974
41  45 961874116
9  44 1806593397
15  31 1306236954
1  31 1653599811
29  45 25505703
24  36 316184038
15  40 387466658
2  40 245216584
5  13 1561162233
19  15 52012049
31  0 1873557674
49  25 328890713
29  36 831261583
27  0 964699025
37  6 58589916
28  45 52555351
47  40 1494609503
31  40 2077074815
28  37 76392176
20  2 723572130
12  21 1429344600
8  12 1600053603
38  28 725741582
48  7 231292603
15  8 423772986
41  12 757541328
2  36 41402262
8  34 1927725627
10  21 434142358
11  48 1384356937
8  16 1437399159
4  32 636659318
46  45 1691156451
3  36 1015831120
20  39 2029601156
13  21 190637287
11  14 2020923118
9  42 1646387553
12  1 603789188
39  12 1795454527
24  23 761908465
24  42 1016969162
21  6 1904087808
23  36 1095300278
48  19 1890895886
34  3 2058264810
6  24 644730235
19  21 717441129
19  11 502124225
46  36 467622766
26  9 1479108844
7  8 1117850211
38  34 1512493483
26  19 858973782
12  41 1392571256
38  40 425001680
48  35 575709939
5  45 1215006352
34  42 975405241
12  45 380182093
10  44 2024165587
20  37 750314261
2  1 1112245139
40  27 1963361752
2  16 1468231937
17  30 96174738
0  42 1645098066
17  45 1216888978
13  26 1916556654
29  16 19200212
0  7 1060357351
12  44 1328691346
4  0 130969339
20  45 665297695
9  27 554014498
46  7 1942354472
27  7 1497438026
2  14 1667484814
23  16 1966960373
27  32 1367985137
19  1 172919961
41  14 1861315297
23  5 730120506
42  26 1920356489
37  32 1012651777
11  13 569487060
49  4 1677324923
37  23 55921090
20  39 99364593
4  26 1322819305
19  6 2064299711
28  12 97901314
6  43 553242591
24  18 820377210
27  13 1739078808
25  44 302922546
22  23 361693286
48  25 25259780
13  12 1569697612
15  40 732876224
48  14 1430500163
12  21 1761039201
41  4 1936701315
6  21 1699926840
26  44 1588267245
18  25 164024386
35  19 1928310198
10  25 895449370
40  13 1101679894
29  20 1355249365
36  35 1957180334
47  7 512760341
35  15 1862961498
6  14 1169710709
26  31 449111436
24  35 599476314
13  26 1419429095
20  27 725490395
23  13 742342974
18  26 1279610197
4  27 272132314
12  38 1719528290
21  15 1006989720
34  26 1607801654
27  6 1717256936
43  20 918905075
11  14 1157839110
20  13 1666620994
34  8 269076925
21  13 2006736792
35  0 552938960
25  42 480361488
38  46 911533114
20  42 476070573
37  21 778999112
34  25 658305793
12  36 1397592751
6  22 971510973
20  31 1896703928
1  41 2122736583
21  16 1502959963
27  31 39956597
24  10 2092388446
4  22 1623148212
18  13 1073004870
18  48 1974530494
33  6 345592421
7  39 1544608669
49  18 215369790
32  2 2077000187
27  12 1841946954
11  47 324229291
37  34 1998807373
34  4 605930744
26  7 1356305124
49  38 1093594972
27  3 1402152042
9  15 2093398356
22  29 273500968
36  17 2027584017
9  24 1057283376
11  4 1868959960
41  5 2130681484
36  45 1290221767
26  12 799095281
20  5 26384551
2  20 1236837003
32  10 785034936
17  34 2022967780
36  32 1374093622
17  6 1289910757
5  38 577020218
21  24 1720758456
15  23 1520719058
24  45 1838967775
38  0 2013697622
25  23 1902307474
45  12 326707098
11  36 21891278
25  18 3436115
11  2 277383363
0  15 236476995
42  7 314769872
42  4 1906619774
34  26 2056351967
36  5 1902076565
34  38 262068051
35  10 880531578
12  9 462851286
10  37 1876180762
8  4 1738828262
17  36 695523250
15  47 1636204460
38  34 1488838236
27  10 955328850
17  49 325964374
15  49 150423180
41  9 1511255822
0  33 654617068
43  40 1550973689
31  23 1223984706
36  24 409121659
35  3 996104974
19  31 1218125055
1  21 1976576762
30  9 140132486
7  42 1876482966
5  29 374208850
5  17 956963306
48  16 1417409719
1  19 855113931
13  37 1167768289
24  0 467885397
46  4 738109613
12  24 271630183
25  29 472284530
22  38 1499190913
45  8 1636526516
35  5 1673141674
34  13 322846889
27  46 1253403639
43  12 1805209343
24  36 1362836565
1  43 322556332
2  33 66260270
24  37 1005159680
46  12 1350478873
17  18 1852517986
48  16 677066668
7  2 1576676613
29  17 1061893826
25  1 1274660352
38  26 2017852511
16  11 3023306
31  42 148223188
34  1 808441546
4  5 1582852924
10  34 705799008
46  41 581438106
22  40 1328110512
18  19 2033307884
21  24 1506538240
45  40 1534096858
15  40 1225521362
8  12 901296995
37  35 151872878
19  5 1135794664
33  49 678697430
41  25 502861048
3  27 1512908932
9  21 355836864
46  0 258680808
48  4 1702598727
39  23 1740005907
48  15 2080452461
9  11 1388353065
6  46 379646662
48  45 300130584
46  47 1267058651
40  24 1534777660
30  42 1566000983
9  48 1131383853
35  47 857899532
2  16 654658889
6  3 81809011
22  37 636191295
25  39 1440690334
40  14 1943013583
30  9 358470181
35  41 173100637
39  5 1819875095
46  45 1514067150
29  0 1137776802
16  19 518722340
48  29 666502493
0  24 692403974
2  14 1091688651
35  3 1713488373
31  49 408272557
42  22 1697051983
19  36 1917036091
21  11 640731641
13  21 1183284020
35  4 2061063197
21  36 1942067814
47  20 1330959721
15  3 857566167
26  48 1947280642
18  4 2133716035
28  16 859875298
41  45 1391443346
10  23 662122337
42  6 384437907
39  49 210118913
4  1 1774285126
48  49 1948384313
3  37 91770248
31  0 1513424309
32  33 1196696836
21  37 585927843
46  35 1891703339
30  21 152018384
48  32 1868749394
35  45 1518313323
34  26 1234524910
18  20 291331596
16  21 1265218211
1  39 1915244640
8  38 1156077701
20  43 2028464065
3  28 736418879
26  7 1272767058
41  6 1902090480
35  26 1892193219
41  39 1539011207
20  2 1737444417
16  29 450196351
24  23 943728621
0  22 2132523778
0  12 1751249551
37  17 84492403
26  37 1344518224
17  42 79852074
46  10 1256063940
43  49 42942452
31  2 2063733413
37  14 1876940960
12  36 424595915
36  4 1814297534
33  30 1188560333
49  35 1858996604
28  43 155694721
29  7 1271769321
48  43 1163207576
8  38 47169792
8  18 391546381
11  0 548341042
4  39 971902009
2  27 683757423
11  29 164137952
48  7 2008692179
19  20 164356680
22  45 1886787939
12  34 311598701
34  23 1197364308
8  33 1565775536
24  6 721583756
28  48 606595799
21  5 717188851
6  18 83046795
9  20 716592353
49  20 1471380456
12  30 781769314
5  47 1510819457
7  1 2101942565
25  31 1860705734
14  30 1819004212
44  23 1780234235
12  42 840857568
4  26 1275927912
45  30 5575537
32  6 671413992
14  49 1199518832
10  28 1226789080
16  10 1946192825
44  38 1036658929
2  12 927217583
32  12 1740539526
38  7 1180224698
41  15 1125355820
5  49 1121122380
10  14 299599361
43  40 1887296882
32  5 1013135768
40  29 1923224070
5  33 881352894
6  28 1445842591
14  29 1333135066
38  16 1514548707
32  4 576944245
7  25 2001265890
35  4 91263872
11  6 79406775
45  32 677926409
47  15 2057597113
49  37 1799409160
47  0 897606233
7  35 1021709938
9  3 1229571092
4  34 1659004545
42  24 1607665028
17  42 85096387
38  22 1817074937
10  11 976145190
2  21 1613184041
16  37 624398464
3  20 221250518
17  28 952397881
37  15 104076056
9  13 38122594
2  24 613293251
11  20 2077228846
13  2 450049747
9  8 1814560283
10  0 1414686501
44  42 740338021
37  25 1888043185
17  33 146472123
35  11 1830343548
19  23 598331160
44  34 497790511
44  13 97086666
47  12 823352121
45  36 462198652
19  38 291237931
19  0 1980291914
19  48 332388945
41  3 35590366
44  10 1721595902
29  25 2026487994
11  30 1169222918
49  11 1105983057
17  31 1777638226
11  43 1716646796
21  20 1951636568
38  1 1204946245
41  36 2021706927
26  7 1298387735
36  42 1805554434
8  11 845167895
20  22 1748915520
18  11 98744882
19  29 1703207148
19  24 946966039
22  38 2010778550
8  37 391945406
6  19 1443666242
20  5 125196377
3  25 754716521
38  17 1640801722
29  34 866397187
5  15 615356893
33  28 762320852
27  2 724151206
12  18 930528640
42  34 589384827
39  23 437862280
49  17 1944847520
17  1 1669685129
2  44 535600962
44  33 646331853
6  29 802888577
27  12 350208665
23  5 797217037
31  17 2056949885
18  15 1325376778
6  45 735186963
39  23 234143675
3  22 1822605501
16  36 925007359
38  26 1563553267
7  4 440746785
9  11 1138032971
28  11 800239596
42  8 897295725
27  39 1512536569
45  27 686986381
5  46 1023948279
23  6 1562102332
48  10 315094236
21  30 577001726
6  36 1137898675
9  0 1419754853
17  21 1866729885
35  5 1696142918
2  43 1123039661
0  40 278768352
11  7 1942658938
18  33 1727036421
19  25 1313307960
46  0 1717107880
26  13 1411331982
41  44 849814500
5  33 1379902163
14  44 1356724644
23  1 812492932
24  38 1731426054
15  37 1802458235
48  6 1471941801
7  39 2113342340
35  43 1131394240
31  13 479462103
15  23 1042529174
42  40 1625318950
7  48 991881260
39  0 1390509097
0  5 1361609159
27  7 392891802
6  10 448291926
6  36 186804269
24  22 1282879774
46  3 554541742
31  13 1493204912
29  43 1704916488
16  29 1696934918
9  42 2065910278
13  21 1982643187
27  11 473959034
33  20 123216514
41  47 1487577043
49  16 1945188647
0  19 890715872
31  1 562989220
23  28 515806476
47  21 881877006
28  9 289487939
31  12 732907031
46  19 1743067325
37  49 1841148797
45  48 918480115
27  14 496155305
38  46 1202904108
31  39 39959644
19  47 69616040
31  15 287308081
25  42 1595360245
37  27 141557681
9  36 552013157
39  24 832390726
18  12 1854495561
21  44 486918012
14  4 1713428537
32  44 1236514792
42  29 579893087
17  8 2072692182
39  49 1595127310
45  42 486237624
38  21 1494285116
7  43 1825322782
34  6 1718554988
20  26 1324891606
31  40 1774576856
43  42 698127961
41  12 1476340774
46  38 66607807
10  5 1855276990
12  27 79973880
35  24 193214850
32  24 383730835
27  32 1234985524
36  34 1704741528
38  22 223742420
6  30 1189642670
4  22 451864834
25  49 705564262
47  38 2118794508
42  40 989512718
32  29 120117490
35  26 1954851830
36  9 1554392937
20  23 1754544255
11  36 310654354
11  48 1815452837
24  18 323771476
34  38 490486672
48  29 602965734
27  28 466302798
24  15 1178076236
18  3 82200882
7  0 1136533840
13  9 1023018030
3  23 606269156
24  3 359207647
3  13 20576344
0  31 1555080839
29  40 1374065025
20  41 1465688807
31  32 1698805950
10  21 2058756654
8  13 1966061401
6  16 938337771
8  42 2067494418
37  12 1650086526
5  28 2008866570
6  17 1212236359
3  18 1246954549
4  21 1997576646
40  13 1773708603
17  42 45425390
12  49 1284945850
32  38 1746591434
12  42 461972211
27  45 337248749
21  11 1999036437
17  43 1844488980
22  24 97408280
17  32 1963290049
28  9 1754514198
39  24 563579752
27  32 2056266902
14  40 170568047
41  31 1473545780
39  34 184278292
13  27 195147083
5  36 52783460
35  25 1263836825
14  4 1025867311
7  44 1539328148
22  18 1876654764
37  4 331287812
28  3 1868006600
27  23 554803863
24  46 464587475
16  32 1327437290
47  11 1254160846
16  29 1738599642
25  14 328096690
18  43 686482985
38  13 1071396106
36  18 529601447
36  23 1686255877
16  49 478985853
24  49 732476513
7  5 684275866
28  38 1384723881
22  8 1007531053
27  17 1022966169
23  13 1463654383
12  14 170349699
22  16 311354789
0  6 1110852482
13  45 1040678267
27  7 1222796271
32  25 2075486621
30  28 529463989
25  29 341679057
41  20 1252828361
44  20 88354070
32  36 1977888861
43  44 1869926074
31  1 707743027
48  10 2021173991
3  29 18527307
23  45 706436150
20  42 1482725794
21  27 1032871048
34  7 986864136
0  1 1145585437
41  28 1027540588
31  3 704616562
24  8 1605937493
33  17 1426733216
17  1 1163603918
49  20 182911831
41  42 625936795
32  38 552064720
49  38 1922389299
45  29 2132194443
0  4 879683845
1  31 211334502
39  14 2125541841
5  35 736711827
44  34 1940859282
26  7 1640346429
15  47 2021893688
22  35 590084263
18  15 958724421
20  33 389781595
16  3 1255250646
38  34 396174203
10  16 555200151
23  3 1319908314
21  29 387473407
1  49 2101633736
25  13 728918884
15  11 1533072526
15  49 754315865
26  39 413020551
3  5 1463649993
6  11 233929423
31  32 547895452
21  33 239888709
40  31 651924739
4  21 1628996652
14  2 905362541
5  24 1533943443
35  44 1226815644
49  45 480946408
49  33 626279994
25  22 59517171
35  17 1095860869
11  13 514434396
35  46 119725687
14  7 448542047
38  18 1461573720
44  2 1254976946
29  15 1070518133
7  5 1024512934
48  2 367474282
38  28 1882978926
9  40 1581658668
41  1 1136108908
3  39 1152087308
41  40 1776353192
1  26 680807539
27  21 1479831952
15  22 1688130311
18  11 1880856434
21  8 978916495
12  26 69401044
44  15 1586818325
4  14 1356070053
24  13 1013941308
1  28 2030581038
49  10 663681892
34  33 1141942888
18  43 828617506
42  7 1372828195
5  29 665088591
20  4 2008663502
13  12 766305256
22  49 1846487007
1  31 1177220653
44  16 304672306
48  8 1011458606
33  27 676551155
15  8 1160135030
3  47 638372909
5  47 1803602389
49  24 578848524
28  10 1263964048
12  36 1813260653
36  42 1467191851
26  7 82646267
48  33 538261362
39  28 1805511175
26  20 1271869434
25  0 612393519
31  18 1444785762
49  42 1206791729
16  37 1399299171
17  28 815040270
30  9 395618724
11  15 1817134747
31  6 849411584
13  24 875882286
27  8 307038783
21  16 1107031725
28  32 1521918488
41  2 1254065153
29  8 1496501329
11  1 405179301
1  37 812083076
26  38 922265326
29  15 300686268
18  24 964005549
24  41 2092362659
8  20 1632443360
7  9 1143055876
23  17 1246983885
24  22 439559657
39  30 1967930192
47  21 1042945567
4  24 704962835
27  18 1074494467
9  13 407867822
33  7 310490533
15  14 312349738
26  10 1701064023
10  20 1468228223
7  26 692612979
23  42 1435343218
26  36 1274039857
40  18 949640056
34  35 949016945
35  17 1454268934
39  32 1416980502
12  41 39062302
27  33 1913263868
20  49 2107688916
47  23 1605959409
29  39 104061192
16  29 657612412
17  16 1815393035
9  36 764253949
47  29 535502215
14  33 196018157
32  38 2107120764
19  32 1203286086
25  42 2108307649
46  49 540271517
41  16 496174408
14  6 192446197
34  35 86353881
28  32 688423910
3  6 771878374
40  39 1462322691
4  47 653546763
46  35 1349323435
5  13 629283996
7  9 599840441
46  41 1842019903
30  18 1286656248
22  13 571283400
0  49 647562836
43  29 1390451377
3  26 382626290
32  23 808122486
45  40 215290764
37  24 1047787764
11  23 357247074
26  39 1771614349
14  36 1946201569
26  43 825830234
11  32 1409563031
47  16 1380321531
41  28 1221546328
38  7 1557312697
36  37 863219217
7  39 1032437
8  12 1673440835
30  27 1889852984
27  40 1047230414
6  10 85792794
44  5 594715124
39  41 1880097802
36  12 671362112
40  20 1563359554
33  2 507774732
45  37 215296770
9  33 822695762
12  20 915668674
16  25 94929850
44  25 881929413
46  29 385706985
2  7 1433988199
49  34 16506765
14  21 984605332
8  14 1429647984
10  26 1026356034
28  35 495851755
41  25 2021473362
31  19 208589812
18  15 2038073123
48  8 1851249124
36  21 2100003563
46  25 508711738
27  19 765364099
12  44 1156036750
42  49 1172209831
39  30 367812499
36  43 2140989494
34  36 47547752
41  35 1901162361
45  4 1817190527
15  21 913742966
20  16 450961449
20  44 2058777533
22  5 610990871
44  42 1613891209
11  15 1884809022
6  4 193185881
9  45 336161790
21  38 1586001535
21  12 2104266476
23  49 362568096
36  43 1304548832
25  31 188340603
10  38 591237586
22  11 122957505
31  37 279029436
24  48 1304043046
30  5 456580137
42  9 1621495833
0  3 921219639
36  29 853214575
31  14 1693564225
9  5 905221623
43  19 1727597674
40  41 825857244
48  30 613338858
36  7 166828708
37  15 1859463974
17  45 98382641
22  21 1865902912
27  47 1346587835
37  27 630576849
21  25 938524023
19  8 609018891
30  2 1814647047
38  25 75208146
48  46 909110589
0  28 934140828
43  6 249244126
29  38 646263161
32  20 232533235
19  25 225600903
35  17 2125419743
40  31 1809836777
6  40 34825928
28  29 499625507
5  33 282269781
43  23 1735551259
9  34 1032981531
23  30 1517280604
45  9 871106843
29  39 1585670140
41  30 487010538
44  16 1269193011
1  49 60896012
11  44 1831474020
42  23 1292643505
31  33 400528306
34  20 537783884
31  26 1285516163
34  32 1360787113
35  16 1878501550
32  25 240113314
19  47 2012689068
43  44 926788528
40  22 2123015857
8  34 1045239134
43  49 463366544
37  25 125649092
32  46 966641036
7  31 1096185690
35  22 2113180145
46  13 1025312230
38  0 709783803
13  6 821963721
45  37 1376161297
39  23 206881033
4  32 1641148510
39  40 1649510164
