399 20 13 0
3  13 884721538
3  16 2091296362
11  5 1855777777
13  19 657369363
16  1 522328690
12  11 937973724
10  7 492014982
5  6 1578601405
17  16 710329153
3  4 1730026986
12  0 1878929371
12  4 1972758929
9  13 1343043958
7  13 770706517
8  14 537975405
2  18 584786045
0  7 2042960304
1  19 968335396
15  1 733413724
1  8 420326099
3  7 49630668
11  16 228264119
18  16 91169186
6  3 920201670
14  0 777952578
8  6 170578766
17  15 196685553
12  9 1917135955
3  12 895485834
10  3 713305243
16  1 1273273523
19  9 662721977
15  3 33484961
19  5 114118735
1  8 736912388
3  15 1633006730
7  15 425239894
8  17 1518826750
7  15 364945218
9  18 449519181
6  2 298539239
2  3 1100937550
1  8 1151730155
19  6 1992146082
18  17 772681618
11  15 404361074
14  17 1521755347
19  12 1748583220
17  13 1469126941
11  10 1663367344
11  10 1194099474
19  3 712110504
6  17 1616905187
19  3 2056816276
7  18 2140123732
2  10 816594540
17  8 664240875
5  3 1658472287
3  14 1742431953
14  6 802413033
1  10 795758342
15  0 976811882
14  16 1915533442
5  12 1970351495
9  19 326705772
15  1 728784983
11  8 693672501
14  5 1619058165
12  9 1739641358
7  4 1630919695
11  8 1031626085
1  12 668764739
12  17 937832861
5  19 20564060
4  8 1539325599
8  10 1930108322
8  0 548434867
8  16 932281638
19  16 1563676438
18  0 1087737442
15  9 889826391
1  10 471867256
8  14 1411169675
16  8 2015212059
17  14 1721098749
8  9 875749024
17  3 1543152605
19  14 1741818431
2  1 2133654420
18  14 545880365
17  0 527235803
17  7 914048509
14  19 2070579581
7  18 1039034407
8  6 147674818
11  19 1675358640
3  4 1187136854
17  16 97021689
8  17 837573715
8  1 1063420532
10  3 1653113117
18  16 526174704
8  10 536683016
9  1 1300427340
13  5 2025840039
14  16 1380602254
18  15 1683941359
19  6 656469059
4  9 1921951912
0  3 2068290811
19  14 589718720
18  16 233881662
17  16 2134334662
6  5 549103781
18  8 2082757641
0  9 1062994041
3  17 1470616961
14  13 1009197663
1  5 2070640460
0  6 594273465
6  2 1954257798
12  11 33016752
12  17 1862692958
5  6 344049722
5  1 262384320
9  1 48935817
18  6 1391158904
5  12 1302713944
14  2 2130647299
10  4 150538492
5  8 1897439890
6  16 145701879
12  17 1326857750
2  12 1405600676
12  4 941867664
3  5 288742908
6  7 1966809717
11  16 806868955
5  10 453933107
6  1 1844249486
8  16 1886747221
9  14 1086748089
13  7 827171893
3  8 225752651
0  14 2227102
3  1 782185199
18  11 938882
3  19 36393043
8  18 1768866392
9  14 436988731
2  6 656374712
10  18 495045519
10  1 1380840410
16  7 1933715923
12  6 1076937527
15  10 2056801707
6  17 80382712
15  7 636338592
14  10 1171747867
10  3 47936940
13  10 221726853
12  0 1592208514
0  19 510577826
14  3 763983956
4  12 1033294987
14  9 848582239
15  1 852550022
19  1 141707542
5  17 428094459
10  8 886650566
11  18 1219714760
18  5 196010153
4  19 1488582140
6  11 395264680
16  19 92309780
1  13 1445285808
13  2 522243011
0  3 1772537817
19  2 1967023738
6  10 2063532488
2  6 843303011
15  11 798634173
10  11 205403134
7  13 310306842
19  15 838509379
0  4 658705853
19  11 297607838
11  12 278804735
7  18 2002439489
8  13 146391630
16  17 384115340
12  0 1543474999
10  1 2018864096
1  11 1268736672
0  9 1645750944
11  0 2046330097
5  6 533730823
12  16 738723104
19  16 2002066628
9  2 1184906433
15  1 1178985752
17  16 1661476380
14  16 1234907932
1  5 1269898223
19  0 1925821038
15  0 1997810055
0  11 500356623
7  12 1193100688
15  12 1117375041
19  14 1448738028
3  6 321484543
1  11 1985097486
12  17 1885342729
5  6 1969834933
3  8 66628760
2  6 94742928
18  8 661617781
14  16 1921532614
6  0 1492151499
14  6 10553625
12  7 962707904
14  16 1718139057
16  11 1479138326
9  17 636969629
15  14 1526894036
9  17 1031896998
5  9 1690187676
16  9 904040474
18  7 807654472
13  16 1327818948
17  4 935791239
7  6 550210730
15  2 261741720
4  18 592512246
15  16 224340347
9  14 1753796014
12  3 1685115915
16  14 197288501
2  13 1041955933
6  3 1258491375
1  13 1478720770
14  17 1049761828
18  3 1383990403
10  19 1424874952
11  17 852032202
12  5 1962083969
17  6 14772958
16  10 161054935
9  14 764725623
11  16 1669759768
11  7 1498382431
14  10 1246002892
6  7 53247315
13  16 1612448524
1  8 690003752
15  7 206353592
2  3 333586222
12  11 167971158
15  5 234261376
15  17 572804397
6  14 1103874803
11  14 1147490019
19  16 462529965
2  0 1382456543
4  19 245159562
3  7 1446055779
4  3 2076487372
3  2 1106511925
12  4 1390018492
0  14 1859047924
18  3 1954213283
11  18 1002007579
11  5 1704118234
11  7 42867332
0  7 1000671148
3  6 866817103
14  9 1010297992
16  10 2022685920
17  9 1722656742
16  15 1677234036
5  6 158995298
17  1 1801343208
18  5 1841588662
7  15 1534978060
8  9 815621585
1  13 358100805
4  13 1856199428
5  8 1959090862
5  8 1284838255
4  17 914536101
12  15 1274133571
4  19 1850825730
3  18 1874342142
13  12 1716496632
12  14 1168919548
17  16 1002491210
17  18 636162492
8  13 2032746032
5  9 336449556
13  8 304613783
11  4 453889639
18  6 2050383466
2  4 681926771
0  19 180705411
17  16 1372047393
9  19 448463623
16  4 801143592
9  2 778544597
5  13 28567361
6  17 1467758786
1  19 510145332
7  14 2118769288
14  9 604581040
16  11 2111833171
14  7 2131304692
1  11 689042680
4  12 1124728225
13  8 1575470833
18  0 1393415195
4  0 1250653134
6  13 83681411
6  7 1970966739
4  19 1557435592
10  11 610797102
14  18 1433171592
5  3 574012460
6  4 1786852744
13  4 517841377
14  11 980084198
17  15 2096129587
9  8 49327181
11  12 1829907557
0  8 1350696877
4  19 905535690
0  18 1860257662
0  15 1739174540
1  9 130965332
17  9 1547056330
6  18 1784964416
4  6 1023899603
4  3 1521680315
14  6 1990594939
4  2 1526364295
0  8 573654812
5  3 374920589
17  2 445531269
1  19 1815841476
0  11 2114226177
8  11 2122110996
11  8 1344943345
13  0 694040645
2  18 1929770719
10  0 1442709285
13  4 369384152
3  5 1240467156
9  1 1939559817
16  17 396379346
6  3 1040413094
12  11 816296867
5  17 2046033739
4  5 261925865
6  16 348300545
10  4 1697740611
17  15 167272688
2  7 524658619
11  17 794735111
18  3 1130447297
17  6 434549126
8  10 336532215
8  12 24024866
3  2 858284856
4  17 1602205917
12  2 822174457
19  14 122475515
19  5 515526654
5  9 2137775118
8  12 117764585
7  3 1889401413
7  1 1993123661
1  11 737716436
1  9 1285234485
6  0 1392092385
14  8 1867314970
11  13 1101062393
10  12 1691631215
6  13 1682284131
17  3 2016698481
15  6 1951736
11  13 510339752
14  6 1482565761
8  5 592470755
16  17 2073399858
5  2 1428499207
2  16 1641785543
18  14 8534136
8  0 1661813677
2  5 1325617768
8  10 875871457
6  18 980120501
