399 20 7 6
0  3 341803137
13  15 2018614920
10  7 2127091171
7  1 2000747457
15  8 354026887
18  3 948443266
12  5 1848140627
6  2 1264638500
1  3 1338418525
18  9 1878437583
5  19 1178048808
9  4 411997433
18  1 1535894324
10  3 1252994983
10  19 540049230
7  13 679537106
16  1 251519539
8  5 493437918
2  0 417812534
3  13 1652940657
15  0 841440987
10  2 709892878
3  2 633302979
17  4 1361186545
6  5 197648124
16  10 408537229
17  18 1888508933
16  5 1412546592
6  8 1262383101
11  18 1612470912
7  6 1235825355
18  7 1546127513
2  6 964404416
1  14 353458273
10  14 1059573354
19  15 1844427263
7  12 2076435848
18  17 2125832550
19  11 218912567
19  11 1720182127
2  8 1988446946
6  18 2060708040
11  2 551719256
12  4 878396075
8  11 898592682
17  3 484392342
7  6 734895788
15  10 338452724
13  10 68368270
6  9 810442784
11  9 1171228009
14  0 1167251490
7  5 1419960038
3  13 954029174
7  11 2111935533
7  14 433156997
16  5 1972185538
2  9 1888175842
0  2 981224983
6  19 155012591
5  19 1859743353
0  11 1860448404
17  12 1715116630
4  13 1269241534
8  15 397616644
6  9 203138711
18  19 567589134
10  16 287108784
12  18 1152036816
14  16 1228703490
1  19 1548195904
15  0 1392011853
0  18 1160410968
6  5 1391092779
3  10 1433058741
19  2 640120757
3  7 1589323360
3  12 239827675
1  9 69011163
15  1 2104932445
0  13 1702532598
7  11 112761756
17  6 208323185
17  18 569462185
2  17 2147365924
1  2 1056624704
18  1 1250904379
3  10 186976827
13  2 1579334473
9  6 270215815
16  7 2117592319
17  7 1788882309
16  17 1956129297
17  4 299385077
17  11 136831471
4  19 117763311
10  1 576641933
4  11 1138882317
14  18 379206369
16  2 1128459410
3  0 233646094
14  18 410901735
7  5 1409131272
19  4 141552655
11  8 1280743038
16  8 1309844040
12  19 1451427693
16  17 189619684
0  13 1761991178
11  10 1844126369
3  14 49874706
7  19 778497484
8  14 916169409
15  5 708752448
11  1 388927581
9  0 789202252
7  17 1361159369
11  4 1176283145
13  7 950394781
6  16 784827937
10  11 644054712
8  4 15024212
15  4 408453743
9  13 1144180419
9  2 888685850
7  17 1206184668
1  14 1684490543
5  4 375769755
1  3 2084852966
0  17 1490383005
0  19 407712601
13  7 680898107
4  0 141936534
0  8 1634315415
15  9 286305528
19  8 152896904
0  11 183920432
1  17 1293279203
12  7 1883466039
4  15 832982975
6  3 1350492862
3  7 535715094
17  13 274924001
14  6 877371781
6  0 514925082
15  6 711717697
5  15 1618005862
1  14 742836539
14  6 1792741776
6  3 1801868593
1  5 860114844
11  18 959860009
10  1 572334437
18  12 1803948067
15  0 2091882572
0  3 1507201532
0  14 2024498055
6  17 42633495
7  13 621964896
12  16 1884231095
4  7 168869279
9  13 902645845
15  13 1070331763
7  14 1141518772
10  7 745093675
14  3 1183665070
4  2 1707054684
16  14 1279971680
9  14 1690355252
8  5 100724714
5  6 772692957
1  19 746096890
11  16 1341167533
5  6 972397177
8  4 541922165
9  19 340288684
14  1 41554087
3  15 282973157
1  9 1275250106
13  9 1934031919
1  8 1729943176
10  6 1369624749
17  2 202564292
14  6 426644705
14  8 1564162800
1  5 1402304011
1  5 488816392
0  3 1678898061
11  6 1490680676
15  4 1746944622
15  16 90664344
14  15 814269126
14  16 1467318100
17  13 1163435089
5  18 191995569
0  6 255027673
17  13 609482374
19  8 1227416236
8  6 69389226
4  19 1092224499
14  19 68596440
3  12 204323966
1  19 1213237340
14  0 116430665
5  4 304414706
12  2 1776473105
2  16 1639297185
17  12 943813052
18  15 1463014584
8  6 85935355
0  16 705157062
0  3 624776617
0  12 1633140786
9  15 1011759828
8  19 1162917761
12  0 1732456466
5  7 667770137
1  4 1395123612
4  17 746150249
13  0 389287812
2  10 1498269409
5  13 1216180788
7  8 29367710
7  14 1007631936
6  13 1047767860
2  8 1604625586
5  2 478987456
12  1 1051974603
3  6 1846125215
17  12 667386483
12  0 302123818
14  6 1151265622
9  8 1750656198
0  16 1314200574
5  6 235286861
3  1 905065244
11  1 1042893045
13  14 35837745
13  15 1879318060
0  2 1778516496
14  1 272322073
13  2 1879583727
18  5 2053306989
0  18 1505812631
9  5 1298717899
3  16 1212896177
8  2 1812480162
8  7 384882260
19  9 2003213075
11  17 1043093282
3  7 287654465
0  11 1508854144
9  12 1188207342
5  19 1322227841
5  6 1637231844
3  17 1802095911
9  14 534584999
12  16 581636302
6  10 320332326
17  6 115839011
18  15 686938369
10  11 480489727
5  9 1607224722
18  13 1615855014
8  2 1659950947
16  10 893792510
17  15 1030066196
17  15 627154676
12  9 711838294
7  19 1858134810
4  17 494437843
1  8 1482307491
16  12 1168608443
16  2 961764572
16  9 489662091
9  11 868402307
1  18 1599311698
1  15 1821327895
12  13 856845139
12  15 2086245728
3  11 1135199380
6  10 1135100514
0  18 131390517
18  5 597630435
2  8 2096328104
19  13 505025354
7  8 1231584890
6  17 1245454978
14  17 1833544168
12  10 72307324
3  11 2098042918
10  2 480465639
13  17 1229560648
1  19 330958047
18  7 1316931078
3  16 1348045239
6  10 87815575
7  15 1251568479
9  8 1458187225
13  19 963671553
9  1 1083942785
9  7 2021484594
13  4 1442814798
5  14 1789003905
6  16 1076872885
18  19 99485767
8  12 784425097
8  12 2101246970
19  7 63487578
8  3 1499089182
4  18 1730648035
4  17 1387269835
11  19 15970242
10  3 1596878457
2  17 106950345
9  11 330902843
6  7 1003185564
6  14 330623913
2  9 1580571522
14  16 1716742717
10  17 980116589
1  12 93357500
4  1 1451427401
5  12 503559438
10  19 1139259621
13  9 2027853061
8  6 2053599165
12  4 1063012900
12  3 1602746619
16  13 1563728418
9  17 29583953
2  14 723996097
6  0 484414846
13  12 984839713
0  13 51513184
14  18 1178009158
13  18 1007377984
8  13 1549078547
17  14 690342824
9  19 1449907440
16  2 2068830221
16  4 947494276
13  16 1664809878
15  17 606443698
15  1 1341293580
6  4 2088837457
14  19 1235541169
6  8 973519984
5  7 2140349079
2  0 1097641755
12  11 536330175
14  6 1251614664
1  8 498616376
8  0 1749643010
11  9 1065131823
11  12 1964316764
0  10 865572750
11  4 1474126739
0  16 2091314529
3  16 1518466834
5  11 2049507587
7  11 2075786088
16  19 1288861742
19  2 107210798
4  5 1773256961
1  3 308162361
3  18 14343205
10  19 1779536318
11  1 2054384671
14  18 556241746
3  16 1213523
12  17 1264522815
8  11 2124965524
7  12 1508598494
16  8 180711625
1  18 798735346
2  8 1531213809
0  9 1568899446
6  10 1359061710
7  17 689426770
1  13 834386884
5  7 1931101748
14  11 660950179
0  1 294279256
3  5 698646016
7  16 844046094
15  4 1613066504
19  14 1857550447
16  12 572588876
17  4 1930911414
14  18 84793943
0  10 2014348117
19  1 728577821
17  11 127471368
15  14 2076222112
15  4 1555527583
13  16 1841017563
18  9 1782193594
3  6 310723002
