399 20 4 7
17  3 532524645
5  18 969655061
4  2 630046431
1  15 331418741
8  6 1988150501
9  2 1414114344
18  6 1019499097
15  1 1844427197
0  12 1149431064
16  11 2118369856
13  12 1840799534
9  11 959688
17  6 1087758784
16  13 1524386604
2  1 1676438139
19  1 919966994
12  2 1107698293
6  18 1964174151
9  6 299678885
0  19 947515886
13  17 810112951
7  3 1654655609
15  19 1651024782
6  2 416215635
17  6 217688327
1  10 1524353273
9  1 378737378
18  14 615605115
16  4 2086326081
18  2 506520830
1  17 1838601
15  17 1675515853
5  8 406630088
8  4 928120042
10  15 1571528871
6  10 82290101
6  4 1183008817
4  16 1054984261
6  14 114137504
7  14 2100223642
11  19 2014455847
7  0 667824167
5  9 121774404
18  11 2003577472
4  16 364901376
5  8 151717836
7  19 1326132301
8  2 1364613481
17  7 685266505
10  9 243193627
19  3 1949405998
11  0 1682925449
12  17 1647149119
2  1 253504859
12  8 559625328
0  5 470465175
14  3 1435458425
7  17 1140638001
9  16 483665532
3  19 327085435
16  9 517025795
2  18 2018873025
11  17 432640698
14  0 1933539180
12  13 625683810
6  11 770911238
7  0 622463426
0  6 1762835315
13  10 1279976854
7  16 280064896
10  7 87923764
5  0 38660840
17  18 613668769
2  12 1776109770
13  16 80995346
16  15 570636079
2  10 67313048
10  7 1334023769
1  7 681157484
16  14 1177996122
12  2 1956487718
1  12 2063824518
11  10 1776631257
2  16 388942073
7  19 1565287535
14  17 2096487825
6  18 1001856965
14  18 1323292201
3  2 1930351365
6  18 2008799214
8  13 894252481
1  7 2055428471
2  7 944424471
19  1 623227984
10  6 579428828
11  0 1247709275
12  0 1718823727
6  3 1628668640
11  12 1304839143
5  8 548093220
8  4 419859696
9  13 1503983716
9  15 1524754904
13  17 614009134
14  1 1719889749
0  7 1460962887
7  14 1601013387
2  11 1440790784
18  2 1014202075
13  14 2065817216
15  18 148541613
10  9 921835145
4  17 994791104
15  13 1931217590
3  7 1988505809
19  18 1409172547
9  15 1050659893
17  8 1565922776
8  11 694350059
7  11 1800115716
15  8 1868598915
18  2 1503222993
8  19 479303721
15  8 1162787702
7  19 1472496785
10  18 1303982930
4  11 1430653377
0  5 1299817923
6  9 1635238325
8  14 1434535751
4  6 824434432
10  5 818092324
6  12 1058313144
9  4 850683559
10  6 1372961689
4  17 1000918125
7  19 356608662
13  1 685115127
14  11 1487610209
2  6 1606431641
13  18 1135466227
5  19 744822373
7  2 293024875
3  2 1894494027
13  2 808515756
10  11 374541971
10  18 577729479
5  13 1358824380
7  15 1025851739
6  13 1483038840
13  8 1156696462
3  2 1531576891
5  0 1076605851
19  18 1019814460
17  5 1472104016
8  18 1887132334
19  9 1651930857
17  12 2133870735
17  10 1401860811
19  6 2144688796
5  8 598992144
15  9 1710701055
10  6 784700606
13  17 1147728499
12  6 1798032398
5  13 134031702
1  5 1058836687
19  7 1831265473
5  6 1563218659
0  11 968973181
13  0 326788876
0  3 1519639353
0  13 976526582
6  5 1756521288
13  16 1121510239
8  14 733774821
15  10 1974896427
5  11 1185368929
17  7 439392552
13  15 1965705159
5  15 2085183549
1  0 145956932
18  12 1528145111
17  15 1379950480
8  12 1937347327
1  5 2002899905
0  17 1364409132
3  2 740330805
19  8 377854982
3  4 1621654936
0  10 173916825
6  4 1515926576
0  1 1722044697
3  19 257835378
4  16 715380116
4  2 1011269755
1  6 1383778034
11  2 1803803483
5  13 849865742
8  1 1935488077
19  13 932092908
9  16 1652201035
1  15 41144573
5  18 2096945417
17  4 30217922
19  13 1469619777
0  13 1413551031
0  16 1956497479
8  0 928191058
19  3 1209361310
14  3 2101740122
8  1 1620441061
18  6 475709726
6  4 985832774
2  14 788589650
10  13 878071213
15  16 1147177834
2  3 1227714791
3  14 1851349910
4  9 888831957
8  17 1390597764
6  0 215240508
19  11 1751210473
9  0 1060253014
7  1 1760633096
5  17 1259821849
1  8 1847020990
14  8 38974713
6  15 1619596795
18  2 345078649
4  16 1080877059
14  17 854789574
14  15 1832010843
6  18 2116014764
9  10 1703539259
15  9 1185526022
6  12 1415164596
6  9 946248788
5  0 352439244
0  4 1690923945
11  0 407848130
4  7 444096916
2  13 314545036
18  16 338846870
13  17 330870139
9  4 1846892085
3  18 557787462
3  13 1493036620
1  2 172410393
10  19 1166958049
8  16 1486452273
6  15 599584839
18  0 1603257066
14  11 194512905
10  2 706790981
8  6 818890144
16  8 1211537162
1  8 1789422685
0  11 5232074
14  7 105764093
17  1 453554673
3  8 1087212672
2  3 62990075
7  9 781736063
19  9 1367043382
17  14 1991007905
0  7 2028792408
10  12 476208756
6  13 1058526077
10  4 985172542
16  7 1276371761
15  4 180357560
18  5 1384775921
8  1 1599159437
4  19 325438507
9  6 150517482
14  11 1644230454
18  13 1954167589
8  15 1043303363
1  16 1756082877
5  2 1940208153
12  1 1743395710
15  16 393269385
5  1 99587747
7  5 1795169164
16  4 1670929987
6  14 1986876263
6  10 1472244298
4  13 1650783354
7  6 1020117465
2  15 1194555066
10  16 443021543
6  13 67857954
2  18 115289562
8  7 1230933888
11  17 185671481
10  15 946721956
2  15 1684101756
10  2 1317473711
6  14 540019359
17  14 124149499
12  13 321802303
14  16 1299298711
15  7 66246941
1  19 745515023
13  11 1805632304
2  15 582047178
13  4 1603506360
19  14 1278867185
6  7 2056086194
6  15 538155989
4  19 1469888074
18  4 418709892
0  17 376726941
16  8 1216809792
8  18 1332932802
8  16 1186819335
17  8 801922917
1  16 363613988
4  0 189053918
12  4 813806769
18  15 960318333
8  7 959009952
7  2 1445001848
13  1 1499552111
1  0 55175348
5  4 1545322970
15  6 1019070583
1  13 240181095
2  5 2044419304
10  15 827500913
7  0 1254532077
12  9 418591136
14  16 1662833644
15  7 866301415
18  5 1913373762
3  16 828508392
7  3 1976684552
13  11 1643906237
17  5 1588605361
3  16 537495812
7  16 737018428
9  16 900299620
7  15 1516948220
14  6 1471543999
3  4 83759267
3  4 454311077
4  13 763772296
9  1 325314120
13  10 847942087
17  12 1948962647
0  10 492551313
11  9 1251846452
16  19 1393758787
3  2 342766550
18  14 1652889309
1  14 1189600341
3  14 341498587
0  13 965765786
2  18 1657711976
7  18 1044000951
4  8 428440223
3  14 1821803359
10  8 1331602612
11  4 2138266639
7  11 580195318
2  7 1845435759
8  15 511732314
9  5 189458115
19  15 1259741474
5  1 1324511870
9  17 1920776730
18  19 1716142847
14  17 564067468
11  10 296900830
8  16 1775597403
16  13 21447016
5  3 2102891570
11  14 463162045
6  7 1680019528
19  4 153462815
9  6 2139824506
15  12 354017074
3  15 1037286358
12  2 131857135
13  10 1663310246
13  16 365589142
5  19 1962173827
5  7 1118697915
7  0 384067251
8  9 1172393898
6  12 26140929
4  0 968291578
11  5 2123415858
11  1 469231236
15  11 2114341328
15  1 1863402417
6  11 1760165438
10  11 2036488428
