399 20 16 9
12  0 130079000
7  11 612670761
12  15 1021308349
14  0 227122023
2  13 685885971
11  3 224985704
3  19 1740891134
15  12 1198330446
7  2 601665924
9  4 106977281
9  14 1885313972
4  12 1376166317
0  11 914307621
5  14 1334577163
18  0 1198514613
6  18 1215232093
13  17 1347199883
5  7 609341717
17  4 1685200790
6  11 2007532895
3  14 746547492
8  0 1294679072
5  12 1605863494
0  13 2076529202
8  4 1766112859
15  18 210829126
11  13 715755909
19  11 725948204
13  6 1083895561
14  15 1409444316
0  6 1512245524
9  3 599006925
16  2 1767513642
5  13 1695546129
8  19 1788128117
15  7 703814621
7  17 2011281377
7  17 439444775
0  3 1071279124
10  15 1739372927
2  14 1428073190
11  4 1400162164
13  17 1896830514
1  4 2029516840
7  0 25673611
16  10 792167978
7  12 99958543
3  8 1899771316
0  15 302665906
11  10 1132220114
7  18 527301180
14  2 298832188
8  5 576994170
19  8 805407588
15  13 1677015803
8  2 1496363015
5  3 55428050
18  6 1478440954
1  18 500658879
3  17 1204757431
17  10 1365897757
8  1 2092586641
11  18 1638480298
6  14 46928699
4  2 694076791
19  7 541908746
11  18 1467942997
16  12 210963745
17  1 1451016330
16  18 1245064247
13  9 1614509610
3  10 1247057236
10  6 1566588879
15  1 998432459
15  4 1341733865
12  16 938395944
2  5 601065546
19  1 2029766431
13  15 739823276
18  1 1487380476
11  7 510257717
4  16 1893593402
7  17 1944146366
16  10 1212632347
6  17 990415802
17  7 53769687
2  13 2111397120
14  5 720898909
7  13 890888583
7  19 1540245687
9  14 1424492675
6  2 2062118619
18  14 1539009497
16  0 696161735
9  8 886141737
9  18 1375798294
17  3 1777180865
11  12 900444445
8  15 723554077
7  0 2144576892
15  7 47534438
8  17 1412961444
11  13 97449001
18  12 1434054040
13  0 1781686221
19  5 661268049
8  5 936052324
15  0 41657871
8  17 1310982682
0  16 343048702
1  17 1556991150
16  12 1721381823
2  19 651345215
14  15 1553062169
10  15 1402813699
11  5 1303778741
7  9 592056117
15  1 74039708
3  12 890022153
18  10 1926853459
17  2 131740066
17  11 51519619
10  2 2114622247
2  10 1270732735
0  18 347140500
8  5 487122834
14  7 581060130
18  13 1232661839
9  16 380729381
2  16 621497901
2  1 1114520470
5  1 722907876
11  5 982765690
7  2 81989828
5  7 365453102
1  5 120221832
14  6 1824895740
1  10 532881771
6  12 1763198240
12  11 454250507
13  9 1695289040
7  3 1860373407
8  19 1531412449
13  8 95573105
14  8 180711555
13  5 1147493069
11  17 519406371
3  5 594218908
13  18 517374644
13  18 868866769
10  6 278184076
9  0 1229678049
4  11 1393086547
18  2 1290226809
18  9 1342871199
6  11 1566865535
4  5 1191913596
18  10 1542438389
11  13 541437396
19  6 470801370
0  2 792966199
16  10 707051559
11  18 1170210230
2  16 1531749345
5  9 284657290
15  4 1537173598
19  16 2042762512
0  3 266494896
16  3 1396515291
7  5 1131016984
15  7 1915302890
12  16 1536564769
15  18 670921911
12  18 253666862
8  6 1037978776
3  13 100976311
18  0 86281667
14  12 885734637
7  0 935503072
13  5 1262026599
12  15 227072731
13  6 1289893767
11  1 193496973
6  2 2087405270
9  7 1721655635
13  11 1260803748
15  9 1525813575
9  7 491577829
17  15 1369520329
0  16 255611253
2  5 1038848255
0  12 51744156
1  5 747358028
13  0 1505496189
1  13 1251655720
2  8 203145094
8  12 60271185
4  19 889405985
9  15 2030118038
8  5 1282978128
12  5 2106462065
18  6 1249253600
10  3 1586665154
8  4 1596616200
12  0 1945208198
18  9 100768625
17  8 728186317
2  3 285225362
5  13 1612440005
6  4 144190923
8  12 1442074114
8  5 771786143
11  10 773613188
14  7 2079955256
8  3 1885551651
2  8 1180614667
11  9 1354136993
14  2 1139930850
8  14 373559128
14  2 1517207511
6  4 391816362
16  9 1774564439
12  11 1439846419
19  5 920249092
4  9 528136005
10  6 1640511464
0  18 1672479833
14  0 2068075489
1  9 1297729089
16  17 1494086493
0  19 2091608437
0  7 787126579
3  19 507696816
7  17 756791031
3  9 109263725
19  10 1426935393
7  4 2114409261
19  15 1675823480
9  12 732156346
0  15 1306634128
19  13 1112692987
17  7 1279887969
17  14 1168358923
5  10 1608078389
19  12 1532455536
18  3 125292564
0  2 1184809075
4  11 866726109
5  19 600042737
5  14 459969944
11  3 1075831112
13  3 37477409
15  11 1970803667
3  12 1912814370
7  18 640000371
8  3 2127051450
15  2 446188041
7  4 665351077
16  7 1925821723
16  5 1260066690
19  16 599274235
12  4 1863375545
14  5 1626794140
13  15 1337435660
11  7 1621132404
4  14 187530843
19  14 43936096
11  3 1841031595
4  8 503225788
5  1 528451284
12  6 560387095
9  14 1835542914
14  15 1154065455
1  12 535169947
6  18 1145321107
3  5 1875357471
10  6 1844583035
17  0 294940125
11  1 1827224398
14  7 481259292
19  16 1128928385
0  3 326339846
13  9 260838851
18  1 280483509
13  3 2095850978
11  6 1302149554
17  1 1081968864
1  11 187098270
15  10 1304911249
13  9 841646526
17  4 1789153029
1  17 435647917
4  8 1508230000
12  16 1968692250
9  19 1716314682
11  7 313315054
1  14 89247119
13  8 2083431358
16  8 1809600928
19  16 1528967109
1  8 1828749802
4  6 1378923474
4  14 1486349240
17  7 1790413198
4  16 977097216
3  5 1917926259
3  13 1942728319
9  4 1297905015
9  5 1380385147
8  6 1517385448
6  16 752459797
19  15 1477690858
16  6 1040997251
15  8 1502787632
7  11 2144022368
3  5 767893919
3  6 1700278949
19  3 2002502227
13  1 130876565
6  2 755975859
1  18 361197393
6  14 1237595592
8  10 508665126
7  5 1334159671
18  12 1366110123
11  12 1472907398
19  6 2134897099
4  8 1070402553
12  4 2127263781
7  18 602981019
13  10 931252072
4  18 959207828
0  8 2109512646
0  8 930267964
3  17 1651978247
9  4 206468264
5  2 1262812406
4  13 755732553
12  18 1945681574
9  13 1131905359
14  0 409499748
12  14 204093280
18  11 563709386
2  6 1401321644
7  2 911081693
4  13 1531972836
5  12 196902663
6  7 1184048452
16  7 2025872447
7  9 846277934
2  17 42760926
15  7 272805533
16  9 1380412950
19  11 495630841
18  15 1665387328
14  13 1717890965
4  8 449790179
0  1 1009745816
18  5 1868548682
7  16 1685538911
6  10 774642689
17  14 218763324
18  19 1129465139
2  9 399787779
0  8 1267294538
6  9 1242687004
0  15 59459716
1  14 578122697
17  18 1305316187
7  18 63376762
7  14 1321442732
17  10 1331819655
9  1 1216636750
6  15 51275811
5  15 1199324085
15  18 951756307
13  0 1434243444
6  19 607307187
7  3 943524562
8  6 1464338439
8  14 1237640022
14  18 1192266808
14  2 322294698
11  7 151187462
11  8 943174951
5  8 241921635
9  12 989166752
9  15 192659926
9  18 804671843
3  11 2088933287
10  4 897301540
4  18 154613612
8  14 1523190604
5  8 294513774
19  11 1636948753
6  10 215917208
18  9 518175675
10  11 1171763998
19  8 2130264106
