399 20 8 14
17  12 483137026
18  9 707509315
4  18 1567242165
15  9 1398850237
19  9 69871191
5  4 100119512
17  19 737841038
19  14 2018230007
8  5 859429039
3  9 1823762020
19  15 1089919574
14  1 1420788135
2  8 397043071
2  9 948589451
4  7 553106254
10  2 8584286
19  9 900299297
0  7 1964832934
9  0 1548008677
10  1 257888236
4  18 1373689299
5  3 736256546
12  7 1776248908
19  0 155483995
7  10 831822974
11  18 1728450565
3  11 513008474
19  9 260961104
18  19 1943907667
4  14 314072001
0  9 1995619224
13  1 588939429
16  17 469763059
5  12 1692775921
9  19 640203251
2  4 1281674338
16  15 2082751017
3  9 1844300204
1  18 1626790148
16  18 80026608
18  0 1422953687
9  2 194126408
4  12 1408411917
9  12 1140363227
12  2 1999114555
17  16 613409344
16  18 1625767485
0  4 942935463
14  7 111300781
15  6 1821455853
4  8 212844200
15  17 1213859136
18  19 1993805883
8  7 1992275218
14  1 690722450
2  1 652134915
9  2 1949025220
1  6 138858657
15  11 38204663
8  0 341233569
6  7 743347141
5  14 1799281635
10  5 732983743
4  10 96121727
12  18 1684502009
1  13 1327893567
5  0 760287783
2  6 1748422230
7  4 1500624286
5  14 1519200713
5  18 568066706
17  18 1949574654
10  9 571189459
13  2 526148497
15  12 1829529987
10  1 1448621438
0  17 62856449
9  15 2082150819
10  0 624382283
2  14 37615076
5  7 1250648925
18  12 1555245482
13  1 816066814
16  2 1096349738
15  10 1837223446
18  10 958715150
5  18 1483036039
1  17 295021341
3  16 65312364
14  9 755995872
1  9 1884856976
10  11 475577459
2  13 697231844
10  13 1597078825
13  11 1647765613
4  7 708439875
0  13 787320849
12  4 96191168
3  0 1032276940
0  3 1636968903
1  11 667608615
9  0 1608744218
17  1 1362562920
15  5 110032518
1  19 37198836
7  2 923687409
3  15 497801405
12  5 1235803560
13  19 351466739
18  13 354169073
8  11 1512057654
10  4 446697461
5  3 1421834892
13  11 615232281
4  10 1234642227
3  4 1736715950
12  8 1528474454
8  18 510922470
11  10 631799278
11  2 1357695287
1  14 814867949
3  13 1185852237
11  19 1526929
2  6 1420010774
6  5 474438107
10  17 1847016728
10  13 2022576852
6  7 1343372216
1  2 1020071630
12  4 1297369775
11  16 231961443
18  4 1950153062
7  8 1073405025
9  10 2145341525
0  16 27585702
4  5 657574314
10  7 1669857525
19  4 1767823618
8  1 1850536457
19  9 257926473
7  10 794301836
10  17 683650744
2  18 1652374828
18  8 784686515
12  11 1489687138
7  8 431694142
4  12 623882079
14  2 1496537851
19  2 1377203188
1  9 1341804220
14  19 1694237565
8  11 1106187438
10  12 1843815560
14  4 1240483551
5  1 1844393676
18  1 1514048783
0  16 266641883
1  15 1157182959
15  9 31728308
4  15 1965895928
15  19 1967912471
13  0 1033983926
18  12 1472688002
12  11 262528078
18  13 887979849
4  12 385531869
4  19 103379501
16  19 748038269
9  0 1552981371
6  15 32063576
16  9 361850820
0  15 293674495
17  1 1279467565
17  16 1473425845
7  10 197595940
0  18 1019536441
14  16 182986695
5  6 778144171
15  9 1919575922
8  12 575011469
13  2 394632727
3  5 1455384860
8  15 204042588
8  9 504753849
4  3 479492936
7  5 456091892
12  16 55533305
10  15 723060380
6  14 901041688
0  17 1256293633
19  7 551440688
0  8 1870509680
4  2 1037418457
12  3 1682313119
15  16 1019728798
12  5 260862612
16  1 1742492885
9  16 693098123
7  13 1646845752
10  18 1622971350
12  14 1439410135
15  19 1873957623
8  7 261753362
9  12 1990865180
16  8 1871277817
10  2 1751249259
18  19 2032586110
4  8 1034967957
7  18 487242812
16  19 512750087
4  16 1332585118
5  4 608309172
5  7 713047005
14  13 235332296
3  10 1878694809
2  3 1541144152
14  4 598503582
2  8 897528984
12  9 795428140
18  9 1303696735
13  19 1301329462
17  10 548335367
4  14 998163795
0  4 835186489
12  9 854949665
19  2 793737867
1  10 155226375
8  3 1670167591
7  18 215087976
15  3 1640586361
16  18 205501607
15  10 754629541
15  8 1305271776
15  10 1164067747
19  7 1208577270
14  13 472295059
2  14 1973487017
14  4 578044381
15  2 769409851
16  7 1333550601
11  2 264565399
14  15 965390883
9  0 1305137788
14  10 1232365189
10  17 2124928136
10  17 1325178612
6  1 1328218253
5  17 485172204
5  14 629641213
16  2 15883063
14  12 2143193910
16  5 504377752
4  8 2104604346
6  8 924253768
2  16 1027116833
2  12 1901068711
5  3 357894444
2  4 860227422
2  7 1692626886
6  5 1176584731
6  7 473926575
11  12 2001476803
10  7 1947404710
19  5 2059012079
10  3 1002650890
16  18 772691401
3  15 2046371752
15  12 813604715
7  16 1292525737
3  18 641817738
7  3 1905508767
0  17 1932942596
13  1 1017136569
0  17 1973936987
19  6 195397270
11  7 22638830
16  10 2070743652
7  11 1306500581
4  3 2097255067
13  1 815609237
14  15 900544577
16  18 331375107
7  19 710320808
3  16 401871703
14  4 1521559216
4  9 845057264
0  4 1407071345
5  0 1259278326
5  7 212758305
4  9 1655525394
1  2 483089554
4  6 2027066364
2  5 1036313741
8  6 824792115
7  14 1968361176
0  18 501623193
12  5 83427115
4  5 788357861
10  6 1644115998
18  10 1404305015
10  17 1089675331
17  7 1691182084
7  11 1139014536
15  12 1662325236
17  5 87273372
4  18 1903646093
2  6 274103319
14  18 1848499034
5  9 439296475
14  15 156585429
17  0 258375682
17  19 1132687394
1  8 755275317
1  12 1606629783
13  8 1067458905
16  14 2013717822
12  8 60738940
6  15 184978788
12  13 1249720804
17  2 665324800
11  0 196546657
4  11 1144890718
2  15 1199511896
4  13 1097743695
5  7 1153746841
10  6 568738396
2  15 307165205
10  17 400400011
10  8 1664579500
11  14 1546713451
9  0 1310065452
15  16 1273155705
12  0 1250534086
19  3 636534457
17  6 1005742708
3  4 421282080
9  7 248598245
1  5 592608124
7  0 1683308872
16  13 1746551120
0  19 915244704
17  2 253467027
1  15 313313171
8  16 1248632503
5  19 1046073726
10  18 1981802505
12  0 24782909
5  18 1200832929
3  2 1622057392
15  7 598001264
19  15 1297159674
6  13 1704179236
6  19 1925877683
4  8 663073045
6  17 1645050123
17  11 1623730727
6  3 576562847
3  6 303790794
12  4 194505690
13  14 536427848
6  13 1062840017
7  6 633934593
14  16 1271135898
4  17 785882941
11  8 548071033
15  16 1413562206
16  18 281013825
9  3 583336973
18  0 530121118
10  8 1081401410
2  13 221430324
19  13 1833297849
8  12 2039794601
8  5 1509317135
8  7 201726453
11  0 149458684
13  6 752232930
3  12 1288216352
11  8 1052570614
19  3 287247832
9  2 1263970881
14  19 88596472
3  10 577680234
5  12 793753424
2  4 675751480
16  8 899028274
12  4 1424363557
7  15 443718190
2  4 1142943019
11  5 1569081276
17  12 365753596
8  18 317350368
17  3 934999331
0  7 354727530
15  6 1870804496
17  19 132931433
18  5 1124169742
12  8 1238155335
16  14 283180700
