399 20 11 0
1  6 143820540
9  15 2023325886
9  15 458613397
14  15 783780244
15  12 977931251
5  12 784449365
14  15 2073286815
0  11 1223188914
2  3 709250835
18  8 1635963555
13  16 1125858834
6  4 182192867
10  11 209416091
7  6 1361944563
2  4 1466739020
2  11 207602531
6  2 642704639
15  6 1942306340
13  9 1276080318
15  2 26242418
12  9 168794179
11  5 108247847
10  11 238684252
4  9 228890306
1  2 1374155251
3  2 1350199507
4  10 796522443
18  6 1085768597
8  1 1304334679
11  8 848475183
2  11 1553585066
4  12 979611818
10  3 1676058333
19  12 1131515929
5  16 1485808640
18  19 1127003081
16  7 1042564529
9  11 1136479732
18  1 1000924504
2  9 1612281495
0  17 2141044715
12  2 574279818
0  11 1575929511
9  18 2112405014
12  7 206883816
11  3 1211906238
8  6 1652922865
8  12 1237451698
12  10 1073541430
15  4 1592085012
10  19 1847994736
18  19 303798894
12  16 308166909
0  16 778544802
1  11 636449244
8  6 376546058
6  14 1951087552
17  6 794534338
13  12 1023474567
7  10 2116330478
10  16 1175125547
17  4 77696705
7  5 1036458776
11  0 839286873
0  15 1487870566
8  7 998395995
17  10 844674124
12  7 177376471
12  15 959886228
19  12 1408386528
6  0 456423616
6  18 1522290949
18  1 625106813
11  10 1754028281
0  18 743942773
12  8 1609317829
6  18 1208983089
1  11 1034683681
9  6 1341766291
18  16 1810091892
9  15 1334522953
12  4 514402139
18  4 1145851842
12  11 766480801
10  11 1534910908
2  18 165262348
5  2 939296342
12  4 1242032987
5  12 817870029
4  11 607661539
12  3 493480886
2  1 391823692
14  7 1227928335
3  1 1782397776
7  2 1814541457
14  15 1856826946
11  1 1222555453
0  11 1329758667
17  8 153763961
6  19 145280125
5  16 140609771
14  6 1736203897
7  6 1103967800
6  15 75191779
2  12 2042250940
12  6 762465221
11  18 56788979
12  5 558978074
15  11 1276877088
19  1 1709200974
13  10 1735105338
19  10 1856756046
5  10 1735572236
12  7 956994877
8  10 226216214
14  11 1711484568
1  18 1287315185
7  15 556189902
4  3 828368186
18  3 1100918819
8  7 2130445418
0  13 283032508
4  12 902219374
11  5 1076517036
10  9 932702936
11  15 583677490
5  0 1442657226
9  12 2101249100
1  4 1713135333
14  4 816770174
13  12 1667714250
8  4 259443675
11  6 294089335
8  3 1731142122
15  18 1357105329
1  11 1967262471
19  1 762235060
16  12 1022712039
9  17 951995484
3  7 706424231
4  8 1827360821
4  17 1289647056
18  6 246113782
10  15 928960062
18  8 1580747188
15  0 932374463
15  13 1423711205
19  6 704198122
15  16 1235820792
0  1 940537613
12  4 584644882
17  12 2068533353
2  12 1127069160
0  10 814345736
12  8 702897426
15  13 851109230
13  17 1196304136
8  10 1737866892
0  12 2068309371
16  0 2103440121
9  1 321956032
3  7 1837274763
19  4 171094281
8  2 1605897284
18  1 1713165781
2  5 2103319992
10  4 769808578
5  9 1258346720
8  11 253319861
4  16 724163449
13  6 849922036
8  6 2130299407
14  11 1180256706
10  2 1770832941
2  16 1525518930
19  12 1984666824
12  5 428055528
13  9 1292264348
11  19 478396057
12  1 751958013
9  19 1017294876
1  2 1753561973
11  2 1805979241
11  14 598604910
3  16 295553223
9  4 1171249412
6  10 2097292978
2  3 1372684022
8  10 749125755
13  1 1021539905
16  19 559969519
2  8 491166718
14  9 625650685
10  13 357172965
15  18 840073805
2  16 986002623
12  19 1381409385
10  17 1002197276
12  18 1924306727
18  0 1645797815
3  2 2061065419
13  19 911403069
13  15 1622751226
16  18 1595575514
8  19 2110468756
15  7 1987985417
15  16 698429160
17  7 1471109056
1  0 2109908184
14  18 1173676563
3  19 57016009
16  14 323486239
3  0 1154592099
10  14 1538046942
6  11 712988529
7  11 1711437254
2  9 1156468711
17  14 1857759795
14  0 794569357
17  14 389414273
4  10 2123629505
19  17 143250394
2  13 1094869002
13  9 722408801
12  6 1883340362
4  8 710571045
15  12 2131456763
17  11 642986589
15  14 212839347
7  1 175565265
16  5 729515860
2  19 601895799
12  9 249312098
6  9 542104919
9  19 1530958543
18  8 2016113715
17  7 1120962962
13  18 1345463806
4  16 893927875
0  4 1995689711
4  14 1345326000
14  19 467708024
10  0 831988365
6  13 1144540992
13  5 1964294066
7  0 1728040541
14  7 2145263345
12  9 959979607
2  15 466316180
10  18 2062849614
11  6 593144190
14  16 781446147
12  3 145750063
0  11 1464074726
17  13 418041031
11  7 706184612
0  1 1971377679
6  1 574055774
12  19 1735708049
17  19 423678462
5  14 2028189278
4  12 422817349
6  17 695171359
18  4 226079289
5  4 239952341
6  19 1689520229
17  6 339536126
14  11 226748944
17  18 427938416
4  18 1939661938
12  19 60938833
11  3 1991502313
3  15 481034934
7  19 1654509254
2  19 1912118440
5  13 2014863029
18  15 1284149044
17  8 372798171
18  17 933155361
3  17 93355525
3  19 381504324
4  3 1385920307
8  6 773252299
13  18 1927465793
18  19 1875464545
0  10 1866671491
8  4 551004393
13  8 1647249166
6  1 11754619
3  14 1129469275
11  0 777082597
14  13 1769142555
12  3 160558199
19  14 584276148
15  10 1608810088
19  18 658673945
11  9 931156475
9  2 1119605257
12  9 562540068
1  5 1372843952
12  6 402160250
18  12 1938918577
17  4 544014210
0  8 20591443
16  14 465012255
8  2 1938058137
10  12 1802500369
15  1 92546495
14  18 1743990689
19  12 649277570
8  6 574521481
18  6 1271722996
13  9 1302359673
7  6 215091399
2  13 1219724905
14  18 2027206549
7  0 1063687541
11  1 1001986382
9  4 1738132966
11  17 1317962995
19  17 1717668785
10  13 1095034285
8  5 2048704510
5  19 196629362
7  12 1828668593
10  16 667358557
13  12 351354343
2  17 1695837358
2  1 1854393738
19  10 693747169
19  13 1389958170
16  11 130623111
10  12 1979955845
17  1 1120939614
0  8 346007373
10  7 1890034302
4  5 929859769
12  18 879573951
11  0 1047762199
0  4 2077807847
0  3 1731323705
4  9 488262526
4  17 1341182463
9  6 1156115278
15  13 196037542
13  10 1561700323
0  6 400812919
5  12 155664254
18  12 1848561507
2  1 1267102443
3  6 377295848
0  14 1373931789
1  3 1683777575
14  5 1504268144
7  0 993629405
2  3 53316264
6  11 216907512
3  7 671530512
0  2 573578569
9  7 1087354148
11  16 1811490437
0  9 1311749863
6  11 670873106
14  2 1071255771
3  19 1998807979
19  6 2110676834
3  19 596003724
1  2 886046123
0  7 111225609
17  7 1739634835
13  18 1481559417
11  1 1758450454
8  16 473673862
14  7 745383693
6  8 1219996853
8  1 2104537798
11  7 1186057470
18  13 2093446282
16  17 423186793
13  7 1334413985
4  0 376631430
17  12 2015076105
10  7 384784390
16  19 1619824699
12  13 1283858191
4  14 866737599
4  11 1664689857
8  5 1487808401
15  7 1803678494
3  12 946292185
0  18 1031016853
4  6 1493967320
11  5 1320040699
19  3 138591149
9  8 1102336216
5  4 1212471740
17  1 636695228
0  9 755083524
4  12 12461061
