399 20 5 14
5  2 1165506784
16  1 369110437
0  7 140256236
12  13 1276855303
10  16 474180025
16  0 175002096
15  19 1485769454
5  8 142974409
4  5 1077215886
5  12 1190820285
18  17 1816778341
5  6 2035702664
9  11 2085581192
16  4 480187466
7  11 1344293650
19  2 135245191
5  9 1289582038
10  15 1185512594
7  8 1123718739
1  17 1327170412
14  5 1344398876
15  0 1092146194
5  4 292698752
0  3 335087624
9  7 1217266813
14  11 790862841
3  8 776128797
13  19 1531719312
18  5 1801313913
13  10 1433675591
18  0 1905318582
16  0 850200317
17  18 562221711
2  10 35592416
5  19 1513042909
12  18 881474220
8  4 733438511
1  11 1624846181
10  2 857408360
2  15 772242966
7  3 2088199420
19  0 1521043871
10  8 1706683798
11  12 1506640418
14  7 937013540
12  0 1025157493
18  9 1978780724
12  8 7427722
16  11 216367142
19  3 795894618
15  12 1044979880
14  9 473502706
9  7 1151059719
1  13 761960393
13  14 566603540
0  14 1964864861
7  5 1479538976
10  17 18575953
10  6 1189840492
16  2 337090030
10  17 1690892585
3  10 641639857
16  5 593864193
16  11 1361244916
2  18 1971935543
16  0 1199369006
4  17 694083332
4  8 1637882739
12  16 676600502
10  8 1426767397
17  5 1901591176
1  9 1659765073
14  19 1641265938
7  8 445776153
3  17 1931471766
5  4 1442066582
1  0 923893780
11  17 1554966773
1  18 258133188
18  16 1767938933
5  19 992223495
5  15 1625728615
17  13 419958791
19  12 246315954
6  14 1217184553
3  1 1032476598
11  16 946400246
3  1 1138272575
0  15 1913035736
0  18 218167090
8  10 241668239
15  9 1971149441
18  1 1089869293
14  5 490786406
10  15 2093072808
7  1 1175422778
5  9 1495210605
0  10 1699816633
13  7 1884098922
10  14 1889101275
17  6 1287702687
14  13 1410551824
17  14 2095300436
9  19 263716630
19  4 38702345
18  10 1154909793
2  1 433351337
3  8 1525661227
16  4 573794699
0  8 1209793375
12  1 1713571436
11  4 844134556
11  19 467639116
13  17 1276524636
11  0 433926798
18  17 1000862752
18  2 1759990762
15  10 782284375
7  12 1521940214
6  0 1400223262
15  14 829952705
16  13 1608456209
9  4 1187812830
14  10 1210826048
14  16 245525444
6  4 885917277
0  9 1880000010
6  1 1691613731
7  18 1417940626
1  0 2029074873
13  9 1217391713
18  12 812531544
17  0 923140260
3  4 760253765
18  10 952227533
1  11 2139611499
6  9 1549835669
1  8 1755063605
18  8 1884630097
13  1 1455789916
14  16 579484132
3  17 709252314
13  0 226015275
12  15 2033894103
4  18 452240624
2  11 2017913421
0  11 532801478
2  1 2055948753
19  0 1138770425
9  1 143769085
8  18 1198685720
5  15 1651555873
19  9 1158828355
12  6 1445079412
12  11 1905663303
4  13 755516734
17  8 1894612172
7  2 28576971
16  18 991125817
18  16 1764838363
6  10 2060293343
16  8 1581349923
8  17 1076328128
1  15 1285485571
11  16 1754243845
9  15 104072463
14  8 1417509326
14  15 976115515
6  14 30868545
0  10 876921056
3  13 1697040960
8  19 1418006952
8  13 1581185821
14  9 956882061
14  15 462391863
3  4 1203417414
14  15 1304704110
10  1 385169069
2  6 921007538
16  5 868199255
15  19 1269564795
11  0 770660096
15  16 1899186101
10  0 1398800886
6  17 1825070623
8  4 1011432991
7  3 1997230801
0  14 720843758
0  14 1853085347
7  13 417549621
11  6 87810252
8  10 259512205
1  7 1725210908
7  8 364606903
15  8 1382157876
17  9 2070663879
16  6 1572238716
18  2 1475789739
10  4 594297045
17  15 1797775165
13  4 1825757676
16  9 668719327
12  13 1535492023
14  19 454619823
11  2 1755560721
17  10 1008239674
12  11 1085937246
16  18 1556595009
19  11 565775712
1  5 577410575
16  9 489709748
8  9 192732208
16  10 748929732
11  15 850658367
14  7 1935351501
14  18 474093891
3  15 325124841
10  5 1481356630
18  7 1376299165
7  2 980727693
9  7 1189855898
7  11 1853896887
11  4 1126553278
12  19 1308466347
5  6 772239358
14  3 1967624044
19  12 1603249000
3  16 348312781
0  8 1421431842
13  4 470899378
4  13 1451103270
19  13 2039436965
8  18 1139583744
8  12 632499155
12  19 286354235
17  15 1231239208
4  0 1124336115
1  19 597941686
12  3 341807967
2  1 1740757783
18  0 1134022593
7  10 475490471
17  6 1523741971
5  19 261089550
9  1 1759179424
4  7 925753147
17  12 1725651196
0  4 339325495
10  15 274142503
17  12 552975512
19  17 1035555255
13  18 649374711
7  6 1897610130
0  1 2119586845
1  11 1954634044
19  13 1250127837
8  16 1490508825
0  4 1081029176
0  8 1804512683
6  16 887159685
14  5 1723282620
2  13 1996900897
6  3 839700916
0  5 160859070
1  11 1585989193
7  4 1755590437
16  1 872046724
19  9 77988807
18  11 1370928600
2  15 2143577140
19  1 1144418343
18  15 1216765559
0  9 1919486049
15  3 1446837332
11  3 478467742
14  5 1114207547
14  6 757206351
3  8 311219527
14  13 1770136695
14  2 361026832
0  11 771115164
5  4 1480315801
1  13 1939729264
18  9 983143940
6  12 1201178534
3  12 900465357
4  1 1710286048
11  8 1237110088
6  16 498340813
15  12 1759217165
14  16 1621572441
19  5 390847706
6  16 1368196204
3  12 545266830
14  15 1913072188
18  3 1305387801
6  12 191417784
0  2 49807736
10  19 584076461
7  3 1649976808
10  18 431326471
4  0 994759240
8  17 1641187997
17  8 285818682
4  2 497610359
2  6 660981529
2  5 815687639
6  14 610208518
5  15 1664602107
3  14 1038785515
10  12 296822977
12  14 1263638310
8  16 1595431356
2  0 705054363
11  12 2145173827
2  18 1102726785
8  10 861297088
17  8 578053217
14  1 686061483
10  11 1502068807
11  1 1497629251
2  5 1210095662
17  16 57001356
1  15 839783461
3  18 1279924892
9  15 1797518910
12  18 1348036838
19  11 1956156146
14  7 834481777
12  13 731963024
7  4 1510313146
9  13 1470051525
3  1 420525243
2  16 1196012435
17  12 1604845173
14  2 1027143667
8  11 1280059844
3  2 1335762025
4  13 922486809
3  1 137838595
9  19 1115358444
11  18 743401024
17  9 1491371897
8  16 1736788106
15  10 1359293780
14  16 1540184300
0  19 1763982151
4  9 2065339202
18  13 2065177049
16  0 1321383393
17  19 850730237
10  19 618864839
8  14 176917433
10  16 1166678674
4  12 1139538108
13  1 1035515883
5  13 1236145527
0  2 1115309433
15  1 1901667172
12  18 1482709335
18  0 47416509
4  19 608103296
14  10 1801757059
16  4 853184773
8  5 130599098
1  5 748504039
16  15 41952147
13  3 375873562
4  16 799922896
10  3 234504632
11  1 897250544
1  3 994537910
17  11 132380332
13  12 1748415090
9  3 1225526731
14  4 2005462546
1  12 2056929879
18  14 1599285377
18  16 820171255
10  5 816541783
7  17 1839365364
4  18 940799991
11  0 719873822
16  6 2043745529
13  10 1363383985
5  17 715182684
5  12 1878332874
15  19 2135839139
19  12 2091496996
15  0 876161229
2  18 2047015724
3  7 1885700547
18  9 793506521
6  12 1485799328
8  10 1488621894
9  5 281774800
9  4 1033338901
13  8 2123451087
3  12 788759040
