399 20 17 0
5  6 1279035692
15  8 723644100
17  5 1520600042
5  10 521152260
12  14 1115176789
7  3 1327591802
4  10 242431375
8  0 2076938675
6  1 1384879516
16  5 437909811
19  15 2047877762
12  6 2085320649
12  0 1802038098
15  9 1899056184
6  9 1932811410
8  13 43807256
15  18 1792172232
18  1 376250668
8  6 528018560
3  17 2023546901
13  12 751313673
6  3 260138508
7  16 340550899
3  9 1766531242
1  7 2001413584
14  10 1197570063
12  15 1940561196
8  4 353995312
3  8 1895629195
16  3 662749172
5  16 1284161902
3  7 1908282578
3  4 2014228558
2  3 988723329
13  9 904092999
0  18 656882046
8  12 439039391
4  1 202737165
3  6 502957634
19  11 160642680
0  9 1480604940
10  2 229999362
6  18 2002251728
15  12 1569143102
13  12 1623681182
19  14 1634676603
4  3 1695034789
14  2 1489748819
11  6 836974907
4  5 1473538875
10  6 179840867
4  7 396728755
13  9 869897181
3  13 32566006
13  15 1903056889
10  14 2054036707
10  11 1278279934
14  13 1185609710
5  13 1407723746
15  4 793329468
18  19 2038190801
15  10 2130034571
8  14 1278025268
0  16 861813113
0  19 1053613714
5  3 2030485880
9  5 1578809343
12  17 2030746338
19  1 341738144
18  5 80594678
3  7 53420094
7  12 801770475
7  14 1484683757
13  1 1110943624
12  3 1602260674
4  1 546754774
5  3 769736374
16  9 1605177352
0  8 1112656239
3  11 1228393258
6  19 1865255895
9  8 269811525
4  14 1837332856
18  15 1128568408
6  3 928202306
15  8 878342346
4  13 1089249894
7  16 1153178353
5  4 752377639
6  9 898575273
0  8 1770055872
5  18 537830183
1  3 772544502
0  6 1762309072
17  18 1604903468
0  15 452310490
13  12 1780346248
7  16 1358600334
1  14 1756828486
16  9 177132458
7  13 383011036
3  7 1307361102
8  6 1768975490
5  6 494032039
10  18 266325706
0  13 1583517994
5  10 88495367
16  8 877970046
13  19 1355194607
12  19 27203291
18  19 1889543565
9  16 810195121
12  15 409845973
2  11 55648924
10  8 24058941
5  19 583036451
0  5 161800010
17  8 1664779743
15  17 1124231843
13  14 45767483
9  10 1354716014
14  18 2096156796
11  2 10506159
6  16 242322001
17  10 1249127208
3  5 1848633973
10  18 644493956
16  15 1051989139
8  0 234862370
13  17 1226894099
5  2 899011772
5  8 2034163758
7  16 1156386970
0  8 207466347
11  17 1157087352
13  7 786898505
9  10 1925161695
2  15 162478978
11  19 88760903
9  19 1854007385
18  9 1911209792
15  19 1089032928
9  3 2048451796
6  18 99591486
10  12 47716046
7  17 885407867
13  10 26564555
14  3 1481140134
15  18 1940854056
15  17 248469808
16  3 1600082473
18  7 332810308
7  8 6483167
17  14 772676988
5  18 965067791
17  6 1918904797
13  2 1521435897
1  15 1682429313
10  2 725437268
7  11 1664942628
3  0 864222239
14  11 405244514
15  3 1122240931
14  16 1216100589
17  13 688906145
10  9 1526503733
19  7 303638801
3  8 1787193982
9  3 219635742
13  12 2022873122
6  5 56900536
2  5 589763168
4  18 1813835476
5  8 59083273
5  11 1460274736
2  0 2111416523
5  12 2028844871
16  3 1238315431
5  7 1975444295
18  19 1618568206
7  11 1419443240
6  19 1413968858
1  15 2046938879
19  12 1143364085
11  15 856269691
6  18 96191399
12  15 604198317
7  18 1202890175
15  4 137052484
17  6 1614131000
0  6 1651257271
16  14 1561897516
4  11 636701657
16  1 2054160923
9  1 1097228232
10  13 1653732623
9  1 697172799
6  2 975696632
2  14 177942648
15  0 1012420505
18  6 1212413088
10  0 850762374
1  11 1901952803
12  5 884589301
16  1 1779747964
18  9 535386296
1  9 2070302286
2  13 2120159417
11  6 734884489
18  8 631604340
7  18 981200399
13  4 1736743930
10  0 712216222
5  14 896640062
4  1 2097739926
17  14 1690310193
9  13 1435658341
10  15 518527697
1  11 133162000
14  8 142590729
16  0 162265530
10  0 1436759553
17  18 162749648
15  6 1393832025
15  13 1824512001
15  17 153480333
10  9 272066468
15  0 753913841
5  11 857426302
14  9 1830095227
17  13 1546511138
4  13 335707820
9  8 1538022542
2  12 1351550689
5  16 872653510
12  8 479170602
16  9 1536090436
11  15 225160746
7  0 1187044184
16  8 1302449212
3  4 155538721
8  15 1160473250
19  5 519998893
19  1 471518356
7  14 1846110548
0  15 1857169490
5  19 1806363340
14  6 1354357209
12  2 1904810310
19  13 155601924
15  16 1327051042
10  19 1378129583
11  2 1573225539
11  10 2146410809
15  3 1720806369
15  14 483520291
2  4 1614053426
5  9 378484772
8  16 1141065285
0  17 2140588676
17  4 363015492
14  6 1803555581
8  9 2075016500
19  13 383609675
9  4 1806000834
19  1 813875364
11  10 1332806550
2  3 1121406488
3  0 1123044124
18  10 113744920
4  5 328119768
2  10 1693998525
13  2 1039363842
3  15 842093810
8  15 318741461
5  19 1140113923
9  18 987697362
12  15 53168513
5  14 255148700
1  6 1685354362
15  17 2103647991
11  14 236209088
15  6 1246101418
17  18 423294488
18  6 1555862424
16  10 1471780578
10  14 316246411
8  10 2053910867
17  14 1478904097
12  18 328681730
12  5 843056312
7  4 817482177
14  5 1057911099
12  8 360434251
2  15 2064192457
16  4 1960788507
0  3 2102917716
1  16 409300736
19  12 521013933
7  19 191672706
3  14 881344172
17  7 2033000102
1  3 94304703
11  19 1835239587
16  11 1963362851
12  5 383079642
6  5 608442280
17  7 1611509816
18  17 888435304
6  11 747159604
3  1 1422584294
14  2 1497562578
3  4 1943547390
10  17 400413150
4  7 1328336828
6  19 1032404995
14  6 964203345
2  13 392933272
2  1 937514457
15  14 188538044
19  7 1668756095
14  12 861233929
3  16 612436950
6  19 1816444400
1  0 57846349
10  14 1290976069
7  5 985234529
14  13 784062017
6  2 702781441
12  2 2095142452
17  9 328796940
13  9 511230017
8  1 76538815
9  2 135999449
7  14 1598990905
7  14 1545505601
16  8 886976538
9  7 520365032
12  19 1534945723
14  15 1649091694
10  4 1978869164
17  14 751698964
18  10 1006980266
10  7 738440394
18  9 311926122
11  8 1921336052
15  9 625981592
1  12 1376118585
15  3 1714507766
0  7 1795905535
13  9 128927581
13  17 1034055141
6  17 949090946
1  3 739482067
0  15 1907413732
10  12 1726902802
11  14 2022724080
13  3 103607526
3  5 141892997
14  0 76833936
17  8 1846076516
13  18 142438559
18  15 2088421772
9  16 232147229
0  7 112609279
9  18 956422556
13  5 138835981
5  2 1770895099
0  1 486728645
18  0 992096322
11  8 1800391915
10  12 1100924743
1  0 1550504163
18  19 1360468843
18  4 2067580181
18  19 343221596
16  0 813051713
10  12 13906221
6  12 1596810953
2  4 2023425680
18  3 2130496256
17  6 814360067
9  0 1087059801
8  16 547711362
0  17 1959602513
13  6 2115391686
16  0 1256296715
16  19 1999599483
14  2 1402413081
11  17 1873205144
7  12 719837747
5  16 740976658
7  13 1566962271
13  0 860560705
15  7 1758621508
1  15 1603785211
12  13 581971705
7  17 1128386439
1  7 1323564639
