399 20 4 1
0  1 840204065
19  8 1969930793
17  10 315335239
8  11 1903180746
3  18 1559587744
13  11 668081256
5  7 811486383
13  15 304439617
1  19 934754425
17  9 1290270751
2  11 1401127052
13  18 1466876540
3  10 373561133
7  6 1571781275
19  16 1125105464
11  14 1898285107
5  0 1570349575
0  14 446500311
7  14 1649163303
11  0 437131341
10  14 939132127
19  9 1163110352
8  7 1055868290
10  19 1480675297
7  6 510129980
6  12 769954857
18  13 1235917088
17  14 2079372689
8  19 92304812
11  4 867240975
7  13 221859580
4  7 1065123617
9  6 97896089
4  1 50211457
8  9 2101160242
13  8 1012587538
17  2 1516341846
17  16 1291349045
1  16 1866671279
12  6 301693098
3  4 700612315
0  15 858538196
11  14 537552907
15  8 672303345
3  5 276101951
11  1 1222788388
1  19 1126787923
8  18 940777051
11  2 1588342997
18  9 571954769
19  5 1043360448
9  2 100361928
11  6 1076990494
19  18 1721083126
0  2 1183133176
6  3 1204861740
12  5 575230888
0  11 896642471
10  17 1467712058
15  16 1787859122
19  8 353530642
7  17 826882826
1  15 931919373
12  17 1096889507
8  16 1313661012
7  17 1937869086
9  18 1672634805
10  15 1582655176
18  9 596675017
10  9 1423321878
17  5 406066360
10  12 504419465
8  6 255187829
8  19 225849098
2  17 317734721
5  12 313098815
1  5 1696926463
19  5 856207154
16  3 233947433
19  0 949909323
19  8 1466852374
10  11 871029356
16  18 2130148798
1  0 664690894
4  1 1867118357
7  13 69625930
1  15 43407763
8  17 272351319
13  17 1013257958
0  5 1808903093
11  2 1244201824
16  5 883640311
1  6 167731930
3  5 201610381
13  5 2087574101
0  5 168321994
9  18 1103219196
10  18 566874860
7  15 266291025
8  14 804880069
2  9 186038190
3  15 590422716
1  4 1597864929
5  4 175203009
0  13 1043235881
10  11 543526114
7  11 11115376
1  11 1229776887
1  13 1950226798
6  8 444065881
3  14 651735581
6  0 1740276290
12  2 1868699897
10  8 1448237875
11  7 361527999
16  17 1896962915
3  17 178672875
16  2 730742243
11  8 1455401119
2  15 472325844
5  11 1653791597
5  0 196853570
10  18 1977954144
15  16 1293727618
6  16 1284531234
16  3 899601981
12  14 629435499
12  18 4314854
17  12 724099240
12  5 1487514074
17  9 1400160278
4  1 673620817
8  19 1581051763
15  4 31541169
1  16 485058568
6  5 1115982473
10  0 1007976905
5  11 1747358623
14  13 150787434
13  9 661008595
5  3 1716012964
6  16 297658804
11  1 659477796
3  1 1011095470
16  17 447945454
11  13 309942287
2  6 868523653
16  14 593991177
2  3 1907116756
9  14 1625596125
2  5 378057929
4  18 1799404129
6  2 1690433286
10  0 530962047
6  17 1948263173
19  8 1458456608
5  10 1527112676
12  7 751869970
1  11 241590444
14  6 1554469725
16  6 1666197191
0  10 163925090
15  12 980678655
1  4 591070499
10  0 241198320
19  12 1505913163
8  12 1013733631
5  3 1317717533
5  7 1648395397
12  1 1755969928
16  11 1779521860
4  11 841709004
9  10 308435362
14  1 1447587358
0  13 400103976
2  3 1673939692
1  7 969674961
17  2 741297103
14  13 970417348
19  16 1732556201
3  19 1153736546
5  6 156301066
17  3 2087580948
16  15 1680075320
6  17 688953869
15  3 285913849
14  1 1263605503
3  17 1902892550
13  6 1827687166
11  8 453966752
11  2 946908304
1  14 2045781435
8  3 1479999409
11  5 1054434810
12  6 1232516437
12  1 1009192607
19  7 2135579840
0  16 1834704371
4  19 733074792
11  1 1369853525
4  10 1522447160
9  13 572110177
12  0 1873613541
7  8 1003088900
3  6 1311755395
3  13 1985689734
6  13 1465554127
3  16 87289696
15  12 1487759144
18  17 1119546174
11  13 2096151338
18  11 2003727210
7  16 1513793433
2  5 1861316987
0  15 297859969
18  19 2031398253
11  0 84707323
16  18 158877719
0  12 321029566
19  15 1754664623
6  2 1753982138
9  5 1937926705
0  15 1256420743
0  18 1673364840
14  13 1203610617
15  6 1938543399
13  11 358287532
5  10 866947294
3  8 955689049
9  7 1768799272
10  14 1950371624
1  5 1718126743
10  8 1690571784
18  10 881712532
11  8 1034615255
16  8 1547724096
3  2 2133780184
5  12 66124685
19  10 508353712
1  15 705031924
17  4 975489684
6  0 1281474085
17  12 434794783
14  0 1129955940
7  5 602663859
2  16 193923045
1  14 349625443
13  18 638188503
11  5 1277477043
10  2 1592531992
10  3 581727097
13  0 215420501
17  11 1488481245
8  10 1298563017
0  9 1064347709
16  12 860220718
9  12 1381388097
13  10 903819949
1  11 256178306
17  5 125558555
9  18 1653512953
0  19 823504002
3  13 2091465109
10  0 75480123
2  5 381892625
9  3 32993925
4  8 422457858
16  14 192603174
6  13 1563832062
14  13 394888003
11  17 2024722704
1  4 713624800
19  12 2112787239
10  9 249713845
12  1 307746304
15  3 2074746179
13  4 1906289288
18  11 632309522
13  10 1640614728
16  15 2090964249
19  9 1585638500
7  6 462746517
10  14 1448957220
12  13 920257740
9  8 1090663141
10  3 1130341962
13  0 672580336
0  7 653447973
7  17 1710591494
14  3 1086347602
7  9 446514354
14  17 1115218507
6  14 461719093
1  9 1228072951
7  17 1466678246
1  3 787841855
10  13 989654039
1  16 1145786603
12  16 2119904223
18  13 1954598161
8  16 2005040818
4  8 1934192677
9  0 283376582
1  18 1554546267
7  2 1447141598
7  15 1712139700
13  2 1766981977
17  10 1719111149
0  17 1749530244
5  17 1821894846
15  6 1846812213
12  4 2076572778
7  13 652201800
1  14 1396272314
18  17 790006075
1  8 1918251660
10  3 2077452609
12  1 1793104679
9  2 1052814512
4  18 1979182683
13  3 1685470912
4  6 753489577
5  16 1841011412
13  4 1738085834
19  2 1869960039
5  9 1436286904
13  2 504719177
9  0 610779975
18  6 690930209
6  4 1222522354
12  5 1033763842
8  14 767069720
4  7 378501400
6  14 1022344396
9  12 1069453482
5  7 1646784822
1  18 928379866
5  14 1241747694
0  2 552299696
4  11 1152282950
18  4 1782265816
10  12 1558904649
6  5 1666200494
8  16 1085437067
9  3 1857821105
14  13 135070360
9  12 698542911
5  8 269201010
0  6 346779410
19  6 1522709204
14  6 831652585
0  7 495545239
12  15 957510577
2  19 703080843
16  4 285299138
12  13 1055161975
16  11 764035275
19  2 1359841920
3  14 410674936
14  2 590060407
10  14 179538217
1  19 1876305232
15  8 1977189806
4  0 1801564596
19  11 870954582
5  12 130340217
14  1 472486984
17  18 545820077
2  8 1068360837
19  14 1147423412
14  13 292683741
4  6 1169557001
10  7 1404969175
1  15 903300580
2  15 355198090
0  18 2022608378
2  17 1015985648
12  16 1183397986
9  11 837130020
5  9 1927537415
14  7 1267838701
5  7 1087157366
18  5 1704072313
12  13 272135338
8  0 745055745
16  7 252174114
2  14 1511688253
6  1 1604071654
14  5 163480351
7  11 562568603
12  1 1165169538
13  18 2002938083
16  13 1186818654
19  14 768706351
12  15 105252304
0  5 158077098
16  0 678146686
4  12 694967101
11  14 118525263
