399 20 12 6
6  10 1246326461
11  5 1710042148
16  2 1403809905
2  8 1641530821
10  6 340726222
10  4 591210567
17  5 688683008
16  12 1139397654
1  8 591676647
4  6 1295098629
16  17 894138484
5  4 2079160541
3  1 1453880786
14  15 425728064
15  0 294158610
6  19 771183655
2  7 1789563339
8  19 2081052804
14  1 1211935167
4  12 309792621
18  11 1764080442
5  1 628583170
2  11 1764460351
13  9 139160328
6  2 135110202
4  9 14818811
6  19 1417624929
18  7 1594775881
2  1 531339553
8  16 1694234967
13  12 735439931
10  5 1560847081
3  4 2145395004
4  1 335725182
15  4 2025189022
13  9 1002943972
3  17 413543237
6  3 1778952225
13  2 461075315
12  3 344478200
10  2 1622619041
3  0 301476141
11  13 1777840470
15  13 699486769
15  13 508068139
15  0 23803800
2  9 255782096
6  5 1777514456
11  19 445288926
0  16 2009671127
7  10 1871865131
15  0 320783183
13  8 1058580812
11  3 464431332
2  15 1367991430
18  5 1149165860
5  10 1713323684
13  15 1371636219
17  2 142894219
0  8 743650265
16  7 541698400
15  13 350734450
2  13 2032451813
13  14 2079426214
13  16 78462007
17  8 1188044493
0  11 257157646
5  9 1448183079
16  13 1341078862
8  6 598630775
4  2 414381192
6  5 1258581977
3  4 668945889
6  10 1363542345
13  14 382591660
2  18 200018457
4  8 1190449128
19  16 195202824
7  15 1369023182
15  8 1935787941
1  10 376042549
8  18 2119481844
4  7 2008291556
16  2 773109827
6  4 2093576405
12  13 1402791560
13  16 1898041776
0  13 1861474620
15  17 1401104766
9  11 452999411
5  1 496153188
14  7 1054432887
8  4 938799508
16  12 2133862240
5  11 717142837
18  17 270854420
4  13 1382422155
11  19 1499312869
18  12 392776672
1  11 444152651
13  12 2084537187
10  11 595184519
8  16 1774611391
16  15 1752515126
19  6 1358001355
4  9 677779706
3  15 158083336
1  15 183973346
13  3 1556519278
17  2 1789207531
10  13 1176699038
6  5 816869964
11  17 1923831061
6  18 1400172931
16  12 2120554707
16  9 116473908
0  17 1054488179
8  3 164640570
6  7 1021186770
17  19 1686564314
15  12 1537482369
16  14 26645606
3  19 2022110072
18  11 550578264
10  18 866525144
16  18 759025753
16  11 287322218
0  19 1784317764
5  12 373594220
9  2 1877097820
7  10 913347443
11  7 1648097697
9  16 1875261689
4  14 848531956
12  0 326390715
16  6 33852512
16  13 297515787
9  3 871396775
13  8 1980013899
5  1 1817053744
9  15 1680033928
6  16 619821612
4  0 1459508506
15  11 393623729
4  12 1381886353
19  13 461458371
9  13 192369589
17  5 1562292430
18  3 331233653
17  14 1431317245
18  5 973103163
10  12 2111009452
4  9 1384890372
8  3 1321361854
13  1 1797651747
19  2 269157778
6  4 524210716
14  3 690767412
1  19 2135488771
3  15 456245515
4  19 1822915563
18  2 172190421
14  4 756081628
4  5 487001216
14  15 658311215
0  14 547276383
2  8 2045296222
9  17 3432666
18  5 1896065649
1  14 1187085587
6  15 793781133
19  18 1255271557
19  1 903788620
9  18 1426639635
8  7 930580575
13  7 1311110774
0  15 375349969
5  12 594017164
0  5 940052154
8  12 1189695012
1  11 917331512
9  6 1677892184
16  10 183910693
0  12 911207494
3  1 1441427652
2  6 1989222752
14  15 280292052
17  11 226376331
13  18 307739729
11  12 1204368935
17  5 478644231
8  14 1730957194
15  12 537853020
12  18 1806701327
4  12 348839900
13  6 483401912
4  16 1428021203
3  10 992881538
15  7 1852042388
9  14 1445827277
3  2 203019763
9  16 183863846
0  12 429008975
14  11 816737094
15  9 1174947731
14  0 1885481604
11  18 1025528339
13  14 936243418
18  2 1110659559
15  5 1025863548
13  11 797988168
4  0 1634344698
18  8 1799387995
13  9 522291792
15  17 676780886
6  7 2131333080
15  13 1516657332
16  8 2000123773
19  10 1513831280
5  9 722443240
1  9 1223952325
14  18 1174601339
17  7 1886145597
16  10 1823635595
14  1 33977226
10  11 1886968585
6  12 736140909
4  11 2118369084
12  14 1132062543
10  13 2055352317
3  17 791137327
19  0 2061571366
7  1 931721795
19  5 936865791
2  19 419666113
18  5 461453679
15  8 1905543387
10  6 1731209925
18  0 261652167
1  9 1509732381
13  19 263123687
10  16 1110867435
4  9 351266350
9  10 415591003
5  2 160160902
19  16 840852939
17  16 594729973
8  18 1069142096
18  0 1124563884
18  0 1864451813
3  5 777019776
11  19 1452299114
3  6 1922596593
5  12 1485835816
12  13 2108472423
19  11 1633792659
9  7 1068588196
1  10 1624662521
15  0 740943919
10  5 529558409
13  0 191589652
1  7 176467630
13  8 1469234582
1  18 1252199281
16  7 650114239
11  16 961575930
12  0 1828439408
8  1 119908396
16  8 2046867184
12  10 1608438545
2  14 922817378
13  2 692026085
7  18 892746555
8  9 1775426403
3  14 20227564
9  10 1401454430
8  17 2058901443
11  8 2095068340
14  9 1837881894
18  11 346324217
9  10 502095932
4  2 1411568259
3  16 1409560611
13  11 813188951
8  10 1846374281
12  10 1636344911
7  2 600514165
8  12 1190448747
2  5 1534621042
18  19 450156191
5  1 121359881
5  13 2087932969
5  13 900805349
0  6 1296950440
10  2 1817977549
0  8 1480181994
10  19 1089589497
18  7 481120782
9  8 520390764
0  8 1219124520
12  18 1915183820
11  7 1006803164
2  3 1255485600
9  17 173054858
19  7 1253946724
14  4 1373166241
10  11 1104115247
6  15 1711269255
8  14 784925203
2  7 1030316205
7  4 649164539
9  19 575038784
2  18 173512923
0  7 1089263623
16  0 1568952019
0  17 427747966
18  2 848606449
13  17 1364429455
1  3 1180306000
5  11 806338344
15  4 2003126746
6  10 1567187903
2  11 917525391
6  5 1631903974
3  19 964494934
8  9 2116394509
11  16 1076473403
11  16 1905843780
7  19 1742063066
12  0 1226224200
2  18 1058871678
10  4 1398436821
17  6 371862549
19  11 1466610455
11  16 997021172
7  3 1757960482
17  18 2081264602
3  0 370955903
14  13 1964794961
16  17 1422112955
4  19 1628107795
10  11 1622953186
18  2 535788
2  5 1207122602
9  5 219308070
1  10 2035883702
10  18 1239803263
3  17 1491695707
0  3 2022855070
19  12 1285852653
11  13 57054721
15  0 571911706
5  6 1763995088
19  15 654618811
1  16 1693001211
8  12 368605801
8  14 1091909113
8  2 1121169243
4  11 1966421228
0  8 1276758062
11  18 99708047
19  11 1536733411
5  1 1884585747
3  12 2040821847
17  13 220621152
5  6 374584286
1  8 46385357
19  16 340662574
5  9 2012702490
3  14 1862174406
8  10 518866403
1  8 804430439
5  11 2021668883
19  17 507097908
14  19 1929195262
9  6 365032809
9  10 1230704754
10  13 1240575357
11  15 1735141765
19  5 1851260835
16  1 1882795895
16  7 976650585
11  12 592423649
4  16 458262044
19  7 700949637
1  11 435618978
5  8 690293540
8  6 869328418
0  19 397399467
13  14 309692031
7  17 284369733
5  1 1367296735
3  8 2138410427
9  15 1025672641
15  11 2107129402
4  7 1560716604
5  14 1085993439
3  19 1502288305
9  6 2016173067
