399 20 14 10
0  3 950036520
18  9 912672942
9  14 733014787
1  14 1032535458
10  3 1702857183
4  13 1046255966
13  8 1247073253
17  18 407312428
12  19 1303573489
4  12 2084929944
10  3 900832240
4  16 1022578106
17  8 1014688339
2  17 69346800
15  0 1967771434
18  12 973104545
12  0 1889012991
6  16 1289353733
18  3 1478460494
12  18 215127965
6  5 779149179
12  5 1469311190
0  4 2051615879
18  4 1982818551
18  15 1859297418
12  19 1606233319
10  6 1862555133
14  11 1080622237
15  6 173799086
1  10 1334493299
4  8 1021558903
2  12 1845651642
11  10 175997429
12  8 780691643
9  19 2139795990
0  2 432363611
2  10 634363215
8  13 530986390
12  19 1380689907
2  16 1775252877
12  16 872901116
3  7 1869875012
11  17 619060998
6  7 760948559
8  14 1983151593
17  4 1012293748
7  5 1701643901
5  18 1858140823
12  0 470950846
1  7 1773276312
5  15 326549180
6  3 1917741501
6  19 9364413
18  4 596388058
4  11 956115543
19  1 318480703
19  18 1205368991
1  17 456405128
0  12 285585846
3  14 847610068
12  17 223918027
3  2 1242381121
5  3 691800949
1  19 663392886
18  19 1219322953
13  3 1287139897
8  7 1568047419
8  18 1645494296
10  15 854999090
10  18 955253025
13  14 496590756
10  9 818066853
5  8 1284284032
15  16 196050317
4  17 508610824
13  4 17706754
2  10 2110617674
12  4 1945059222
7  16 1406066402
14  6 949358129
9  0 403710568
12  2 836001887
10  19 63457925
4  18 941268770
16  8 969774266
5  1 538929932
10  6 1810679614
19  14 1678060980
10  12 784210565
11  18 2117494543
18  14 1195127561
3  18 662711207
9  18 1605325003
8  11 2142213261
2  8 250434939
1  13 998224780
10  3 1421424114
19  10 1664773459
13  8 937204058
11  4 474293830
9  4 728171428
16  5 875676008
18  3 686504789
13  4 745746112
7  18 1905015445
0  8 915876708
11  18 1472928261
13  5 1609374426
12  1 1199062864
8  5 846088224
14  10 1051195678
12  18 415661424
2  11 1266049770
7  14 621143872
9  18 792002015
2  1 2026549922
17  2 1405751291
15  11 787254723
8  5 981308671
14  8 9205026
17  1 1229254175
13  8 1767713903
17  8 2000167226
1  10 1017897836
19  4 1575403319
0  14 650702964
2  12 1478893437
19  4 2003176779
8  12 266254426
3  1 1695567995
2  18 1966188699
0  1 1098574393
16  13 458384047
2  12 1621189761
19  14 812025145
10  0 1650287527
11  0 1077409715
18  19 866289743
10  16 968872198
17  7 394152949
12  6 1832701565
6  3 891810991
13  5 960696880
14  0 1228587076
8  13 766854149
12  14 695265428
2  12 1510997439
11  5 2024374390
12  14 1737130690
1  15 973380338
0  11 1272854163
14  2 682959582
9  1 1216114413
2  14 511543172
12  18 713109552
14  17 2099051473
15  6 1836348427
5  10 657366765
4  12 1872308761
3  13 533609685
2  10 881475379
17  1 158191591
19  0 1880086854
12  15 1292688774
11  12 615083875
7  16 1593701198
8  4 1815508206
2  16 519301585
1  6 1301141547
7  1 1668142879
7  9 301229308
13  2 223988488
4  6 699504482
17  0 82627878
18  2 1378064777
16  9 974889284
0  3 2112487353
6  2 1017982932
9  16 1169998565
7  12 462914430
18  11 549527495
14  18 496987649
15  11 730926096
0  15 357160882
15  7 1041688228
18  9 209726802
17  19 805587692
2  8 651555734
3  8 990981292
5  0 611162036
11  17 669690146
5  17 1688084245
15  0 1507488926
1  16 272591952
7  19 640896999
1  8 2044164123
8  4 2050516788
10  18 1648456988
12  17 981924713
16  19 452097592
16  17 221954752
14  10 1874677244
2  0 1083655897
10  14 251176966
12  3 1108523642
10  6 1686117823
6  15 674206512
6  3 2110742896
7  0 1834723221
14  15 1769812420
11  10 1951154681
11  17 1568643928
9  17 796654279
3  12 860184111
1  0 143441789
0  4 739814449
19  12 723610244
17  5 2014158840
10  18 355470114
18  0 139203778
15  16 1466701796
2  15 136533258
6  5 726413879
13  1 1445988238
14  5 203910139
4  0 1013867769
8  18 1909979429
1  9 1952801870
6  4 1536633482
18  8 469642088
1  4 241448809
6  12 1785635939
1  14 1854157045
9  4 1519688569
5  4 318470569
14  6 663957489
19  14 321415941
9  2 1135557802
4  14 1571158237
6  9 1862399995
7  18 1490152602
16  0 1705845550
10  14 316750871
9  4 1439101391
5  1 1707396708
13  4 108277826
18  5 1584302233
16  14 900492873
6  9 354660176
11  18 2026584396
16  4 1666930079
10  11 1809910396
10  17 1218462021
4  19 1993557508
18  19 1360661986
8  1 329239384
6  2 1927755948
5  10 804705584
19  1 1280729368
19  4 145964144
17  8 1701098434
12  2 1673943325
9  1 1855576350
6  15 462933130
9  7 385082216
19  9 345592320
14  6 559280854
1  19 312302093
8  4 1674950184
12  2 176887538
11  1 168935361
14  5 170799865
4  3 1543082235
11  12 1203357950
11  17 202613798
14  8 1949008671
2  12 1895073518
1  18 667216968
5  1 1281950316
12  2 1874510876
9  18 883384372
3  0 832525288
8  3 1180909115
9  17 83194179
1  18 233509825
9  3 1333314084
0  6 1656191269
16  1 851552338
8  10 1626279846
8  17 44713105
2  19 572263507
17  3 1969957776
17  4 69319411
17  6 2121685055
2  10 940391164
16  15 675525778
18  6 1127525270
13  4 1080335432
17  11 148196249
11  8 1188418102
15  8 1330429754
10  16 1033234244
6  5 2069694526
11  0 1774533241
9  4 1378114155
4  13 1448018457
2  11 315531685
19  0 1460104269
18  2 547573015
16  14 936513964
5  1 1799882668
0  12 1614038199
13  3 400139285
14  12 401959772
10  6 56571206
14  7 1763285811
13  14 579269185
9  1 1653643306
6  9 864291727
1  15 836130901
6  18 1404524063
19  2 1697687126
2  1 700076737
17  3 2016655606
17  18 35838908
15  0 773407655
12  15 1757218865
2  18 713704630
10  12 1709994539
12  5 525668227
19  15 262359411
11  12 1643039769
2  19 2085558070
12  5 1080989583
19  1 1938860164
12  10 637890758
14  3 590543285
2  11 2076874149
6  18 1390362768
13  1 1783349237
3  5 732952378
2  13 1250251665
9  4 491051460
17  5 204140668
11  1 1813228142
11  5 252325854
0  7 1572994145
12  11 459408315
7  6 1764319709
11  15 288918270
10  18 1537084010
0  1 1621587832
2  14 1651195204
10  11 2141927967
5  9 1924779226
16  14 2004363417
7  10 409835046
14  18 2059987633
17  8 1296367995
1  5 98646944
0  1 1629161230
2  10 614874098
10  1 1064119250
15  10 1026022982
12  14 1528535780
13  6 1213793596
1  11 112148216
4  3 1982942866
5  18 1905687046
19  10 892181953
4  13 1678529824
17  7 1339595381
15  18 1504671623
8  13 1053797551
5  18 1057726278
0  8 269960954
11  7 1835443466
5  8 27500387
18  8 1271655950
14  9 2030509581
13  12 349360379
10  8 1817411901
0  10 226135192
10  16 1769436113
3  18 742844196
8  3 1293459380
0  1 1284883444
14  10 1820550531
3  19 209337608
10  17 2041855392
14  17 838910630
7  18 609839060
11  10 1765346570
5  8 1384548760
2  0 2115470908
4  19 2071174549
11  18 1691587501
2  6 656316557
18  1 405761943
