399 20 1 8
13  19 1444649709
5  15 467361420
4  18 1633366283
7  9 1307721960
14  15 1429594777
11  2 341202710
14  0 1576531452
9  18 1785317133
16  19 1649964393
7  5 1805225714
0  16 954638528
11  13 4313217
12  8 673229975
6  19 2085982543
0  8 1537121014
15  3 1030817960
12  16 1578183809
7  19 402538449
8  9 1896934426
5  11 1961672479
6  14 699378058
17  19 678174579
11  4 2025409036
9  16 1001555048
3  17 2042841178
0  11 1704494630
13  6 159085648
2  15 917454865
9  13 95017366
7  13 2108290422
19  7 675434935
8  17 1083285166
16  15 318854938
9  7 1797074402
1  19 1240765122
15  14 542547623
15  7 1771301099
6  14 990257943
8  10 1548434225
10  15 1063877757
15  14 973839343
2  7 1763958332
4  15 591920675
18  14 408284557
17  10 1398535941
6  15 1862835845
10  15 1787599608
0  12 1361071792
14  1 1572021777
11  12 537760638
16  6 2085427917
3  8 2053653210
13  8 1703639842
6  18 116630476
15  14 1905053538
15  17 1572486326
10  7 1294951794
9  6 1177368011
19  16 1690776271
19  6 671298034
13  11 1419478973
4  0 733300845
13  2 1809819456
1  18 1434240261
8  9 490583087
8  16 1082636110
3  12 1618186594
19  8 1774838092
1  4 1336258671
5  6 904462672
8  12 244395621
16  10 55691978
7  19 2004584210
18  3 33559256
8  15 140354330
5  10 1053059618
6  4 670716493
13  1 770184908
10  11 147330904
14  4 386601160
19  13 2100037309
5  0 1408016046
19  8 1111819918
9  19 88973023
3  19 336386788
5  3 1526054454
17  3 1952093125
15  5 2027068449
8  2 629109748
13  15 1467880613
2  4 109359875
18  3 768001889
11  0 560037869
14  3 1245389372
2  12 600296659
14  12 357374708
18  5 27731385
14  8 538331087
7  19 1362988208
11  1 1524126483
19  4 1320302224
4  0 1481527705
7  1 754465243
13  3 1699146695
13  0 666668843
16  7 621493586
4  16 1958936262
2  8 1157021225
12  6 1031481896
13  12 719957414
13  19 165478624
1  2 27759097
18  5 1085829932
19  5 1517927775
5  9 980017784
7  0 1548356346
2  16 284696423
3  9 118225707
11  0 1200992370
6  0 1924671544
12  18 2104988822
17  5 2004206174
2  15 1466092087
5  19 1571793558
12  5 439619756
8  16 281640093
2  7 409040697
16  7 2021737058
13  0 280759566
11  0 1359467938
3  19 998899451
19  0 1154473301
6  4 1989035683
1  7 1463965804
2  15 1694447768
19  9 1425132621
7  9 1947502794
17  7 1677601931
10  8 805782746
5  14 1441354586
13  0 2072033807
18  13 1741073983
2  15 1491627725
16  15 578427439
19  11 1225169855
18  17 277396624
1  16 2119123573
12  1 1649944485
19  18 768408415
14  19 1720665889
8  18 14649978
0  3 512208887
15  5 1228934566
13  3 1990357913
4  2 1433134972
5  7 1793278616
19  9 1464370877
12  1 225027828
9  7 1599859965
6  8 1862424536
12  5 897240406
0  19 1522560714
5  15 237649229
6  7 873558006
10  15 1450165837
16  6 949553856
1  19 2074250142
13  7 540849287
13  0 510982624
16  6 188289024
6  3 673203113
9  14 69179770
11  14 329051806
11  12 640124380
2  0 1353373481
16  2 1832103793
14  9 682064443
11  18 689793020
11  5 1621786747
12  19 2045543665
12  6 1726485991
19  4 2119766740
14  19 1223605536
15  4 1590986203
18  17 783771515
12  16 1700159054
6  19 2007397987
8  4 1545927743
4  17 1642548162
12  6 215059948
16  13 467602021
13  14 1253821542
11  14 1883952266
19  7 436383798
1  12 958313562
18  16 1517111718
8  6 999282877
3  13 360794187
4  2 1327488311
8  9 1925218905
15  16 1945756100
11  19 1618692957
1  14 15773422
2  5 1029519518
10  12 1311858924
19  7 55525563
6  8 434078202
2  5 1983624365
5  18 916999477
12  6 629826036
19  15 771198027
3  19 1772014901
7  11 461358648
19  14 1931953127
13  7 2050254987
18  19 139219425
6  2 1711117256
3  4 1786932043
7  14 2083630668
9  3 546906264
15  2 1029799098
11  0 950058336
17  12 452702297
9  12 381668296
3  12 280489528
5  11 467117958
1  5 579623797
10  8 1605987856
4  16 314160564
9  8 1949389698
10  4 1412407180
4  1 1302948491
19  13 2135589206
11  19 2002027817
10  8 1902155106
3  1 269698465
10  18 6246125
2  1 1534225845
3  2 786757769
7  13 1389528554
0  14 1860390204
8  18 954111627
0  6 174350827
7  2 1475775763
5  14 964304280
13  19 2030292699
4  17 744445987
9  10 529005514
11  15 1903573363
6  13 558043293
2  16 1674073923
19  5 1619572743
9  2 163512096
4  5 1166885919
19  14 1811476050
14  11 957929516
0  3 1197732109
0  18 1898056398
8  5 107299398
2  7 1810479708
10  1 1030595015
14  9 1870873451
13  17 1935017534
4  13 197349700
8  2 118847579
11  9 1618399666
1  6 1124633552
3  7 163010075
17  14 600476800
18  17 1289213099
11  8 1961147742
19  18 1340602947
19  0 811753518
7  14 1916439270
15  14 1174251849
17  8 451214850
13  4 946117702
15  14 1557101664
6  3 829937088
6  10 535817811
2  0 858430934
11  14 731845457
19  10 1234031301
11  13 1721504612
11  17 1965629500
4  1 294246820
16  18 257917960
3  15 391552636
12  13 618533351
8  2 1851509860
7  2 846562611
5  10 349684083
6  10 297129580
15  3 111060903
15  3 2144463812
0  2 386051300
14  19 47892463
0  5 709808468
18  10 1322951406
4  15 1051056003
1  15 921301297
8  15 913313249
18  15 1692115389
15  12 808866869
15  4 1641239904
12  16 715677389
7  4 1406027211
15  19 1684552642
2  11 59163478
6  19 1067949783
6  17 1760974483
2  6 82416266
8  11 1788128356
18  7 1116319386
4  12 1239789070
5  4 144771570
18  9 1134015419
11  13 1991870381
19  18 1541014300
11  1 906423039
15  2 71809655
16  12 706569234
12  14 1404341384
4  1 929839326
4  3 2112881949
1  2 1084486654
12  16 2126358084
1  2 2137614981
15  12 1501202501
5  6 1723939420
14  2 2119381356
6  5 1287725909
5  11 879104770
9  11 1589255870
10  4 952941888
7  14 1639022667
9  3 12216960
9  19 1561740762
13  7 1841087861
9  6 1663855343
7  0 971414586
2  9 441590148
17  13 391354415
11  17 1515269681
3  15 844309832
9  4 885840326
3  18 1262704752
13  0 894828958
11  1 1445944281
8  13 1690084754
6  18 943688433
15  7 1754368991
8  15 741852068
19  9 1790291953
14  10 634802214
9  10 672317143
9  18 526849582
18  10 300782038
8  12 1928606127
2  7 791107839
15  13 1066970773
2  10 388188838
14  2 231674736
16  4 1444643463
3  0 853229097
8  4 1541928146
12  6 2025409978
16  18 1471909295
18  6 2073650497
7  1 1306729800
0  15 41004268
9  15 542462820
14  3 232611891
11  15 1819250239
3  8 1238497732
2  8 590237928
10  13 193004826
2  10 2061449550
4  8 742695123
8  4 1909561852
16  6 214933564
4  8 1846104250
0  8 222745130
18  6 1134594438
0  9 1155110563
7  9 577891035
2  6 1709327676
10  17 105914741
0  9 1629317361
9  1 1319555278
18  7 249119118
10  11 1941407599
6  3 1749938954
16  13 702755198
17  1 404177092
14  17 272687100
3  19 1473021943
13  2 442111010
14  4 1834082017
