399 20 17 3
1  8 131273594
12  7 1284402998
17  8 1118078020
15  17 1672656020
3  17 1963328893
8  15 1308410268
12  15 999004184
5  15 1833530519
14  9 2058184273
4  5 1376024943
15  11 1009015268
13  4 1386404502
1  12 1568418305
0  8 1934414028
8  1 1792342099
2  3 2115032056
10  0 1853906197
19  9 574187693
15  3 1306234017
3  7 1405880478
9  19 764948003
5  12 687217960
19  0 1510034412
2  9 259320717
2  5 735006283
13  4 1867203622
8  7 1203045846
5  4 315892124
19  18 657797274
10  19 1797805663
14  7 168359868
5  19 2091649453
7  2 779325317
12  5 682810024
19  16 1278106103
4  10 1706687995
18  13 1016152610
11  2 1143894545
6  8 886582208
1  15 800243743
10  0 157152389
17  4 875462568
5  16 1027058279
2  8 256217786
10  2 2035390687
16  1 1838435968
3  17 1911188187
8  2 1943851354
12  19 294397340
15  5 162730928
4  15 995591041
17  13 1358894753
12  1 820172695
7  5 456481646
9  13 1893879914
1  2 266624448
6  14 609057358
0  2 1150215352
1  0 1734668955
1  17 2104920252
9  5 1280380779
10  1 1153530361
14  7 1617068037
15  11 448686680
5  8 1039040572
14  16 1662451928
15  5 48762293
17  3 1718015236
16  11 1460226527
8  15 1208274714
11  4 398434165
14  12 1058271678
6  14 1220305463
18  16 1816057377
17  15 1275823746
11  4 632327610
3  1 897808686
9  6 1803630684
10  19 34809432
11  17 892657523
13  16 448606833
10  12 1624167078
18  17 1532043221
14  9 608072103
12  17 60211686
3  8 853505918
14  12 1993910059
5  10 769974755
17  18 1492894475
14  16 1979396416
12  1 1488874583
9  5 359653261
1  8 505728755
19  2 1405520551
6  12 1570316741
12  9 10573209
17  11 984815523
12  10 1285839246
8  9 322842913
0  11 936234422
15  13 952697147
5  12 1823457089
8  19 527199998
17  0 757334099
14  12 1645553019
14  1 180485081
16  11 706315174
7  1 1789023632
12  19 651162710
19  6 505184832
10  18 538160065
8  11 103512500
8  13 1470553709
4  1 1476798549
19  2 2094922121
7  0 1914725825
3  7 1097279359
12  15 140102400
5  0 1881556310
0  14 1344162180
13  8 823264172
10  18 126361481
17  18 2105109876
16  17 1511501320
7  13 1209934795
13  16 1154061677
9  13 1529330489
4  17 574971287
16  12 1007194035
2  12 155103398
11  0 1946055065
5  16 677695499
7  14 2077376725
1  14 11399198
11  9 1823961791
5  8 812131069
5  4 1542651287
2  5 591008740
16  4 2068519957
3  6 590222650
11  7 743936507
17  6 662782125
14  16 744345438
15  5 1597141420
4  1 2002324245
18  11 377620341
14  1 1712490655
19  3 426827312
15  3 462010589
8  15 1852612028
18  7 15378467
14  2 1300081628
11  8 1466845667
19  14 1615627815
13  4 1464750614
7  0 1024856571
2  12 819537276
11  2 425170412
3  10 1331720585
3  14 1116536161
8  17 1712707441
5  1 1317716453
0  2 320859979
14  8 1938973769
15  17 1385501091
16  18 2084281712
9  18 1822572304
10  4 356274836
4  9 1007432205
17  2 1569311479
6  18 1791189774
8  18 895997191
14  17 1684223368
13  9 1799940536
16  7 679706555
0  7 1199553689
13  1 1885971202
16  19 1956572537
1  11 5477976
13  7 2146022415
0  5 869999375
1  0 461424257
16  0 942425041
18  1 705343119
17  14 1357880609
12  14 1556682009
16  14 2017500288
11  0 1535455920
19  11 133298499
16  4 858644835
18  14 1729826068
9  16 300613017
17  0 358944029
15  4 891357881
3  15 1783431060
4  8 1456083952
13  14 1458568094
5  14 1836837644
10  9 656980676
12  4 2143801826
16  2 782121637
12  1 228619894
9  15 376838841
1  10 537914604
15  17 551152713
13  11 1224283429
17  13 2032329780
9  4 973926226
4  2 347979156
7  15 2019805166
19  7 367900322
16  15 566090597
12  7 1263536670
12  6 2051641273
17  13 508776186
1  13 1073391132
13  14 1140601397
8  7 1010085907
1  10 797985054
0  9 65834722
9  2 1287789466
9  2 1335859511
15  1 1945620418
15  7 2057005073
17  10 209479952
1  7 1606708940
2  10 1549141906
8  9 1344498652
19  8 1759378747
12  1 1176874848
8  18 1469556602
1  0 1425971273
6  9 1511966046
4  11 1015154243
4  10 207300480
8  16 1145717928
7  17 1975860970
18  0 1341548842
14  19 1815331362
9  12 596712486
7  17 1225821663
8  1 1573518378
0  3 467502476
7  15 1221914760
2  10 75090377
3  16 995142340
8  1 157377946
6  0 121366083
1  8 297383702
9  0 1461778803
8  14 1392512923
15  12 1861866168
13  3 1030516002
12  18 882137871
15  3 335555788
7  6 876168442
4  18 849281545
10  9 326406178
10  3 1458986831
8  5 72958709
9  18 229769412
17  13 996724231
19  6 2090390400
0  5 1027331305
10  5 2110734581
6  7 490327784
3  18 763978175
19  18 1334493286
11  4 242144724
13  12 225384495
4  9 414815306
14  6 1506271779
15  3 998860918
12  15 1620095175
8  1 107418960
12  19 751946457
8  7 1029865593
12  18 1142820909
10  14 888392244
0  6 1857319566
17  19 544032097
8  9 1704001655
9  0 1614700897
13  19 1555804282
16  3 1736778643
6  16 1375651635
1  16 1059504148
15  14 1056245504
13  1 1191088641
16  17 1038386570
10  12 1390170217
10  8 1955203516
8  2 421184997
11  0 851714493
2  14 1586056559
6  0 1880740313
6  5 15181775
19  2 1181285941
19  3 804119373
6  11 1654837919
10  8 1696877
0  17 932855783
1  15 448488274
3  8 2138618516
5  3 2308307
9  1 751387649
1  13 1060646346
12  6 2010688143
1  0 326419530
12  8 663865744
15  1 1125679882
10  0 2132700042
19  12 1492139536
16  14 927546251
11  17 859183421
14  3 1691666468
11  17 221190801
13  10 995727255
16  12 75892008
7  8 1893845307
14  10 510631101
10  3 1014279568
6  18 1313735361
10  4 1238804486
15  4 676748843
6  5 269115577
12  19 636935530
12  0 2142179973
8  4 568030734
7  16 1337560385
16  4 510681320
6  1 5341229
13  2 1486439814
11  1 720827076
0  17 1180832669
17  2 1795659157
7  3 1692690916
12  9 1918057645
14  4 1528934393
5  15 864098266
1  11 2123308284
8  16 161746227
8  6 2024597923
11  1 1636187907
9  3 2085852181
12  15 1965929978
14  1 187626705
7  19 2105055755
19  15 1759394434
8  14 1367724004
19  15 406375754
2  10 986707699
10  5 1886572505
2  18 712012359
19  9 842147618
14  18 442597845
7  6 1517299697
2  7 1331654659
14  11 2074729102
6  15 1685314030
8  18 222338017
1  2 1616895418
0  14 731350598
8  6 1225769678
10  9 722231361
8  14 604517755
8  10 1330816190
11  9 155322522
7  5 1640187038
18  8 549285286
17  3 1748625077
11  3 1125603241
11  5 172685442
7  14 708538623
8  9 82575411
9  14 1707732659
5  15 1871057692
4  2 288279450
8  14 1025103161
5  19 1419056971
15  12 842251288
6  10 2123492210
18  3 1551031207
3  13 833259984
8  16 599791029
3  9 1544309590
15  0 327008156
15  5 671886413
11  1 371917580
10  12 1593291471
17  7 714256035
19  14 758362764
19  11 152832835
13  7 720723213
2  16 1655966876
15  19 492342154
3  4 532666201
14  11 469061613
1  7 968611712
