399 20 9 0
17  8 692424377
5  18 1308556690
12  7 2141905611
12  5 1428512792
3  7 1891354955
4  15 2121700488
17  1 1085801907
6  3 78968740
7  17 406831686
4  7 21530472
16  8 2066113828
11  17 1333194957
4  11 542949920
6  15 639899131
8  13 2025667881
2  15 2111426456
4  7 1444562805
7  18 1726145591
18  10 981535211
18  0 380650331
18  19 1311263988
12  14 46622197
0  10 440398610
5  17 302604728
1  19 686388643
7  17 95484812
12  7 1829896317
11  7 1835198903
16  7 1780802260
2  11 278938771
0  7 1810225055
13  8 988390694
9  16 653506429
17  5 69183122
7  10 933542191
9  8 2145322120
19  2 1193967434
5  17 1868031478
4  2 2090676089
9  3 1658539400
2  1 886334705
0  5 2103465132
14  11 26790261
0  9 204216415
15  18 951292108
15  4 368991831
14  15 459770993
15  10 521320126
4  19 1587910593
8  13 636115782
17  18 1620222550
14  19 1288789860
1  5 377435596
13  9 1188891804
10  15 776937662
1  12 1240012839
13  17 43057772
1  2 984148182
5  7 1230296860
16  5 643117247
3  14 2092147868
6  11 1901270130
1  18 924546568
7  11 1466907842
16  10 369584541
11  18 2090499412
0  3 917865558
14  5 639115902
13  11 1622216855
17  18 1340841207
2  19 1563171092
7  2 1766920100
8  16 1325001966
0  12 1316534465
8  12 2060425610
19  16 105121124
5  10 1424897916
18  2 1460703334
5  3 1178848262
18  16 1382642725
14  7 1953425180
16  15 186380079
1  15 217667942
15  6 547697928
12  11 161647114
5  7 249139172
3  14 895345894
14  5 504322775
2  4 386363435
2  13 317526477
5  10 1169360937
13  2 1869540658
14  17 1567078130
13  14 1218392988
3  17 2020400824
14  8 809215152
6  16 317208806
19  18 1227940130
9  8 1187219641
18  9 1008287211
9  13 378875678
4  8 546606403
15  18 1201606374
7  16 620277870
5  2 763876801
16  11 137542718
9  16 1728540121
16  6 475164672
11  12 1660532758
14  12 786357736
5  12 172624639
10  13 259818767
15  17 1073828392
14  13 60308678
14  1 1001694030
6  16 586745601
1  12 1240239439
3  11 109814000
2  3 130097841
9  7 1216123872
3  15 1953656208
19  17 1837605297
17  12 1706510626
2  4 1610764596
12  0 793267313
13  0 1612624286
12  3 2090463523
18  1 1807846468
15  0 735052236
14  10 1633542229
12  8 1881886249
13  7 2035863862
12  18 1624099295
8  2 1226014305
1  6 2093145589
16  18 316925546
17  11 1541521020
0  8 222885379
10  17 958549414
0  13 1617386037
8  0 1779738043
19  15 639801409
8  15 1789988244
0  16 1119703020
9  15 149393343
13  11 801176706
16  10 1429729724
19  3 709947014
3  16 1433724991
11  8 1650280965
11  2 964525416
9  11 1017029878
10  19 667335036
11  9 556856478
3  6 535920147
12  14 1823080995
11  14 1137759822
1  16 591209252
9  17 2043046600
14  16 1521823342
13  5 1492790371
6  10 260198412
8  13 1691312803
7  3 1314935349
5  4 146276007
18  8 357849096
11  2 1831159589
6  19 402802061
6  13 558980065
18  7 1438616457
6  7 648668217
18  1 1673524706
11  5 1814651322
0  11 607460825
5  11 1465764216
4  2 1672063633
12  10 887233197
12  4 1672401696
11  15 1639058831
8  5 332577731
3  15 1410327978
19  14 1030993385
9  13 530686255
13  2 488407216
17  7 2423981
15  0 483965236
19  7 588726740
7  16 1087450351
18  8 2074024619
6  5 1920183615
5  9 655252874
10  8 1609033211
7  16 514354607
8  14 654154975
0  5 1771396605
1  6 1676413051
18  14 1719558713
4  7 1401133574
14  19 614018880
13  17 429971773
10  4 1605936389
16  14 55766232
3  15 883110429
4  5 209573037
6  4 519353255
0  18 1718987671
16  7 400029734
11  18 585098515
1  14 1147274531
10  12 1292629965
1  16 1353191237
14  1 605887952
19  6 1038875599
5  9 1208319658
17  4 1676837723
14  15 928271150
15  2 427026492
18  6 730269398
7  8 211009726
6  17 1743197212
19  11 1483804715
11  17 141717785
17  8 1424312679
5  18 1614131071
13  14 1017066275
2  8 1906996673
19  14 2089236041
14  0 1245661325
7  18 179808255
13  1 1417597285
7  5 748053819
7  16 1434584397
10  8 427054088
1  10 163326224
11  0 1642189698
7  2 685254070
1  14 62017291
13  10 586158973
10  12 870491239
12  19 963561399
4  10 193938947
19  7 1210561911
16  8 2104372816
4  14 667676219
12  10 1674795752
17  9 599482895
12  1 1365755820
8  11 1595069398
3  7 630244249
11  17 1404983674
18  7 1651214482
15  5 929185432
1  7 548643793
6  9 802068074
4  7 1517565368
11  19 579578977
1  18 966960678
15  12 1431004115
8  19 683317131
6  15 1381584710
17  7 159319609
9  16 1199209432
0  3 479481691
15  4 686876834
0  5 69332288
12  9 2093233436
7  4 2101645391
13  11 935866371
13  12 10856449
13  6 724294397
13  10 1720238731
10  7 467306140
17  7 894882083
6  1 1533113787
4  3 1729229168
5  18 778963148
17  12 821705127
14  9 634322123
12  4 212885613
5  2 2041228679
9  4 1717417681
11  15 244392998
8  3 1214578335
17  18 1228750299
5  3 153797998
13  9 1709299583
19  13 266484508
7  14 1959184358
8  15 561837856
18  0 1703213178
7  16 501828782
8  14 2030824333
12  5 1333957759
9  19 696446760
9  19 1433593685
11  18 293985260
0  2 674833719
11  17 1319858939
19  8 796138889
8  15 1175158510
10  17 138177608
13  9 333263219
0  16 1970598853
17  8 1859679534
3  16 1890065840
14  10 1506395499
1  9 1407226744
7  18 473205106
4  1 1533697605
2  9 991609230
9  10 2043444395
6  16 579658991
4  2 1526876148
5  6 1014571376
10  19 1123885895
16  7 1670163475
11  19 1744499993
11  2 170887514
15  16 1823103894
11  19 851914580
7  6 1700317054
6  14 1734658436
19  10 1529384951
19  14 136816355
16  19 2086828871
16  9 573540689
9  3 1866610289
16  1 707916504
12  2 1900908245
13  19 1035570837
2  13 289768350
16  2 830052673
1  0 31511174
2  6 1672529797
3  14 807243239
2  19 1587378803
18  19 1047791707
7  18 1087302083
8  3 19878691
10  2 1933135010
18  2 142153716
14  15 596337833
17  7 740225112
4  8 2125870817
9  7 930640063
10  15 769205608
12  4 1619304864
7  12 1261932112
0  4 1020238554
14  11 1069700280
11  15 69076817
11  7 711255382
11  14 1635850766
8  10 103778922
2  7 1024697336
6  1 1691120986
5  15 26118180
12  19 504125116
12  11 533312668
7  17 1868532363
6  17 2043418797
18  17 937023042
0  7 2126297602
16  15 1585511043
5  17 1280326630
11  14 123642524
8  0 1798520419
7  19 884885439
16  17 2015441166
18  2 243791941
2  11 882219166
19  13 1214143432
12  2 275760910
8  3 1247732676
18  10 409931410
6  5 1929831212
19  13 1934899942
2  5 201518780
3  11 1124206273
7  1 1456513872
1  10 1803428761
15  14 527266650
16  15 618123825
16  4 2039092637
12  13 1758824
3  9 202330024
1  2 792014179
11  1 58803050
3  11 868096039
4  16 1321677219
16  6 575029835
2  19 964131220
10  0 570821871
14  13 1152361727
16  15 1069145477
4  9 392278539
4  8 282217881
7  16 1536612453
19  2 931027049
