399 20 1 3
10  13 799601216
8  12 1402342167
11  6 177183146
3  15 1018586517
5  14 1617667349
16  4 1571714125
14  16 1166226711
3  18 1525219934
4  16 712399024
17  14 1968761993
5  7 466926014
16  12 1859331271
2  18 46209827
18  3 1860820469
7  0 1525136163
5  6 2110536671
7  2 506369959
8  19 887913051
6  9 632345782
19  0 1072539779
2  11 2089612289
15  8 752914068
16  19 1857685395
2  5 1386394356
2  6 739749977
17  19 1777849191
0  1 1194218918
9  15 966008179
19  16 1784020260
7  16 536607937
7  12 602033144
11  8 275768851
14  12 206720057
11  2 1446226459
7  1 1400400270
15  12 509712392
10  2 907417364
19  2 1770401175
14  2 2060181918
11  1 510681045
3  11 1546129553
18  1 97086870
1  3 2026420092
2  1 1713663443
18  10 1486085096
12  4 1375709144
0  6 2001373709
17  0 162190098
12  18 306289875
4  9 338597732
5  2 1898851837
6  4 110202786
6  10 1021325703
3  19 1054607226
15  0 1780730701
1  4 1906142775
19  9 1995365097
5  9 1900303092
14  6 761837911
0  5 1706723940
2  7 46596216
3  2 30624596
2  9 1933688809
9  8 152687164
18  15 591337877
8  13 118506656
7  5 1314323130
11  15 1404962315
15  10 1714038828
5  15 296708490
14  15 454584643
11  12 1873118885
2  16 513245276
16  5 756073552
18  17 540787718
18  11 794779877
12  9 819781465
5  1 10906675
5  0 757733908
5  13 1238391170
7  2 1091992905
3  5 1820689250
1  19 50605957
13  1 871844555
4  0 1795801991
15  10 1615790861
17  2 791134234
17  3 174510543
16  5 1452150694
18  0 208922197
19  1 25679219
17  0 878111398
15  17 1455000858
16  17 1139342420
13  16 96336299
3  18 1389429794
18  10 794725156
11  15 1244936911
11  3 2141164671
2  9 1818879622
12  13 1001981329
15  9 1241919492
16  6 122646499
10  18 1665141437
13  6 301847857
16  11 2087387269
11  16 1867739061
9  3 554187578
11  3 983564044
0  3 1951797563
6  17 1117484353
4  10 299152366
2  0 80763958
13  10 1062566124
18  2 797758055
2  14 631619638
7  17 1637412090
12  6 99679800
5  14 364446742
11  12 947465759
1  19 1556441454
12  17 1243781267
14  3 1054629914
1  19 1805154751
10  11 2123825188
10  13 867683389
5  10 725116237
1  7 1033126140
2  8 1350981291
6  18 2142050990
2  8 1394662160
9  5 1754202120
11  5 1337800027
13  2 2071107483
3  5 1325134773
14  2 1701898797
16  6 981381162
17  3 248099189
12  1 1837817274
1  10 193526899
6  12 785456150
14  17 1057963996
7  9 747635161
11  3 791624113
17  13 310041130
17  10 1333626952
7  6 643655480
17  8 319138063
18  3 702393794
10  3 867830339
2  10 882733699
18  15 1060187171
8  2 658103423
8  11 904845889
13  16 1273774662
18  16 1015133691
14  8 273426844
14  0 1337789035
11  5 2088613192
11  4 466600452
3  10 1970580660
14  7 524738345
4  6 1660506515
10  12 1225723084
19  3 1582261455
19  13 1292095107
10  11 584111159
2  1 1309812245
11  10 764474172
7  19 1414485318
1  19 683656384
3  9 1041503340
8  1 9730126
4  12 1238057086
9  12 1817202884
8  6 1412247981
19  9 952232427
4  14 2003344605
3  0 2012178603
1  14 524163815
19  0 970922646
16  5 778613269
18  4 441361807
10  9 1060623849
17  18 1139683619
12  17 2030123648
4  15 1856289821
7  9 774374698
17  7 320950196
0  10 136208632
14  9 1896612323
12  1 1707183045
15  4 1107206465
13  15 716870695
4  8 1327304943
18  1 217106828
10  18 957347408
14  18 865476641
7  1 25692676
9  13 449064962
4  7 2097621416
11  18 1219337852
7  3 19271804
18  8 1396894851
10  2 418724746
2  11 786407410
17  6 799378323
17  8 880090631
17  5 293519336
19  12 1790014118
19  15 1283802126
12  6 114844241
15  11 1159607165
15  2 936697736
19  16 1045954
13  10 557136193
2  19 1050001931
2  8 523707622
18  0 1151240840
16  18 550514290
6  4 490309552
17  5 1980564732
15  11 178037568
1  14 1327196576
7  13 2123492791
0  13 1238799681
8  13 1218413353
1  14 295577812
11  3 1866036015
18  12 53720865
12  7 1828919956
0  4 2098810063
9  4 445590223
1  15 890847633
7  5 1046497406
9  0 1937594030
3  19 1633934719
12  5 1710726655
11  9 1498877785
15  16 582599158
14  13 55267108
5  4 928628578
1  16 249479548
1  13 385148641
14  1 582230660
14  10 377994161
5  12 244907043
12  7 1400295272
6  10 2108441627
11  13 561777302
19  12 1508487388
3  15 1564825496
12  4 1162555215
12  7 957689143
5  18 476700302
13  5 1937333427
1  2 1464001885
6  1 1558418380
18  2 36009037
10  17 1534385457
11  3 1453002413
0  3 864405544
19  4 2018826815
11  8 477548417
1  2 1484096957
0  5 1131224036
17  11 744580057
14  0 300161684
2  13 1683885413
9  1 1013631233
14  8 1186541966
2  7 1283656700
7  10 1377477359
3  0 490110544
19  17 2041787037
17  19 1844562056
11  3 366207342
18  13 1986009424
3  8 45489461
7  12 1869800171
10  9 666603409
6  18 1310103001
2  1 164230553
17  15 618376531
5  2 1932717584
3  19 897207108
3  2 1008609091
16  19 1128320232
15  4 773593068
17  7 1155455698
15  13 1946796320
9  4 1423161997
15  6 1407463813
6  14 1733939936
7  10 32545405
13  3 1726716748
15  13 1712898961
0  6 1001854056
13  14 1395195080
15  6 481485047
6  9 716851388
13  2 1458640503
3  2 290102950
9  5 200818587
18  5 1216830945
15  1 787030699
7  0 57963633
6  18 53373617
9  18 1623219780
14  13 1367258421
18  19 142078951
3  10 1871808825
1  14 1424021114
12  17 144047621
1  12 1900822625
10  19 445292992
0  16 1462918122
11  2 683017315
10  19 293267375
16  19 1948007706
15  10 751067315
13  6 545825132
18  14 1469622109
6  8 1487939653
3  4 619580280
4  13 1169192320
16  9 1221877668
17  11 956566086
10  3 1268506203
4  3 186521285
16  0 995693896
17  4 1599182924
12  19 2031134520
6  16 1276878809
6  8 2130846323
11  1 1190625929
14  13 1566572358
10  6 989820178
0  9 1314680267
1  9 475760537
15  8 1301189011
18  12 1923240177
10  3 1573435172
1  5 333967223
19  15 77184993
18  7 974398160
4  19 1810818996
16  4 858620070
11  9 525676229
6  5 101609803
5  3 347004935
14  3 987556431
2  1 300334416
4  1 497031679
11  13 738103670
9  11 930124022
13  3 1502455893
0  5 132276648
11  16 1479717954
6  1 1947922492
12  4 1040350878
2  9 853941525
18  15 1932289378
11  4 321275000
9  11 1871331022
6  9 1845599065
10  19 1571353268
9  0 39015954
10  17 1613253896
16  5 928130029
6  12 953311639
8  11 1999586765
4  19 1039892129
9  17 1189703595
14  6 476026150
0  16 1383852596
0  9 1827864586
14  11 522078657
19  13 1779555526
0  2 1664593439
6  13 1005195336
8  4 453159897
15  4 1647412987
13  16 1411940253
9  19 964372600
3  14 885771479
4  2 968423872
7  9 1597919601
13  9 1455410293
8  19 220633110
15  12 2044981238
5  18 2116579003
12  7 1151079779
12  17 1287555844
10  3 536083216
2  19 168463552
12  6 1884433856
11  12 280754499
1  8 1515009684
