399 20 12 6
9  12 1036538639
15  2 1884420413
1  0 806536128
7  16 995605374
3  11 488506341
14  10 2132654496
10  4 507031144
8  10 254108683
19  10 643389452
7  12 986521799
12  3 1020369768
7  12 1488670893
18  8 1491350874
19  3 876643909
1  13 342635164
16  9 206454138
17  15 629626810
11  6 648056801
19  5 1178451379
2  12 2008578103
8  17 48975643
13  16 968835933
10  17 1159706372
7  1 1683206488
13  7 558007577
9  15 1469563777
9  8 1960013255
2  16 303036359
4  16 878599918
13  18 245383705
12  1 786329163
14  10 1847961670
15  2 1254682581
9  18 1663373629
7  19 1171712046
18  19 10317923
0  7 781405682
11  7 509718985
9  16 270312611
12  3 2050957198
5  17 2135143014
13  10 14451987
12  10 1262221861
13  19 2103564682
6  14 560130993
18  11 478600710
5  13 1390220651
0  11 819602585
8  1 1631478784
1  19 1708841487
9  14 42805083
15  8 36393167
4  5 1293666341
9  2 202366687
14  7 551798312
11  5 2129549103
12  15 1171702480
14  16 324092931
11  19 1584571079
1  4 1116494888
15  12 335566198
4  1 1390566370
4  2 399412888
14  0 186794554
14  2 145367648
8  16 141972599
18  16 964440203
4  11 1719729257
5  15 251686583
1  12 1965898357
15  6 1125863660
12  4 1915543682
5  9 1948670732
12  3 237298603
9  19 898542955
13  8 1097039246
1  17 316838153
5  17 49231629
9  17 1906476818
19  2 1495482257
19  15 1255721698
17  19 1450689521
6  18 627386763
7  9 906129007
8  15 1608716759
17  9 1542728843
7  12 220536345
6  4 1830113524
7  18 579563630
15  14 2056784289
8  2 39512455
10  13 300458934
0  4 1831656964
13  2 394341765
19  3 570469699
9  12 147494378
4  8 1401342878
8  0 580682446
7  4 490972756
9  10 2026219778
3  2 715483929
17  11 1577730742
7  8 925346446
14  3 1400444125
12  5 916369889
0  16 982129948
15  11 293865694
15  0 634072731
6  0 1200048346
14  10 713834603
11  18 1963817568
5  6 408662802
0  14 1769984405
7  16 1878455654
15  8 2013354931
12  10 1144424715
18  11 987497369
16  15 1129303164
11  13 1487657256
3  11 14781481
13  10 1867886105
13  4 985606340
6  11 164693181
8  17 691424411
16  6 827359978
7  17 1918534919
6  2 2131387510
16  3 583340663
15  3 1034089302
12  14 150505882
2  13 1176380981
9  19 1619857769
10  18 1423613604
16  1 1009131309
4  6 206954586
6  5 652481270
12  10 1217986895
15  1 2124548354
16  17 879898532
16  6 964813206
17  5 1411784769
9  7 1117292585
18  9 1957478590
17  6 1797023190
19  16 619241601
10  15 1012232107
12  6 985350751
19  17 1992880990
14  6 1871981403
5  12 1614317435
9  0 141945266
12  9 1744184455
7  5 1334354013
12  19 2119335311
15  6 370491673
1  2 334567625
3  18 271883623
10  1 711769527
12  6 454085165
17  13 194824360
2  12 396269228
18  17 172228839
3  1 1776729950
2  11 1176325188
1  9 2050737479
5  19 911761856
12  0 940350307
15  16 891737084
17  7 1605920278
17  8 968007391
12  4 465084936
6  5 2061951657
11  2 1260326725
6  4 1341444177
12  2 478211619
8  11 882599913
18  10 9089231
5  12 1418753649
9  7 1460701820
13  19 267492928
10  2 124291400
1  18 273049348
10  14 927449976
11  19 1410806027
7  5 1958943721
15  13 1128109552
4  2 1747676655
8  11 2118950542
17  12 1585144995
8  19 996930415
2  12 1828161802
13  3 1624274805
5  6 742347798
13  9 1595644354
4  13 2017623649
15  2 1651365336
3  10 1727372472
14  12 1437348910
4  12 1069878742
10  2 1449522446
16  9 1091173222
16  15 384179521
5  12 1395006589
9  3 104443401
10  2 1765835099
8  15 1160842445
13  8 1987536445
1  16 1425324140
12  9 1730838206
10  2 1876058673
1  12 285718669
18  3 72503369
8  2 531543282
18  3 1178073536
5  1 528199423
11  7 1136673360
12  7 1155485712
18  2 1231416012
5  19 2049698876
19  15 1389897884
1  10 666154141
4  3 1500548178
3  17 1952296652
10  16 1971042499
17  10 459415230
11  13 1400967057
9  7 139259259
0  8 1400788698
6  15 2086954390
16  10 1491255517
5  13 424165801
2  15 1230331855
18  2 1879815701
17  16 813540687
13  6 2093736216
9  8 1809847461
4  16 87037322
8  19 345664092
12  1 1441401613
7  0 785276273
10  16 1988654967
2  4 1053346789
3  14 192211736
15  5 2136594421
7  4 390485629
1  11 451679783
6  15 1902247794
0  5 1476854481
18  8 1823283277
12  7 1575220293
10  13 1476106166
14  8 883948561
1  14 1669906255
1  7 1845893189
4  15 853356711
18  2 6198807
18  17 2056538408
10  19 48754158
9  6 250207394
10  9 151892006
1  13 1781042502
6  0 246308565
13  14 574419593
18  16 378834342
7  6 675420232
11  10 2105690577
18  2 1762537139
13  6 125513835
4  6 1166788626
1  6 1279162527
11  10 1997774832
6  4 1298533176
11  1 1396418574
2  1 1769164578
13  2 497192156
8  15 387479683
3  11 338984053
8  17 1120966621
18  11 62459317
1  6 1333356008
7  3 1790972581
18  15 1953068423
11  18 877433615
7  17 549928569
17  5 163508537
18  11 862238060
0  16 1474688319
15  2 1620664382
3  2 99247174
8  18 1985996683
3  16 1557066285
6  5 183315879
13  7 382884614
11  3 702522203
3  13 559908241
5  18 491708660
14  15 1276247508
17  10 1955797671
0  10 1103814418
10  13 1689607469
19  6 1837013858
16  7 695593278
4  10 670088557
10  12 1875083319
19  7 1470895679
6  7 626617989
8  16 699797899
14  16 1401594199
9  1 343105403
7  2 1168023345
3  12 1352892218
2  17 945882834
11  5 546174123
9  3 305313301
10  12 1607866955
6  7 533370555
9  13 309890050
19  18 1821004673
18  16 182009197
9  15 667305835
0  19 1499171870
13  16 1047089497
9  11 1395593460
7  11 1408618964
6  8 970434765
14  1 1145178274
19  11 48611529
10  6 1097733565
7  13 2023313734
1  18 1761445495
17  15 1594101999
5  10 1981383230
18  12 1979295720
11  5 1634847728
1  18 1020097466
15  13 2046845831
14  5 1861533026
9  13 138498439
1  6 1547154535
9  10 419590837
4  14 1963740267
0  16 1265836737
1  6 1700677599
12  5 624036889
3  13 781626774
17  12 1261035893
7  1 1877594868
14  0 305271046
0  14 2002671843
17  7 1152268205
0  5 564699978
16  14 1984353797
1  11 1996221777
16  10 1578874797
5  18 349779228
15  14 244052119
15  11 1400674842
2  13 1856175244
5  19 609343704
2  14 1752633188
13  6 1184881932
4  9 1602585317
18  4 541378439
1  7 329411209
12  7 549226916
7  11 1229713366
19  6 1039870046
10  1 1063290800
17  19 1233040212
9  18 1878663681
11  16 854976502
8  14 970511223
7  13 1715376775
6  5 287804047
2  17 638660515
0  10 1603068720
11  4 2128993903
3  18 220875570
3  18 2031718493
2  16 2100380196
14  17 2070324482
6  16 336164426
12  16 874778863
5  6 1090632173
5  0 2088305122
19  4 755300355
11  1 2133344687
6  14 1140823071
2  16 465858153
14  19 957310437
9  2 2051791555
4  13 1655019607
2  18 1275904863
0  10 1220974045
14  1 947237374
2  1 1415243840
13  6 856619542
5  2 1814574811
4  1 491350705
