399 20 0 18
12  4 499466528
7  16 1474315989
15  4 967629075
15  18 2121421606
19  2 1102232006
16  18 7379809
1  16 1044415764
11  1 284945066
18  3 1863255410
8  5 908200164
8  3 415583373
3  5 1519191940
13  5 1245049062
0  13 1131128203
16  18 950566812
17  3 381319398
2  7 287833983
11  3 31568919
7  0 967620085
0  2 1965561729
12  13 1383413919
4  15 556834455
4  5 1112564387
2  16 61885684
10  1 1510323930
10  19 478049903
16  2 2142799699
14  8 1793128513
3  2 1135435552
8  7 921747367
8  1 2052729486
14  18 262211057
13  9 715414383
0  12 119694508
9  19 600022304
18  8 111344184
19  18 648787804
10  3 1223970779
3  5 517455870
13  9 687844091
14  17 1454404852
16  1 156624679
0  2 356816643
15  14 1570837420
2  18 1924119701
0  14 2042245274
0  12 812586426
19  16 982340845
17  3 248252167
13  19 1082952432
11  9 1625049408
3  6 761559799
10  17 376481713
13  5 753960664
7  3 1833596873
2  11 1220036266
6  13 1734782401
1  13 715261171
16  10 992972014
2  5 750339849
17  18 1552312248
0  3 765262382
14  6 1414140407
15  10 349345269
8  2 801232560
18  16 184743889
11  19 1353997695
11  8 670964395
8  4 848622096
0  9 1603062545
19  14 1668104686
14  18 254024743
7  3 1814049737
18  4 1284121271
18  3 292881708
6  12 1170838661
7  1 657084583
13  16 136365479
7  0 1544529612
5  12 371830549
5  14 254925377
12  17 564947277
1  16 2141734607
9  3 1094313638
15  11 1986857779
0  13 139119398
19  3 561530443
1  7 585708549
10  19 627303908
9  6 605300878
10  17 1202096456
9  15 379978298
15  17 1243634944
13  18 1455867891
4  12 184956463
2  18 471685724
3  6 1130997871
5  3 588839998
13  15 533986495
15  5 1206600097
9  2 997398770
10  11 597825512
3  5 346522689
10  14 2084649593
5  16 1911754041
8  3 122045676
12  7 1655867507
7  10 618018962
3  11 1806681708
9  19 1557255063
4  3 1550373524
11  16 808695151
16  0 599797420
13  9 42083075
10  0 1419189647
15  13 1937653702
16  11 259166659
5  11 1372606919
9  3 432127072
0  19 152188709
14  9 340348504
17  14 1452825761
1  0 1115700933
2  7 1122005595
11  6 1123341562
7  10 608984609
9  19 1176664318
1  11 1280357494
6  18 1228085504
5  6 586446253
3  16 1884176858
2  5 449944021
15  1 435491137
5  6 1019498106
16  3 781348459
3  9 1085859130
18  7 947998840
8  6 1513425102
16  4 1435851983
18  15 70445700
12  6 593150626
2  14 314586430
4  19 321946616
0  10 190028622
9  4 874456203
15  2 1506210475
13  10 883419436
19  2 1000966920
4  10 1850674557
13  19 698252838
16  15 1217644932
6  16 1591600392
10  12 1362961274
12  11 1010495726
3  8 2047338454
18  19 1668192346
8  18 1361486661
17  19 814430984
6  1 1998182014
6  4 1669528017
5  10 697696941
14  1 1237900346
18  14 1766460419
18  14 2097877494
9  14 1757313978
6  7 28685029
17  3 1164499887
17  14 1169514515
4  14 1826062772
12  18 1719260409
5  10 370299722
4  15 693798358
0  3 1523699771
5  17 1800922788
0  18 524838129
0  16 974517409
3  16 1813969555
3  4 1584246263
0  10 628492549
8  16 1005245331
3  16 598964776
3  17 940341136
9  3 740942632
9  18 1478308052
16  0 1252255840
16  6 1497988912
11  9 724577756
15  3 1290947641
5  19 1237346773
8  4 993576367
1  5 1486761339
18  10 1106910388
18  4 945966022
12  16 999281615
7  9 594505558
0  8 443173638
13  16 1308594803
15  5 910389233
4  6 727099686
19  18 1095663624
17  3 811792940
1  13 532438947
17  1 1752737686
15  14 123022191
10  8 2025368952
11  16 83967522
5  14 217135833
8  4 1703565832
5  11 1220942213
3  15 715797764
15  9 425967287
18  17 220413370
4  15 1863171878
6  5 921337901
18  17 1032800171
9  2 1033998640
9  16 1152805325
7  16 1815665218
2  19 392811274
5  6 306632939
18  9 2135270131
11  12 422937652
19  18 1348322790
3  19 1120482355
10  9 951388213
19  10 1938466300
18  12 566771133
15  4 428725771
8  4 1719804741
8  2 1101346608
14  13 1292357506
6  5 1978786015
1  2 1548938049
6  7 165255314
0  10 1847003049
10  16 2054609890
4  8 628207662
16  6 1179300941
5  18 1852552637
2  10 1094634380
15  19 717326843
5  12 1861191021
5  14 1228688728
10  13 764310414
3  13 557658487
17  14 1647600254
13  2 1978657517
14  12 1069708694
4  8 1129582824
13  15 515007402
5  14 1803896860
3  19 1179218131
0  12 486599134
4  15 361656297
14  11 1103711392
18  10 1864086027
4  9 2014019341
9  17 76572574
16  7 2077559341
16  1 371912590
5  12 472505584
9  11 1245373349
13  18 540431624
8  4 457425565
15  9 877494384
2  8 591270364
9  8 664934345
4  2 1278452429
4  14 880739600
0  3 1367311955
4  12 1649271183
11  8 611803211
4  0 1403876437
19  9 1690966919
19  16 1688400969
17  5 2053917185
5  3 1011512072
6  1 1007625949
5  6 1851710
18  16 942387036
15  9 2083721612
14  4 109231583
8  16 1437421673
17  8 325161622
6  14 802354787
10  9 1076689050
1  18 1527076495
0  5 1196528871
16  1 1358989144
16  15 1733981882
8  15 1895264159
1  13 1501015691
12  9 926799994
11  19 968460691
7  14 816303177
3  5 910880456
1  5 104950709
19  0 787484866
19  9 32769357
9  2 1867633220
17  2 1541625845
7  1 1790023312
6  4 990404573
10  2 1627296376
6  5 1344860105
10  0 18298479
9  15 870977673
1  6 879107145
19  2 1240122218
17  11 2107926697
14  5 1654636601
6  18 829995859
4  8 162926660
17  15 914147352
17  13 1472029044
19  14 173293281
3  15 60786080
12  0 1473376845
0  3 1264259253
18  7 635163111
5  0 667443254
13  10 1828556138
8  0 2015500296
5  13 647128693
6  14 1361447611
12  13 1092619002
2  1 1430749318
8  9 1641027659
5  6 1568893503
5  6 1791634400
0  2 2083248431
7  17 1156700109
12  14 280062843
2  7 1625806587
17  15 1355266607
11  13 162216415
15  13 841781005
16  2 1329986814
2  12 1461912264
5  18 193525191
15  4 1482020185
13  5 284825812
13  18 1589872961
4  15 848750780
19  6 523634703
18  10 1526601076
2  18 553539375
2  9 1689918394
4  9 330973867
12  18 1441445067
0  16 1635244873
9  6 1084704647
2  9 1292930886
7  18 1376866011
6  7 1106693466
18  17 227367036
16  6 639015022
17  16 488798513
0  7 296915800
0  15 388303017
12  4 757936454
1  12 510011807
2  9 190476153
3  12 1116236473
3  15 787451754
11  1 1478202109
1  8 1997662294
17  8 144924925
6  11 2141886500
11  12 1342294131
17  12 872089576
10  13 1677732433
14  9 310836779
9  3 216358184
16  3 1656206017
10  9 2017754472
3  0 1068722631
8  13 725839495
18  19 866333727
18  4 1741499806
8  4 231188657
10  1 247335007
19  8 1468518421
17  1 1846223127
11  2 1580003046
13  11 1138889807
9  0 531508646
4  19 49714460
2  4 714012372
13  10 485906082
4  6 1788997422
19  11 853227015
8  17 1765025018
10  14 1147743422
4  15 1983086750
7  4 794878372
5  17 1941657048
10  11 1709893084
2  15 1214363338
