399 20 16 5
14  16 1025751139
9  10 1307606715
4  3 469221046
19  13 155090671
11  8 627611438
4  6 590589353
8  2 211316868
1  12 1008002747
9  14 522769926
5  19 8926915
3  13 1537869174
0  7 229824927
2  13 951808499
19  0 2127707491
12  3 1420869671
0  2 2124258492
3  18 2136449130
19  10 1413899554
12  5 976389077
18  5 1775364424
15  2 125391783
17  0 1467678889
7  2 1485785046
0  6 1893673888
18  5 936783348
12  13 291321344
12  14 2106158465
8  18 73318199
15  2 1846176071
7  19 1851377226
9  6 2100371472
18  1 232349380
15  4 40794318
2  11 330427481
18  15 1846171728
1  2 499748422
11  2 593095994
17  18 412236516
10  4 1869347936
19  14 771135752
4  17 889074732
14  0 409942993
6  13 1488294414
13  10 512538222
1  3 962646697
2  11 1873618300
6  7 344486585
17  14 624012713
14  11 161849924
4  19 1361871528
4  16 2064457394
8  14 1661008859
3  19 1729071926
12  0 768099439
9  13 1020972468
2  10 1170485952
10  4 2036883447
12  5 206488616
3  6 197472303
2  11 1441924959
9  11 1869755070
10  18 348429175
11  10 413229135
4  0 1484708706
12  2 609602766
18  4 879515495
6  13 949343487
12  13 1826493407
15  0 399508374
12  4 1686501895
9  4 821710323
11  9 1437689038
15  18 685475015
0  15 1592046025
2  7 272748753
5  18 545958047
4  9 1935018941
8  10 706157914
19  11 1482818411
2  15 1410292200
4  14 391501972
9  8 875675097
12  6 1292405420
8  14 135146841
3  16 1562592355
17  4 526521741
5  2 358653679
15  17 149050214
15  12 2087049104
19  17 284764521
8  19 2088506169
15  1 468257882
1  3 1916345794
14  8 319934821
19  16 1500813529
12  1 340812114
4  17 383497449
19  17 296397876
13  5 1337927721
11  2 608685844
6  2 1705335527
0  2 1124407048
5  10 69964502
9  4 1591971715
4  6 1190372616
9  3 1949640241
9  18 1544901154
1  16 236522343
19  9 777773171
13  6 218894238
6  14 1091550310
3  7 1366335758
16  2 1035093603
11  1 492208986
4  9 1206502402
1  3 598202229
7  4 1422821154
1  8 1003007223
14  3 1261136736
6  14 744577145
8  3 1262637988
8  7 790786401
12  8 895072729
12  14 811165238
5  3 242696677
4  11 1175559179
16  19 1957410245
5  17 1107472996
4  10 1893008297
17  14 1595935432
8  0 1409577500
10  15 2015623056
8  12 414654577
6  8 645935296
2  6 1247638166
1  19 1086289565
7  8 457964139
14  2 1762631037
0  17 63690631
18  17 1304937846
11  18 1084361518
10  15 1546239326
11  15 1744100797
5  7 1786083792
12  8 2014977867
7  14 492787744
16  0 1058191978
5  4 1090498420
3  4 646573143
2  10 1389957916
10  18 1396037229
9  7 1944364086
6  7 1929983675
13  10 1193556
14  5 1153512843
9  10 283461719
2  13 613012528
14  8 1335463870
14  17 1208508291
7  18 1055815509
4  9 1064176223
14  4 114207202
3  8 1277706762
1  19 1625576562
15  18 1212542406
16  3 1759524842
17  10 263603511
5  16 2124618830
2  14 829223486
15  10 1933162708
13  2 1980019475
15  9 1648312477
1  7 665899933
2  18 263298281
4  1 1052124265
12  7 1547267591
10  5 109810558
2  10 1875359976
14  15 257680548
12  13 2071463648
3  1 653868911
9  3 655397791
3  2 319920612
19  1 1865490887
7  12 1706230802
8  16 1025451524
1  14 440214272
14  18 1952430724
17  19 781282316
14  9 1849538107
6  5 911322900
14  3 2001873259
9  5 1535720254
1  18 1176987655
12  16 2061441479
19  12 1146786068
15  1 479313985
13  19 392304300
19  7 2003459019
4  6 1436655712
17  7 151099947
2  8 1680523353
3  2 151099579
7  8 1842059757
17  3 625664862
14  1 1530903951
12  0 563622993
4  12 96040350
14  2 707354572
9  11 488151651
2  1 527674501
12  8 128555114
9  18 104441126
17  14 823913600
5  11 1813658788
7  1 1617923102
0  17 1428120581
5  1 138567434
16  15 38863203
18  4 1329503134
13  10 484561850
17  8 656109264
6  9 1282034756
1  17 1388249392
17  12 1836694974
19  11 307802073
11  5 1715795924
6  9 2079406892
10  13 2120218526
8  16 1370394041
16  4 1392269789
17  0 1663572719
17  8 697149961
15  17 1406664910
12  11 1460653470
16  7 1011541824
15  6 1022502752
13  1 2123920400
19  9 514803469
15  6 2020753290
2  19 116181724
16  18 557316448
18  8 402159332
18  10 835110716
8  18 2114554796
8  0 905342609
6  7 333381941
3  15 1623328864
6  11 2004614031
12  17 92420562
15  4 2131825160
10  14 1393552161
8  10 1911790651
2  7 1382667175
2  5 1146276252
12  9 1433726912
11  12 1999389224
19  12 1968267769
18  7 1213474336
6  9 2116668062
19  4 2043303225
0  18 755422794
16  18 1713978782
14  16 316742866
4  11 1440799973
2  17 1177335234
4  9 1040864418
17  19 638505342
2  1 1577378094
11  5 1539759510
5  11 485280555
0  19 452312816
13  6 554693763
18  0 1108353831
14  4 882861769
15  4 637227674
13  7 99093004
16  10 175352986
15  0 597375019
13  10 647846061
0  10 804736974
15  2 2124929523
6  19 1274106631
12  14 1710702615
16  17 1799217801
14  16 1232257534
12  6 539405207
19  1 199439660
18  13 2134059755
16  6 184640337
4  3 98772844
13  1 262348369
14  12 1781687334
6  17 1482710870
9  2 1151227547
15  8 1318919875
13  17 1922805370
19  14 617968540
4  9 1866686710
18  13 1704712732
5  12 137147002
13  18 269994662
15  4 1068884855
19  7 477978848
14  12 761046563
15  7 1482407535
14  4 246962707
6  19 1358482887
15  16 458275212
11  16 1961302840
18  4 1261404748
7  16 742908232
16  18 108388369
12  16 1784237744
14  10 1181174553
14  5 1145552855
9  1 2141524067
12  0 750357232
11  2 135602150
3  9 1987318851
0  9 170531056
18  6 1480558097
2  16 709253329
15  6 1565835371
18  9 940744856
10  16 1767262650
11  2 848443723
2  1 1213168306
8  3 1266527180
17  16 730731186
2  6 1602263505
16  9 816832962
4  14 968789852
0  5 1486574472
1  9 1106598826
19  13 833867172
16  15 864147191
2  18 1835715141
12  10 564164627
5  3 602131513
16  5 437594517
2  11 970025435
19  7 1414582891
15  7 197625407
3  17 1359325712
17  14 1595864979
7  0 803742465
19  0 1227233881
19  6 1724110865
6  14 429921798
0  4 1890046112
10  15 2024757766
14  13 67910279
12  16 1397584529
7  8 1315621729
10  16 1195579116
15  19 376799778
6  15 1117374876
0  17 1751227259
1  14 516809677
5  19 85544074
15  3 1054642981
4  5 356799688
15  1 2125218076
14  7 680599840
3  14 1862409886
1  0 2022547057
11  1 593242526
6  5 755504622
3  17 27690421
9  14 231508982
9  5 553886705
18  7 1698278888
10  3 1240858347
2  10 1863773274
12  2 491995337
14  7 1893480314
15  18 369068969
4  9 1394419831
9  11 1208113205
14  0 1203740532
8  19 1150959340
12  4 1957880985
3  14 558425853
19  18 41479550
15  10 1453215694
2  17 1311108410
14  7 1962283020
19  14 290723676
3  17 66627928
16  18 132546175
18  7 720778116
8  2 1396724110
15  16 1562342853
17  11 211754996
11  3 362686759
17  0 1345623076
15  17 261400783
3  6 243449820
