399 20 16 1
7  13 432960146
11  2 1186130960
9  14 2034569141
12  7 487988953
8  6 1646460593
16  11 840607846
15  14 1468214373
19  10 90672841
17  5 308389778
5  4 345084395
16  11 392869505
19  15 30322298
11  6 603498779
1  12 1705100151
17  7 1478731170
17  3 246635477
3  17 121231143
7  3 1565492401
15  5 1527279262
5  8 967831486
13  9 999175389
19  14 292122302
8  10 218322187
19  7 1985305027
8  10 630637811
9  0 1970986590
4  8 1245348709
10  5 1840669751
5  8 960275255
3  10 1473494296
3  0 1820322818
4  10 100374680
2  6 179030327
19  16 2115368272
19  17 1531266782
16  19 609947461
1  8 583009845
4  3 1185001569
5  18 1369104949
12  7 781546353
7  12 1933723959
8  4 586301601
5  8 441413012
7  14 618525225
10  3 1883176922
19  7 940332421
17  2 1421603538
8  2 581989309
4  14 1468250453
0  13 1447668798
13  18 581951990
19  3 550458078
19  4 864268066
3  19 1416582884
3  9 1020926431
19  18 728245759
19  0 1413532285
18  2 1410090627
4  1 1092803555
17  11 1080205738
1  18 404939502
8  3 1769045180
10  13 1223246089
14  19 144716399
10  13 808502738
17  12 617053282
8  11 1413325552
8  1 940045201
8  15 139829925
9  13 1382009978
3  19 1395219075
10  0 518121827
6  19 171515325
11  17 409759378
4  6 281932676
5  4 1430293528
17  5 242828971
17  8 237173052
0  16 844891063
19  8 1674929061
0  18 829160074
18  17 1541636069
13  14 1901603257
12  1 762462008
13  0 2115772517
5  12 1102272408
17  12 1612017205
6  14 994040279
19  4 1949452338
0  9 814936649
10  13 1098517483
12  2 1652576490
15  10 1514480446
8  6 865187013
2  8 1430579404
12  0 759374561
19  16 324231979
13  2 732159136
9  15 1577886161
19  6 901007641
6  13 786711945
11  5 1918451768
8  19 27673129
8  12 1732498140
15  13 483655820
4  12 1225017576
11  19 998595482
0  2 1113187353
18  13 908730229
12  9 1224325735
0  9 1903543295
13  1 1899560629
0  5 713010717
1  11 149112610
15  3 1093143842
5  9 2027931939
13  15 1216786888
0  7 1453211137
7  18 94107296
15  12 1126554936
1  17 285724960
2  11 1264956886
14  5 1734568346
19  13 151122632
7  0 13360369
9  11 2100398875
3  16 57572505
1  17 1308160038
19  8 644083836
3  7 885668793
18  11 403287328
15  18 1635427899
1  3 1661855237
16  9 1591945950
5  3 1419368104
3  6 628134437
14  11 1006369975
8  19 673723784
8  16 1217084020
0  7 53392368
16  1 2122481467
8  7 1731201914
11  8 609548589
3  10 1912974984
8  18 28464329
0  3 1975472394
15  7 2128592169
12  8 2055671212
16  6 745532950
9  15 1566745543
0  15 1239176345
14  2 2057457216
16  6 780959506
5  9 1910523792
8  12 65107193
19  11 397616143
11  17 544885213
17  0 300670440
18  8 1705773426
15  1 2126092686
11  8 1373688063
12  19 1075319840
16  2 1151082172
17  19 935385154
13  6 1934145935
15  1 668927153
1  16 864725938
7  18 1197618471
7  12 1341286405
13  18 749857276
11  8 230436957
11  7 521225231
1  13 1766680698
9  16 1435370368
12  8 2056079276
17  5 258392903
12  0 1855921308
0  18 1251046523
0  8 871454005
4  5 550964366
11  18 1028770528
12  5 79754865
1  0 2009638528
15  0 907252026
11  13 950214929
7  3 1777605135
7  6 1057798491
5  19 1898971272
14  15 1991974737
14  1 180516522
16  15 132250226
10  2 1969306391
2  18 66580308
10  12 1714660154
10  0 952480578
12  11 490424709
3  19 1783766570
14  2 501870488
18  10 264955188
6  5 2064043610
3  16 1103545203
15  0 1555081003
9  13 2135132817
10  13 515284002
19  2 1811145702
7  11 1606510154
12  17 1308052015
3  10 1676318487
2  8 2060733009
16  0 1155963899
13  6 624201830
14  3 1990222805
15  13 1996671586
7  5 724258472
7  16 507236189
12  4 1987586782
10  13 2112657726
17  16 411623946
13  9 1871288574
10  8 1093621521
1  17 244474362
16  6 1429107746
18  2 237244342
17  19 458483740
10  18 1904108953
17  2 2042785477
3  2 1277391271
18  17 158126283
12  17 349896710
9  4 1421429488
13  15 613567321
1  3 412045009
17  1 307085431
7  14 405034838
11  8 227484463
19  9 994885474
17  10 1425212184
15  17 1088331492
3  17 709095520
14  7 38378154
10  5 1479826827
18  1 403501331
19  12 1040575258
19  4 180453014
0  13 964661713
15  18 1764919664
11  15 1635873939
9  2 1716473241
11  5 2018601816
7  9 63406492
1  6 458866952
1  8 1617138517
7  12 1422462204
3  9 702776683
5  15 362003283
9  5 1566321751
5  17 1570334461
3  8 1619320674
19  17 890558276
10  12 500996248
0  15 40562391
4  3 1423932795
11  0 1781776847
2  16 853778255
3  12 989674696
9  8 818616106
8  0 1131868109
8  4 639237917
16  1 43288053
15  6 1887186678
10  0 815921658
14  5 1493504554
13  3 1618164719
5  10 1693433283
17  13 516813443
10  14 218116685
3  9 449027173
11  13 1468967538
10  19 2049982837
1  10 1479205420
10  5 1707135634
14  18 1850108440
1  11 1466470552
1  9 977619224
17  7 250377271
16  7 1620807116
18  15 435566807
0  14 399016157
8  12 1480060887
0  14 310622346
12  13 1026510900
12  2 1967020190
10  13 1232219242
8  5 1718813539
10  0 1695951923
3  8 560795802
2  17 1531441440
3  2 263457822
3  10 1461829897
16  19 1242171397
12  4 978234126
10  13 853941447
5  0 563427731
19  7 787631892
14  9 1082840014
9  6 932501192
13  10 528166636
5  18 1757372545
9  1 1266030779
7  4 1465233093
18  6 1753778760
17  6 993597009
1  14 764458950
18  17 1291412344
19  16 80532975
1  14 2132092103
5  15 982356234
10  3 1626853286
2  19 301785827
14  18 418806185
12  4 1790320758
11  1 1907703989
16  4 1461332311
17  19 48584180
10  1 792671007
13  4 2013470959
15  17 1329256093
3  13 561278311
7  16 779548953
19  14 1409081533
6  16 420031224
1  6 1358739526
1  16 483578322
9  2 784485278
17  8 306308128
6  12 1415492946
13  7 119821237
5  19 1586397481
7  9 1075108414
4  0 114597351
18  10 1493260798
8  18 2109185011
4  2 1381216285
13  9 686556938
5  7 1992727397
9  16 33895326
13  2 994091411
4  1 314603247
7  6 636381560
9  2 522737120
17  4 658853159
12  11 1661903192
3  9 1588561934
8  1 1394477797
18  11 706109825
16  12 2069068161
16  1 1657405128
9  8 1673750639
17  7 709816474
19  2 1021584368
2  9 1491029701
5  7 496463918
4  14 90580660
18  4 463396626
7  13 1130151120
15  11 843389561
10  5 1503681774
4  2 373966251
2  10 183471304
18  4 1908540307
14  6 1965415299
4  11 947286802
7  8 110810166
16  3 1149434985
1  19 676477396
13  8 1687839870
5  1 1056967895
16  18 1606478917
18  1 2030108883
14  4 1264673006
6  12 83235325
18  10 1921708022
15  0 871076486
18  3 1556442005
3  9 582650467
9  13 1408431944
13  12 1488245660
9  18 598553501
13  16 247705976
19  18 1402424471
0  10 1685215132
14  7 53529668
15  11 269281721
0  10 396028535
18  17 2038653412
4  0 1564571143
1  9 516396819
17  2 1976316315
3  4 1493720111
