399 20 19 7
18  2 1255765965
16  6 2115585
13  3 904408374
15  5 1802725622
11  18 1955566358
16  14 2111688857
14  9 989756362
1  13 1759473791
9  2 223776459
7  4 1902014512
15  0 1646204337
7  3 60592965
0  17 991899771
18  1 1116220654
0  12 770707439
1  8 565924000
5  15 556001021
18  10 356558933
11  15 1544208735
0  7 1755725328
7  6 1718307678
3  4 1741322651
19  7 1935186560
14  3 1215682293
18  5 595835669
19  7 863455136
0  8 2047175498
16  2 1068939405
6  1 1633612982
10  18 162253088
3  0 1697913964
9  7 1412774536
4  8 1603909530
17  10 1750798523
2  13 391066121
0  17 1838354732
1  13 236708982
19  13 1198660658
15  5 608402852
3  2 494504419
0  6 1072986351
3  0 178158762
12  8 1118639865
6  8 1469443815
3  7 1263433056
13  17 655673240
14  5 1007796059
9  17 1220576391
8  2 55498813
6  12 109267467
12  19 1476435189
7  16 1571261989
14  13 550965268
17  9 340869598
10  17 1009625667
13  0 1606169276
7  5 993652339
16  0 973669818
13  16 219293121
4  6 725156263
5  13 2056006189
4  16 895148641
12  2 222927
12  1 1078619971
18  4 1216659633
15  10 1876894618
3  2 1396079481
17  3 510543459
10  9 1163167733
1  0 1699857800
3  5 115473338
5  7 363589452
17  14 1834958890
7  9 464871121
11  16 2069543812
2  15 448334002
11  4 1451118955
14  3 147329
15  16 163653373
17  9 2045187414
5  12 1524488282
6  15 926459171
10  3 13392324
8  1 550094623
3  15 1583055654
1  7 656985900
13  17 219387907
14  17 301933369
13  6 97655009
6  11 937817513
8  9 33835972
16  13 2106548888
12  4 478345618
15  7 346147603
6  3 721745953
6  10 664406391
16  0 1677912221
9  14 274772027
13  15 1217895201
8  6 622637046
15  4 1205606358
9  17 886847865
3  6 976007371
19  18 1814509219
15  19 1116774594
11  6 1101657145
11  10 480890487
2  7 1572129141
18  5 237974874
11  2 482804582
2  10 331073565
16  15 651403622
16  11 729874661
0  18 1016412937
1  17 331188282
19  14 1635517061
6  10 737224189
5  19 36802075
14  10 218013012
2  5 408581516
6  12 1277787635
6  12 1863657250
8  17 260891531
0  3 997801221
7  13 449185167
13  10 1547091778
16  9 283000179
9  0 311443985
2  5 1421245482
13  4 1389887378
5  13 1489815995
14  2 1221099512
19  0 1965930110
8  11 1322558724
10  18 734937808
3  9 1442240299
18  15 1606562157
11  17 1414282532
16  9 1183050325
2  6 1058705438
11  7 1362822525
13  15 1823425759
12  1 274500580
15  5 1376518698
2  4 232679668
1  4 897234412
1  18 478772539
9  19 1143520444
9  0 1085899533
1  10 573748324
16  11 610507884
15  18 1797170354
18  11 2134169615
1  4 1942832216
12  8 287294742
6  10 307502792
14  8 1867276524
7  11 680456342
18  1 1221951493
11  5 531108049
15  1 2047798576
4  9 339151197
5  14 1294683248
14  3 138274588
7  18 280853751
1  3 678604347
10  6 1476126834
7  1 455094998
15  3 476449906
15  18 118830871
9  6 927320803
7  16 63075883
2  5 404651510
13  2 96616662
5  6 1884371969
19  12 1521195327
6  13 1358725476
3  6 153966110
5  8 993718868
12  2 989078009
2  1 2079490658
7  13 1077960712
4  5 1227309166
11  2 570515582
7  9 1000701594
10  6 2060883739
4  13 135491733
13  14 1501820596
6  18 144151308
19  17 601819289
5  6 615829822
14  13 265795980
18  4 1534131551
8  19 671287877
11  17 940101272
17  15 249504561
0  13 794166648
12  19 678469488
2  1 2029086531
13  18 1777207576
17  3 223976288
3  0 1252987768
14  6 1035811131
8  14 1902973957
3  4 1875774203
2  13 2107261587
10  8 1445274849
6  13 1746806631
7  3 830164430
0  10 781025128
9  8 226354633
1  19 1346057682
6  3 140085488
1  7 1874441229
0  11 1508046695
11  13 2088711925
5  14 406722831
9  2 2035865052
18  5 1714189878
3  19 1120124004
1  13 1564513548
9  5 48932863
19  5 2008365238
12  2 580648285
16  17 818199814
3  13 691074972
6  19 297506646
13  3 1215296942
13  0 283499083
8  16 646097385
18  16 1719594134
18  0 2010934750
6  18 1787748153
10  15 1715154381
0  19 1737206358
1  7 846272976
19  14 722308962
17  15 1104570353
0  12 1655306516
3  2 50349194
16  3 585813892
5  6 1231506416
14  12 1565414793
6  10 1351802664
3  17 1138467976
12  10 23835272
5  3 1154505999
8  6 973512353
5  11 1056071946
14  7 772300523
9  4 640119578
16  7 513328959
1  13 840718616
1  10 174236926
18  0 1517940105
2  7 834289209
14  5 2106916504
6  16 110726949
2  12 953494604
15  18 1564855959
15  12 1314786618
19  2 785362780
14  7 196179692
16  14 95171454
3  19 173190346
10  7 1254470469
5  1 1840589856
12  11 1564089987
10  7 1004959125
3  12 1164263730
13  5 1732300391
17  3 1978616178
0  7 359075470
10  5 1427304289
19  15 2087686337
12  18 726472609
6  17 1888226489
0  14 366021551
13  9 1677628242
9  2 1317642225
5  9 1449271209
12  19 1616993652
18  17 1891722802
6  15 446126245
17  6 1332716663
15  16 346055477
18  15 233255286
18  5 1378070339
4  13 1310848250
14  17 254943132
7  13 1193278462
8  13 1562993699
1  6 1217574561
9  3 419292611
16  17 502871502
11  9 1298787770
0  15 1260685303
5  17 1648785854
2  9 306593039
7  10 1797173859
4  19 658705829
1  10 2078445597
18  11 449580156
10  9 680707782
19  0 1598156514
7  3 21861458
8  11 506501110
3  16 199829479
13  18 1164462990
15  5 2078750609
10  5 1546618318
2  7 822232398
14  18 1017446093
1  8 1435384891
13  0 1016915617
9  19 1334474977
19  10 1594957934
7  5 1155268325
13  6 510742640
1  15 1142565188
5  15 1875496337
15  17 1704018590
8  6 29656558
2  15 1762867349
4  1 1035749397
6  5 429991439
5  19 574280866
3  6 1061713967
10  14 1688869686
3  1 1859663367
6  0 1550442978
18  15 30898789
3  17 1938710106
9  0 679923747
0  1 351604512
12  2 464226651
4  5 479111993
14  2 995719450
10  18 420868567
15  18 20818302
19  1 310576132
17  6 1416508329
11  3 1927954445
13  8 1771050161
7  0 1505087782
11  18 849096558
4  13 1029905971
8  14 680134951
8  5 431625452
14  0 1354935601
4  0 1365935294
5  3 1975342344
19  13 2063791027
19  2 651825258
17  18 57202838
14  15 768032321
18  13 1410127653
19  5 1474119403
4  9 2029785386
6  14 837652544
18  3 1032827973
2  4 177540741
0  11 1379604680
5  11 668483300
10  8 896686189
16  12 1364517722
13  9 91995631
18  10 1232184028
15  6 1594022283
9  5 761873218
11  7 603808423
9  17 326436907
7  6 1440590186
3  6 1199272122
6  7 239063674
16  12 1879985404
18  4 1737539506
8  2 1572214002
12  3 305188442
9  14 2028327185
6  5 213734893
19  13 510575193
13  16 133971641
19  4 757790674
6  15 520125522
6  7 927958516
3  10 1672849114
8  12 206580437
10  9 1818841207
12  16 709058116
9  14 383304183
5  10 1654522359
0  15 1293657244
5  19 226481479
2  11 739243354
3  8 1668170959
19  9 1492041505
18  17 1099914875
12  8 1591284159
