399 20 14 7
6  1 1491064587
19  4 59684728
4  7 1260706427
8  3 150027862
12  11 197969673
3  11 1797650791
19  18 21420996
1  6 341701899
14  18 628829982
7  12 844923650
2  9 824054121
16  12 596626242
10  7 1535358857
5  0 505695128
6  14 1949412925
7  18 641192838
0  9 1570790177
19  2 335262162
4  1 861103484
4  17 2017742124
1  11 234706253
0  14 888100951
16  8 1381210158
10  17 504575101
0  3 1093390633
9  16 1447537353
9  17 962018734
15  18 1946965880
14  10 227296859
9  6 127463282
18  11 1525154116
10  3 1602653676
6  8 2135016962
10  13 408733314
0  11 1468092304
9  10 149553025
15  11 370917417
18  10 1246771280
1  3 1475505770
2  16 146630456
14  0 1905343949
13  19 1735785456
15  7 682105037
17  12 1940286293
13  14 690178319
11  18 1327753288
5  17 1663900941
1  2 259917729
13  9 758479952
4  6 850008390
18  15 1869952555
14  4 1132064634
1  0 643611166
11  8 1822396794
14  15 1532860432
18  14 1166682361
11  17 2140080305
0  4 877994540
2  6 1638554547
17  19 2109355658
10  14 28642185
14  9 1779802494
10  16 219804541
4  3 469113126
11  6 476996323
13  15 1252080964
19  7 151212952
17  6 1731939879
15  9 1711028938
9  12 671787023
4  12 2111828406
9  16 1694943663
14  12 266407809
10  9 155418715
10  7 1188594971
12  4 278576620
9  4 935167138
19  15 1921181092
16  18 1144295512
4  13 1040003052
12  3 1207073762
6  2 1699357453
4  17 1245802173
17  11 1321639109
15  11 1780817408
3  16 940778396
2  1 1795356903
1  9 1644735516
7  14 1868119506
6  14 312411192
12  15 384167000
9  12 415777176
5  1 799621466
2  19 1972036421
12  17 1485212441
7  9 963957119
11  7 49543306
2  19 744552025
19  14 445784254
15  12 576550693
10  4 282147168
5  13 2143056968
5  0 118564553
2  16 2068137061
5  15 167359747
16  18 500330206
15  10 1467796687
18  16 58408237
3  9 124320209
7  9 1878603796
2  16 1175507036
6  4 910043078
14  16 1136932546
6  7 670905223
4  6 10883378
12  16 1669076153
12  3 2000285365
15  10 167251813
2  17 1355840559
14  5 476210114
13  5 1865139086
10  19 1721524891
11  13 293966878
13  5 461299068
14  2 801209930
19  13 1020212478
18  8 2030198000
11  4 674229878
18  7 588644691
12  19 2028309390
18  1 340783154
6  3 315704740
11  0 1032963078
4  6 789186836
11  14 1234941498
3  7 635596261
4  6 786711579
12  11 1788704679
14  8 2007722027
5  9 1123935733
8  9 827272009
0  2 337248873
2  0 1941666452
12  11 595188136
13  14 1096901328
6  7 1094591702
14  2 750588774
6  15 959233757
0  16 601880688
2  1 185553677
15  8 170192483
16  17 2100130701
18  14 51319447
13  12 1106745857
12  7 426745625
10  17 2006299145
0  9 1029322699
0  9 1569078333
19  9 345514181
0  9 1575014053
12  15 1487431908
18  5 1441853585
6  14 752154559
4  14 1967289412
7  13 1306510385
10  11 1039095868
10  8 374453903
11  1 895798972
2  5 422443045
10  2 2025687362
18  17 2095997249
5  8 1934171313
11  8 1471417338
18  16 1621220284
17  15 165924541
10  19 2086823470
17  9 377074543
1  15 642488174
1  10 1767110067
2  6 1944652705
13  6 789735599
12  4 307590932
0  12 878631463
19  9 1642852876
13  15 1589650625
4  11 355481577
8  7 864970831
11  0 1055545711
8  16 61556971
19  16 986738368
15  13 1143600004
8  13 2093447158
0  10 952843267
1  5 441855933
6  19 90420407
4  14 1160669466
10  8 2124947442
2  4 1493466097
7  17 1756179489
14  11 311469359
6  17 633367729
6  0 137518279
5  3 1140758521
17  19 287935779
5  15 214616960
17  13 759465376
18  3 169526209
9  10 502522058
3  12 877636259
0  8 984491159
4  18 1623681477
11  17 136012653
19  15 145672044
1  14 1090490288
5  19 2073513623
12  3 384724267
19  15 1836005003
1  3 668470617
15  16 1026441593
17  5 1586216131
15  17 7973262
8  11 1912262651
3  8 1333372006
13  4 1322033689
1  15 951258259
4  5 507484420
8  18 1106622827
2  18 738109574
17  15 1469753403
17  8 366123118
9  8 812974049
19  12 414874119
16  3 1698287514
7  12 380671668
19  18 967043062
10  15 1624139482
2  11 1196569099
2  8 112873837
15  12 281397859
11  2 1094759001
11  9 1412535690
19  10 7646256
5  9 175840517
11  0 2027623350
18  11 880834086
0  19 756412569
1  6 1504054686
13  18 577932365
17  11 1714544232
15  5 1781869502
1  17 477177858
2  4 1521961367
12  3 1815664194
15  12 734126030
9  10 1200640593
9  4 1411160379
11  2 1129484872
9  10 2059430982
6  11 1623363037
2  19 1234653136
8  6 290979265
12  1 712257960
8  3 1656222727
6  16 620065617
2  13 576127172
0  1 2082175452
18  14 830543683
12  11 658418650
15  9 279813642
15  7 2026835683
13  12 2018857987
0  6 1268114665
3  17 609072765
11  16 2065276830
12  9 1220105066
18  17 809115697
5  19 1761095045
2  0 325733672
16  17 1203397581
0  3 848341179
3  19 1420236275
3  4 581422334
1  4 878629150
14  10 774743134
5  0 463723787
15  19 642665279
5  15 1371433859
11  2 24066200
19  12 1114810941
15  13 310634708
0  5 1716737664
7  0 369135464
15  3 1637333447
9  12 1561720280
4  18 1309570146
19  3 271522504
4  19 1331765599
14  19 375748537
4  15 1425145207
15  17 2032632211
15  17 418518385
11  12 928099166
18  10 1769195264
13  15 67898978
2  18 858598147
0  9 1709092935
2  12 1467244572
19  17 1215108912
3  16 1755423014
5  4 1423959021
12  14 1205673172
12  1 33031554
18  3 1654723920
18  13 451606884
5  13 367164061
0  2 2013483343
3  4 612563004
17  18 398694625
15  10 1835113688
4  14 1587834354
12  17 903413772
10  1 1069857078
6  13 1648481106
19  8 1926191131
18  6 523180671
1  6 565366179
15  3 273712460
5  18 495648110
4  11 554639533
3  9 1183773125
7  3 2078764356
11  18 1466460109
2  18 435564290
4  17 70777215
15  7 1009047676
9  6 181108157
5  0 1654981576
9  6 1549787938
13  11 2115914186
0  8 549435487
5  13 88820687
7  9 558215971
6  7 1001770308
13  14 1324455974
14  18 1784219398
14  1 828606609
8  14 1712703256
0  11 1617392313
19  16 1233835207
12  10 865139234
5  17 1516768145
6  17 1902798078
0  2 1975065531
16  3 1724747539
11  5 1116523987
1  17 1435868311
2  8 982066898
1  11 945798762
4  0 444565496
0  4 857808197
9  14 1624132129
8  11 920540203
11  6 2027015717
19  4 381092079
18  2 1014306632
6  12 1513975247
17  4 1333527529
18  16 1493567871
5  17 431437418
8  14 1092421598
9  13 1376969098
14  6 1410304646
15  11 450913185
7  8 1069522493
13  19 667455832
19  13 1236536909
14  6 367287626
13  5 1792665678
8  1 1599777044
1  14 496407863
16  14 1523091505
19  11 204524365
10  13 681683846
16  10 1447726776
11  16 1393706839
16  14 97555073
11  13 792401009
1  19 688729225
14  16 1012171104
13  14 177131662
8  1 1121900427
1  4 1769747930
9  18 2121536807
11  10 1185126171
3  14 1763171610
18  1 1598239766
16  17 421759879
16  14 1815724879
6  0 6478832
