399 20 10 15
7  8 413967057
13  3 981071851
15  9 618824257
3  10 255263344
4  18 871495925
8  12 490711531
2  8 1122249101
15  19 1650986361
13  2 609318289
2  18 961825031
3  15 679408199
0  18 1857396226
10  18 1847991278
7  6 131294635
16  12 1525832556
6  0 1810236670
12  10 1998427147
2  10 1309047228
3  10 11264476
17  7 274960095
15  10 2073799634
4  13 1710682282
9  17 959118286
16  8 552565656
2  13 257979646
15  1 825312256
12  5 2086372843
6  5 1473121804
14  2 297845062
8  13 1510576301
11  12 1850999125
5  6 649365123
3  2 1802465944
1  6 694303704
10  15 2122023512
7  17 1420949311
15  2 2002481256
9  2 632522715
2  18 1498282509
15  16 162683499
10  14 1178072982
11  6 802101604
0  11 1065522827
15  14 1235061670
4  14 2029403751
0  15 297412686
13  17 1640994446
1  14 989579962
6  3 1864565939
5  8 1094252664
0  19 25212585
15  0 2122341548
14  6 1980819123
1  3 1699513418
7  10 2028174287
15  5 1079338131
5  19 1302873375
8  3 859848794
16  19 235277166
6  12 1605250503
13  7 776309981
8  9 141932746
3  4 1694224295
15  19 916382411
1  17 1480579115
0  10 20529132
17  18 2041636687
3  9 393655032
14  1 1524394020
15  10 790691144
14  13 1781463218
0  11 1297593720
12  1 1609162987
13  3 706440177
11  5 1867632723
8  18 1865004248
8  16 569927079
13  19 912774177
16  19 386228922
17  0 1050638296
7  15 632016858
14  3 2044134596
13  16 1535626756
12  9 1939568815
13  15 1383380921
17  15 1695376808
7  9 1964672353
18  10 236263843
15  10 1352846814
9  10 1129198045
15  13 562548526
0  8 790506844
1  18 321811356
8  4 1751425769
16  9 1600306021
14  12 885306540
8  2 1535080887
15  8 2070949194
17  12 650024353
11  16 690409520
19  3 584111673
18  13 1141537575
18  4 2069868072
12  19 1018738545
16  4 397740633
16  8 32520563
2  14 1340200814
10  8 1349048213
1  2 27609706
7  8 2084834946
10  0 384735915
9  12 687025748
5  1 208802446
10  17 264529254
12  19 516426179
11  9 724806799
3  12 28424068
9  19 1540847281
7  19 486894216
4  15 1686397153
1  7 1103135641
10  19 982462378
16  3 270205779
5  18 708622120
17  13 829629081
6  16 1205147620
7  8 1021725738
0  9 1405209913
9  14 360465033
0  9 1595839068
18  10 1654060060
9  3 547562285
7  13 371944228
18  4 1115933692
0  10 553905119
1  18 2001984257
19  7 547811547
17  2 287540568
18  2 686259098
19  1 1629897137
8  12 479005931
13  19 1797506840
19  17 1360936396
19  4 576927121
8  14 1547582118
15  2 442057411
9  3 800964819
11  16 1690088417
8  19 602307620
9  11 1445918237
7  6 843485617
19  9 167775149
7  4 603979
16  3 1327869061
1  2 238261475
4  9 911342936
13  5 1393542167
11  6 1277507637
19  16 1165079466
8  3 2132886265
16  15 1906142858
9  17 1887556514
4  3 655282095
8  6 638533762
15  11 514082671
9  16 163280274
9  17 1548685240
15  12 1341275324
0  8 1253752230
14  4 999610720
16  0 1181390753
10  18 1592270789
4  7 1987844127
9  13 1315573864
17  7 853281480
17  15 1058939646
14  13 360201522
19  10 1895786881
16  2 498226101
13  15 1876380853
5  7 1951368069
1  17 1256600669
16  5 955970939
1  13 1238274633
0  4 1195939770
18  14 277878356
16  13 398766864
7  13 2128930539
14  8 1505137871
12  14 2020027915
4  7 1959054211
3  18 1611055332
16  10 5114235
10  13 306669601
0  13 1401889967
17  5 135841774
5  3 735590119
1  0 152829440
1  3 1404622006
11  3 924913864
9  18 802627052
10  12 1512096617
15  4 1249700753
12  4 557834570
16  9 2067144415
7  17 1789412357
9  18 1586887064
3  7 1917874073
5  11 1072278493
7  9 113798429
3  7 481621059
1  15 1296063541
18  9 1349149866
17  6 928602342
12  1 2033305136
16  5 961536674
9  7 519088653
16  7 2063369341
13  15 155208513
6  13 256778902
0  12 2055480831
15  2 1807275122
11  9 189299384
5  3 376331698
4  17 1532144542
8  7 963289896
7  15 1520892699
12  2 1587923098
2  13 1732879101
13  9 1422064629
9  4 871367981
10  12 825793418
3  14 218374915
10  11 1528697839
15  0 316266268
3  13 1560661657
0  13 1875843390
0  15 1299401867
13  18 1614182629
18  0 1449795595
12  3 1608160807
19  18 2047798719
2  14 1301820188
8  0 1558675343
12  6 842577094
2  16 1129606060
1  15 205610701
14  5 1978421249
13  10 1792213539
11  7 444518649
9  10 1089031491
11  5 1629652598
12  5 1873001022
10  15 1425703459
10  17 811712378
7  9 2002275486
3  10 1251618885
2  6 1708555159
11  3 306265374
0  2 980826535
8  9 1976788012
11  15 387274902
2  9 931454371
4  5 1714765440
4  12 1552776755
14  11 964638589
5  17 213641
3  11 1229041844
12  2 796194679
11  7 2110426571
5  13 306834075
6  2 286749665
8  6 1730554421
9  16 1853905479
9  14 1045285775
19  14 1776283661
14  1 698171413
11  7 552692747
9  13 742179580
7  1 1657451588
9  6 2094164072
19  4 1888815699
9  6 2047433429
12  11 1759514249
19  3 1337143810
0  11 324401268
1  7 700821820
9  12 1503812395
4  16 1895032507
2  14 601643512
4  1 127591270
8  1 1923869769
3  19 1957125345
1  5 773001509
12  15 1374864999
17  12 104859325
9  0 78942429
9  11 603670245
13  19 2030202068
2  18 220217320
16  7 2132762600
7  8 1903193504
2  5 252852869
11  10 1285173386
0  12 85851038
0  10 674264221
6  0 192253575
16  0 1102542064
1  13 417235867
16  3 1026130092
12  3 2076931596
13  9 502218630
18  17 682449876
16  6 652633808
8  2 1510031149
5  13 1552221697
5  4 763618460
10  0 1337717393
13  16 455479626
5  19 1099678972
12  11 1276203395
5  2 2138843010
12  16 1968403044
7  8 1479569739
4  17 1104855628
14  0 736647807
13  15 39903414
3  15 795571542
0  14 1478954939
11  5 942411669
16  2 343883844
19  15 2018623100
19  11 961623436
3  13 954668359
4  12 1065248613
10  8 1059862010
3  16 1623297945
8  10 628617527
16  2 1895678794
16  9 2071561620
9  11 93575547
6  7 617612487
5  16 1966013741
13  6 531097794
10  8 1836680427
9  2 1289778735
18  1 920564689
18  13 132861138
7  6 1963791945
1  16 1906095459
13  19 1693796789
2  8 1897931240
12  3 739631341
16  17 793422354
3  13 1483296825
8  16 896583948
7  13 146494478
0  13 1948416422
1  12 1748807470
1  2 1074041523
12  18 1925611739
6  0 155185953
11  1 854156032
18  15 794339786
5  19 1906494792
9  7 692191273
1  5 237522510
3  10 893508207
7  1 100801947
0  8 18137082
8  19 2118086702
9  7 654640097
1  10 1411866522
4  18 1288140018
5  2 1888185709
16  4 1331354900
11  4 507734233
13  8 68632464
11  19 1316816169
7  3 1576973878
19  17 643856465
13  11 447423663
4  2 1412243388
4  7 1063033189
11  15 1063121600
1  5 1789751512
2  13 2115301178
6  13 1439310529
3  19 2040830931
17  16 729653459
1  5 738261067
3  15 2037035223
17  4 344647664
9  4 935082371
15  14 1309796581
18  13 1556052669
15  14 1504447569
14  4 1681683928
14  12 1618093040
