399 20 19 2
1  2 1760697298
8  16 768815502
16  18 547076285
9  16 185048870
0  7 685498292
3  13 2055626211
3  2 2087920562
7  12 2126780145
6  0 1373352065
4  2 1574610905
15  5 726600631
1  2 1703513804
7  10 1320320274
1  10 64395316
13  6 1356124995
18  0 1378813354
7  8 1814504589
3  15 1845005337
15  12 685212171
12  10 1363937248
13  4 1368641309
11  2 1123009506
1  3 700129841
2  19 135660098
12  1 410491314
8  9 197985936
5  15 178820250
2  7 992105197
9  4 1966929837
7  10 1401031364
19  12 533698825
12  2 1410131022
0  8 120583498
5  8 514782496
16  2 1296233210
5  3 824223949
14  9 1196536279
12  7 955835493
7  9 1175313916
2  14 1011846415
3  10 1027651012
2  4 1593088367
10  7 2006177812
12  8 1846425687
0  1 591791330
11  6 892305602
11  6 347618565
19  7 1271606031
4  14 1061646478
2  12 1506848459
0  6 1201054649
1  19 1940456162
4  11 926081798
10  8 1574475897
12  16 1890595844
3  17 2087109944
7  2 494342731
11  14 1291677055
8  6 1381373830
17  2 454210988
2  15 1105364216
9  16 1043927476
1  8 1623388234
12  1 239627344
11  17 209739378
8  4 1206821637
8  16 1985295689
10  7 1821133811
2  1 1913378550
9  4 589804347
5  11 1367448988
12  6 565840250
13  17 822584979
6  2 479311806
11  12 815712542
17  16 556975604
17  15 370434223
7  13 52644255
8  14 1805575928
11  7 1239105594
2  15 1492097545
0  3 1700174163
12  9 1192020539
17  16 1128855913
5  19 1251399359
18  12 532183955
8  15 259745487
12  10 531117307
11  4 1081406278
0  16 591848925
15  19 1948851556
1  5 1200792342
6  14 1690742139
14  2 773725016
7  1 778763636
8  4 885398505
16  7 444005181
18  7 1687158451
17  7 1607759918
16  2 1535201096
17  5 1944789366
3  12 2088229536
3  1 1285572201
0  15 998146738
11  17 207835958
15  7 1917150310
1  18 1046957753
15  13 1518251188
16  4 27625051
18  17 16088701
9  19 293407137
4  16 548354316
19  8 942697095
9  1 227034960
8  3 2037463845
16  4 302985635
16  2 1422623892
12  0 2091184538
11  8 284583441
18  14 555508213
5  18 485127568
10  14 1604435106
11  16 1430699607
12  9 611414382
11  4 2050250226
12  1 1170487355
7  4 593889008
1  17 1859030949
19  16 1736144473
17  14 1387765512
2  6 1108427106
5  13 1755452453
4  7 1295367800
15  3 1491907243
17  4 614805615
3  4 795750112
4  19 971991988
19  10 322357250
3  15 1472262221
12  8 1000159496
2  9 451011836
13  11 1480798905
15  11 61866984
8  18 730593625
11  18 107740281
4  18 2137528591
8  18 579967342
10  11 2098375864
4  0 182846920
12  0 549203437
10  4 1940697437
18  8 576739125
1  7 2037705557
14  0 330716640
13  1 440458986
6  18 533713419
6  10 2024846811
10  13 51675207
12  15 3460990
0  12 2101345438
8  13 1246855842
0  14 2060994109
19  8 824143554
15  7 2036961901
14  0 133314831
12  9 1340639308
17  8 982017573
2  17 1727527051
7  11 1763422927
3  10 1123232
7  17 1505664088
8  3 1719507566
7  0 100949270
12  1 673981703
2  19 1206467664
18  6 1785110920
8  14 993567154
11  0 629252881
2  9 1328847666
7  1 585915135
2  9 1972694414
4  11 1199317786
0  2 889566641
15  9 16926440
12  2 881457106
5  4 1948683932
15  3 476348700
4  6 845489385
11  16 1258630407
1  10 1594968558
19  11 529733915
4  10 1727789656
10  15 191315924
7  0 91957848
7  4 1713362122
19  0 1141397857
12  8 1891697959
5  13 1832578803
8  14 1590561951
5  4 128516648
7  10 1788104032
17  10 1056181620
0  1 582143790
1  9 1349291918
6  5 1184682780
7  5 338205333
16  8 274475435
4  13 1254141786
14  1 897366452
5  6 1378698066
2  5 1950039710
4  13 1281156781
16  10 1572643643
5  8 485328995
3  16 2141371622
7  17 5834994
17  3 1050950594
2  14 708574654
1  11 1380751492
12  7 330032729
5  14 449789767
5  7 1439278508
4  0 845358414
17  5 160374700
10  11 1299584666
14  9 1819420614
15  16 875945773
1  0 1974533138
12  18 2036399366
10  6 852317697
12  3 553727238
16  7 1802160478
18  0 51388024
10  13 2130331319
12  2 1348446993
15  13 1994368759
2  3 1948501842
3  19 598919674
0  7 790669013
12  8 1450310390
9  4 1762194726
15  11 549647031
19  9 701578597
0  6 1698964429
14  9 709000817
6  1 228010877
1  2 827935163
10  18 1877884955
9  14 73790887
14  10 1172343979
17  9 329902143
0  16 718250703
6  4 858082729
13  8 1314414889
15  13 1261224659
15  12 1437695243
7  15 396221032
9  7 122141029
18  1 692149660
15  6 1931928282
10  19 1383354487
9  12 1662677621
13  6 554435132
16  6 750496798
7  6 232542345
16  6 669659595
5  15 1963821842
8  16 56226331
12  16 471977335
10  7 985856962
2  5 11912815
16  4 1872269628
11  1 1941971580
12  3 2117308233
4  0 510306960
5  13 1295468811
3  14 911620649
19  7 189654249
9  10 1070244539
7  6 1945854252
14  4 427338678
7  10 707226256
9  15 1005725504
4  19 298025994
17  5 127344146
15  19 898290766
13  14 1889215265
8  7 1762072690
13  19 1456672148
15  9 1783550663
4  14 1792654525
16  12 360374946
15  7 696317287
1  19 490595998
15  12 337636019
11  6 1816142227
5  3 916527457
18  14 1663779848
2  19 51637850
16  9 637154320
6  7 1541735290
12  4 1183669269
13  18 104386628
5  15 667286415
6  0 175456892
0  11 1886174056
14  2 46874960
12  18 398721635
13  12 241560128
16  2 2082767842
0  9 1705345601
0  9 414895906
14  1 243269307
4  17 744561092
2  12 108933626
3  16 756932134
13  7 529087253
2  5 628332756
9  13 2037852915
1  16 1342457159
14  4 2127200011
10  12 1777694653
2  13 628941226
5  7 294891854
10  15 1341649564
3  19 2052588145
14  18 860930813
17  9 472755400
16  1 1653342922
17  18 251250957
5  14 1997980182
4  18 1295629387
8  7 2144501864
14  9 303819844
12  9 1114078488
15  3 1650325875
7  1 1922816555
7  10 1042035669
8  1 1832627904
7  19 1402848884
5  9 1782744125
5  1 987656972
17  4 1112653259
5  8 1485602860
12  19 1752895202
3  10 363514530
4  2 242775144
2  9 896744957
2  4 1417799246
3  13 886760659
17  2 307657622
6  12 525624561
11  6 169723345
5  2 245839228
2  3 1153797230
16  13 1624911907
11  1 1194692940
9  1 831997988
17  4 202525245
19  17 244747414
17  19 999181192
9  14 660533824
3  14 1399346232
5  13 1131579379
14  4 2074491369
18  4 1255864418
1  18 1321703864
16  12 740046556
18  17 157377493
5  15 777442218
2  16 1727790267
14  8 933441443
4  2 500391474
14  18 141175303
18  17 1880218095
16  4 236291130
0  2 1638138391
16  8 1163899057
0  7 1479327072
6  15 1101379993
14  2 187599330
12  13 896212133
7  14 631793076
16  10 1823481561
10  13 433890799
11  12 1357331021
18  16 117873172
1  2 1307466190
8  4 238507561
14  12 1515456114
9  4 1524070862
12  5 1539728778
9  11 175540445
11  18 164407346
18  3 1962114861
4  0 1583599584
9  1 2064826818
9  14 339832235
4  19 1248300437
