399 20 1 15
19  1 96288653
12  19 731896057
9  19 2017606775
14  2 1706636056
8  5 1463929498
6  14 646781544
0  18 1519712630
7  19 235241169
13  0 2122093603
13  3 1157890127
4  2 134632469
3  11 134020685
1  8 1588524023
2  13 1508317682
14  4 1335629226
0  7 2094816358
4  6 132614758
5  18 668866460
11  5 1992167041
6  1 1201126255
4  10 1980549351
2  5 1310506058
10  15 1118511980
18  1 495154307
17  6 306975311
2  12 1671022378
11  19 395935192
19  5 231124648
16  18 271400870
8  19 1966380088
12  10 1122931392
1  8 421645591
12  18 1058512628
15  9 484302970
10  17 305447555
12  0 1779313301
19  6 2134620015
1  3 1474223012
11  8 1476154077
8  10 979199684
10  1 2084879153
3  15 953827209
3  13 1029946038
2  4 684531744
4  17 940470613
0  2 1901695399
11  14 1122443714
12  4 1461881260
0  4 1774382136
12  19 1237678915
19  12 1027501198
17  18 1281364882
14  16 1132384418
14  7 531249216
18  8 1589103007
1  7 97903585
7  8 1554679965
6  7 808544042
5  7 496983358
19  15 500544433
5  16 1636720300
10  13 1739091396
7  16 1178080571
18  16 28997839
14  3 1288954848
19  0 549800464
5  9 664527003
10  4 1968458000
11  3 1348578803
0  2 600169927
16  10 1558962648
15  13 1273844212
15  11 169042035
15  9 1696176840
7  8 259355252
10  14 141784264
7  5 843714519
3  10 1592954919
16  9 567417669
13  16 270838691
5  15 426142735
8  10 1912885654
1  2 1930937852
8  9 627104691
10  16 807843599
3  13 465498986
19  13 1793800812
3  2 1545148123
15  16 656907002
7  2 719128002
12  3 609650649
13  10 198735869
1  7 340748569
11  4 2079951490
10  2 2052302502
18  12 1209812303
10  12 585729703
17  13 1025087544
18  2 346249168
19  13 1817845352
12  0 1524692954
3  11 524800689
4  7 1372309452
19  2 1952813708
3  18 848635803
3  13 117000534
13  15 682764982
4  5 193115021
15  5 470157698
4  3 2052735766
15  2 1092849862
9  10 22459146
7  8 1719145643
15  10 1190190147
4  16 1408640115
7  6 1248642587
0  17 2074036940
10  3 1915924557
0  1 239967331
19  3 992503785
15  12 1062646401
12  0 844976039
7  18 1827710299
7  12 754662992
7  19 609457701
17  14 1683835051
6  0 1203408108
10  3 410169010
6  11 641996395
16  14 912732832
15  3 1719737377
9  13 1573512194
1  12 596778647
18  6 1029831797
7  14 1524011111
17  2 1960727801
4  16 396836953
18  11 724931172
6  0 1426003355
16  4 1321173630
2  5 579217852
4  5 440230175
15  8 243905474
19  4 108259958
9  11 671355975
9  6 1511626253
6  11 1248234635
0  3 1033262124
9  10 212867051
2  11 2104368242
14  5 1996320642
7  17 1296741717
9  1 1765586283
16  12 593087944
19  7 1749096524
4  11 434326688
16  9 537673238
17  18 673558118
6  14 1329729172
1  13 1224997749
1  17 1347267830
9  12 759592617
2  10 134816433
4  13 50513232
8  2 1129267461
1  14 831056880
11  10 1399384291
12  8 993289071
11  3 751079458
5  19 105784178
12  2 317133520
13  16 1949386773
17  3 647984239
13  0 667341091
5  16 1674464591
4  9 1822831573
3  2 1083012025
7  18 1923213117
0  8 1023775413
19  18 1428162352
4  10 512134262
16  13 1246373475
3  1 1203411998
0  16 911307887
2  4 567911179
19  17 1445632842
19  17 1983796926
6  3 2049446118
0  6 396732509
3  15 1779885130
14  10 949261418
8  16 2061430648
5  14 942281202
2  13 1654217401
18  0 1406299969
13  9 70761
1  12 88776684
11  6 739214288
17  1 145197166
14  2 1234663873
16  5 95493087
8  19 703131493
10  14 1543677117
13  3 1895479156
11  3 754649977
5  3 740255074
12  10 1740044061
19  8 173903189
16  6 884609000
8  0 1195134064
12  14 1312458342
16  10 190268649
15  13 660017489
5  6 686742389
10  6 817739727
5  11 328963185
17  10 1418106764
17  2 1296648744
2  7 1951573805
14  10 688202514
2  6 765576325
6  10 802990771
9  0 169278389
18  5 233306869
12  2 451259445
15  19 427003889
0  19 1368232161
13  12 1945671290
11  14 1117920459
1  19 407993328
4  8 593698991
15  4 1952951226
18  1 618006391
13  16 757057204
13  14 1474662730
4  16 1968030924
18  4 844836016
19  17 2041657522
5  10 707242736
18  15 1802098589
1  14 38238864
17  11 1529613479
2  19 460642253
9  17 486016946
1  8 101169501
11  7 1930396183
16  6 350926677
1  0 1276889550
3  1 722363120
9  6 458412237
19  7 184895166
12  7 902617743
11  17 1035601365
10  16 1122112415
16  1 1050392606
11  10 652507809
9  11 1253387530
19  11 1367983048
10  15 217510546
4  13 1438604824
7  18 1000374781
1  5 613573644
16  3 1628390237
18  16 1912668501
7  3 818767790
8  12 1801177837
5  15 76661675
17  0 1010158636
11  2 1567654820
13  16 880340082
9  11 102141463
4  2 306143724
6  16 2128625025
1  15 1693606059
9  6 1179393591
3  5 22519587
12  11 406178241
4  17 1273144316
16  14 860181283
15  8 836262195
4  7 654841011
12  17 957656147
8  4 1295524631
12  5 1819829007
11  16 1497437897
0  15 1784130950
8  14 557804943
19  8 1518499296
17  18 1743176959
7  3 1406395823
9  4 1304792167
0  2 1633803326
15  19 285086811
18  9 573342064
3  5 1603733980
5  3 1054171817
1  3 1836738056
2  4 1185237954
13  18 1101749592
16  7 174159778
9  8 1903931358
9  5 429623023
17  10 1127647814
14  9 1322853317
4  19 2068103516
17  13 1030146064
4  8 1518168880
18  11 1117173013
17  13 1941679677
7  0 1924950289
14  13 1291896427
2  18 716865975
13  17 1822842086
18  17 196864998
2  3 1341279993
17  6 1763470196
1  16 280267303
2  16 1831819259
6  13 302561426
17  12 580502364
15  0 345603286
3  19 386637710
6  8 1601948237
2  10 1484341095
19  3 119348150
10  13 1625843925
9  0 183083783
4  11 1487728994
11  10 1651905228
14  7 1604119714
1  12 1617861784
5  3 90524181
17  0 1630240804
18  11 1900045937
9  6 1582369384
18  7 538727323
12  11 619026616
13  6 1962037893
0  19 991416702
12  1 700392430
6  18 1626228493
16  10 384637482
16  12 934150720
15  1 1405770989
8  12 1278086529
19  8 2076904835
16  17 51726940
14  9 222601590
17  7 2058536120
2  17 2087238032
7  15 1408372812
16  9 1627372779
17  15 858812656
12  16 100842901
9  2 1477820966
9  3 924993677
13  7 1515009589
17  13 1240514742
1  14 1358979795
14  17 939711864
8  17 1717662448
4  17 314689397
5  3 932459979
19  16 1012540
14  3 38350039
10  11 1142057756
12  16 1345702785
7  8 1280652662
2  8 402999955
2  9 1625860018
8  7 1673294045
17  8 1214404704
15  18 374857617
7  9 2015702793
14  18 559275066
2  5 329000694
7  0 944782845
19  4 496223740
2  18 1873600579
13  15 468914193
16  19 1491257480
11  9 219824645
1  16 780877440
1  19 2055453780
17  12 444599564
1  7 479825104
14  16 414930918
17  10 67926400
16  4 857272478
2  13 1419037746
14  8 887599519
6  4 1250120807
8  6 1860646630
18  10 72660755
18  3 303009205
15  18 999987238
12  13 989775697
6  10 1999701813
10  17 1745525259
