399 20 16 2
0  1 1296522429
4  12 1854329860
16  18 1707568899
16  14 1704272704
16  0 1082444098
8  11 414608298
17  11 931843820
7  13 2064228449
8  6 1238749880
16  7 1265543298
7  16 1412332037
15  14 1714333761
9  13 763068802
19  6 473955821
4  16 1951325327
7  18 752937561
10  12 1481702374
13  16 2110555766
11  14 1295794184
0  2 1629449457
13  12 365014346
13  0 1823547562
5  12 1610164697
18  9 1156977388
4  16 606175171
17  5 50062292
11  8 1284364863
13  11 1144448335
2  4 436987243
9  19 564905579
18  15 1168445948
0  19 301185930
14  19 182364717
7  0 763676926
19  3 1351947170
18  14 1766647642
1  15 452506548
10  12 983460844
14  7 1054872736
12  13 677098840
18  9 1671958900
1  15 465062296
18  10 1689722365
9  3 252251219
16  0 862033925
6  7 1007204063
1  10 165266760
9  7 804056713
9  7 1422363875
13  8 19478660
2  1 492826238
10  6 168954185
10  14 551910075
17  6 51316804
11  13 1314144671
19  9 248798184
9  19 2055048190
5  10 1158369474
5  17 302945988
15  7 1592152371
7  3 126858326
5  0 482488040
4  16 1452778429
19  9 911652069
2  11 542789671
10  4 1339338004
17  15 1282163412
13  17 1911360133
7  18 545745134
1  18 1823689408
9  15 2062131426
4  12 1131022253
5  2 1680718162
18  19 587577459
5  12 1693047967
16  17 965606743
14  8 1586323582
8  19 752562159
0  19 1006474715
17  16 1464028391
19  0 722275095
13  3 1517851232
10  13 1217914860
0  15 1299992655
8  5 1248449596
8  11 273255502
10  2 961410189
8  3 1020617826
0  17 1728820861
3  4 40629228
14  2 1522713951
6  7 1711625136
11  15 1528942816
11  5 1740240943
9  15 1253659124
11  2 1521657635
0  19 999414343
6  0 1281943657
17  13 1500453462
16  14 1056277465
14  10 1972806753
9  6 974625175
17  16 41790423
10  7 865372163
16  13 875091663
10  8 962294372
1  3 640288724
10  13 57938266
16  5 98359045
9  2 513081312
15  4 856085156
17  15 32391666
13  7 1691554373
11  6 1137490430
16  18 776468591
4  16 1166029203
10  5 798368891
13  14 490589252
9  10 1188025277
14  11 1965725541
2  5 595948037
12  11 100954884
6  0 1805643577
12  9 994862071
4  16 1198279517
6  0 78907245
13  11 1143504480
13  4 491195083
6  8 818867962
7  4 343669539
15  8 978639755
17  1 1235462014
3  4 239310174
9  11 2056082202
5  6 829578670
4  18 2056683587
12  7 537592247
12  2 580275622
6  2 689569203
6  7 1527816152
6  16 953246443
2  8 739615124
19  7 522539670
10  2 1407200096
4  17 1954282663
2  7 1712255537
15  9 1259895763
0  1 2096031676
8  11 1528453861
4  11 9463224
5  14 65299878
0  18 2040352735
11  13 243829189
9  16 1719297234
7  12 1379846819
10  11 1505145942
0  2 1802130403
12  14 1758693046
16  2 1073231386
7  14 1963396250
10  16 576272685
13  2 1839990096
18  19 1607390314
2  12 1325709257
6  17 607591359
16  6 301903044
17  12 303058379
4  8 1303160424
12  8 874824846
8  3 949657324
2  13 1352451529
12  13 770943667
1  10 1445852605
10  15 1057035931
19  4 398837701
2  18 680045055
15  3 268869252
12  7 660994527
4  14 256926614
5  15 2090750193
19  15 1022536624
14  8 279576542
7  4 1081956805
2  5 423399029
6  8 1395839127
5  17 1979173534
7  2 252596591
14  8 1384554601
7  5 1449163801
6  11 405817527
10  15 2071943690
1  6 349846204
12  13 778880520
17  4 1867316108
1  3 949223275
5  19 1762680240
8  7 312900045
10  12 577895983
2  14 1622006285
0  11 1570802760
10  19 678809980
19  1 410510305
19  9 1643401477
4  3 2130715546
1  5 135642250
5  8 1811213922
4  1 178232749
4  19 783390934
7  12 2056315172
6  4 1697348570
5  13 1055516843
8  2 1679507403
13  11 1374875470
16  7 2099259938
2  15 1381058204
18  11 1845412655
7  9 1890453440
8  11 100188277
6  10 2055271293
19  13 2029883819
2  4 768287429
15  10 251112567
1  17 1595095834
9  15 1736805253
13  1 604909153
6  9 1556583479
0  15 1775614798
4  11 383423746
19  1 2113581825
5  1 1429446780
4  10 372584423
17  7 1477563681
11  9 1572634511
14  13 398978419
12  7 482803906
12  16 1657971359
18  2 493659761
17  11 973521498
12  16 843380655
17  15 2063883513
3  17 2146135767
10  11 222812986
16  10 507861526
16  12 632070852
18  8 1175270956
3  6 285254543
15  1 716177433
14  5 1945039099
2  19 841580938
3  7 2454364
10  9 543695179
15  11 172316419
8  14 1382003649
9  4 2097727314
4  19 1462324963
15  5 900172286
14  2 1284497435
8  19 931246227
6  7 781505273
1  19 975894198
19  7 687101075
10  16 1769769941
10  7 766204425
15  9 35261949
3  12 129271834
0  11 1887090279
9  1 1162539128
11  9 1262593491
7  4 1628517412
0  5 1982718261
3  11 503555833
3  4 421597728
6  14 2064657115
9  2 1775012482
2  15 406364806
2  3 828282089
4  13 517090269
18  14 1267322646
2  16 2132964479
18  10 1382207666
18  19 1135791044
5  13 424694670
3  18 593163911
14  5 1775399258
8  16 1068882795
3  9 1200393172
14  2 455272894
4  17 561373292
19  3 1179635440
8  13 775067439
2  11 153478668
7  12 453944398
3  19 1786216085
11  19 274410790
5  9 82498393
19  9 2009964351
11  15 1611447356
15  2 2038919891
13  5 413954852
8  2 1275417780
7  13 1316371456
10  6 779213427
1  5 1715733539
8  6 338339022
11  8 33150259
6  15 706593533
16  15 1380042254
3  6 59994226
18  9 218310667
14  12 323344973
14  9 1819917141
17  0 1578314905
8  12 1049945377
6  17 1180908319
12  4 1706560330
4  5 118850335
6  2 585930864
10  6 152645073
14  4 657500243
2  17 602981502
6  15 686358822
8  18 2061576994
17  14 1680629876
17  2 1750717874
18  7 306789612
12  8 1225731269
16  2 1829997793
14  7 1631860340
9  4 630375439
5  8 307626031
4  1 184110487
14  3 1808549520
17  7 129500925
11  1 982859905
8  3 603764865
16  12 1083221020
7  3 1588558191
10  17 927833524
12  7 470597202
16  2 456148305
19  7 452662267
5  15 105287773
18  14 737157407
5  15 935425633
5  4 1110294431
0  6 150171106
17  8 474342875
11  6 2024422781
9  14 1441623971
15  8 136545049
1  7 1931260810
1  16 309785528
4  2 650582385
5  18 1780840055
6  19 2031350108
10  14 543139477
4  3 950814406
4  0 1864618610
0  17 52760774
11  17 327632625
19  2 1465787220
3  8 1098076674
8  16 648950313
0  13 2077088746
13  11 1788009029
11  17 1756792474
17  14 678385128
19  2 249667207
16  19 1006292076
15  10 1433129631
18  10 2004059057
6  18 1189987831
14  9 475707339
12  14 2084292111
13  1 121774520
15  5 1004122587
14  10 1728955134
13  9 1804535729
1  16 1779442958
10  4 583766371
13  16 1284637309
5  11 1792760328
14  12 471391807
10  16 493467112
2  18 1432730704
6  11 899514233
4  2 2050692456
7  3 1343100063
3  0 1671844247
19  17 1242854447
3  0 842747257
0  14 1027105802
18  2 874876204
17  1 654933865
17  1 1427447019
11  15 734733044
19  15 967295866
14  16 1582074047
14  9 709705949
