399 20 13 12
3  10 1003927592
17  13 267887724
9  12 642761996
6  4 2129306365
0  8 1898478179
13  1 1726481724
17  11 720588767
1  13 1208968501
19  6 2123757869
3  9 1924076248
14  4 1370986552
6  1 417794387
2  14 1875272314
6  17 417314504
16  18 1753350040
8  7 1427177741
17  3 41658504
8  17 1002231033
9  19 253236248
11  8 712889438
8  6 1918686310
2  13 989697471
1  12 779187992
17  3 376083087
10  12 1221182057
17  19 1865650121
6  10 1913241441
10  7 1267216941
12  8 406551756
6  3 562929928
1  19 405044738
14  0 910058932
8  1 625515464
14  5 901078290
7  19 1637060998
7  18 355578222
2  11 883354213
16  7 175031679
17  18 383337605
7  6 44525309
5  10 1544099190
5  2 598960707
4  18 1595883953
10  17 561413070
14  17 1574438417
16  9 1615024016
11  9 1636165109
19  15 1433731223
8  15 573402945
3  9 1516804035
10  7 1468348611
3  5 343989389
4  12 590311147
5  12 933662691
17  14 522066305
1  18 1112011960
16  3 1033576470
2  16 490102764
12  16 29229719
3  17 1591494888
0  10 211988944
19  11 262927722
6  5 1783126838
19  16 523753786
3  13 1448799626
18  14 483494623
19  4 33284884
3  18 873562976
11  18 1932800218
9  7 1150202044
2  15 140316142
10  4 1074058953
13  9 781283443
16  1 753309292
7  18 1882972098
12  14 1763482397
18  4 478568910
8  14 2105366610
12  0 1919100474
19  15 1566997054
16  8 1795059370
12  6 1690580162
0  15 130625282
9  7 331220825
0  14 119696654
18  5 1605626613
19  17 2052404428
1  8 657569468
5  9 1009004712
1  8 1971652269
14  1 1450996446
1  8 1723257641
13  6 636847914
17  2 1058496662
12  13 1599839653
13  17 1620035845
15  19 1718442785
18  5 2029185090
4  10 1772505989
16  15 1360466895
10  4 832373753
5  8 601843027
15  8 135950111
4  8 1630871265
18  14 353122251
5  12 108106921
1  16 911595201
5  10 1536836410
16  4 1435807168
4  11 174280440
16  4 491725421
2  0 1646727471
5  9 1289537216
7  1 1836008177
4  5 2054158275
10  8 2077993930
10  4 696511975
14  2 1959241371
9  10 939017450
4  9 1342728141
5  13 473879120
9  13 489210345
13  18 973940122
10  1 1849363061
18  3 1423939439
7  2 774690213
4  5 1175782534
1  19 483871826
15  14 1584034948
5  11 1922419967
10  16 311790605
16  12 1217148697
5  12 535261024
5  7 2056543405
11  8 1564695444
17  3 491844636
17  13 2114094707
1  0 478533346
5  7 1862507662
17  3 1831799889
12  14 1974519508
11  16 857450396
4  0 724576820
6  12 486470237
13  5 742139170
7  6 1360223304
1  17 383594481
9  19 1297126724
16  5 1766785459
2  11 1251574844
13  12 1917991152
9  19 1259656650
1  8 713634859
5  0 239029751
14  4 838654976
3  4 1297065989
12  14 517276237
7  10 1597326079
5  9 786572375
19  15 641367602
18  19 1800622585
17  15 1211098798
18  9 773361097
8  4 532024078
17  2 164616776
14  4 74498036
7  4 1666896654
0  16 61060699
19  18 1238855812
15  19 1625966576
1  4 2105230060
5  6 265330882
11  17 971768808
4  8 1186712119
3  5 1084654227
14  5 241902424
2  6 733301816
14  16 1669778872
9  8 651058564
16  8 112960721
15  0 856496257
19  2 765772009
11  13 385793456
4  1 426023519
16  11 52342775
7  6 740029425
8  15 1787819294
18  19 75215758
11  13 681617999
8  5 94886282
1  16 1949765457
4  6 49696134
19  12 272712459
16  17 161147185
19  8 2071097103
17  3 1510695851
10  5 362823831
7  8 115411189
14  3 975865808
9  10 1482281588
3  10 97669932
10  1 1305951958
6  11 155888441
9  18 1331200839
18  15 1579743211
2  17 1829534585
10  6 1603237334
6  3 1341758818
7  6 461719801
15  0 803313805
17  18 1239662790
13  2 2058738953
16  3 1690220906
18  15 236952225
7  6 1673456570
1  2 1811522461
2  17 678173369
7  8 9921910
6  9 979630146
16  19 401804187
1  6 1310878131
15  18 952321268
1  11 343075343
0  15 1744422651
0  11 1561258365
7  5 1327573980
8  2 424971432
17  7 521597805
7  3 1320770910
17  14 1546189302
18  6 854991720
0  5 1760860306
14  18 37061533
10  17 1243499114
1  4 1249482044
16  4 2114916201
14  18 634787449
7  0 751584422
14  2 322688237
11  7 162402981
16  11 1731793743
0  11 1564407273
19  11 554565729
3  0 2027805496
15  9 1106186742
13  11 1315093809
7  2 1880417170
13  16 238208731
1  9 251936297
6  4 1931921962
11  17 18041377
17  0 1893538645
1  10 2147127739
5  15 1094943380
17  10 2051613686
11  7 1780260653
6  17 15906969
12  16 1468844311
9  16 237388035
19  1 2012460207
0  7 1815584012
3  13 263217227
12  11 1415521753
5  12 1518178570
2  18 1310372197
15  9 1898963347
4  16 255673824
3  6 2049155974
5  17 570950444
19  16 1571040813
9  13 1971777104
10  1 302117816
19  1 1449572704
12  4 2100561754
17  9 123435324
16  10 1933039596
2  5 1102684863
4  6 654780008
16  13 469272933
0  4 683225541
18  5 76136599
13  12 172747474
11  3 2025567574
3  2 1796045270
7  13 2018268133
8  13 634207193
3  0 48460462
11  3 170495397
14  5 1534600473
9  3 743166537
9  14 561387622
1  17 1620566086
12  7 98777335
0  10 993408407
4  18 2126189150
4  5 1123583168
1  4 1835231814
5  13 1923101564
3  17 266937662
8  11 1515289853
8  13 945143572
1  15 2075995298
3  1 221453131
14  3 1469413981
10  12 1982002606
1  8 1368638015
1  19 1916880852
14  6 1030316995
5  17 189916384
19  10 1558248839
3  8 121482282
13  12 2128901848
13  7 914243302
6  13 1485616820
5  7 1071347299
12  9 221371249
13  4 1296931865
16  5 1446010959
11  3 1462644096
15  7 754328145
7  2 180398484
2  8 799315255
19  1 665087362
11  8 678610994
11  14 1438500221
13  9 264475424
0  9 2041579512
13  10 92258196
10  8 1165218625
10  0 1890660690
9  19 281549896
18  15 1924335325
9  0 696941755
13  14 775829266
11  0 1358567553
14  3 1926526401
17  10 1631558142
16  9 329495000
10  5 736557865
18  3 1387388075
0  11 1380091018
5  2 1269410216
12  2 2088523733
3  19 130694687
6  18 2011511062
19  3 368459131
14  0 962017158
3  14 305797447
18  11 1019641544
0  18 1343528894
6  19 540778690
12  6 748932061
4  2 1956103927
9  8 1888302772
3  13 1699935382
2  0 2091823144
8  19 1240154901
2  13 34404415
19  3 1290053103
12  14 2055396066
17  11 83280467
5  8 1083629280
4  0 1282108463
13  12 1624676140
4  16 84054122
19  15 1913642783
19  17 476887585
19  6 759040112
18  14 1775508871
5  9 1952482582
10  18 970459393
14  12 650369191
18  12 1801697420
4  2 1202010784
4  2 328327192
7  3 370228889
1  19 1300368351
11  3 1554195742
9  6 1157883670
15  13 1787621840
6  16 695964776
4  15 1272954618
5  0 55529433
12  16 1704314835
7  17 369840577
4  8 557548346
11  15 1225462268
4  0 1116036618
12  10 1642145220
13  4 1127166711
13  15 1801435075
11  14 46374391
14  17 1856919543
1  9 863223134
13  16 262851399
17  18 1023261630
10  14 1584713221
4  14 262079205
19  13 1964048016
