399 20 12 18
7  9 2080304821
19  13 1827221621
11  9 802210997
5  7 555391443
9  16 710778985
16  10 1680314532
0  3 1568261528
12  14 894394017
16  11 1434958333
11  16 2049499051
3  7 160918742
8  11 1980509932
9  15 396753012
10  14 958777874
3  15 114496689
0  19 429978989
18  19 1849588240
2  5 1825065006
15  6 621195321
3  2 1462292571
17  0 2121183171
17  12 1148931910
0  15 1916097950
13  7 539499123
9  11 1002283874
8  18 1449394886
11  18 1145378385
5  19 402020711
6  4 201365379
18  15 208024938
12  0 1438064020
5  14 1128776258
0  11 212886899
16  3 1829038961
10  14 2137562527
9  2 1980115568
18  1 463186284
17  9 388578345
9  4 1087899751
7  1 370164359
15  5 82783568
15  9 1215802715
15  17 2055790706
9  3 1959634985
2  18 1868784818
0  6 719567116
7  4 1526325856
17  7 1769707617
18  10 448986145
3  1 1305001664
5  12 1949291110
13  5 791905151
18  10 867328502
5  8 1934755671
19  16 1622750299
1  14 1921485765
7  11 1746128464
12  16 535652581
8  3 1009243168
0  7 1071101804
2  6 577335736
4  19 1371199965
8  19 1099222678
2  4 832168377
7  15 1509668762
1  9 1408941546
4  9 1349549905
13  14 1823016653
1  17 1092447865
6  1 1732095102
10  11 1539524694
4  12 1461353564
5  10 2142305482
5  14 2005019686
17  0 1526831193
4  9 1158898298
8  19 1478927166
1  13 608419821
13  7 642744801
12  14 1069381975
19  10 1130941717
7  1 772858246
17  11 1592611926
13  18 685977478
13  14 1996912215
10  8 1441903939
6  19 836637983
8  13 88370937
17  19 2066426776
4  5 1015321365
18  19 1377901842
17  11 311056697
2  12 147639412
1  13 1280256953
2  10 805806003
1  13 1735422487
3  6 819082508
1  13 423526561
19  8 361160888
18  13 1303321316
12  8 1740734886
6  15 1833181656
17  16 95431070
5  13 1637402962
5  9 1726758540
14  12 138232123
15  8 722908000
5  1 1447322313
18  3 1272439122
5  8 1969514568
16  17 2030338933
11  5 1293993306
14  19 279291554
4  7 315637414
4  1 1067781372
3  2 951048767
0  6 1383674759
13  9 955195962
11  0 78427219
16  14 715115140
9  15 7287969
15  7 994455634
5  13 1389262945
13  18 615842862
2  16 426897911
16  1 1049608448
19  4 1839902187
11  3 9725707
0  5 1617329104
8  19 1047679421
3  14 1749164293
19  7 1180227767
3  5 793388097
18  9 1075663373
15  2 293821320
18  1 1204168942
13  8 418136395
2  0 756392097
13  10 788866949
12  13 1513902611
12  17 2071181807
6  8 335692003
15  10 858949162
19  18 1013821985
10  8 495917868
15  3 714385956
4  19 1875572588
5  16 472985142
10  11 1917689158
3  0 1921968928
5  14 805566939
5  7 48585089
15  8 1845650962
8  15 2105578085
12  3 1871412336
6  7 1910732095
19  3 1372190428
8  0 1388663611
14  9 1645873762
7  2 879719486
9  7 43775712
1  6 1510392081
14  19 688214521
0  9 1186442030
8  3 259841075
9  5 1916669765
15  14 1615608777
5  4 2135080561
3  5 899173927
1  4 558809565
14  0 24678507
13  3 1846969822
13  4 1925827701
17  0 1183769826
0  17 1922794579
2  8 1282247889
9  5 1046437581
18  19 2119963962
0  10 1325283919
2  5 160622347
11  17 1441005503
17  8 681992971
4  7 2111244693
10  12 811874732
1  17 483563475
15  4 2092058526
6  19 2053451897
9  16 1479218272
19  15 1190771951
18  0 1946769552
8  16 1987641607
4  7 327466222
9  15 156077553
14  17 568172494
19  8 639553197
16  14 517224383
12  13 1896969959
4  15 940452415
19  11 472915268
5  11 74426060
6  18 827356423
17  9 1778905575
2  8 2121728814
11  16 997843985
8  3 605882858
19  15 730146487
18  9 615520577
12  15 1325640046
9  10 1634290010
15  3 880018598
9  13 1484738031
10  3 1433980437
2  12 1441829975
0  10 1335666521
9  0 233674249
17  1 1484692044
17  14 764276542
15  6 702626882
17  2 552786898
11  6 1918212885
1  5 2111689885
8  0 1490324332
18  10 354174095
16  1 1251349113
17  10 1828027915
17  11 108278113
6  7 437263412
14  5 534918013
8  3 1511982070
6  9 1081241890
7  5 273675698
4  12 345608205
6  4 960397093
0  6 128393110
9  16 637853371
3  4 1331586273
9  5 443268241
17  16 537608128
2  8 1962473339
14  8 214269060
6  12 566478098
7  17 1643901047
19  8 756573576
2  13 780961616
17  11 475705895
15  1 474695259
17  6 723677931
9  18 1587918350
5  10 1049944467
10  8 1540984283
8  16 1522142455
8  7 1756161629
11  0 1051539933
4  1 1218013804
19  4 2021065452
12  14 148065101
12  8 1776068192
1  19 560086260
11  0 603054060
6  4 882102604
10  12 408361577
9  6 48720554
14  11 1935171133
14  6 768791247
16  11 1160911754
4  6 1176880313
10  1 1240711922
10  14 1084105581
2  11 2020014866
19  15 1514167661
8  15 396742864
15  13 1743796310
0  10 945722369
12  4 629573515
9  14 1462721326
7  19 1784216479
4  8 1222887694
6  16 283554935
7  6 778573946
0  4 1001680699
19  14 379656728
8  19 1770063493
8  4 453410953
17  16 1426406467
8  5 1763195702
13  14 561901830
7  18 1008614617
19  13 466417113
9  3 1202992994
14  2 810364502
4  5 1742764318
5  12 1410288009
8  6 1352648321
12  11 1041087123
18  7 1395976337
8  19 854471219
19  13 1680998463
14  2 1872240828
16  7 298331987
15  2 1681234999
18  7 7246333
7  12 1424278841
12  14 1896222606
7  18 271045278
8  18 1560331568
16  17 1739429158
8  6 442316845
19  1 2024705316
3  7 999369838
16  6 1182243171
9  16 1499636242
10  13 1764683589
16  3 1914042795
17  15 1122517883
8  4 263651072
6  16 2028189477
9  5 362584887
10  7 224446476
0  11 122017258
5  16 997108781
8  9 1459996594
0  15 1391172092
14  19 53601943
15  14 1486398443
5  6 1545580504
18  9 1330130662
8  16 1009691945
1  14 1189244079
14  15 332863298
5  10 65371969
14  7 1660506652
5  9 2015780144
6  19 1591498297
10  13 684938667
12  7 1322003572
9  6 1183068433
2  14 590700716
2  7 327436573
15  7 284986145
18  9 990898793
0  13 617545270
5  19 2003505336
11  17 1936210834
15  8 1870513310
7  1 874568087
14  17 1052480366
7  16 2015106822
12  6 2111086386
17  16 1545743952
3  18 1269400853
7  11 909967185
7  18 2140129013
2  16 854059580
5  3 710065204
19  13 547300115
11  15 124808166
11  18 1489771809
8  1 1032392025
1  17 712902716
7  5 377919676
3  14 625686429
7  6 972009936
17  18 1827888936
18  4 1416671160
8  9 483293548
3  6 954787025
1  13 236832872
6  5 594033748
14  11 708256550
8  14 920769478
16  0 1540087667
14  13 280374102
13  3 1361037743
17  5 1414781610
4  14 1684364089
17  4 1630527230
2  14 1241188561
1  17 1422507201
12  15 1808142834
12  3 867478135
15  3 1095854360
0  3 1482099833
18  19 42286151
11  19 621936655
14  6 1510118241
10  16 1608390175
10  5 1485260553
8  1 76566682
15  6 1670109258
19  8 1798254032
12  8 2091631364
9  3 129832174
15  19 1811437537
1  17 1640283367
17  2 1339644558
11  0 892115121
15  1 810045960
4  5 1108825106
12  3 1246206996
