399 20 1 7
5  8 1859598389
17  14 2070400815
4  14 1430756040
6  17 1022889153
15  19 1235229408
6  7 863973476
1  9 65095661
17  14 864894316
9  12 1340183072
13  5 97145433
18  12 746872966
9  18 494191177
14  18 218613938
8  1 387143000
0  1 1166401615
13  15 267969249
0  2 1722719496
18  8 322971280
17  5 1701064728
16  15 920355273
0  18 1932810555
2  17 1929435401
10  6 1986604725
0  12 2017572453
8  13 484068476
15  11 468282408
8  15 2116932671
7  16 536130988
10  1 390184509
16  3 2025894462
1  12 1600129177
10  9 615100332
7  8 995462345
1  6 806206164
18  2 1845814606
14  18 1637592827
13  16 828422986
8  7 433164522
5  19 1899508597
19  0 227044316
15  7 1478508174
17  7 1195127870
12  10 796877195
15  11 1205455459
11  9 85424918
15  11 631370329
14  16 1283051495
6  1 1530013021
16  2 204692992
5  19 1891982491
11  15 82253434
2  13 116621087
13  15 474414490
2  5 410413275
18  7 1953849302
14  18 560812873
15  12 1253126285
17  5 542318282
15  4 1536923793
5  11 1887734533
14  19 55441103
0  2 978436842
7  10 355902413
8  17 570640218
15  10 526811251
8  4 812597776
17  11 494831964
19  3 1073445585
16  10 1398078596
4  1 1754921557
9  16 219090009
9  15 908467959
18  15 578136415
5  12 1612262119
1  7 1473609233
13  6 396417942
14  18 1234323288
4  14 415186537
16  6 333425672
12  5 42091802
3  0 1621995905
13  12 1910609167
14  13 1754200727
5  7 1616513663
17  4 840789138
15  13 1368453944
17  9 511687146
6  10 1324360745
4  7 1876326377
8  18 107116917
11  6 418561821
15  6 1568084591
16  17 284284642
15  11 197272064
4  9 811335372
6  14 2075710103
14  7 1529923724
6  14 1704459110
8  4 299990716
5  11 915938798
17  10 1362620907
3  9 685396519
6  7 794122396
12  1 1043640747
8  12 1940502467
9  14 2114833632
12  11 1424239783
13  4 1759844484
11  7 1763004700
8  18 659312063
16  6 1479852043
10  3 1669315258
17  10 1027990843
1  4 2139967106
17  11 29617211
7  13 1507684390
6  0 1999755892
19  5 1044076545
2  5 1130849824
0  4 240476760
16  10 554619829
14  17 523781519
3  6 1454068720
2  10 662774160
13  16 425349624
19  9 931304184
12  2 1393043481
17  9 1676042348
18  3 665220625
6  5 1863309903
4  19 1615098929
17  1 171961764
8  11 216773210
7  17 1630143095
14  12 2058234086
14  4 948698363
4  16 745990728
4  1 1357890274
15  18 2010231506
6  1 914347264
8  9 1375485078
3  8 1103245680
5  11 761696581
8  3 1318329705
19  5 1283362273
11  0 415764349
11  17 556365046
19  12 27678642
5  16 1493531885
16  19 138330459
8  6 225438355
10  5 82888575
9  10 1060098662
19  2 645439010
6  0 482817695
8  12 1049893586
0  1 1434373769
7  3 557069415
10  17 334281177
19  16 224316039
6  14 1699483816
19  14 1532452895
4  11 1648505559
11  17 1242718078
6  4 2086406746
16  9 2121395303
1  3 1200668283
7  6 1035822161
12  1 983260890
3  6 1236434198
16  7 1013767080
1  18 389768049
2  10 41354280
13  11 434303610
16  10 1449246922
0  19 1630406520
11  17 1670567709
14  12 1784176605
14  5 1094584970
8  18 2007365029
0  4 1259233080
18  0 2055864161
18  12 791421669
14  1 1859873027
6  16 726269451
13  11 177677809
4  0 644864990
17  14 1448433918
4  8 1881258382
9  6 1468255816
3  0 191745389
6  16 403156614
12  4 1183180364
9  11 1059064575
5  6 449493493
7  5 626378629
4  17 1300153619
15  4 880402503
3  17 1679646141
17  3 2002272694
2  8 920461401
9  11 31200921
11  8 218146141
2  19 1480547858
4  12 779669250
5  7 769780070
9  11 315894327
18  3 1477666264
0  6 80628886
12  0 1423228327
18  13 64493199
7  4 2125013014
19  4 241873458
18  2 1827577016
18  8 1450670136
1  15 438015848
15  8 1515309131
5  3 532478624
10  15 1669546249
14  0 1486594980
8  1 1136912860
2  11 1232634355
1  4 1239658945
15  6 1014241141
0  3 190819902
4  17 381836933
10  5 1188759854
14  9 1966605917
12  14 1910404108
19  5 607875968
15  19 2003153301
14  9 152017014
4  6 1309768489
16  19 1193688835
6  1 66714473
17  5 1003726968
4  8 765941442
3  10 1686438695
2  14 1113891441
6  16 94759336
13  0 1718746301
10  13 977356161
2  15 1314967382
4  17 195797691
19  7 613544261
14  16 1467104093
18  13 1225456711
19  0 1954288997
5  14 911768266
13  18 1580056715
16  2 1976117799
0  12 2144670791
15  16 508056590
1  18 1025071718
12  11 1293746634
3  19 2066419614
16  5 1114854848
14  8 1829319188
11  2 252482247
18  8 847984606
5  6 501198263
18  9 645079006
3  15 1835140266
14  19 1150082142
5  6 1556639939
3  7 1470276298
3  16 2097049420
3  5 1362185213
7  8 307297112
16  4 458479220
8  18 1927997832
17  11 1265122668
4  16 1892922464
0  9 221942540
4  13 510091667
18  5 702781833
17  2 1621602588
3  10 1106137785
14  11 262420966
18  14 795892517
15  14 151554662
6  15 1608925146
10  7 1406059643
12  15 1067642175
10  19 1401190935
4  3 372908755
6  14 707781307
2  8 1877958584
18  4 26532780
7  13 1968350535
11  18 1056519834
16  5 1162524896
10  4 2059585941
12  13 1766315652
3  0 439710413
19  2 1963827674
2  18 1845295464
10  4 174663572
12  11 1065413412
1  0 1391937241
3  15 1713784485
17  0 692167750
18  19 2146290736
18  1 958430607
17  9 516949829
1  15 114960789
19  1 1904361538
15  18 582245344
2  0 243149666
12  10 1726987234
0  3 1428155812
8  17 1329709926
1  19 316440832
2  17 397593674
13  11 289869891
15  6 1563946021
13  2 377406019
14  17 950159391
0  14 408834603
1  11 1542305514
0  6 686157097
16  12 210236694
7  4 999959945
19  1 508699859
11  16 1909252995
15  1 58382474
1  3 1140880396
4  3 1944532047
15  5 289846707
13  10 2124317409
3  1 449528291
12  9 29854597
6  4 142264886
2  16 1263349722
4  3 1291990821
11  9 356477781
14  1 2012905793
11  0 1968160723
16  15 5179687
15  14 2015077859
18  5 1450435064
3  2 1048575950
1  6 1511434023
15  8 619232812
19  11 781008109
5  18 1748604733
3  4 1723086855
13  18 683040112
7  10 105378362
1  12 2049310827
18  9 1992412445
19  12 1335135953
4  8 1292528092
4  3 241376820
16  4 1353837816
13  0 22211134
9  17 913378224
16  3 755384721
19  14 1349710735
8  16 986271682
4  12 662783756
6  16 332382836
3  15 1064300614
0  11 881095201
19  1 1850818269
2  6 1921836277
13  8 1294733446
1  16 2072832884
2  9 1803629179
18  16 1541736190
2  0 1140062953
18  4 2006455313
16  19 1319139542
13  10 1590596123
9  4 176773597
1  5 1771212118
8  10 1208863882
2  19 891290852
4  16 693491944
11  12 1375824218
11  0 1883531970
13  3 852933244
16  12 66278948
18  8 1367182344
4  6 1454610290
6  0 1750737439
6  14 1771807447
19  4 267969861
8  2 475197627
2  15 1439858370
6  17 125123756
1  11 2071007555
1  16 2069144793
12  17 1213249890
3  17 1053404183
6  13 2117176932
4  14 1280985454
14  6 697466608
4  16 1264636388
