399 20 18 0
19  4 274821
6  18 1729451533
11  6 1302342027
8  11 194690007
6  11 1016936078
19  18 744399458
4  9 2117548780
10  9 473177227
1  11 77281492
5  18 1102013276
18  7 1322210566
11  10 1644320011
2  16 92611266
11  19 1805225620
3  19 186862412
16  12 636754100
6  0 1806433929
6  2 1919799147
3  12 1669683056
19  2 2003503373
19  6 1122312887
6  5 1155711390
0  11 1374025353
15  14 667284960
14  19 152359287
4  6 1105178417
10  7 1818884676
3  7 1151829533
4  17 1471406538
8  4 335666048
6  12 1128023840
4  12 676282599
3  13 1569413376
9  16 1143588461
0  5 1020774316
13  18 1475915918
4  13 1281270208
7  2 1695781493
9  2 1366403869
3  10 1310129509
12  9 1541520296
13  10 353807690
1  8 1697164534
2  15 1985210469
3  14 709795655
10  18 1889369320
16  8 1153845561
5  3 107943187
10  3 207117471
19  15 974154930
11  13 877121912
1  10 2117774202
8  1 2113345580
17  15 127726034
10  6 783365661
10  18 1677331787
12  3 307993803
8  12 1594502971
5  8 1596776901
18  15 955170087
2  4 62014043
15  9 692583853
5  17 1738267777
16  13 811504545
0  19 793571259
3  6 134672194
1  13 620593381
10  9 722075618
9  3 1906273574
16  9 1786949233
10  3 1772243452
0  16 809358255
16  7 1734378592
15  17 1935703679
12  9 1120469047
0  3 1157819605
11  9 2054549559
12  0 938605032
12  1 433847737
8  9 135275544
17  15 697912925
8  5 677292136
13  16 1860602540
7  6 1905478668
17  18 533784808
17  4 2005147030
4  11 276807116
11  5 1320840474
8  19 1977599300
7  17 1493341667
15  0 2116548129
7  9 682959755
8  12 746380048
1  5 82981085
4  19 1018923332
18  16 1820996311
19  9 863910730
2  17 195780445
1  11 888431684
6  11 703692742
4  0 47974099
8  11 1770186353
2  1 754215055
2  1 1290142158
16  3 1497338748
2  16 1826749678
4  19 239973269
11  12 222434559
8  15 2083570722
10  12 675423386
17  0 2147151202
19  18 2109100769
11  4 244527893
4  13 1730555521
3  14 953296437
3  7 1461994223
15  7 433024912
5  17 1727985957
11  6 1162755197
12  19 985767710
1  7 1950412833
5  15 557986408
13  7 546959662
1  7 977356145
16  3 1134773203
18  6 1597793159
12  11 1425391104
9  4 378302967
7  16 1785333008
17  19 1568685475
5  14 1673878140
0  16 202471867
10  15 1903001734
16  6 1615517558
13  7 1419237690
0  15 2022019933
14  16 1665705082
14  2 18057595
17  15 1003566024
13  1 618531656
6  11 1213697907
9  2 1625142262
5  2 1094858784
18  15 398072481
4  10 1473337886
10  9 876837553
10  19 1473261262
17  16 1525873229
14  11 2245998
1  14 1120034846
18  7 389856677
10  4 2055941388
1  19 198643009
12  0 1717186553
16  9 1788047962
8  10 529728076
11  13 1242379081
0  3 1559308657
16  4 908302747
16  9 440251257
18  14 575170055
5  12 1714015915
11  2 422735936
0  9 537358715
4  0 101559205
14  3 709564260
0  10 999231885
15  19 296664548
0  1 670573067
0  11 1385126738
8  7 543263391
14  19 1542285635
11  7 461832638
12  10 2113193602
12  4 273922282
12  10 1365109309
8  0 67176729
16  14 1903668683
7  10 1925864937
5  18 242838742
14  18 1679666496
14  5 2019751874
11  14 1574907621
19  18 1871951842
3  10 912748955
18  17 791978253
18  12 1749578359
3  6 1197924199
9  15 445418882
14  19 949954343
0  4 1978648534
4  6 716336411
18  5 443932197
5  18 1690113041
15  11 1556522630
5  13 2099207156
9  19 207132187
12  9 1277844797
11  17 952997055
10  2 1034962343
8  4 68165260
14  10 1876994464
5  13 718648085
13  14 2137310557
8  15 909753435
18  15 884037463
4  8 500013958
13  5 935270081
7  17 820775418
6  15 1626867895
3  0 884303003
16  6 1377182891
4  9 1733119380
12  16 786975942
10  19 122123520
3  7 596364036
11  10 1449472535
1  17 483811171
17  5 1617056676
12  5 637410303
17  4 648446548
2  19 984383255
9  6 1483280306
7  6 1115095888
10  0 1722646884
7  5 1208971884
16  18 1138905341
10  12 1831487166
8  0 28093098
3  13 1280920288
5  15 1081402923
7  3 106055091
18  9 1256861689
13  15 972259355
6  2 49000768
16  4 269017849
5  16 1510132261
13  10 2128818952
10  15 1773512651
0  5 1255739761
19  17 1939898059
13  15 273188279
1  10 452270144
15  10 835434541
17  4 1565120631
11  7 1639033799
18  11 1865746105
18  12 714604033
9  4 1700005352
19  12 1903445727
0  11 861586228
15  16 757157482
13  1 58310626
11  12 1787375085
12  7 797623659
4  7 529183618
11  6 938731477
2  12 739573310
6  15 1688868812
11  2 879990708
1  3 1166062595
8  13 1479567663
17  4 1906925037
4  11 2006694449
1  15 483493930
6  3 1326981410
1  4 666701934
18  4 1573502032
14  5 613964312
13  1 958281875
0  16 925756393
7  4 2080923982
11  19 1424670623
15  7 1229625995
6  4 440107820
5  7 480251636
9  17 1020794168
15  5 128826181
15  19 796253236
12  1 1988939524
17  4 1301720501
3  4 1011663217
15  3 368033293
14  12 1566171943
2  14 1643806010
19  11 1222758670
16  0 84904326
4  12 465111144
8  10 123042166
9  16 173465135
19  9 90471304
2  14 723804565
16  6 1453746041
1  12 370996208
19  5 1873084544
11  17 1723850059
13  12 567935362
19  12 1650346347
12  5 1611787600
7  12 1520737344
4  14 1002222008
0  3 128352686
15  13 995245513
3  2 1366975113
13  18 1099297001
2  10 679859757
15  3 1288077457
2  0 682124822
18  17 89061202
11  2 312770455
4  5 2143022840
9  12 1532804264
8  19 719752502
10  1 615173667
11  9 197921358
10  13 43589550
15  3 367823235
9  11 310484889
12  7 1338748405
18  8 651611102
17  7 1717413084
4  6 1440021786
10  17 1655865638
1  16 1299328608
17  0 1737932538
6  3 1448824955
8  10 2132288696
3  13 69457853
1  7 2110789603
11  17 1238622078
1  6 634010751
5  14 1976494992
5  16 1526909889
0  5 574267116
5  14 1437265518
12  2 1722531533
8  16 467873227
13  3 558331097
1  13 2092566238
10  17 1756118057
17  12 1081256689
7  12 1792268889
16  2 1316188765
0  19 1904028718
11  1 1247272701
15  12 312683518
15  10 161890570
6  18 703518442
17  18 1356196723
14  1 131187983
16  14 1912218172
11  0 500490775
19  18 595049903
8  10 1299852076
18  8 1296598840
4  10 865372463
0  1 1338066439
19  14 1700186479
2  1 57559371
18  4 2029242152
19  8 243684715
4  19 1545043123
0  17 1096348607
19  0 1266555326
17  15 417867393
16  4 1195660084
15  13 449514249
17  15 635801393
7  11 1076069401
0  16 1636977394
4  5 387963606
2  10 2010454566
11  18 864327678
12  17 1483920649
1  16 450690395
18  0 527494688
18  17 36790308
7  8 41056622
7  10 1692029510
16  10 823225816
15  10 1992642115
11  6 582484059
1  11 1311637423
8  2 2134326768
10  13 2125572776
11  3 1434753937
5  11 114257378
17  18 1666727321
6  0 1252393968
9  16 504416156
18  16 480711124
11  2 1206462836
4  12 1854678117
19  14 1079204897
5  9 54746772
14  7 1340032347
8  16 2003889525
2  12 701813604
15  6 618022129
