399 20 14 13
16  3 1766688153
5  1 770737995
11  18 888195175
4  5 1643126323
15  12 109316045
10  19 1244121926
4  11 970349087
16  7 1135316053
6  16 58237402
8  19 1064441539
3  11 982366740
19  0 1416582741
12  0 1656660233
11  17 49486758
7  10 431278053
10  5 2132003970
18  17 1620538647
18  16 483259140
2  3 1396865198
6  15 1426015069
14  6 1273431517
7  14 1454480528
6  16 1599652526
7  13 217978200
6  3 813518145
1  8 532564118
8  16 1631971000
13  4 1939194781
16  15 1721073627
11  17 822769350
10  14 1165725657
11  8 1734233999
5  7 167250914
16  15 1605193800
18  15 248518700
3  8 1382122559
13  2 938033944
3  8 806819916
14  2 1722889216
7  15 774957868
16  15 1478243049
2  13 1894477196
10  8 1818450875
14  11 269320770
14  7 1603645576
10  13 980528175
9  2 937884611
16  3 1554918753
7  17 1560322801
12  7 1379109440
13  3 181072628
12  10 403335828
7  2 639527032
10  7 1053728465
6  5 1170036320
17  13 177756043
7  17 1437518739
17  18 871762968
6  12 950028394
6  1 2129322655
4  7 1041445653
9  13 1240546359
14  11 1907286121
5  15 1896055895
14  16 2144492636
13  6 1067933062
4  18 1367938198
17  18 974340918
8  5 1672211632
12  3 677324716
2  13 79819728
9  10 320134847
18  0 1579013354
9  4 1644969606
13  10 430681882
9  18 118258613
16  6 1130773193
19  4 1232821746
6  12 690773747
0  16 1017570811
1  18 1559400041
5  8 440779666
5  13 193733608
11  16 426485885
10  11 684713277
19  10 45095561
13  9 1527275226
10  3 1777817691
12  5 2115649813
5  3 1335094895
15  10 2006104472
8  5 125932959
2  13 1281762376
5  1 178833236
5  16 1076164075
4  5 680306618
12  16 179629169
17  16 594297365
9  8 124305120
13  7 1583467730
4  8 529702207
5  1 739192895
12  6 599280547
6  10 2069795982
13  11 1501324813
7  11 671491407
6  5 64092288
19  1 778214150
17  6 351912434
1  7 1701445466
17  4 1063569119
5  13 1139870757
0  2 1184926678
2  18 1637574841
0  3 1533527216
0  9 972832446
6  8 1379501762
14  16 184372855
7  12 1337252589
13  1 1019885070
5  9 1983807315
17  8 77266468
13  2 1927968174
5  8 1836766528
15  2 1993298018
6  8 2088665359
6  16 947914151
7  16 820448869
12  16 1277414340
19  13 506364641
1  18 1658372923
5  1 2041161787
1  5 1113934554
7  3 806788215
2  9 1298646631
0  12 1498728578
15  13 1736329956
15  13 1277343499
11  5 2006289497
9  2 221178148
1  7 1527513806
10  17 1192955894
11  2 230471705
14  4 2081146348
4  6 901050034
6  18 450585301
3  19 1486271603
5  1 1317984952
9  16 846478749
18  19 1988433491
5  1 546099066
1  11 1276342024
10  5 1263081684
16  11 545013878
11  4 1280097181
17  9 1091612351
17  11 174970614
4  11 413520237
4  10 1830113901
10  7 212630897
15  18 1222583583
13  15 659432687
1  14 1022286771
3  13 1852178210
16  1 1364812508
19  14 1831063313
18  5 1153983424
1  6 800173375
1  14 37339476
5  18 1692842703
9  7 967609932
2  5 1544516232
2  3 798038471
4  8 805599703
12  15 295742107
7  0 1637750738
9  19 357382138
13  9 1066371690
2  6 877055424
18  0 1278082836
8  4 1995440340
14  7 245496648
6  15 256770468
10  7 1203219147
12  14 620328801
8  1 1506324756
0  10 1279762761
9  15 970534533
15  9 29758454
8  13 1961814353
14  16 851685380
9  3 990917289
0  12 391136029
12  5 274348623
12  1 1332782296
18  16 1901158473
16  7 1890998163
4  16 189037208
9  17 2131174963
15  11 56283838
10  8 1113212455
6  0 1397263
5  10 920747616
0  7 1125683254
18  10 492829443
12  17 132521794
19  1 387225311
5  6 501353121
16  0 662629245
18  3 558407039
4  15 132721987
14  6 1581843433
8  16 1049511369
5  8 779489436
13  7 251488260
9  0 2073228999
7  8 1254315291
2  1 595091498
13  0 168067531
3  17 2019191093
18  14 1376220762
2  7 345820240
15  3 824491374
2  11 2061504311
16  11 1313672792
4  7 956904807
0  19 71389119
13  12 941175466
9  12 571816582
19  1 1228479870
16  7 1829897088
13  4 2072278191
13  19 883595550
1  4 1602273423
2  17 55242468
5  2 1535213156
14  18 1734147906
6  0 221914680
14  7 883845642
5  2 65206702
0  12 948415093
5  0 383755749
10  6 1385644664
18  0 1911973467
5  0 2035549855
13  17 348496872
2  13 1541683478
19  1 1904456270
10  1 855146211
11  5 1299869644
0  2 1696369365
19  14 512491923
13  5 876521701
10  12 1764096238
2  7 2055747768
16  3 216218711
7  3 84882375
14  10 676703119
3  15 924161757
4  1 176509392
8  15 1852977378
9  1 85587702
8  19 1395877839
4  19 1714187741
17  18 668259707
8  16 2075537580
19  8 1756695825
10  16 2089187311
15  5 987312577
15  17 1882612967
2  1 1105644115
19  13 1386696359
3  13 1163618798
19  5 1430238145
8  12 1221209946
7  12 313029617
9  0 1766782196
7  6 792873122
2  16 714379566
0  5 1118683380
13  9 1950785588
0  9 1315837026
10  2 1046609132
15  11 620558351
12  9 1605937017
1  6 1008077273
4  2 1533396309
6  18 1441852220
5  9 46565388
11  2 1835419744
14  19 334981885
15  19 1495327320
13  7 1231149255
16  17 1614984389
2  1 1862962915
7  2 651066537
14  19 1810147915
17  8 1141723094
4  8 1643043856
8  1 1438806901
17  1 334083007
15  12 2002334274
1  11 1023984636
18  7 382410625
12  5 1520822376
8  14 128019665
15  1 1438521073
1  18 1856269552
19  17 76121937
5  13 239911876
7  10 281443488
3  9 217348237
8  6 1520378472
9  10 1098736025
13  9 1814708839
6  14 459131369
3  17 1467064037
8  1 138564059
15  13 350203465
0  13 2068988862
2  4 704630377
7  1 334384072
6  0 1003917027
2  1 995993003
8  3 740447726
1  8 816032005
4  3 1531238976
4  1 1491015085
3  18 658172189
15  1 299303005
13  17 712188435
5  15 1955040535
13  14 781985319
14  7 586585882
1  6 485324643
10  13 481901030
2  6 696704844
19  12 357155775
3  1 1727218646
13  9 1155671391
6  0 773891887
12  7 1422300556
4  8 1468102671
1  0 76870431
18  8 2093319560
7  17 1970718814
6  12 279217708
11  14 1797586720
19  16 1618165380
1  9 2032326749
5  17 1697639508
4  14 912962096
4  3 2036971728
8  4 180918527
15  1 974412101
17  15 1902297434
7  14 891597442
3  14 2095785097
6  14 563560600
5  12 589419863
16  10 1702562107
10  19 1360130920
19  15 1481693489
11  13 970187428
3  7 618230142
9  6 605637612
17  14 497996429
0  9 1883412664
10  0 20208855
5  11 1979765344
9  3 833725596
10  6 1479236412
16  7 1175514368
6  5 1016661182
7  17 1245773577
19  13 1945022473
2  14 1067439273
19  8 675981935
8  0 927294490
11  1 1637602307
16  2 71216789
17  19 675255190
10  16 1440988628
10  14 358463718
13  0 1619121105
19  5 251237458
12  5 974623964
14  7 261825510
6  13 656321164
13  2 1461699199
11  15 1369746167
6  14 1858565080
12  2 968722979
2  14 701377441
3  1 1078061214
8  19 1965922237
6  7 141359165
13  19 1078470140
17  16 251808303
