399 20 5 13
9  17 1982832096
12  18 1891059152
8  1 1497538454
19  2 865928092
16  10 1699350733
2  4 1712794671
16  0 1987854310
14  17 891675448
17  2 239432210
13  16 226675845
3  12 1210452929
17  9 1094810114
15  16 134295973
14  8 1974152962
2  7 799744791
1  16 1205128078
2  9 1989583858
16  7 59853711
1  17 1798890693
0  8 1757330207
19  18 1627292848
6  11 1714233414
4  8 1032583371
19  2 1782119703
14  1 1137658790
6  15 1269753853
17  15 1899547821
2  4 2022836499
18  4 1926168918
0  4 757144940
3  13 2115938772
3  1 1907879151
1  16 1303312156
1  4 1922806017
16  18 454922507
11  3 286300417
10  6 1596074080
10  7 1275743364
19  16 977095600
0  4 329525086
10  3 1246436730
9  0 824715159
12  3 204378757
12  10 944718948
10  6 627228617
2  13 221176886
10  16 670875958
3  9 348827551
4  11 1733179176
14  4 2144507143
4  14 39645352
1  10 855643604
11  1 856977313
3  11 26505955
15  17 1245613772
15  19 1988349155
7  16 1522397286
5  4 89359700
4  12 403187259
4  15 1225483611
15  7 556722848
3  2 1222570524
4  10 315843013
0  15 1251621076
17  14 1963962598
8  2 1764683814
17  8 117650121
10  13 642864219
13  19 1603990183
16  17 193996075
8  17 403927010
2  13 797582757
15  8 2130499329
19  16 92018080
11  9 2141471106
13  6 1437081830
10  19 706549733
3  14 1616748971
4  18 869191631
5  18 605099811
4  0 1625032677
14  2 261943682
4  2 477198354
10  18 122732658
4  7 1175981495
14  0 1251681062
0  18 2075739166
12  7 530357984
12  15 2049745300
5  18 851904672
11  18 14749374
2  18 1387610221
1  7 180740039
3  11 54357380
14  4 799676151
17  6 374559040
9  14 495421042
7  17 1232983345
2  11 718306747
18  6 1372481876
15  2 879147656
4  11 781960105
4  13 1061350397
14  16 102944622
1  6 1403519598
19  14 503499923
4  14 1417333183
16  10 1861673097
7  6 1281016959
10  4 2129699478
10  3 1675908848
16  10 1783770447
16  6 347759678
19  8 1910662473
18  17 1769420566
1  13 82719394
16  4 163733031
12  16 338371790
19  12 926052898
18  6 279159470
6  17 859633109
13  14 1830176065
14  9 1416227668
11  9 578842095
0  6 1687519754
0  6 1260633014
10  7 1392462298
19  9 1915011926
13  17 1352688249
7  18 86331195
6  9 2018372242
2  13 1816161176
10  4 1445717882
14  0 1554378519
18  14 1508512805
1  15 2104887403
1  8 423901763
4  19 225305825
4  8 495860319
12  9 1457714643
10  5 695767768
0  15 2093107837
15  17 2082292148
14  11 2134446589
0  15 745568071
14  7 1158771009
3  0 567935192
8  6 1683576155
19  1 1908789744
0  9 2136113873
10  15 2008565551
13  17 707075962
7  5 238637863
8  4 339421273
0  6 1437164840
1  10 839573885
10  3 963979932
18  15 904992430
15  7 866281080
14  11 1000487709
14  19 1783666531
19  18 1676203277
18  16 852841362
13  3 1481046554
16  4 1163043820
10  7 268531097
1  8 934591255
3  5 1625969352
5  4 912411678
3  18 350517806
2  0 457955409
15  14 853690682
3  15 997550544
3  10 461168337
19  5 425298962
13  11 1649054307
15  6 1775387276
19  11 606897736
5  15 340960344
18  11 195520351
11  3 1262917539
6  2 1472075302
5  11 25355549
3  0 296476488
16  15 94734251
4  5 370949524
4  1 457010531
5  8 1461271560
17  1 391017494
7  13 1099282895
16  5 135605914
9  13 1230028447
12  11 1833466102
7  18 614731980
4  19 915728771
0  7 2051754211
12  0 1336328889
11  10 292219978
13  6 1276869873
16  1 626044935
13  15 1056201755
17  12 2038276715
14  19 357264334
4  9 716004812
8  5 925126958
1  2 1952606267
19  11 1806475176
16  19 2093927665
8  4 1538045367
1  15 508868346
0  18 170246023
15  1 1653287688
10  7 1056891944
18  8 1672744592
10  19 1626236049
7  3 1689200546
13  14 580805152
6  14 366409437
14  18 332151704
12  17 269215479
19  11 541234929
13  16 1515816007
6  18 1304918618
16  3 112713635
0  14 979353355
19  13 943060286
6  12 1987411069
12  16 722582746
12  15 610973273
14  9 296004051
19  11 900192718
17  1 1284752042
10  8 1579864386
4  13 1760579156
18  2 2046033854
0  2 190019189
12  1 1172924189
13  8 1911024737
10  5 1587205512
11  15 1204276676
0  2 1207261811
18  4 1034604140
15  17 401486182
9  2 1650600655
19  5 223911947
3  15 1830050215
8  18 2021195664
9  16 1701925972
9  5 813372925
10  3 729860718
6  2 202599225
9  12 1174559075
16  6 398953410
15  9 1183260139
5  1 404163721
3  5 680387725
0  6 763892822
0  18 522885627
6  2 476130440
19  3 1264828168
12  16 925324806
9  16 14950079
13  6 1485498715
14  0 1204666952
3  19 496904546
11  9 114929704
16  10 36196988
16  1 1986072250
3  7 1454176352
1  0 370723875
4  12 1936083299
5  14 1859793232
12  10 1380665935
15  9 1565477672
17  3 1199845511
13  11 686952078
17  11 378068288
1  0 1881527046
16  8 1422076269
3  0 1990337210
7  11 1598465267
16  4 706070763
12  14 392784559
2  7 1455547124
19  15 2136246454
8  11 1296605658
4  2 2000302787
8  10 844222841
15  2 1810024727
19  13 1000120073
10  2 2075661779
14  12 2082665749
1  19 139809999
0  17 219351723
3  12 1357382289
18  16 1327971704
5  6 302060343
13  7 1132374997
17  9 1013369389
15  11 1646251710
9  13 253821637
19  5 1898347304
14  18 2116672315
11  15 398682212
16  12 1682091038
10  2 1296273547
18  2 491507103
3  5 602424165
1  0 510232728
5  7 2074391239
3  17 645118912
15  7 778148926
7  6 1754596608
16  18 2055362364
16  1 1567647519
12  16 1773334114
2  7 238638971
12  19 615909198
18  15 2062891641
11  15 1873612478
4  5 891205383
0  5 1290339261
6  16 1740164788
11  4 705564336
10  15 666225391
15  5 208418195
13  3 190261366
12  11 2117637219
0  13 1456734028
15  11 640865603
11  13 720906250
0  5 1060162787
17  9 1401498972
9  19 720728116
11  1 363697348
5  16 270738672
4  8 126865354
16  6 1366579912
2  17 1509390491
18  19 1177379614
15  12 1280495034
19  1 1205582204
9  7 506218871
18  1 831270777
4  7 2135127437
14  11 474094322
19  6 897196913
0  8 974184934
16  4 295450238
12  5 1274996494
14  17 1093043188
15  11 1090022059
8  1 44043123
15  12 758118590
18  6 1054158762
10  0 1489185308
12  7 137350785
18  6 969270088
10  16 329532359
19  11 224619948
14  11 1933435890
14  19 322927772
18  12 2055842019
3  8 657809909
11  15 1606461895
5  4 2000121701
4  17 1393428427
9  18 1552051657
16  19 778289962
13  10 489181499
15  19 698738783
15  16 2012008131
18  2 97558668
6  4 519475051
10  16 1984137859
10  5 1845104639
6  12 1475502895
16  9 342678034
13  16 259983155
19  8 847508271
17  11 415962466
9  0 325770055
13  3 1403088524
0  5 711159476
9  10 1684901876
17  13 1716126844
1  2 1672769473
18  17 1374855409
8  1 1598204909
5  12 155343842
15  16 36066250
11  19 1016088341
14  2 1156908864
0  16 1459411987
4  19 1978894566
7  5 717861745
7  3 1312944744
0  8 31356714
7  17 1824530649
