399 20 9 18
19  11 485230167
10  7 1963206228
10  18 2099036
15  0 1474102019
18  5 277626139
8  1 1369253851
18  2 916071438
17  4 1823482982
15  12 1712301659
15  11 1979954914
3  18 115739298
12  11 798340806
17  0 551569013
3  15 536825947
8  15 1815213324
7  9 1104197391
3  19 30232857
19  4 1122299831
12  7 584431751
15  17 336182309
10  19 1053491510
8  5 158996053
13  17 1819928367
19  11 941434229
3  0 1304150313
7  9 87514820
12  11 451262893
15  8 1614688869
9  13 1400145620
10  16 678521117
17  5 13990032
17  3 1388357076
19  6 37517578
14  3 1258602755
12  16 817501035
14  9 1290172305
13  2 1016192886
8  4 1170915429
9  16 894293573
12  5 1144519076
10  9 577492617
19  2 765889316
16  4 1721706845
18  8 1594363946
12  14 1696442427
15  10 261094135
8  12 314395355
7  15 361919517
18  15 741699756
19  2 1226069960
3  7 367561595
1  19 457263990
18  12 1080341545
0  8 944833726
1  6 621783308
9  13 1548086266
19  10 892236993
1  12 691402178
17  3 1074161513
5  10 1478955302
2  18 646865446
5  18 636700873
14  7 593544821
7  9 1202118804
0  17 2071341115
2  10 350801974
10  19 488703256
3  0 409733241
15  4 2105829835
6  12 1749228978
15  3 1706444882
8  4 2036016396
4  12 1902376987
5  11 571675970
19  9 494193421
3  11 4409129
9  14 1995812413
13  6 1337526136
14  8 1559364262
2  10 112645886
16  12 1102516300
10  8 817139144
17  15 979369089
2  19 154012237
17  6 1478788933
8  4 243139824
14  10 895741768
2  9 1780517365
14  4 922835217
5  1 2136803264
14  0 1548287217
11  8 2040707524
5  18 780085731
15  6 140701962
13  11 374268088
0  13 1017694754
5  1 882621554
0  7 199028620
16  8 1797945709
9  16 549447395
17  5 1357680605
6  9 205368797
16  15 1338261475
6  15 1997086081
16  19 701466714
13  6 1832738508
11  13 938679701
11  14 340599652
13  5 1470334882
15  2 1611052193
16  19 1409083917
10  3 331720810
7  18 2113454315
9  8 1438682361
16  12 1398949204
1  17 964012905
6  2 1443787515
13  0 566238842
13  15 903954727
6  7 1127804356
3  11 1771678695
10  19 1055447775
8  5 1822763708
1  19 1959214725
8  9 1746899419
13  3 428686079
5  18 439045734
13  17 459056037
7  10 1744961727
14  11 1520527362
12  19 935102183
7  9 814996401
5  11 33087467
10  0 216193932
7  1 1338529103
2  10 971167776
17  15 397936761
12  2 324204593
1  12 2097886106
11  12 1062916160
10  1 1571912806
16  0 1858267874
6  13 2145120438
8  3 1983411489
15  7 595052656
15  2 1675191512
10  13 382611144
5  17 1812695094
15  4 226377888
16  12 1836167818
9  3 2050590431
4  8 1131774453
4  14 3972331
19  10 749948930
0  19 1688699406
15  17 1308377085
13  1 158905517
2  1 1785867948
11  3 319736623
0  19 602998382
0  1 1261124545
8  15 1939396107
10  12 1762793180
13  15 819829742
15  10 913047690
17  13 852916618
14  11 1744995312
18  10 954214348
2  12 1523840157
17  1 624857021
10  0 14754090
10  0 727201381
10  2 110460737
15  5 1912298236
6  2 58984114
5  8 2077329878
13  10 959258060
19  11 799205057
5  11 2134207072
9  18 1257023000
15  10 1353138147
7  1 755753109
6  12 1357757563
19  2 809830655
14  16 1949269940
5  1 1244531849
14  16 635232381
7  16 1877845856
0  12 1367099339
8  1 734021484
18  16 2018946662
15  0 386962276
4  7 1555781314
0  7 1034668306
14  5 148694248
19  18 348854660
7  6 1557212752
4  2 1973569621
9  15 382270672
15  14 774439996
6  8 2067556778
10  8 381438274
17  13 238215322
14  2 1993478348
13  2 1947301959
12  11 242247444
3  0 1288591419
7  3 305991059
11  14 1806093239
15  6 1761925090
15  10 791873628
11  5 620624679
9  11 2053783735
8  18 1178612737
2  7 1937893920
9  11 505498608
0  1 1488706526
11  10 826092813
2  17 299299381
14  5 374993264
1  4 1751374054
10  18 1028510365
3  8 1089407741
2  10 455313985
8  14 732335233
18  3 1909438285
13  2 1629618093
0  15 1516296041
0  19 158822675
15  14 2087243607
1  7 1581245564
6  5 597398838
8  15 963924543
1  13 109321477
2  13 346836374
7  2 883134978
8  7 968404838
4  15 1410849740
17  15 301712959
18  1 291288944
3  12 366619031
10  18 554606271
2  8 1035855862
1  3 2090019806
16  13 1013361522
13  15 930814887
17  18 1733897025
17  7 794842335
7  17 1986110879
6  2 1572393747
16  14 490094861
13  12 945802741
1  5 1203687718
0  2 1177046297
17  1 12535407
1  11 1494612679
7  9 1622640220
10  8 1658506538
4  16 1118266002
4  5 1753431412
18  16 762292672
5  13 1638423614
16  2 1464463224
0  18 556522856
6  4 187370642
14  5 925977910
14  10 955794246
11  17 89119336
6  16 1628867086
2  11 582380134
6  17 1329710155
12  3 1603542546
15  3 1229532630
0  12 902606788
14  6 1767263424
17  2 1201720722
11  9 715729697
4  5 1338004046
14  1 1097170494
15  17 668212987
18  8 119933065
17  8 480111497
19  7 786446312
9  12 1517360180
4  7 1992215884
5  7 634735755
16  6 1223265759
11  5 1608260073
15  7 1532077948
10  11 683379231
0  10 269617905
5  2 559709531
19  0 2077466049
6  3 1075740239
4  13 11392097
4  7 2118483132
19  0 2112871043
1  5 764859249
4  13 1523021098
14  12 1446803227
8  11 2025001767
8  7 1552274641
16  4 1801018557
15  17 1439009596
0  13 486324675
7  3 425498370
15  14 897586404
8  16 776527680
10  8 928562796
5  1 880182249
8  15 1827313883
17  16 506564059
10  18 1359756684
9  12 85101165
13  17 831445575
2  6 1445548490
10  5 394655492
3  17 524649899
8  14 694447549
13  5 105652542
7  18 1620875336
12  0 956450248
10  15 2034653286
9  4 1366592170
0  14 649910292
4  5 1531165064
14  17 1028298170
0  15 1792119968
10  7 1934117742
12  14 1089116859
11  13 431605518
6  17 2104067447
0  1 1737417328
2  11 203626911
7  5 1964363941
18  5 253179808
10  19 979359495
8  0 59688556
1  19 1636547148
1  10 1786116139
15  12 2054491123
17  0 1603095186
8  17 12846381
5  0 1837958621
3  17 1146286871
19  14 1060579034
18  8 205130503
16  19 2058673981
9  17 979649883
4  18 32460791
14  9 799996483
18  8 876422570
8  15 82485316
15  7 1885116768
16  1 497957101
13  17 1812576524
3  0 778962728
12  3 585388667
10  7 1973652495
0  5 1366552550
7  14 1988007728
14  0 1579556636
3  15 958811197
17  18 1735582154
0  11 738569460
16  1 2115685060
2  17 353519559
19  14 352242545
4  7 2141469346
5  1 608797528
7  14 1660203337
7  9 896200731
3  0 2002201212
18  12 1074106961
15  9 2058905079
8  3 778430363
19  13 1683356000
7  11 906269382
15  3 338256610
0  17 1911186655
11  4 1831566808
10  2 695302257
18  5 132201371
13  18 184359786
19  12 442321524
1  6 137599815
16  19 1170961070
1  12 791552976
14  1 1865147563
15  14 820693661
14  5 788982456
8  9 716459331
0  14 1312039106
3  9 1137249673
13  4 1811469659
8  6 1549403272
11  1 90027503
1  10 1327425413
3  9 856063726
