399 20 8 0
10  14 1407235963
14  13 208707956
12  15 294768052
2  9 768443977
13  18 970100127
19  5 840681652
1  9 1577469303
18  12 2002820669
7  4 628057315
1  15 2123827581
1  15 1573441559
13  4 114179493
11  5 326574957
1  13 2072794426
15  18 1711669716
1  6 290378306
3  16 1530521689
8  5 518852210
1  19 810777903
6  9 1289039902
17  18 783945965
17  0 1128254931
7  14 1189977181
8  13 1473359225
16  18 922989718
13  9 1498822579
0  2 1096031125
9  19 1625414963
11  2 1841441778
13  1 1537664647
18  7 1713092854
5  15 790665788
13  10 279864456
15  12 988224121
3  1 1777209312
12  11 1113712470
13  6 1008215072
8  0 1767725351
9  19 1902076630
15  3 1812256105
2  4 1517100817
12  0 387687041
4  1 803175536
4  13 2147460267
6  3 1393000695
6  4 651039947
7  0 1646649839
10  7 1023501586
7  18 1945850442
6  2 1506450559
17  19 693501840
11  15 1660025621
0  4 518702094
3  7 1615945633
1  5 1365850866
15  0 1088688188
14  9 1407597881
0  14 1837176308
5  15 1478343977
5  18 756996178
5  19 1203047937
4  10 1358489736
19  17 1989145548
14  3 1001456594
0  15 767825757
3  10 733299759
1  15 1785274676
2  11 2038095361
6  3 708327805
19  3 266617015
14  5 1346229784
5  14 245541739
3  19 1353981536
6  3 1093505295
16  8 855517648
2  3 2033559459
6  2 1579689632
17  6 915777000
8  16 612486633
8  9 1283465573
9  15 988558569
0  10 1796210929
13  11 724821840
7  19 1034151115
6  9 1316463562
9  10 1345145034
14  11 241124491
6  7 1499499190
0  7 856549554
9  10 42953416
6  19 1834347691
4  19 1854218695
4  16 528827069
15  14 454387172
3  19 1761326618
18  11 1869675433
12  2 886291076
4  13 903543765
15  17 1896802085
4  6 1914297219
1  16 35457022
7  0 10577216
5  17 1068994363
11  8 2094471100
0  18 1112530552
10  11 1939918533
2  19 345687423
7  9 33900214
0  13 1646639494
15  11 344814606
6  15 547703696
11  15 2039958528
19  10 663216579
11  6 776612355
6  13 1075833725
17  12 1009143127
12  16 1977880551
15  1 700480787
6  4 1149571621
5  19 1338683841
15  6 1341707043
0  2 1108491693
17  2 1009817512
4  14 1005565217
3  18 1456267286
6  10 1140222283
5  17 163757565
8  3 1354403335
0  7 1550618747
16  6 1485711135
5  10 1250802854
1  7 1165444699
0  1 1099100414
15  4 191553217
3  6 629599176
13  14 486260061
19  3 950717034
10  4 197570810
18  7 2059365671
16  9 774903476
5  11 1848753785
11  15 276032226
18  3 1949575308
9  13 1132080463
16  9 807296099
11  1 730492435
15  16 701492731
10  2 1350737012
17  19 1679754079
12  8 1479395044
8  3 922449484
17  19 495761695
4  13 863868149
3  0 578479183
18  13 1148207428
5  2 1387527941
10  8 1332005677
10  8 508623067
11  19 404498563
2  16 381860306
16  12 1098210201
10  18 376248577
0  11 1278120329
15  0 547366819
3  16 314825724
7  19 173587232
3  18 1295323278
15  10 415766091
0  10 2037041167
12  3 396390006
5  16 1187470969
6  9 86991088
19  3 1058652659
3  10 819837975
18  1 1508653779
8  11 62187626
0  4 1015261874
18  6 793826010
1  16 1528891677
8  13 712645038
11  6 1926583172
13  18 1966989886
3  6 1402173926
14  16 1391753310
4  2 1372008868
12  2 1700144987
15  8 1301293878
5  4 472101309
13  6 1337894866
2  8 1959510978
12  9 982384953
16  12 196657592
0  5 232456847
1  13 386804906
0  15 1452404773
2  15 1524953318
16  5 1053566765
1  16 189316670
4  8 859834118
18  2 992357947
10  0 434310926
10  14 711362781
9  10 795254190
15  0 780306299
17  5 268446499
0  3 955739757
4  13 1059386104
16  17 885091262
11  3 119210747
8  6 533844555
14  10 1682652824
10  8 1262583904
2  12 1901353332
15  3 765481556
9  0 1265199498
0  6 1190978536
19  18 973865746
11  15 1803112489
1  16 931535761
10  16 1770898549
18  9 148441362
17  5 2105413642
16  11 783551851
1  10 880835006
9  1 1332936516
18  13 2074752231
16  10 975911738
12  18 1448981882
7  16 1957041098
10  18 1418526289
19  0 362387047
17  5 1290923993
9  6 851464116
9  18 267147714
2  18 378233858
13  11 1382448874
5  6 1115037458
4  16 1545466128
18  16 1234531398
2  0 994909374
15  11 1302158881
2  7 1598935095
12  9 308894486
18  15 1820366551
13  9 1795909423
0  3 2132482077
3  9 1417861414
5  7 739941103
2  13 1011680502
15  14 1009275716
0  16 1242819564
11  19 1235176692
11  13 510046348
1  15 1192602022
3  13 641860109
7  8 2009739192
6  7 1137422706
4  1 2088999851
5  15 1581852821
0  13 1011159072
8  9 385341453
4  14 1917926984
13  18 1213532599
0  3 1058352039
0  9 1367992298
11  15 51422185
13  1 1326026380
6  4 504153232
11  4 63616175
10  18 2145118267
7  10 250885532
13  18 856702159
11  14 17163578
14  5 1176760170
8  17 663873012
15  8 1790984165
1  15 1941298838
1  11 120665438
7  17 1274995296
11  18 18704509
11  3 1307644329
12  11 406255083
10  12 1496379280
3  0 854215344
18  2 311969096
4  13 2060980757
15  3 1128680005
15  18 1614250854
19  10 468102761
16  13 237998971
4  10 1680484007
4  5 1592967924
8  12 1907646057
15  1 1494710374
15  18 42886410
4  11 1591157469
19  8 2070283582
7  1 1159318097
10  0 149191957
8  11 157023456
5  3 178219511
12  6 977757223
17  6 513196402
3  14 1146453883
6  10 663604012
12  17 1254317823
10  8 1949125732
0  18 100633335
2  8 684089663
2  10 2496468
17  0 1555859060
7  6 2059073340
5  15 1931237952
12  8 1548815386
9  4 468963406
10  13 813327090
18  15 1550184331
3  4 899057506
2  13 1789787264
4  9 1914827054
14  7 161718474
12  15 185966672
8  1 971535325
9  18 1982189322
18  15 470308274
2  12 1256370567
6  9 1818832383
1  16 815538466
6  3 482104526
17  15 2047038986
8  19 929095782
3  9 1398570591
14  19 2008365439
12  1 1452748738
3  18 722268893
7  9 20439431
14  9 1173490034
8  1 1759572513
18  3 576150563
0  9 589590615
15  17 937725130
9  19 388180628
14  12 630468206
2  3 874431695
6  9 191051306
12  18 1125784326
18  11 1489356397
5  8 1859513411
5  13 97164201
9  1 1677894156
1  18 1296321797
5  3 1672536029
4  2 852313550
10  18 264930230
14  18 264234383
10  5 1623470728
6  2 1282267994
12  10 990943880
0  6 492613656
6  9 1487540093
2  3 1613991134
1  0 815546333
17  13 514360501
19  15 2006506140
5  10 1524891711
1  19 1532817404
5  2 1460336545
18  11 771359295
15  9 428787852
1  9 1035647439
16  3 1970863030
17  7 341165145
17  12 1303424017
16  2 58316114
6  13 376007472
12  10 903403854
11  15 974801392
18  9 633187891
14  9 381660925
6  2 1267367963
4  17 337102149
8  5 3752705
6  13 1459383010
5  2 1622156935
13  4 126033685
9  6 682000471
9  10 88666101
11  7 2079005964
13  3 1382447127
14  9 185209083
11  16 2094365630
12  6 575811558
7  18 1729055110
19  8 514725203
6  15 532328038
2  12 383707773
6  14 1753837471
2  8 955342076
5  9 2132306828
