399 20 17 7
9  4 1565164255
17  4 479290244
17  11 501134540
5  19 497761481
4  19 1699652414
18  0 939244222
8  17 110201452
7  15 977007604
16  5 307644308
6  0 807634529
17  6 1110167412
4  5 746079464
1  16 376423560
18  4 408966503
6  2 1981925761
17  9 586259786
10  8 1843864649
15  4 958897892
14  7 405866895
16  2 578458832
15  18 1555103508
6  1 1094513542
10  19 380417882
7  13 1978666503
11  2 93909581
11  15 417466475
5  4 2140841113
5  3 28797860
4  16 959979346
2  17 841425931
8  18 410000284
14  16 1640930917
9  12 1488920257
5  7 219674163
10  13 1997153234
6  2 807144834
15  13 1665905629
3  15 790151785
1  4 1980362118
6  18 353071395
4  7 1335023739
6  13 1441992704
2  7 1262349333
11  13 1427716771
8  0 588321204
12  2 555044789
19  12 1073903735
2  5 1807370898
10  13 340992283
1  9 1498561886
15  10 67457351
17  6 706278045
2  5 1024868279
6  2 522245177
7  19 2139029444
8  1 2071703947
9  15 1185772622
0  15 454496907
4  3 1651235233
14  0 1285280322
2  6 1122438377
16  7 196295194
6  2 1283963478
12  17 1195671119
19  3 1648544655
11  13 592828933
17  4 1083652181
16  18 9583442
8  2 1185042653
7  3 683021597
2  1 454523953
2  16 1150335827
19  8 771229835
5  10 253756858
4  10 119118632
12  10 1497858760
15  7 650932215
6  10 2136741404
5  17 1394583089
18  14 4900953
17  5 689611545
10  0 1584878720
19  4 1434170562
6  0 286747637
1  11 823395208
16  2 1626905611
1  13 1983377232
8  14 344403808
5  6 1124706031
15  10 775277467
9  13 31665887
7  6 2073370
9  15 998814106
10  0 378794001
16  18 193086126
6  18 1203507427
18  10 83476649
18  5 1903142390
14  4 2112816776
6  1 1017910483
3  17 2057816990
1  16 1856708555
0  5 388034972
12  5 1730614805
10  9 1812374014
1  18 1556686838
2  3 34196568
12  6 2005128077
2  9 1197674385
17  18 1347709805
16  19 652195641
0  5 556878873
14  0 164529706
1  13 605324497
12  14 2026238256
14  18 522955430
4  8 1586739507
18  7 980214739
7  6 1516297038
15  2 2011951617
0  8 1824892276
12  5 1659718895
10  3 529486268
19  1 1897026452
19  5 2140484231
0  4 517073530
1  9 822961940
7  19 1947114885
8  10 98629438
9  12 1673431052
13  7 1650263463
13  5 607233887
9  10 1989605578
0  6 431696195
3  1 1064923332
1  7 1777030801
7  12 554395544
1  3 1192753206
3  9 70336271
16  3 1358239485
7  5 2071896892
4  18 1077364101
15  1 1080355161
6  18 303549176
10  19 826353257
8  5 1444437913
12  18 1497917250
6  2 258355370
8  9 2014618608
19  16 1655903156
15  7 2091170059
8  12 651017082
18  19 10302399
18  4 1190827528
10  4 313656208
11  18 1377915631
17  2 1329438087
14  8 498233078
3  4 1186826826
16  18 389899493
11  18 1700131532
0  14 2094919630
8  19 673078884
0  14 1587970349
14  11 436926697
10  7 1456030298
2  8 942899260
1  12 1783931874
6  8 285394137
9  10 688158770
14  4 1199324379
18  17 1345004778
3  4 453699685
4  17 888746897
17  18 813271334
16  12 934059447
15  10 1525898019
8  13 868350080
16  7 282426796
15  18 30642076
4  12 1491604597
0  18 1786581019
1  14 2142490308
4  18 1736723681
18  8 1646813846
19  10 277678486
10  14 1257968556
0  8 1261466796
6  11 1256980816
13  10 2028683785
10  19 1938973074
7  14 2074908005
6  15 650317530
9  10 990527686
2  17 27574987
2  12 720753536
5  13 1685098828
9  19 2036781935
18  19 812486437
4  0 509937533
7  14 1918941418
7  10 2105316510
5  11 816438505
9  1 920768890
10  16 890641683
2  18 918771286
10  4 1572635555
12  16 445426101
14  2 1976790596
14  8 2129846855
19  18 1446914629
8  12 1655558577
2  19 569119050
0  16 734840556
0  4 941061834
12  15 1827128419
6  12 1874914079
17  5 1901001490
3  6 294589868
17  11 845276920
11  2 925921744
10  13 586327689
1  4 397492938
13  16 116555249
0  18 1493885793
16  1 1111373322
1  8 1034331626
3  4 2086828394
19  9 952166850
4  12 1460050861
11  2 696383844
0  2 1399866481
2  12 1974682688
18  6 1904492435
3  9 1325104869
8  11 560103613
1  10 1544306454
9  12 417033261
8  2 295965737
8  19 774333310
4  16 1777053051
12  19 2055751361
6  7 677058121
13  4 455060912
16  5 999718504
5  13 397059513
5  7 1594097334
19  8 1198004243
11  19 1475558536
12  4 227158966
19  9 520393967
18  11 1854283063
18  17 1421527061
19  18 2048528426
9  14 1724333075
8  1 1289688806
15  0 2033622313
9  18 1442031757
6  14 1569454658
18  0 1289112642
8  18 1196842081
19  16 2104824966
19  7 1280652722
15  2 1879594659
4  16 1068357997
14  3 233560677
16  10 970287005
11  17 772343222
5  17 76163861
5  7 1414385950
3  16 1604322989
2  11 1410523297
19  2 739436529
4  15 1731222685
10  0 1735575637
10  4 1442146991
19  14 795080365
16  2 1088049893
15  7 1176822642
1  19 30429927
9  2 986263422
6  18 131027547
11  12 739243017
17  18 1514141893
14  2 2065979561
0  2 2011272935
18  2 173909622
14  18 841483350
19  6 810430009
14  0 1338168903
4  18 1611574769
10  7 1995505838
15  2 694979227
5  1 566544261
15  3 1182614486
5  9 713006404
13  16 79814435
10  13 1641477527
11  17 1291958463
5  18 180300252
1  4 346358544
10  5 1697078367
1  18 1131507552
6  4 616839910
6  8 771624830
15  18 923913278
0  14 725251748
10  14 941569714
18  11 864511425
7  5 862026315
1  17 1775993105
19  9 644327155
7  1 2090582126
17  8 525523991
17  8 1681676405
15  3 1232380896
14  5 1201123768
5  14 1350947510
12  11 1003152204
17  14 1156374420
7  5 581795498
18  2 275867785
10  9 1905737470
5  13 235238827
16  4 1023884283
10  7 1770173757
5  2 471730612
14  15 1010803664
15  8 599289594
5  17 704811894
13  16 1867334651
9  12 106585027
17  5 992711556
16  4 1388473293
13  0 1233067222
5  7 647840116
13  10 1647639341
3  4 349714678
2  8 1661853736
14  0 285226173
3  9 1387880876
8  19 1446835426
5  12 278163784
2  0 220611463
4  10 1637239178
12  18 1603528302
3  16 1332380175
11  3 1946911619
13  0 701404686
14  9 1692786650
2  8 1767513663
17  19 338999580
5  16 1287916439
15  18 366035141
16  9 1210899271
14  12 667850887
18  2 1246413094
19  13 1808856306
9  13 788997386
7  4 1800549650
1  11 1553254711
8  16 1158420744
14  5 336230322
10  11 2063241375
11  9 1232726312
18  12 2033328815
0  17 399184238
2  4 158319245
18  11 1924274258
15  4 1300845757
17  10 2003519711
10  15 1299076070
6  4 739790187
16  8 371326017
17  18 1548652567
0  8 236256511
17  7 1861163738
10  8 1116588953
5  15 1265725553
1  17 1296782883
13  8 183322450
19  2 188925768
15  5 808185882
5  11 909706265
5  8 465955867
9  1 2021510071
19  8 349301974
13  17 1503125255
18  11 646249512
14  7 1176428886
13  11 2047643874
6  19 1232101380
12  7 65523754
14  6 918964649
13  7 548554858
7  4 858492928
15  9 1564916366
15  14 1790949308
10  2 1209926089
