399 20 15 1
18  0 92980919
11  14 2014654791
2  19 2105008296
4  12 1695251244
10  0 1542277883
4  17 649655519
15  1 1231829578
8  7 1011813098
8  9 109983539
9  18 1286253850
9  14 2027114558
8  11 1839221827
17  9 484866604
5  0 1944505901
15  18 305716387
0  12 767749785
10  0 277387116
3  12 58296781
16  17 399365452
8  1 2090092350
15  5 1078278818
8  14 104574286
8  6 663892403
6  16 456900780
13  3 526098880
14  9 1818905971
0  1 139475500
1  10 497719577
15  7 1349980716
4  15 763533900
7  3 598824922
17  1 1253072592
4  19 1608877566
0  2 32871016
9  10 1195631170
4  11 578611045
17  4 1192722670
4  14 1423314448
9  3 249337527
7  1 1993025491
5  11 1084347844
19  14 1116581469
11  0 110329401
6  12 260630867
4  0 495299008
14  6 535654864
10  13 97480823
19  12 1621909552
1  19 3677984
8  17 272176531
16  1 288395733
16  7 768252408
19  4 1369457595
6  12 145138469
15  19 1101476139
8  17 1336782576
15  3 1475742349
1  6 72004021
7  10 2113047276
0  11 1967503918
15  19 1466834132
14  0 716152029
15  18 309187405
12  8 330935822
9  18 1589135336
0  17 2055234442
11  1 1978733212
3  11 216676571
8  14 1812341629
4  15 1050688714
1  13 1680012499
0  19 1176889784
13  16 1508755972
15  7 1753657716
15  18 1944568932
6  18 516485321
7  17 1999817531
8  1 520393438
11  17 478440648
4  19 196628994
2  12 1366796879
15  19 1596594272
5  10 196167772
11  17 2129600655
14  7 1930719486
17  2 1633310374
13  7 902800281
8  12 1959120369
9  14 1587844447
15  6 1556658930
2  13 1535498619
3  6 1412933681
13  10 221063099
16  17 957754046
19  10 1545203428
8  5 627953363
1  16 1040133470
16  0 863467886
13  7 2057382443
17  12 2130325184
15  4 1270351150
15  17 894619181
6  18 929182510
4  6 1774990757
11  5 408796073
12  15 2060730744
7  8 361854405
10  19 1176418802
14  7 478424400
1  9 2110528547
9  11 1296051086
0  4 666873023
15  1 208139717
12  1 198336009
0  2 842716242
10  7 794599064
14  3 822419401
13  17 392673913
12  15 543825699
8  12 1510121431
17  13 79754732
10  16 1976774061
15  10 1635892553
18  5 26894750
18  6 124561442
7  2 1941173172
3  18 1903842580
17  13 905266141
17  10 161142367
9  2 1440034862
7  6 2131680241
16  3 289211922
13  12 1932204490
2  9 937305736
10  15 80740337
3  8 478771319
13  2 1534141184
19  18 835828270
19  12 687880132
19  15 1910802407
14  13 183910846
8  5 1599667688
8  10 923073559
12  6 450381392
3  11 1863467876
8  4 344979033
7  6 519517356
18  13 2132297611
16  19 52640590
1  16 2041294718
7  15 888450624
10  16 2084879431
15  11 1827634435
12  17 1708176490
14  17 1501206391
18  13 619816581
14  11 819952746
16  1 2110000609
6  9 912145154
16  12 1091503469
3  12 18473906
17  6 1416622659
11  0 970089626
2  12 265543014
16  1 1952247165
11  10 2140077155
18  15 2099882711
19  4 601059402
5  2 1068999406
17  5 979047814
4  5 101223719
17  2 1219026161
16  10 717605057
6  16 1322778643
10  19 2003977792
18  2 1468495210
16  15 368260115
14  11 591941950
4  1 72877511
5  10 866293043
8  2 1192073431
7  3 1046574104
5  12 1997810157
0  11 69954958
15  4 1671877003
15  7 362217184
17  2 759571602
2  5 1875001205
18  12 1496708734
11  7 229102270
5  9 2016300870
11  1 1465443518
16  12 375221790
2  17 1404049563
1  18 1267365126
16  7 428249880
7  2 169332226
4  10 1752667263
18  7 1736530385
5  3 144819978
8  4 1822659774
9  19 1082645278
7  2 533342045
17  12 445423566
6  7 879832798
4  2 887162861
17  12 606745680
9  17 2137568678
16  3 2022714866
13  4 1959440002
16  15 312714117
9  14 621161141
7  15 1969860047
4  18 7478669
16  17 1348416972
5  12 550455742
8  2 191508363
18  5 539964393
6  19 595057337
5  19 601007317
9  19 1322504408
16  5 833644579
6  11 477574477
18  14 1323549064
6  4 1784678212
2  10 1090290988
2  1 2118188515
8  9 1529185902
7  8 2058694944
9  1 1710633367
8  13 2120600967
11  10 650445916
16  6 1357799481
12  2 816345068
13  10 91147161
4  15 485208054
0  14 732090729
3  14 894880410
17  11 1534380450
8  19 648495829
17  3 706075437
5  19 594429465
16  7 1339432128
5  9 543110347
17  14 1673602304
5  3 701913797
13  4 1520417129
13  7 1727631967
2  9 739088437
12  7 61969065
1  4 1370436480
17  3 528321806
8  0 292348496
12  18 1469770783
11  1 970262592
18  12 335411969
7  9 409557627
16  6 1426301445
8  5 1686319360
3  18 1821830233
0  16 57431163
13  9 789019417
7  3 1549914920
7  17 2046698623
18  2 692282397
0  4 1824163371
0  6 1488705364
2  15 640040649
4  6 723895328
2  11 1391260057
14  1 1878450349
9  15 1655712579
1  10 1170004581
17  5 1785071212
13  6 625319363
16  3 1177519428
14  11 362154463
11  2 1922245309
9  18 1208618100
3  14 1175273267
8  5 159381123
5  19 2066579404
0  12 1909858414
14  17 984340657
15  8 1478838919
15  7 360201688
8  14 1333536708
8  15 2107810725
9  1 688366759
15  8 90879309
6  4 1859404564
9  17 1325845555
3  4 872488076
11  19 1745744091
3  5 677204718
8  17 1847894781
8  1 558224942
0  7 677455549
0  18 38969927
6  19 252767394
2  14 456270299
13  9 877935406
14  2 886678878
9  3 671765600
14  18 503739553
3  8 1737622634
4  17 1129076903
17  0 1755699997
10  4 1641452629
14  5 1556952249
1  14 1613170133
8  4 1711924406
18  15 1684332705
2  9 683180487
8  3 1124195126
14  17 351979187
17  8 209108184
4  15 365022623
9  6 356685199
2  16 1470627
13  12 493913113
10  4 555620696
7  2 2123543939
16  3 1313266243
18  9 1954086254
17  14 1897823627
17  11 1621049508
12  13 1398931339
13  14 1734079581
13  3 1151466282
4  8 1788147394
16  0 1048507109
3  2 24306908
16  19 1966343509
15  5 1187321114
9  2 1171878361
10  4 1392777396
13  11 2090805156
13  17 1786694816
4  17 950138729
3  5 1212408223
6  11 1731787975
9  19 867484793
17  11 654305622
13  0 1259218107
7  15 1662585933
6  2 492273015
14  1 1277831617
0  10 900481332
9  4 543273064
3  2 1073838895
12  9 1699431642
10  9 2030504159
18  12 1378168441
2  3 1558009707
13  14 522586649
19  0 2069363559
6  1 319991709
4  0 970677112
5  8 1133206454
0  6 1692538398
15  13 457285692
0  12 300593626
3  6 401464656
8  5 1058146647
3  9 576924910
19  12 1802517766
14  0 995832955
7  4 1768744197
10  6 149759444
13  9 1930762578
8  9 1009839492
15  3 650928701
2  17 1357987893
2  16 426756795
0  4 1484219389
1  19 1146922504
12  14 573572743
9  14 169994038
18  19 1526291853
19  9 910148589
9  7 1213737685
18  12 1783923436
13  9 614352403
15  10 1565048454
3  4 404206113
18  3 1080719864
6  2 2129407221
2  17 1335258964
3  15 1823771439
15  0 1787374985
3  5 1124300274
12  18 500533480
4  14 1141126793
10  8 1187182213
6  9 1544703232
4  19 910979480
10  18 529036490
6  7 1059510830
