399 20 12 1
5  4 1422443274
10  3 340568743
13  18 227352833
1  12 2138978439
12  10 1851738510
4  19 1439159262
2  6 179552358
5  16 189974520
10  13 2015905271
0  8 1775595066
1  18 852906251
11  17 863081109
15  0 382793236
17  4 250159083
12  9 722683098
6  2 1929996260
2  5 214164776
6  13 1551662160
0  2 1007009504
19  10 246049933
0  3 731680326
3  11 959674953
13  2 522356491
0  12 579619402
9  4 1312965034
19  8 1871493372
11  8 1183822497
0  7 398733131
17  2 1345869494
4  17 196031340
11  18 1181958281
18  14 188371069
11  2 110938043
17  8 1262274955
5  9 1855102761
15  13 483589233
0  7 1240428263
15  4 1698204960
1  4 563166880
0  7 1257353115
17  4 380472387
16  6 499385280
14  9 1378770415
11  8 578725665
3  2 1241007067
16  18 773637200
14  12 504407293
7  13 902295796
4  12 1183103355
4  6 149979657
19  0 1192690844
2  10 1591067616
8  14 761354845
5  3 68032184
6  13 971810947
2  9 1546744430
1  13 1167492816
4  16 2109418559
14  19 1100692271
19  4 826265324
4  14 1045577478
0  19 116731589
2  13 1925762454
5  16 1437714486
3  9 1967009928
15  9 77921696
17  7 573545051
6  1 1506945588
1  7 918539139
1  7 984801140
7  4 2051896088
17  15 785442603
7  3 1142015424
19  5 1880976838
13  18 702901647
17  19 1879273876
9  4 737709593
7  4 1152293290
7  3 618329176
4  15 429892534
19  13 797688229
8  9 1958305379
10  18 831887988
8  9 360979362
12  18 662481128
3  11 1731807446
9  4 1434406811
1  9 164046090
9  13 1636023238
14  1 1578822309
8  12 203032527
13  11 1738115983
0  19 1759867521
7  14 409652359
13  7 1372421825
10  17 427649351
11  3 81154923
8  10 1680407090
6  17 660431073
14  19 2132913357
16  18 417862959
14  5 1982356827
8  9 665321186
11  10 793300752
3  12 573525160
5  10 564462747
7  11 563279224
15  8 1307738902
1  10 881723950
14  12 603053634
4  15 368331711
1  8 1333857693
19  12 836596267
10  13 57757999
16  17 984011590
15  13 537460972
1  15 944493726
17  11 1778588481
3  19 313435987
12  14 1451948630
15  7 706768355
2  15 1047423611
8  16 365794775
7  5 1457889113
10  14 1367385626
0  13 1943409310
2  7 389945448
9  2 1795822737
18  12 1142778852
11  6 971907428
5  19 1936800857
13  18 1523421419
19  17 852607841
7  15 244821894
15  19 882157286
16  1 377368795
13  5 58918122
18  7 2124065787
6  3 533902248
15  5 2120711426
16  10 1559768512
10  6 1583360789
6  0 300348628
4  0 397052224
0  5 1186703519
2  12 408760378
16  10 977075548
5  4 705937924
16  17 1544228140
18  9 495776433
9  5 1488610231
8  2 51198876
16  9 1278202601
5  16 1459325682
0  8 15301320
7  13 30476776
7  15 961315228
15  2 362388240
9  4 1581260548
6  14 1361318516
12  1 2023005765
19  2 620891506
6  12 429922469
11  5 1012814038
8  17 1699663877
2  5 1463173576
16  3 1770949409
5  2 990233638
16  15 1728203644
18  3 1713841078
4  2 483799022
15  7 5434308
3  15 1698453128
3  14 1059670151
2  13 1594524555
3  10 1182706076
1  8 1245932454
18  1 2100091144
8  0 1406239842
8  3 1848232266
2  10 1492277833
3  4 346668220
10  4 2107910869
19  5 1131648179
3  19 1584149122
15  13 818812058
16  12 1034735716
16  7 1147330089
14  9 674724157
7  18 1269740755
12  3 800103054
4  13 526612396
12  16 1206072926
15  1 879851358
19  10 538111194
8  5 123788030
16  5 1386568295
1  2 1980014790
10  2 1709924217
16  18 696197678
3  0 1105004744
3  16 1339757078
12  7 1492110703
12  11 1716045232
5  15 858372682
19  4 1708950133
15  11 1299585860
0  3 1924337873
4  12 368291010
16  7 903887601
9  16 211005476
15  0 1134283028
16  0 617675950
15  17 534232861
1  11 1636342991
12  14 907601211
6  9 1129022214
16  5 701175187
19  18 258329367
18  16 855706393
13  15 1045861622
11  13 542020275
7  18 94681633
14  2 339100732
12  11 914153967
2  5 1542857254
6  7 72049086
7  17 1533008079
4  5 1421747941
12  8 1972456203
12  19 251501762
6  10 1740164049
6  4 2100652168
6  8 858952359
19  17 1699591257
5  13 168399221
13  17 1831503669
13  18 2038737158
10  1 606269428
7  15 1576924959
16  1 780445405
19  17 1127155722
4  14 785264263
18  17 1540232071
14  7 1039748881
17  9 122578784
18  11 206039082
10  12 1993875119
6  18 617690983
1  18 1763498970
19  13 1281711232
0  8 576056377
9  7 1137282062
10  5 770889857
11  10 1852299170
5  4 150554783
1  12 197662252
9  3 781836358
3  6 1763567689
9  8 400481515
18  4 480547133
4  1 1352566024
13  1 730670149
12  13 1864583901
5  3 1233014221
17  11 1925861905
9  3 306795996
8  12 91846989
6  1 1661381951
16  14 1285812831
2  6 771378368
10  0 943802988
11  9 810552943
7  8 1984737230
7  19 1505768422
9  1 167804992
6  16 1365926082
2  1 721840522
11  19 1882931866
14  9 482531949
5  14 1826788663
1  0 2123959894
14  4 488659828
18  5 895558089
15  7 1931623543
11  17 1243267677
6  15 1247333614
12  9 460010348
15  4 1643198111
10  7 655211436
10  7 1875205727
13  9 1637672779
6  18 675557811
6  11 598127401
8  11 119355081
5  11 602682582
16  15 1937439627
4  15 260934915
4  13 635322619
5  17 847997146
9  8 578441531
14  12 892332517
3  5 564956346
15  9 1439589459
1  2 1362601119
14  8 302123170
3  0 567926344
6  3 21781188
2  11 993642365
8  2 636815176
6  13 901008345
13  2 267482207
3  18 1783037638
5  11 13463925
7  0 203324525
7  10 2089401359
1  0 133193361
7  11 106338362
19  10 1028902193
17  0 1811646102
12  2 2109004634
17  7 635307276
1  8 2145276529
5  7 951518273
2  14 771221267
17  11 2130836443
14  10 1911245574
5  17 374626439
4  12 377138332
11  15 865898772
15  6 93107026
6  8 1627440327
16  7 532467309
17  12 1267740517
9  1 868764960
18  6 1479560925
12  17 921038527
9  4 1194345549
17  19 883020130
12  17 753109652
3  8 553379488
10  1 785815242
16  14 480688968
10  1 1573212366
15  8 958228704
16  7 1589701319
9  19 11247230
0  14 1292892049
5  10 104265869
17  0 809045062
8  16 424939020
5  1 1670025749
8  6 1776718083
11  9 154519282
6  14 1811525267
0  7 1056907061
16  8 1704894737
12  13 1528943861
10  14 1106982838
18  15 1614685211
3  9 1817500210
15  6 1640164070
8  5 1626156757
9  5 1578791453
18  9 1169371553
19  10 2045009543
13  5 1533273381
8  19 745598246
6  3 1177444449
8  10 1598779670
2  10 1363891250
16  10 2057153081
14  9 85841933
18  4 279078866
3  2 1474133888
12  16 968620789
19  18 2141696205
6  19 1739001260
17  6 239959215
9  1 230727710
8  4 1371900951
19  4 1336664555
12  16 178164312
16  18 40451591
19  7 1784948503
13  5 941490350
16  17 906029076
9  13 807853289
10  13 1961993186
2  11 1461378537
11  8 927131346
10  4 389735462
12  0 959638067
2  16 186882181
11  1 621273207
14  7 921439809
17  1 1509144323
2  17 1219205340
15  2 1999298686
