399 20 2 0
10  8 1242911136
9  19 485060529
4  17 1177107223
3  18 409297737
12  6 1551816532
3  11 1371443170
9  1 1678949193
0  7 1103917589
7  12 2061689852
19  11 1424295268
2  18 193571003
9  6 172965886
4  3 167600187
9  7 1202712602
5  11 863146513
17  6 773310271
8  4 1078509027
4  8 1800392023
11  12 1279793875
14  2 1451281141
13  8 586610985
12  2 1790020920
6  16 1041792138
2  19 80952071
0  8 890180637
13  4 1512332735
4  5 1712440480
0  11 1762711153
9  11 1405215339
1  4 1490999762
2  0 998893126
3  11 228496735
5  4 839929354
2  10 238781658
10  6 1725796829
14  18 1882544187
0  11 1624604830
19  3 1178044251
12  14 1600434752
19  15 1725778608
8  5 1312117430
1  18 1860480058
15  10 185726379
2  15 1709628386
15  18 456948978
9  7 657837915
19  18 310678857
3  9 243360113
4  11 1581855637
13  19 1744053550
8  15 1430890403
16  12 426767613
2  8 1888424364
7  18 179053953
4  3 815066714
7  13 884548389
12  16 505680775
8  19 950905973
10  4 1062235039
5  8 1117713623
12  13 768929572
2  0 1858141833
1  8 1654902826
14  11 1691405465
3  14 41322171
2  19 1109578484
19  9 1369000116
2  17 819842443
1  6 1169545703
19  12 845480601
5  17 306787413
0  5 1908804177
9  8 12377700
18  11 343454798
12  9 15977778
9  12 1955751670
3  15 1599506439
7  8 415906014
6  12 1144822101
16  2 1242825900
4  10 846532115
5  8 631642720
4  3 609189278
16  18 887085927
14  16 474059456
19  16 597356446
16  19 861936136
11  3 57491656
13  7 588543065
14  0 466068464
12  19 633217774
13  9 374407295
0  9 356358706
2  1 406674662
11  4 1869616512
5  14 492277654
6  5 1226926248
1  14 226683747
4  18 926999509
6  10 1246130000
7  10 7239677
17  12 36330252
10  12 407460926
5  16 1571484927
11  8 167175567
12  10 1079506018
12  3 1933510625
12  1 218866415
3  2 1604636822
11  17 1296164832
2  4 665519423
4  19 421280389
14  3 186408937
6  13 254236310
9  11 1109655126
17  4 1025610886
3  0 427492171
10  4 1969056136
15  10 511384828
12  8 879110701
4  2 1235923701
14  2 1686059577
17  6 1340998138
15  11 56653879
6  2 237033832
14  1 1832922351
18  13 1186703804
7  17 925849001
11  16 1032284369
16  8 1334932167
3  1 682966336
13  9 52899485
14  16 1505869008
12  18 11550865
17  1 810953149
18  13 1928605901
16  1 1351465346
18  17 423223596
6  1 1237068790
15  13 1182751153
6  12 886228704
17  14 1250505954
1  13 183643171
15  11 1277072925
11  17 557850822
17  6 12221565
11  3 1890682699
18  8 2010651048
8  2 1336085666
17  4 272736635
6  0 2042777733
3  13 1888357822
11  5 1935391788
6  12 85474759
10  7 945443069
17  19 248207671
17  4 425580062
14  4 1622436105
3  6 970966829
11  18 1298275748
5  9 176911054
18  7 1371057114
14  12 1197029183
1  17 874958464
16  8 1633790116
15  1 1406558451
6  19 1326927567
3  14 1224822406
8  1 1438406671
1  19 312671517
17  9 249020286
19  0 1498540349
6  3 662110793
1  19 1357276665
0  5 1377566292
8  15 768357794
6  7 2025529387
19  11 1060979459
0  10 2127254470
15  0 982714387
2  19 1474766493
1  17 315801178
3  13 148672793
18  2 1107303605
13  1 771128425
18  10 1591448967
2  4 1587154945
6  13 1341968735
15  14 1666162886
9  7 1329496471
18  12 1368213156
4  8 1972403815
4  2 847098467
9  5 1418320435
3  9 1353357733
18  17 136663066
14  12 1624448054
14  16 878632583
2  13 550466906
11  4 1795337094
1  10 482029867
12  11 222219939
5  10 553955615
8  7 1852424845
8  0 1271847623
0  15 2018642383
14  10 110236382
17  15 1103241778
15  2 752282328
2  5 1163859121
18  15 1180608274
13  9 1768189874
0  8 1794943704
2  15 1612213613
8  9 911242681
11  0 391852774
2  16 897070692
12  9 2053179389
9  1 569605815
3  7 157668713
11  16 580662875
19  4 1981552249
18  7 115824251
16  3 851638731
17  7 1603764745
6  12 7210924
16  10 2112608973
0  1 1983492169
14  9 1428559849
9  15 1724337882
8  2 723656804
19  8 158554596
9  11 1930328508
0  7 616489771
12  16 247356483
3  5 1277290077
12  2 297926606
9  13 1992667421
13  9 363453527
5  3 2120401805
14  2 642571648
16  2 1978274974
6  3 913185484
13  2 1899984501
1  8 439873357
12  9 2134235855
12  9 2050825284
3  6 863657075
6  19 1864648671
10  14 535534389
1  8 2033128807
15  10 1565558789
11  17 858850362
6  5 1385107515
14  12 703385511
1  8 54567048
1  13 1322584344
19  8 330892411
6  17 2084521707
10  15 309468898
0  12 1800067031
13  2 878112557
8  6 1137231825
18  9 1637490032
16  13 1089355025
0  16 1922263476
13  16 874190942
15  9 411305530
10  12 540003694
12  10 434231036
3  18 1190765585
9  11 1908914066
7  2 575227544
16  13 1844398655
13  16 2053438469
2  14 108896963
13  6 1443509577
7  1 162481049
13  15 1579866167
0  1 303700591
6  3 635103403
11  19 2014239550
13  1 1892954224
6  7 1156006029
15  13 1632112376
2  11 169130940
6  14 1205431085
10  12 249695355
5  18 1082562339
5  8 1576996260
0  3 2071752371
2  9 852026956
11  10 848286522
17  5 519052777
10  12 2134092632
15  11 611733718
15  13 1371093933
12  16 2074445625
11  10 2132732164
15  13 253554930
10  1 1132226726
4  12 1298366929
11  8 576480783
7  12 1779154073
9  15 450742748
2  11 1053071482
12  9 1745045424
3  1 65037965
0  10 453479020
1  2 439472639
10  6 762009832
12  14 2140744852
13  17 549272383
16  8 732811070
19  12 559326112
7  16 1944349423
10  6 1021400260
10  5 1540528786
5  15 1134628372
5  16 1794529200
3  9 520649685
6  2 639236121
9  0 2010241946
15  9 1706283105
19  14 33024514
5  12 1488010899
9  12 1487452092
8  14 1259002597
11  9 1633061450
11  0 173304739
1  15 1499340292
1  9 1060283152
13  11 1975387989
16  17 1289492
5  8 1885540829
10  12 465693167
18  1 1712572955
3  17 4553701
12  1 1290828755
12  13 568801083
5  6 111908247
1  7 307190595
3  14 697242931
9  3 105915071
2  13 444764328
13  16 2137616144
11  9 100881747
1  14 1406187428
0  18 731089478
6  14 676022372
16  9 17396719
10  9 590509507
7  6 1882329606
10  8 228874036
16  10 2143237554
18  4 1384178893
3  17 781887530
10  8 1636676441
0  17 65353739
6  0 438910290
7  15 354621558
12  2 1687566483
19  4 1938483137
16  6 523492945
13  3 1738372438
1  11 346040012
4  2 2010618433
6  14 1600611242
19  15 1509839721
10  16 231204456
14  4 452383410
19  17 17464419
2  11 851171197
12  3 2140814175
13  16 1190340792
9  14 1979140247
3  14 1909418733
10  4 20792689
13  8 1993640010
6  5 263216830
3  6 1697764557
16  6 438181935
6  5 131471717
2  8 718427466
11  1 1049480611
9  16 1286446171
9  19 1627249884
3  2 827410082
13  5 1832110745
3  11 879142481
6  12 1037800581
17  19 357440996
13  3 745104605
19  1 227168276
17  5 1819841878
1  11 1849567204
11  3 430411143
2  14 2144850899
11  0 1710827265
