399 20 17 6
12  9 467211044
16  19 1943228296
6  17 1072294859
6  5 1975991746
3  9 1951607911
8  14 223174390
17  3 394552519
2  7 1608284900
9  3 2064953993
14  5 2006129033
14  10 74466450
5  0 1312287884
2  6 573441140
7  9 116268213
10  15 169249824
7  18 744265504
19  3 1477768882
0  11 1828442188
17  15 1874386624
13  0 1542341478
9  15 2026799697
8  17 970650504
19  4 815465852
1  14 1186153631
15  17 2143706579
1  17 1374555612
0  16 373027580
14  13 319537172
18  9 154154979
9  2 546224463
17  0 425631867
15  19 198929590
16  7 1971666341
10  5 295190582
0  17 545495740
7  1 1966544320
3  8 1287918837
6  8 1309841961
12  13 1514881022
2  11 683338871
6  0 156527635
17  10 1400210159
0  5 872539235
18  15 1288236726
9  12 989916848
16  6 266440474
11  16 1100487729
6  8 1828889534
8  1 320195258
0  9 758626687
6  9 174630050
13  14 41223589
19  11 830250856
2  11 1221106867
6  2 1159369662
7  19 1647203340
1  8 1195842824
5  14 431459803
17  15 965660362
0  19 1258161528
7  15 1821337619
9  6 1897685440
7  18 511269692
3  12 662674416
19  8 892610922
11  2 1936987459
5  13 1095612024
3  5 797896438
8  19 967698540
13  0 1040081991
4  17 2128193849
16  12 895121683
10  4 1488244701
1  17 1298890160
7  8 1296662094
12  4 1126709135
6  0 1442735236
19  9 1596170966
17  14 604255200
14  13 1239561758
15  19 809049413
2  4 1019164176
6  10 1365094050
14  15 1250032275
15  9 2084059363
11  17 2035931739
13  0 1707745113
17  0 1277555259
1  15 966926117
5  6 1020445619
0  15 1663354412
13  15 2143293372
0  14 247921787
13  17 95930914
18  7 1831219327
7  6 1617911103
18  13 1875626534
18  7 1595044125
16  8 195826102
0  10 566249018
1  11 156151302
5  15 1074793151
0  18 985988548
9  17 12242933
16  3 164715006
0  15 1736972466
16  10 1774777322
5  7 1999458413
9  1 1099010599
5  16 848629087
15  4 1125891332
1  2 18188219
4  19 1207987847
14  3 1164411598
1  11 1892138613
13  5 1364377523
10  18 404049975
3  11 224323194
10  17 1800676586
14  9 1134832406
15  10 556070849
14  2 432126421
14  16 1660350960
5  19 914676518
11  12 795484109
14  13 1075226816
0  17 1640444709
2  12 665520681
13  2 936805740
19  12 1244913704
2  18 188501937
11  0 722651275
16  12 1143214175
8  10 1463322027
7  5 1277812584
11  9 1681889163
16  6 2006106157
11  0 443103176
11  6 1101353441
12  4 1401015011
0  13 232790629
3  12 559008931
0  5 1438728066
8  17 696443157
13  6 808721546
5  17 1847324322
7  4 1000599532
7  16 649125365
15  13 1012396840
12  18 1490007219
2  4 354448030
15  13 1070957194
18  4 1585852616
5  13 350648218
12  19 1060349547
4  17 853822954
14  9 1427601078
6  7 967211367
16  0 97373554
13  15 530827397
6  16 240365852
5  16 1359294989
5  6 1046518147
3  7 1285783224
14  4 1592651686
0  15 788069081
5  8 1045810275
16  15 1661571778
11  0 422346089
8  12 1184239938
13  4 2079221588
11  12 1234242433
6  14 2107387053
9  7 1578160025
19  6 65333367
13  1 1523061805
11  6 1273152634
2  18 544311017
16  13 66485676
2  18 1359024797
14  12 1408878348
7  17 1652245984
4  15 959117138
0  5 863588555
6  8 2006316995
0  3 1994604907
6  5 750838905
17  13 1093956580
2  15 843771922
19  2 1676647536
14  0 172844159
16  0 1581644604
8  11 1946389342
2  5 10330734
13  19 1768979077
13  12 1332871955
7  12 1444026022
17  5 1947052377
6  0 884461663
10  5 629987866
13  8 387303783
10  3 701527757
8  4 1719104616
18  4 1015131913
19  7 1163691578
8  18 582154402
18  11 1031255821
1  9 489276142
11  18 807506090
16  3 534657199
11  16 148347070
7  6 2017762806
6  5 1016188271
4  1 540560291
17  4 2011165338
19  18 754953888
12  13 1271741129
16  0 1198063796
4  13 1944167894
0  19 730751940
13  5 565843802
14  3 326124951
9  19 2071639562
6  11 100371972
18  14 678503276
14  5 1614609860
10  11 1270389060
9  10 1749427023
4  2 872086393
9  18 898045316
14  15 1610599551
10  8 32905955
19  17 1976919281
3  10 581440071
10  17 1047137156
5  3 953796260
1  19 445309603
4  12 910291555
17  12 806732259
9  18 1739626935
0  15 274689290
16  6 683490419
17  6 1021901582
0  18 1245366025
0  16 1604135817
13  4 2055172574
16  19 32968711
8  5 426144618
15  6 872339299
9  7 936146214
9  14 1752004242
19  16 1104111823
12  9 1666158259
0  13 1126275280
0  12 36847481
14  15 2138589699
14  8 1687660102
11  18 807943713
16  0 1605537879
10  2 2034918413
19  15 1770100126
7  10 2020096941
18  13 1206232176
17  13 249173795
15  10 709472820
1  2 79440114
19  10 467377631
3  19 784780308
2  7 1783257832
5  17 929650233
1  14 976229818
7  8 1911615682
14  5 218904043
12  9 651415624
6  3 466347338
19  10 302325737
2  6 1018552066
12  18 1482201018
16  8 112944694
4  13 1753874083
5  7 479516251
6  2 2070358795
14  11 1499586094
11  2 1876904776
0  8 2080293413
4  2 2068854683
15  19 4190679
11  1 374878805
3  5 1603017745
9  12 1292099400
4  19 1193989778
14  2 445819922
8  9 1075441127
14  3 320566193
17  0 1268508623
11  14 1649953707
6  10 976496489
13  5 296677674
4  1 650135593
9  1 1955140121
7  1 842170331
11  9 1126470302
9  8 985322224
6  17 526377719
15  5 592187854
6  14 1503796374
8  18 1464800916
6  5 1173682022
11  15 1513417410
1  7 2028335659
6  3 1512518613
18  11 1589341818
5  18 1699209299
3  14 865842654
14  8 1022062599
18  17 111406522
11  4 1834313144
0  10 45118084
2  7 502889473
10  14 1027178312
16  11 1346931086
13  16 1257203638
4  8 1496692910
16  12 956399099
16  9 828134101
10  4 2016596428
5  6 1078515119
19  17 592576705
3  18 1044751211
15  5 660235673
9  4 216305618
5  17 1588954763
19  14 527953459
2  18 719253226
12  10 456662364
1  12 37376533
11  10 954973313
9  4 679523836
9  8 1921799990
16  13 1120497280
7  6 1550686465
3  1 988628196
10  19 167621222
13  14 1295631387
16  7 408745340
9  1 1031460086
17  7 295338094
12  2 1771740499
15  18 1201711177
19  10 2109936300
15  12 800309013
12  3 1489721947
14  16 1661119362
2  7 376799975
7  2 260957795
18  0 409593251
12  2 469944990
1  18 64589056
7  2 562463707
9  16 1241348074
4  18 1645381031
1  18 1324906094
6  19 2057848096
19  10 1736541933
11  17 292111236
14  19 889872691
3  12 1948515971
3  13 674453599
13  14 1871315947
16  5 422204685
8  14 652051376
11  7 2018686751
17  7 1481533884
10  4 1499319717
4  6 2002805413
6  17 186143358
14  15 1219242404
7  4 1311852375
12  14 1197085017
1  17 810152131
2  17 1266428454
11  9 1034337694
0  3 2123410751
15  5 209210686
2  0 470890311
6  0 1184480137
10  15 275222339
2  9 1428710421
6  9 188393825
5  12 1805258277
6  8 147426295
16  4 1371782305
11  19 1340977651
10  18 19725723
19  5 1639437599
2  13 1751414378
3  15 275098286
12  8 882108975
2  12 1509138985
