399 20 5 16
2  7 1806980232
14  10 786967460
18  0 1032503616
16  10 1892019210
19  9 1714816923
19  4 580912158
13  18 1344523329
14  2 1095332769
8  5 481267450
9  17 1420797277
9  7 229176345
17  13 1275699421
10  6 240276924
3  13 642889244
8  0 1805342859
8  17 1854881526
12  18 1557234141
14  15 856070272
14  18 417451985
14  7 1488798117
11  14 1928168534
19  4 670744007
1  8 1176452093
12  0 131553996
15  0 430186828
12  5 675201778
12  4 815444197
1  13 1720744998
0  10 224279022
13  6 1571480984
8  11 585875922
16  13 599270342
18  7 809787535
9  6 796371668
0  19 1955565850
1  4 797237965
9  11 178785844
11  8 725817175
9  11 669828547
5  15 528926126
18  1 1446613814
9  6 17380924
2  18 1001244665
15  4 1351587570
16  7 800250943
19  10 1406870760
11  2 1912404249
19  12 1904336123
19  13 531956714
2  1 1840496004
1  5 1401134541
0  5 1791029228
9  5 519332254
18  15 423195206
6  18 229151121
17  9 189832884
12  2 1677680867
19  6 20725915
3  14 1102397434
9  3 411501956
4  10 10264167
19  4 1482787966
18  16 921733563
0  17 49024105
1  17 1663991335
6  12 502085401
19  14 1130171049
12  19 363295027
10  4 1957505465
19  0 993140971
18  19 380118125
12  11 1907830545
18  0 1678253480
18  17 1663129250
11  3 1927081647
2  5 176618303
1  2 1580684358
19  10 964841707
19  12 652734344
15  0 1096973017
2  6 1017833503
16  0 1202301402
15  7 2045799460
5  16 633546235
2  5 876572688
18  11 2018941424
11  3 169405600
18  3 1555280751
7  12 956181440
3  6 469411047
17  3 1817554058
8  5 142905890
7  3 263001629
0  3 521524564
19  6 756736207
1  15 1054660296
10  13 259583453
9  1 944581593
18  15 1090764066
1  16 391653050
9  19 455196556
6  8 683205199
3  17 1527863201
15  13 1795192453
2  19 977055442
0  18 145697677
17  18 2039800330
1  0 1979198102
4  6 1132196688
3  1 284211545
17  1 752706474
8  18 1779408565
7  14 2016741731
6  18 929662145
4  12 1532167590
10  9 821623761
4  10 709359005
4  10 129546528
11  12 1911804226
13  15 1770049980
14  1 782214389
14  11 638740966
15  11 394624366
18  10 1276445390
6  0 193293412
15  7 2066470673
14  13 2051729885
19  11 590084199
16  17 896672205
0  6 1801086218
5  9 745904632
9  5 783130818
19  12 199415229
16  17 86824697
1  10 1325645736
9  1 1796579251
12  18 1721514930
16  11 1278620100
0  7 716355403
14  3 861366075
7  6 519915365
1  7 777574157
1  17 1724365258
15  2 377789338
16  10 1014639041
9  8 1897861535
8  3 135250596
14  7 1190866575
17  7 1703872098
12  3 82250849
12  0 88319925
2  5 1882904153
12  3 1847876867
0  14 1694119269
7  5 1202618176
19  18 282808623
8  14 1456304227
5  1 1542174910
19  11 709078783
5  2 1217581653
11  16 4176535
10  19 1170372078
12  0 1778276619
10  12 448259115
15  10 2105409164
13  19 530161244
19  2 2011328789
11  9 358457409
14  12 192731595
12  13 2070199579
7  1 1886872431
13  10 1242475763
14  18 1853248114
12  18 71159689
9  3 1577447850
16  18 293728347
6  18 338833405
2  15 174815434
17  19 739559454
10  19 783875276
9  15 150822733
6  2 880052703
13  0 199311399
3  12 1787394699
12  16 673348335
18  0 135815784
14  12 1673606618
12  16 1676646358
8  14 1157125727
6  4 937554558
10  17 1156360253
9  18 572535386
19  14 396064377
6  5 478310600
1  15 1733342806
0  3 1769320610
5  16 104050417
0  19 1220237504
19  0 559606370
17  16 227486138
13  7 43911875
17  11 206204014
1  19 1647784305
9  8 1183311461
16  2 36219350
0  19 666931911
0  8 1295536071
11  5 688012398
4  7 2133574420
18  17 547535711
4  17 1679019626
8  13 752211854
13  1 2005633740
11  15 719022619
19  7 296533811
18  3 2129894858
11  18 351290480
0  8 23181933
16  12 80633975
12  4 1257921588
0  6 1272985347
16  15 1547116024
11  3 1369617153
11  10 1006415508
8  2 1210209137
0  12 1081546703
17  1 1012630670
16  8 2095025436
15  2 59884882
15  4 1587225928
16  18 551364727
9  5 624442100
5  15 1501171306
1  17 1269781964
15  13 965008017
16  10 274839807
14  4 135679574
5  6 1677042264
16  7 1344453296
2  5 1985882760
1  5 1545222481
17  9 151590645
0  9 1038719409
5  14 737350913
3  16 1069566809
2  16 1498529436
12  16 837400875
13  15 967106179
8  10 657449556
4  14 786657699
4  15 791995628
17  0 847094470
3  10 77891333
2  0 2035602104
17  8 655879471
6  8 244235155
5  7 1777705554
5  15 1118536989
3  19 323832846
8  11 913864634
4  9 418810090
11  0 1707913245
2  10 989505985
16  6 1046042396
14  7 1896461171
13  14 596253854
0  6 1588370273
2  11 549743704
18  7 771673297
10  0 811794077
2  5 785648891
13  16 787883717
6  11 359210292
13  8 1048678844
14  13 1614126718
7  14 137291392
4  7 714644156
19  14 946970055
19  15 1465422903
8  11 2582752
18  4 866466294
17  1 1028337140
17  2 512656081
5  11 1815951204
13  15 1532427957
15  5 1679443816
11  14 722985408
17  19 453307285
19  18 1730035160
19  2 2054134306
11  7 213590638
8  5 993539297
19  8 1472171188
18  3 524470191
7  10 1128061638
1  17 109017152
12  18 1120997047
3  7 1315376493
18  8 275382508
16  19 537341639
18  2 956819936
13  0 1555511070
15  4 1740090957
10  0 1556180626
3  6 570052028
12  16 74204109
19  17 1503206770
12  13 1648004026
13  10 331089738
0  1 1795484855
4  10 1765864759
7  5 110147137
9  14 306054651
4  18 1072639631
10  8 1729025274
19  12 1951271190
0  13 671521730
13  14 53915437
16  19 92997560
12  5 264746257
10  14 2020422892
7  3 56670183
5  1 800180294
10  16 1280188283
9  10 1620541087
6  2 1943954983
4  16 1666624627
7  16 1460907503
11  2 1077546144
4  1 1350929895
7  19 1502924200
16  1 153150697
1  9 1658052247
5  19 1326214469
7  11 1436303076
17  13 703078373
8  14 1529044426
14  17 748923165
19  0 402630549
17  19 849670884
11  6 581786797
0  1 162241170
1  18 1175001151
19  4 396338847
2  5 1005355363
3  14 361517669
7  2 1598051143
11  5 1053766753
0  11 1751941376
10  16 238158661
15  4 859548549
10  17 246972584
8  15 1516156968
19  0 1065127440
2  14 1889969785
8  4 581410890
10  9 561120943
2  1 2045179682
4  18 591346156
3  4 1056973612
18  17 23234842
19  5 299245930
11  6 1308277943
10  3 114976414
10  2 1231638520
5  7 887451041
0  1 392035015
18  2 1998506379
9  1 157941032
2  1 886913609
9  15 1957579320
1  10 418388649
16  13 521723885
2  1 350777820
19  1 1950078450
8  19 1098355402
6  8 1383730681
6  13 707298105
4  11 1122454254
14  11 1353789994
6  5 2388057
12  3 1256112154
1  8 1402318736
12  1 285379859
11  7 1856590388
4  8 229503162
15  7 2145469740
15  16 2055087651
5  8 459288078
6  1 542650190
12  7 411673251
6  1 1437536351
10  7 430299763
14  6 430458432
0  5 1621531640
15  2 1990764315
2  4 491478853
7  11 967552263
11  13 1332909780
