399 20 15 12
1  3 795344229
19  12 41504840
16  14 1154074759
0  3 1247742393
19  10 1075526903
18  9 1875735116
7  8 1961367767
19  12 1569110999
5  18 678580447
7  15 895659958
16  9 224278404
16  4 2133815381
12  8 1473720722
15  9 874845630
15  13 253930318
15  8 1112715740
1  18 1476635106
8  11 92952056
8  12 307256763
1  9 135617715
7  2 2001280699
17  19 1243360128
3  1 496447267
14  2 697992923
8  7 1717627624
17  10 1458798160
1  19 309403151
11  2 1900163753
19  11 414136212
7  8 1479814877
19  4 557001545
17  1 1458650112
12  2 1836784370
10  9 1374524832
12  18 903330641
10  0 1795669867
9  14 1896618125
14  4 1600332742
9  0 214119011
11  4 1781638836
16  13 319670636
17  6 143867409
4  11 294644726
8  2 1644558450
10  5 1103832438
2  1 1271084477
2  15 64058586
0  18 1831041187
6  1 2111220046
6  15 1679943655
5  15 770787317
4  7 1831567825
17  13 681522433
16  10 258430758
0  16 2133449401
17  12 1724075528
5  11 1571427571
14  12 1221049564
2  6 814516125
14  1 1544169973
0  14 505574211
10  9 333710294
6  9 1156801100
7  4 468267707
8  13 284380971
15  16 115143063
14  17 1725902830
19  1 1617560565
5  9 56248092
17  19 113044029
3  19 95821520
15  1 1017098863
3  15 914434983
1  6 158841528
14  0 1496202071
16  0 1678010030
11  19 1050072660
19  18 1795810218
8  10 588303226
14  5 145788902
9  8 243555561
8  10 916798061
8  19 1236239217
1  13 1261311970
12  16 1062359219
10  3 815947395
1  10 654925775
11  2 571182099
7  12 138808075
8  13 489151313
7  11 1368117335
6  18 90328127
6  7 370457693
12  8 1108672337
15  3 700493919
0  17 370376808
3  16 557511848
17  15 1626681693
11  17 1297942894
13  19 598041118
11  8 282872677
19  9 1625834473
1  19 16212734
1  5 258911797
2  7 2051840914
18  13 560637303
15  14 683430
10  16 687387100
10  6 1493984228
4  11 1420971683
16  7 1783261292
10  13 1207096740
5  4 1202259552
18  3 1180995805
0  18 228887011
14  6 2047346169
11  3 1301359710
19  2 1689292977
11  19 155313582
4  0 487339676
16  1 31238024
14  2 571902160
2  18 480808722
15  9 406968096
13  0 392009657
10  14 576633823
13  16 960380427
2  13 2146914041
4  16 1546654046
8  6 231108016
16  13 996145909
3  11 1290287843
14  16 1706399569
5  17 1320220919
9  7 305777303
8  11 1271238487
2  13 1970188865
14  1 1881172655
9  15 43877556
17  16 1466093835
8  12 112674208
15  3 1154371485
9  18 492981551
5  3 310477485
17  7 1878016610
12  11 1331272250
1  14 100642264
14  9 1271147425
5  19 242210011
9  14 367165362
4  18 1162695321
19  5 1641080399
5  12 1783685583
19  0 789887134
7  0 829653457
6  10 1496442369
17  18 780962321
18  11 1154677947
15  2 1372601402
18  19 1471576680
8  14 641980651
0  1 159931184
12  13 232222660
16  17 1450992005
1  16 1133319786
8  18 1659937291
8  1 118182193
14  1 957058455
11  16 937704119
3  18 597104625
2  15 1972509460
19  8 1006056443
18  0 985237307
1  17 60231872
6  10 1928281196
8  18 193913729
1  4 1512249639
18  9 119188622
6  2 1956529426
18  6 1286903853
18  9 1413296462
7  15 1729687703
9  5 744525034
17  8 723955040
19  9 1347829336
2  16 1745015019
7  17 1914888376
13  12 2124984481
6  4 1843703256
3  18 1426525714
10  11 1502017573
10  4 2046148853
11  5 1604145069
18  9 842373802
8  18 1479010250
13  2 692255458
16  7 211859904
4  5 1531015566
2  13 625672492
2  15 1430196618
9  1 368717106
19  3 1083742686
3  8 502550537
7  9 829714611
18  9 449562561
5  15 1690221774
0  13 850768807
10  5 133198846
9  18 2106221340
7  2 1242504455
4  6 483158368
7  13 179836413
13  9 649744901
6  8 141782784
19  16 1908016153
0  12 603443381
15  3 1583841719
14  16 1047116244
14  15 1165895702
17  18 2081339040
18  3 556828256
0  19 12949398
11  0 2025250793
1  6 1869712372
14  19 1089494653
1  4 186228882
4  13 770409006
10  16 928099801
6  19 1475381193
2  9 1053052202
19  16 1460450324
13  1 801328210
12  17 737226288
16  17 78862457
0  12 1436593053
9  1 1039083927
4  12 1350099524
8  10 1503275762
16  19 154884164
0  17 1358555249
4  11 483664806
19  14 1950482234
10  13 619239815
16  13 812263381
0  15 1776133682
4  18 464794513
10  18 1641070339
3  8 1814212511
8  13 1813939471
7  19 667376633
5  9 437886104
13  18 164573126
9  2 156465865
8  18 2115950978
14  0 161906785
0  14 743194112
2  11 746265794
15  14 896800493
8  11 1362648434
4  18 910087825
4  13 1506099517
10  1 842313824
1  2 1526574259
1  5 883953965
12  16 1923880682
13  10 1615970551
1  0 1895521942
19  10 43105971
1  15 943915804
14  19 1653384012
17  11 1623106062
8  5 203104569
9  12 1205489223
17  10 41105770
16  14 407057710
3  14 1692976003
9  2 509184621
19  5 2071003961
1  19 1837142988
13  2 422799898
3  4 1815021170
14  8 766031199
2  4 344236927
14  18 2001570483
0  10 1055640406
18  5 702443137
15  16 1817976597
15  14 1734374565
2  4 1518075659
12  2 265165382
16  2 1441641513
10  0 1373991980
11  6 864470756
1  4 2088072839
16  5 1061087289
2  6 1360091301
5  19 403137552
1  18 1154428691
11  15 1375522037
18  4 261996509
1  12 1777329284
15  10 1148513053
2  17 1687596906
8  14 1227078042
4  13 572009828
7  10 187284702
16  17 1584940452
0  2 376658480
12  8 2008263345
10  4 2012107898
16  8 1351288111
6  10 1805783134
2  18 1677751418
1  12 406048467
14  9 244052340
11  9 364266562
8  3 1358945699
16  6 527397102
3  8 2001279292
3  18 1411599160
6  15 1885784330
15  2 69796536
15  0 1875102489
5  10 538757929
1  8 735212459
10  11 822749126
6  17 1025429215
7  17 959674000
18  17 1305418698
1  11 2071706439
0  11 409066637
5  1 813974085
2  18 1271795631
15  4 1582674631
1  12 686082778
5  15 772487436
5  0 779969039
16  12 765624076
13  11 991056168
11  12 894406675
16  0 976898421
19  7 367976602
12  1 606827845
13  3 823462958
10  11 1863072549
10  11 145291671
17  0 355909915
14  5 1010151631
1  10 10252353
11  10 120153931
19  15 347757196
5  4 715172633
5  14 1314305208
6  2 1693307793
14  10 475999414
4  16 1236699721
7  3 365608933
7  2 1317980125
14  7 1138383274
15  18 1274255657
9  7 1970113060
18  0 617814277
1  3 191528815
17  11 1314429736
19  7 1896376951
14  6 790714183
18  13 986761136
8  4 130856206
5  16 2107094251
18  16 764474856
1  9 514796594
7  11 1138585240
0  16 575734644
16  13 1597159142
12  6 857586875
18  6 940172021
14  17 205827741
19  14 2079040628
10  12 2103963981
18  16 1990662609
2  0 818634471
6  0 2097030257
14  4 851718830
2  18 1219083587
1  17 1641978880
13  0 644890765
11  10 1836786494
9  6 872151348
1  16 1357694139
13  8 577500892
12  13 1505196588
11  7 1110824192
5  10 1078670731
11  12 1137492003
10  11 1819759614
5  15 882331899
0  17 1327444283
7  10 1846312268
16  7 1785276448
