399 20 8 0
14  1 532087532
7  18 1214114540
10  7 1556971881
18  2 494212780
9  15 200474223
5  9 763331314
3  19 565382853
12  4 823158533
4  3 70536927
15  13 722804240
9  8 1955121443
16  11 1794962065
12  18 1214450573
2  1 596228868
17  8 918095169
7  9 991783826
18  2 1711519334
12  0 763613583
17  1 1151096804
7  13 1769494644
12  7 1201195093
14  15 501300545
0  17 1536466019
0  3 1398062929
10  9 684768464
6  4 534050780
5  4 1548714027
19  9 1924088396
14  6 1932878583
13  10 1211889575
4  1 1339016879
5  7 1835174908
4  2 1945121654
19  0 1829239701
4  3 487347283
14  19 574956629
16  14 1890388635
5  19 317403324
4  11 1550694442
10  17 1049967528
12  8 1317573857
8  12 1941941357
19  1 1623011833
3  4 397357467
6  2 1352324849
2  5 1929552665
12  14 1071317229
0  16 736416763
12  0 579671214
17  5 634132955
5  6 542286418
1  5 204616899
11  14 407646645
6  1 723011785
0  14 1062176268
8  14 427804098
19  7 2019732594
11  14 522374113
5  10 550903125
12  8 241666811
18  8 554792722
15  14 1986242072
12  9 1321608871
7  0 2091514584
15  10 216498867
11  10 666812994
0  14 1303171843
12  9 473752957
1  2 133203699
14  12 32870408
1  7 1635917443
18  3 731546126
9  2 255537675
17  15 988490915
19  2 125326544
3  16 196715461
5  7 96016465
1  14 1877443879
11  2 688761847
18  6 114979621
18  5 547058413
7  14 1122548081
16  3 1565683441
2  3 1468054685
0  9 108088778
14  5 27089714
12  17 1227267010
18  6 892879154
16  15 262060790
4  18 1441818555
6  10 760791724
8  16 369962077
19  15 376104769
19  17 707037855
4  18 1311370379
8  17 2006061112
9  5 1784433608
9  6 768692289
8  16 1276907301
6  14 1735481692
1  17 1816579115
17  8 1115152920
13  0 1834723882
4  19 912628343
13  4 934219149
2  4 787361785
15  14 1729294110
19  16 1964579012
0  3 780778645
15  3 1346540521
3  16 469578916
12  7 1056544113
4  18 1834397385
10  15 926289416
10  19 1537644512
12  7 1115200768
10  13 442784620
3  0 2101455966
8  13 726906527
10  18 2001051670
15  10 364381492
0  6 458831744
13  10 1916063944
13  16 19649537
5  11 1933497957
19  3 133885345
11  8 2110838506
8  3 1546393819
4  7 8474269
19  8 1546932635
13  15 59453089
4  7 1036550406
14  7 1670334929
8  17 1594190599
3  7 763342992
5  1 1944374090
17  9 751492580
5  17 1792776303
3  5 1591914135
19  4 992863896
0  16 207935228
14  4 1013301014
14  17 236440623
6  14 1114157808
7  4 1354341743
1  11 2145145610
1  19 1478042659
12  2 1060010126
5  14 1394292872
10  2 163389133
17  7 1304059553
5  12 1139427836
9  6 1054205986
5  19 112706880
13  6 2013117802
2  11 668744208
12  4 1433784694
7  18 1437844310
8  14 713439783
4  13 1906180699
15  17 1134930985
1  9 1625885918
14  17 536119152
4  10 219612851
2  8 1025226062
5  4 558221963
5  14 391824748
5  2 1473240244
17  7 1083942442
8  11 1388864679
12  3 1949914065
6  5 807463559
15  5 861572914
1  4 414415442
16  5 1444401827
0  5 1856426233
18  7 2139039438
14  16 748584341
6  7 1257335008
13  1 529176264
15  7 721912496
1  15 1351358610
17  14 1969497
13  8 1081709826
1  9 2098859938
9  1 800700157
14  3 288567200
5  17 1877835245
15  12 1501923121
0  17 1052893466
13  18 218515364
17  5 316303199
18  8 517732467
18  17 1706992578
2  15 1808625166
7  5 2082889919
16  17 1898760633
9  4 513379282
1  16 413694449
11  16 854367236
5  4 86017932
17  14 1364343479
5  4 1111340278
16  18 1480242254
3  6 1206407848
5  10 1662276685
4  6 1921228229
9  2 177440939
5  17 2114116145
10  14 374489833
17  3 1154370402
6  5 2112266979
1  9 1903740002
17  13 1015731368
8  6 694987335
1  18 1360083754
8  13 1925642296
13  6 1902632664
18  5 2097503562
17  2 817354372
15  2 654765136
10  9 952437178
11  17 1343400028
7  12 449927472
10  14 504430583
7  3 453476096
13  10 695478772
4  8 2040599481
2  14 458850724
15  13 890392418
11  5 1072095784
3  5 1716813711
17  5 2077997148
6  1 2006896288
1  18 509065664
19  7 1548705689
0  16 387779843
12  13 1726619003
5  17 2008594579
2  1 1882370020
16  13 1169850944
6  5 504761192
5  0 1911799410
1  4 389236163
7  13 911858953
4  6 292412867
11  13 1757598360
13  0 204287814
1  2 1968339609
14  8 1954018845
6  18 44559171
13  19 1999469341
19  2 1493067483
1  6 932576753
4  16 831183908
17  6 566570567
15  13 52120967
2  0 1535893971
6  19 1345645473
3  18 1237051686
4  3 530517771
13  6 986561507
17  4 281590893
2  9 820794734
13  3 152876127
13  6 1133969888
18  16 1181239019
6  0 1196592970
15  0 760676980
9  10 1693139720
19  8 714353017
12  18 1060263897
7  16 472943239
8  15 139584289
1  15 469490348
3  10 938187869
0  4 233909929
2  18 1976168918
12  11 1803304795
14  1 819750108
7  19 693242444
17  2 1547566545
11  3 1315627083
10  11 1060196423
18  13 1507700750
14  10 61492283
10  2 140340376
6  3 1994336874
17  4 1080632323
16  10 648585009
9  2 242973954
12  10 1039787487
19  4 1217101704
6  3 1114617607
17  1 2128390960
19  7 276282981
6  15 246172663
4  14 491067486
2  14 1232256833
7  11 1577062108
7  13 211611639
10  4 1607506810
6  19 1214075923
11  8 21549509
17  2 415034620
2  19 701758870
2  6 168158392
7  10 1406592194
15  12 1622107670
13  14 60674488
5  0 1595178538
2  8 908089787
16  9 1304635211
6  11 1053530396
1  16 1270175234
15  6 1395093881
0  10 240920911
3  9 1338484190
15  1 2043651090
7  16 739750143
8  17 981105238
12  1 1095581779
2  5 1484651853
2  12 311554886
6  7 1125827383
5  17 634660500
7  4 608106943
8  3 39304612
19  2 1440628742
6  4 1091691239
2  1 1192464620
4  18 491234939
19  14 1683870563
17  7 518701003
18  14 2020772572
2  5 113730246
1  17 969092277
7  2 2140147173
5  1 961751470
5  10 161511417
6  4 629980132
19  17 780242175
6  12 966397297
9  18 1695756758
11  0 847399526
6  4 881158150
17  9 1763763399
18  14 1499992029
11  16 1823814075
10  14 481805920
13  7 465338453
1  14 1229589360
0  13 1628945161
4  9 1409075448
9  19 1019545904
8  11 1232644166
6  3 196471629
11  8 914449781
9  7 16612500
11  12 888594483
9  8 1261658424
15  0 1001611070
13  14 433700106
13  17 1113923650
6  15 1962733204
2  7 1311424268
12  10 260044006
3  8 766948199
5  10 827337433
9  10 1826385616
5  17 1687369651
3  17 1494096880
9  16 704329600
12  8 1852280601
4  12 1504303304
11  4 1695674075
16  10 187662368
0  18 20255158
7  18 978609995
13  16 1424226013
16  19 2143936698
16  0 141086277
18  10 1531529253
10  15 1919423518
0  16 1392250116
12  9 641395942
16  9 254083363
8  15 68265697
17  19 1175657488
2  18 798936631
18  17 866459431
17  5 1467947219
2  13 766811094
16  18 1052749028
19  6 438536081
14  4 927755042
7  1 711001061
5  3 1794962667
0  18 1887280762
