399 20 2 17
4  15 1934320356
10  9 193803662
3  10 654373714
9  2 2011136250
16  2 1042699537
5  4 1561078800
1  13 1738980660
0  1 1986072497
11  13 14736753
6  19 2104221034
15  1 1981488589
7  14 1120878163
15  12 1728598082
0  14 1583137620
17  5 1845329496
4  17 874404256
9  12 894609312
9  15 2042314029
19  11 1491561753
9  18 1477618660
5  15 500041493
14  5 102299145
8  11 813685394
9  17 148135737
8  12 1422907056
19  3 1976580263
16  10 919440488
15  19 380993904
18  1 208519198
19  15 891959337
14  10 2044652768
16  8 1036815949
18  0 1104407139
11  2 1457588448
6  4 2143357161
12  5 678112296
19  11 1473709763
7  19 2007580288
12  11 367535221
8  16 959731062
16  8 199392700
11  16 1371528614
16  13 1251822055
13  0 891682086
8  17 736049481
18  19 1350766180
8  5 981134306
9  14 1729833367
9  7 1187434638
19  15 1732153457
16  18 852818197
1  6 1694421569
11  6 798731079
11  14 1797045742
6  3 1378665283
10  11 1652654182
5  3 230834206
14  15 1874787526
9  5 1025022082
13  5 2074559758
13  5 169329436
17  19 706012277
12  7 1552739980
6  13 1541878776
16  2 2114389373
5  7 324368138
2  5 2050574319
2  0 2095165760
13  10 1011880893
2  10 1972034707
17  3 920011090
14  2 882661626
2  8 347226995
17  16 1397329542
10  11 180169257
8  9 75488593
8  7 2121460345
15  0 1632234383
3  8 1443353074
11  4 900747781
8  15 1038093187
15  12 1283161639
14  1 534782857
6  15 1645848620
0  17 314992847
10  9 1188519852
6  2 27269277
3  16 1011052913
6  2 212907628
7  12 1552774386
7  2 1856208182
2  12 1728002915
3  16 1274694890
11  5 779652222
6  9 28660201
11  8 397557753
14  8 501912164
2  18 1508289433
9  16 1854104814
19  9 1775153402
9  12 756037737
17  18 422590110
1  15 383250466
2  17 1335681548
14  0 1432991185
15  17 603610682
11  3 328377972
16  13 727538738
2  10 1929258843
13  11 1606963577
12  6 1323107480
4  19 1439302843
3  19 1908648246
15  16 303692068
19  7 1683500570
6  14 1601525210
18  15 959664939
0  18 775804580
10  13 2088906023
18  19 425322054
18  3 2097958683
5  19 1055912720
13  18 714896933
4  5 1883125049
3  1 482368774
19  15 1076617368
14  10 1429548489
15  5 170088560
8  4 97770401
15  8 1583111668
19  13 46133387
0  2 991193731
5  15 586795058
8  15 1711358334
11  8 1066169183
3  18 719120659
8  16 1099863958
1  19 837979627
19  11 1880372659
8  2 784094035
9  7 1160657608
3  0 807295288
4  7 412314688
0  15 996452932
7  12 511507587
13  0 1827041155
15  6 2140494077
13  12 521904276
9  13 1598663244
5  11 1936514699
6  12 888890884
13  6 1915168062
13  0 1617968292
18  11 396632580
2  14 533487864
2  13 1073780296
5  13 1662022488
9  4 452164961
19  8 639479948
8  4 1850369234
15  11 942900094
8  13 891242595
15  19 7536339
19  3 1512232459
11  4 1358342484
8  10 132700820
3  18 227925090
15  3 534327088
11  8 1214326326
15  5 138762237
6  17 1663872958
3  18 1911275885
19  13 1547667668
14  8 1254947036
10  12 227343769
0  3 486776935
14  17 121891409
19  11 1371941722
10  19 1409239238
5  10 1241981225
4  5 15760078
15  18 1298258905
19  17 474072515
4  6 1525872140
11  6 906743550
1  0 1875579475
17  1 681331255
15  5 1179184885
12  0 1564251104
16  6 695544561
11  5 216602238
13  8 2102620279
6  19 977478345
8  3 1258370708
12  7 1010208192
8  15 484570187
1  19 61689163
7  11 455319760
4  12 242475562
3  14 29180417
17  14 1911327540
6  2 584286553
0  12 294759413
2  19 1448763248
0  8 1361248753
17  4 445791032
17  4 1319148986
2  9 2139378374
14  16 1399476993
1  15 1581995491
8  1 846360875
11  18 1510085277
13  16 1164761111
2  12 624390203
11  16 1118092272
2  15 1158539493
6  2 821094872
16  5 1345575241
4  2 239129938
1  12 762617878
15  3 1615484305
11  10 1817891372
14  5 1707278408
0  14 2060818190
6  5 1523537267
5  7 200416249
10  16 1704176186
7  2 279462734
16  14 100637335
4  5 760985638
5  6 18495100
1  12 506433721
11  7 1488630933
12  11 438959270
2  11 673905473
3  12 1900818484
13  6 1009305259
4  11 1430702622
10  12 834667393
4  6 588454373
12  10 744820208
5  1 1481990193
3  16 858441835
1  15 135571635
8  16 1951070850
1  11 784660341
8  4 1488832094
15  17 111469173
16  19 1273297294
15  14 875211789
7  14 70116167
1  9 1108933486
8  2 858551559
10  19 1950809530
19  1 1237658284
6  5 673309559
9  10 1676302790
14  6 1023268063
2  8 2785742
13  5 1957919395
3  1 1988949038
6  18 1266893674
8  0 314861753
6  13 883623637
4  2 1840521526
17  14 1431835361
10  11 441335584
14  13 342005474
15  18 1147350578
1  5 1454375137
7  15 2114474568
18  15 1349683873
6  12 1786910731
19  12 1162395878
8  0 1476587994
10  14 304699272
7  14 1368520506
6  5 363593823
19  2 24200980
12  0 270607301
2  13 1439058727
11  6 375113884
19  14 1676029176
7  3 1501486020
6  11 1171952868
9  3 507285399
4  1 476052999
16  11 1398516086
15  5 956757984
11  4 2112978103
5  19 937077590
10  3 1755862932
7  10 2141593834
7  0 45775837
0  3 158810277
9  12 468575022
13  7 787122526
4  15 873709266
8  16 755278563
14  6 588628255
10  8 730571565
17  11 468795549
0  17 1493857650
4  5 1138943883
5  17 764107336
17  10 1096155575
18  10 176291017
4  8 1875782128
9  18 803966258
12  16 1022520155
17  2 494825520
1  3 56307222
4  8 1596519432
8  0 1388155942
0  18 1124307373
15  4 124929604
19  2 1111050657
16  11 464357432
0  5 2064402482
6  0 280485288
17  10 612609798
16  3 323041034
11  5 1786133948
18  4 192864888
5  9 1038492237
16  9 169366735
16  9 254892276
14  15 1022907653
17  5 1738878675
15  13 1617330161
1  2 1214407705
5  15 1934083548
17  12 1909039935
0  1 222488931
13  2 918494799
15  6 213705520
15  8 345799007
3  0 1507708388
17  5 191681027
3  14 57132419
9  15 512518559
1  6 523521963
4  19 439721011
2  7 1789666201
6  18 327107255
3  7 370728568
12  5 978845215
17  1 929168575
4  18 1826288198
16  2 88661534
0  1 1652074065
9  4 1257341141
7  16 1907823702
13  8 687574236
10  16 297446715
17  6 1716719519
7  13 1236606743
16  0 397741937
14  15 753192946
4  9 771015012
5  11 2107564482
11  10 1500578185
18  17 1902959069
3  15 695094076
5  7 1591049366
6  12 613531649
13  3 185047583
17  9 1107098072
14  8 529414336
17  15 1701267077
8  19 765901653
4  9 661934461
5  6 1961727887
2  13 118701905
7  12 1115816310
7  3 432522362
9  8 556374355
13  17 634001432
11  15 996910379
7  0 1004023906
19  14 520602732
10  7 1265587637
15  4 1172288108
5  19 2143720259
8  14 1324981264
4  15 911886739
14  2 577751339
5  11 1568498652
12  0 1365658630
16  12 818007459
8  14 175197370
16  14 207647135
10  7 453695221
17  7 643953924
5  9 1794774256
10  3 1978540954
17  18 675043077
14  10 1932285509
0  11 482810549
