399 20 3 6
8  14 338854944
16  0 1310919026
14  16 1018932815
12  1 1630138535
0  15 1882561811
18  7 840492902
13  17 1573024801
7  11 1881624743
7  15 1987418876
8  10 763192486
13  15 1642671816
16  12 1740068441
15  7 1382649818
17  14 2124902965
13  9 153646043
2  11 1920199919
16  10 388699049
2  4 1725606985
4  16 1993183531
11  13 375081045
13  6 35008907
12  3 1541492666
12  14 2043598438
14  13 1784933707
1  18 1460957878
7  13 1103133910
8  1 269396935
4  13 1889460396
9  19 1498069898
14  9 1053234703
0  3 1905532118
18  12 141709670
19  15 1791354399
19  18 2065220762
16  2 369141809
7  12 1772218782
1  5 382191296
16  12 1251849125
12  18 76772085
8  9 464080366
4  8 224905979
8  18 474651214
9  12 807506139
14  5 843955626
5  8 839112746
15  9 2092900264
18  1 1056158958
0  13 1007937368
8  6 1636547124
7  0 1621700435
16  17 120658932
7  17 1082505688
11  13 642782698
5  16 1828592447
14  5 2048493148
7  10 1457536695
7  19 35163404
17  15 825221262
12  13 1992273638
0  4 1364636026
4  3 731332448
1  19 359208290
19  17 1658116948
18  13 1612812978
6  4 244535143
17  8 1571792554
17  18 1258425773
17  7 316482519
15  4 451957932
6  10 381954470
8  15 1041724876
16  11 1432816214
15  17 2100453553
9  4 579100016
7  0 1705418497
6  3 2079777190
8  13 114916588
16  18 499393131
12  19 1885846299
6  13 1162005059
2  12 875892225
4  0 1637446273
4  16 1415046263
16  5 1799812799
15  10 1122843154
14  11 1268157075
9  15 507409008
7  15 1617859016
7  5 1295057384
16  9 2007850048
0  9 193261976
8  9 2045983780
4  15 1886018872
15  5 841156600
4  3 42198888
1  6 1059245131
9  14 1271371980
19  10 75585357
15  7 350200209
12  9 1364173102
1  13 1917097411
16  18 381227459
7  11 1129791811
5  15 19143862
17  8 688839844
0  9 504008864
5  17 1611465437
2  9 906835384
15  0 1987675689
15  7 815192248
11  12 1293686967
12  17 309709930
1  17 1258326087
9  10 90909031
3  9 1865237119
3  12 1955310864
18  7 642976451
0  10 449223818
14  5 1422634566
13  0 672544405
4  15 1259230908
14  0 1796749902
1  19 1763349265
5  8 1224165363
18  11 1200241190
7  13 49310816
19  3 1109988030
18  2 1917455958
15  17 1011811117
8  15 1522279442
14  19 1013775996
18  1 1398200456
8  13 561604121
17  0 515390173
1  0 160489641
15  1 1445326332
12  10 599791911
7  10 1742332115
6  14 2074048749
9  11 1099100766
6  8 1651598969
15  0 1080721038
15  1 210481343
10  1 1020644792
19  3 1490883665
19  12 553538527
18  5 1186427928
15  17 1921674820
10  8 975670681
5  13 303287139
16  1 943863808
0  15 1569514502
13  12 1678198115
14  7 752288514
7  5 1244629230
3  18 1006535401
11  14 2015364904
0  5 669246906
10  19 231568017
2  12 2131913572
2  7 1830150833
5  10 1722295409
11  16 576758724
19  1 1544358918
14  18 1080672230
4  19 634214090
17  19 1307984435
16  12 1794736434
5  16 1153417077
5  19 2112782712
19  11 906898853
18  10 253275180
3  2 1104242773
2  1 1526490438
5  2 990240755
2  8 518325417
15  5 1297851406
9  14 568868046
6  2 800914850
3  16 1930307184
16  9 733305768
15  5 1466520728
17  15 425283219
8  10 746533880
8  17 2072705396
18  15 1649205778
4  8 702135569
11  0 2043357471
1  5 46311627
8  15 1088805094
8  13 1847722362
9  14 712786646
7  16 1845833896
13  16 1298961246
11  16 1045642611
15  9 2084391808
12  6 984410924
8  1 29135617
15  12 1495225911
17  14 1104793682
4  9 282169916
13  9 2081976177
18  8 1567952416
15  5 1792957800
15  8 944814274
1  9 1183261806
11  4 1792968777
13  10 276548469
14  2 1411520569
18  0 793669275
2  15 1695934831
0  3 1901629566
0  15 942975762
11  17 1639139901
12  3 1785351493
6  18 226387107
11  4 498134269
7  4 216698397
3  7 1231970192
3  17 1776850931
1  3 528188463
18  3 763903062
18  7 1559925145
12  10 305251333
5  17 1297983371
10  18 1510940645
11  5 1486755419
16  4 3930077
7  1 1686904312
7  14 909888745
2  3 955893802
15  13 178432180
8  12 1391935343
10  3 240609612
3  2 816849559
17  0 109469641
4  18 546625486
13  0 400303751
2  18 1760624378
1  19 1754598402
13  8 450667994
8  14 437969317
18  19 232666824
8  4 1627374249
2  13 1730870760
11  12 1027282380
17  0 2097029548
18  16 1479234983
12  16 1283737552
12  7 253588324
10  15 2060132204
18  16 2065645700
11  8 1177789697
7  16 1617801451
8  5 1527072117
2  6 1748193278
18  11 2122828985
4  6 38682883
4  8 1400192068
11  9 2072819312
15  19 739755073
6  1 966058788
0  12 1963477702
8  4 1515843067
2  12 271586338
6  0 680274728
11  10 2004409894
0  3 2114215929
10  0 910509908
5  16 90277275
8  19 1374521
15  3 1219986342
2  13 1151717973
15  2 2126329080
3  6 1605971309
6  9 1378118693
2  0 1602336161
15  2 698847555
5  10 515317499
7  15 54263237
9  11 958384577
3  17 253793501
4  2 22737194
5  3 1508425626
8  4 820245953
15  0 1945108794
13  1 612240173
5  7 1509916450
19  11 362055526
15  4 844838570
4  10 575143699
8  14 150496036
7  18 143752106
19  8 988025475
13  4 617434167
7  18 1665454197
14  5 343078261
10  12 1010872039
5  15 640461782
10  12 691205031
0  6 977556804
7  9 1822013863
4  7 838855449
13  14 2049575230
16  6 180015017
9  6 243177116
16  2 13129640
11  13 1581688762
18  10 1478971610
11  19 2027369468
7  13 1613384149
12  13 1445424374
11  1 539782034
17  3 610505526
12  9 1672147065
2  0 1995024389
12  2 703997594
0  9 1630091705
18  4 1872848776
4  18 1443709412
1  5 403445196
6  8 927703286
11  4 1321628328
3  12 1218784624
2  13 688968803
1  13 1221451355
16  3 1519317603
19  15 415224163
5  18 1753674997
16  12 958482105
0  4 183844640
3  10 1777496390
5  2 578148439
9  11 667099246
0  17 1135210298
13  8 890730641
8  14 36394433
3  6 1713218993
13  7 668250600
7  4 1023325824
6  9 1383683464
17  5 1059442778
17  3 150281554
5  7 856712268
9  17 1381141730
1  4 43829628
1  4 2010359528
1  2 1407388161
4  2 1116608542
13  1 1999943269
7  15 327904015
0  2 1368791284
9  3 1098103039
14  15 358313102
19  5 185906267
16  18 1578926184
7  11 129431680
3  14 1549653984
6  13 966390863
10  8 817959731
6  5 1281478850
13  18 852427296
7  12 310251243
8  9 1612650405
3  15 1841572561
11  17 232890971
19  13 1036479807
12  14 2103941
1  8 1265559074
11  7 745070755
17  14 1015235364
0  18 1890877895
15  14 1704677863
11  8 138383867
10  5 1249011124
5  4 2012800643
16  5 674615122
3  11 515841677
17  15 139640348
8  13 1999870928
2  3 200849462
4  10 1796755976
13  7 87918613
8  1 711126850
10  5 1081701281
8  6 2092318102
19  11 437093133
3  2 350863930
9  8 938808484
13  18 1624125434
3  16 760046840
7  15 1085711342
1  19 1760095168
8  14 692962887
12  14 793854825
16  13 1341165751
17  0 320047924
9  14 868370611
10  2 1349825961
