399 20 2 6
8  5 1272650902
9  7 1335717903
9  0 1154110817
16  1 1130199668
15  0 398670748
15  17 672023831
2  16 633405776
19  2 1903521274
16  9 2006639042
14  15 1515332875
18  12 1221177518
13  10 1762412680
12  1 1827892676
19  0 59701140
15  5 1506396651
17  2 1007758775
10  12 1353630168
4  9 409563506
13  2 1356603619
10  16 1843459676
8  17 1926014534
14  5 778942726
13  6 946786851
18  6 419701330
1  14 631531128
13  12 1069128614
6  3 128660849
5  1 197628467
1  11 876001479
5  0 1331242769
12  11 743455193
6  16 1861957323
6  16 1185396644
4  13 760785910
4  11 645344301
3  18 357574575
10  18 2117568452
18  16 1392977583
18  5 1078803717
10  0 1722343267
18  15 2074203324
17  14 122405409
5  8 383582928
2  8 1644530402
6  0 1958667173
6  3 1593488580
13  0 1882611183
11  19 1891135235
1  18 1396302505
17  13 1404675660
18  4 70819369
3  7 436183897
17  1 1873962739
8  12 1823392053
6  11 1046182082
12  17 123030659
4  0 742609438
12  18 1658164000
18  5 771998590
7  11 1070762439
6  1 806054096
15  0 387438350
16  11 1458750313
1  6 769810839
19  17 669678531
17  11 1419876649
4  11 40329505
1  10 477345349
1  10 1867036604
14  19 1357423929
11  13 1223988841
12  3 1886957257
13  7 1701162647
2  10 1255095739
11  10 255961428
19  12 186509458
1  0 619580596
19  9 2044470501
14  18 43868677
10  19 2084488936
18  9 1326686761
6  11 659588459
8  9 1239935500
10  3 901705118
13  1 555739279
2  14 936849686
7  13 1428347910
17  3 1189768529
4  1 23929393
13  14 62297520
10  4 1532922810
5  18 1195739240
17  10 594027172
19  8 1308137272
13  19 740772235
2  15 1925468631
3  18 2022090127
14  19 1702492986
6  12 1010456537
2  14 774322357
0  4 881537301
1  5 1580047099
13  11 1725756943
8  16 1203553989
16  4 1893642602
19  8 1634175023
18  5 1135757454
7  14 41684938
18  2 876046094
14  10 535628211
9  10 1470863048
14  16 2046626072
18  8 459786817
18  17 1571923487
17  18 1092035459
18  11 1588476926
16  18 2121603132
3  2 2068243561
11  13 912880870
6  3 1783693517
4  10 1737318206
18  17 1293328232
10  13 573818029
12  18 612317450
1  2 367206440
14  5 1946913554
10  18 1359418914
5  16 1849183332
10  3 128270758
0  3 1505435353
19  15 1494073413
13  4 415692385
19  6 1966766104
18  8 1569560086
11  13 805135044
15  12 1409315707
8  2 598688655
14  9 475809146
14  10 746285783
0  3 887275454
18  4 1398609368
12  0 1257672275
15  3 856028055
15  1 626212493
16  1 1698586187
5  12 45067811
2  7 1581400589
14  3 585461551
19  15 1943112587
5  8 842709520
7  15 435373524
8  17 1814695672
12  2 1307255277
17  7 799896118
15  16 135980677
13  11 1221806588
17  13 721954993
16  19 773418389
13  12 1337708142
19  0 238779227
16  7 2054472550
17  10 1078534501
5  10 2038946821
15  4 844322902
0  4 1884120009
0  9 1376572302
10  14 277784320
1  3 873477022
12  1 775140649
3  19 1611861628
8  17 1557855708
6  0 1922531034
3  7 1589872732
19  17 895716943
14  2 1859975065
11  4 1710903275
8  19 1985886491
12  6 1996230637
4  16 1578039004
9  18 628911245
3  11 2066200481
6  17 1593465586
5  16 86489973
9  3 862559630
2  19 143694659
12  4 1789341896
15  9 243213382
4  1 1495910717
16  6 1196710762
11  9 179433612
8  15 278474694
15  16 85126143
7  17 2026019220
1  16 1514597574
13  9 942889407
13  1 1310848698
19  1 1630703953
18  13 1270237191
0  13 300067103
9  11 385006108
2  18 366526547
4  6 1670092637
9  2 1288383010
9  12 984530192
16  10 1388559637
2  6 910737084
11  4 2041629304
13  3 1461984751
1  3 471727148
1  17 295811629
7  10 964844096
4  3 106203421
12  16 1470263729
7  3 1581243452
11  12 1672205980
1  19 852796115
15  19 1580600158
14  1 1939446492
0  17 267552136
16  7 909219000
8  13 1520139105
14  6 183822888
13  18 727444890
19  6 93477813
18  7 303754317
11  19 174922635
9  14 1217459978
5  18 903954571
8  17 898802240
17  15 400292414
15  13 1951462890
5  15 212069457
4  16 951003143
10  12 1377326786
1  14 732566329
0  3 1226492516
7  18 331274892
6  8 1928988047
11  16 239513938
7  15 1697965273
2  17 452801081
10  2 391515284
12  9 172012024
14  10 941364118
6  10 751545420
14  5 140779404
15  3 1233101802
17  14 1280823450
5  16 1300506153
1  10 1166197452
19  4 83731515
5  10 1583488847
9  3 1622147330
10  2 1711038724
2  17 433029855
3  5 1643655634
12  14 1668945331
2  17 2069637245
19  7 1664653151
10  1 1706943875
17  2 1130773869
9  4 1253745036
3  19 620192307
10  18 375671215
14  4 1932412996
14  12 1791955886
7  3 1211719729
4  14 1141559399
4  0 1212876109
4  8 2139223280
3  9 446777390
4  12 1380305830
6  18 205530570
16  12 765296406
19  9 894739687
5  3 670567228
11  10 1303456699
10  0 598435113
7  17 1763927256
1  2 1686145502
17  10 57324545
4  13 974813246
14  11 593983529
0  3 839719194
15  0 1221064113
19  4 1958086560
17  6 250678204
9  12 1776752890
18  16 2020017585
14  6 1643893402
3  9 854394420
2  13 699918737
6  12 1135478167
7  15 1015381422
16  6 1250300467
13  2 605867843
9  3 1934784645
19  4 1241389274
13  19 111629390
5  3 1323246109
13  15 1490092780
4  14 2081815572
11  12 1237128508
1  12 1033443580
4  14 1834307041
18  16 1679346700
9  0 334114337
5  19 936678369
9  19 1557072981
13  17 1650201444
6  0 99516459
19  7 1745565168
3  8 2014742315
7  8 300186221
11  13 262010479
18  13 318029131
4  12 1288950117
19  8 1499324247
18  6 1662795234
9  1 1218450850
1  2 767452809
17  6 1192697925
4  17 1077989963
3  5 827123794
16  6 1346808078
2  10 81488622
9  12 1410011689
7  3 1270973073
18  6 186333927
9  10 519822037
7  11 1278449456
1  15 475678300
12  17 1447185148
0  15 1296381042
5  12 1094012314
15  5 128638156
1  13 2138657706
10  6 161691916
2  17 1874963703
3  1 1553517362
9  0 1140934333
3  1 723299832
4  6 1653322076
15  4 1002945309
9  16 1573217684
19  16 1347421845
15  2 1829431390
0  2 1349301793
14  7 1630045624
18  1 985000957
12  7 1568562154
9  10 1219106353
1  17 817414067
16  0 510820839
0  5 1498592244
13  9 336927798
15  0 685961556
11  4 26078835
15  13 1373057072
4  10 1839819745
9  17 1688915233
6  8 1353256365
0  12 1434862945
19  15 943140570
2  18 1387893625
11  19 1952441518
1  16 582282422
19  8 746103030
9  17 717905564
5  7 151110376
8  11 1026946699
14  16 35705409
1  2 1343330120
16  5 639322194
3  13 32126530
12  10 1564799567
8  0 1738564260
19  2 895123838
8  3 172722952
18  11 884328707
10  2 791348947
2  10 1193695018
16  4 1928891688
19  12 740210300
3  6 1100558108
12  16 470502479
2  4 1853645625
0  1 1556023777
10  4 1852905873
17  12 1207594261
16  19 1909272631
12  10 1115827503
6  7 1959919679
12  0 474736896
13  1 652885410
13  15 1647022120
0  7 291430254
19  18 968744757
12  9 1263130220
