399 20 2 13
12  15 171151403
3  0 1367382220
4  11 1675547270
1  14 1327560189
17  1 732337091
2  17 1144977425
16  7 1333165223
4  18 196684780
4  14 1976460094
10  8 403105520
4  1 836600179
19  13 564744521
17  6 1501035910
6  19 770610295
6  16 345571487
9  8 1168998443
18  11 1492385190
1  10 1133310069
19  9 1810793338
15  6 2043599332
19  15 10078928
19  3 1092293312
2  13 1914606902
5  3 966226002
12  7 503003466
17  18 1685237957
9  12 460643070
5  13 645410884
9  0 891273928
8  0 509401356
13  3 1005312650
19  11 985840542
5  19 1722465279
7  9 181638975
17  11 513120440
5  18 334915371
11  8 2126070398
15  18 1790893729
9  0 353051336
17  3 1124028417
11  2 426066861
7  11 877496820
13  11 655193347
1  3 672294365
2  0 1105451245
5  19 2126969665
19  9 2071046866
6  15 2019854695
5  7 1858282322
2  14 929227452
14  8 312203057
8  7 1420611090
3  4 18858279
0  8 168666701
7  6 2051248942
5  19 380538986
3  0 507428300
9  5 1455246725
11  9 79217449
6  13 1264660339
12  5 1968498059
13  15 1259591453
7  2 2062021275
8  11 1059939821
19  9 2044900791
10  16 1858602822
16  18 1520168344
12  18 596137791
13  8 127328193
16  14 600691907
6  16 660723671
2  16 2038867105
1  16 1503775468
4  9 887754107
19  5 42459755
17  16 483532562
6  16 894378381
4  8 1391138180
14  3 1492544726
19  15 138284690
16  6 1739166173
18  10 2049196223
1  9 1266995783
0  3 1950412915
5  19 1622505955
5  8 22115654
14  19 241010422
5  8 1192521442
18  12 1303541422
0  11 542941967
1  6 1938865343
7  12 1232435753
10  9 1838721275
8  2 1909491981
17  18 548305970
2  12 39338526
17  14 1262214684
18  2 1411760537
11  14 405782704
5  10 1827038186
13  10 1411336178
9  4 764097901
13  2 956732616
18  4 576172554
4  0 1718775592
4  16 1928312681
9  7 821713392
8  15 1831268547
3  19 1741109173
19  5 1774784007
13  5 778442632
13  1 1929354874
16  19 872474607
3  1 1063192999
2  1 838713394
5  11 1562958455
9  3 1583116873
4  11 1950229578
2  18 122335032
12  8 366499559
9  7 1964598283
1  6 1120303169
10  6 580749543
2  13 828825720
1  0 1652626891
9  5 1084312572
17  4 687708339
16  14 1794087698
12  6 856223467
8  9 730925279
10  3 452337098
11  16 1351554469
15  5 1916039992
19  15 821740889
1  6 399262225
14  18 1444095340
12  1 1312336657
2  7 343355506
17  7 1011699156
11  2 1405268625
12  2 929118723
8  10 1388899585
19  17 325008596
6  18 16681528
4  19 1346237007
13  16 553696154
16  3 1502274994
13  9 1589799186
10  0 816227079
2  0 856638345
1  6 1673450746
8  2 428992917
12  18 184848639
19  10 594891156
17  15 479213591
8  15 1546903538
17  9 1536404425
9  18 1806952799
1  12 933515734
14  1 1670208633
18  7 1496326648
7  15 305183804
11  8 1278712637
3  14 894882777
11  1 558023463
12  11 327946715
6  0 602976850
6  13 532513549
11  19 586545632
2  1 2100627287
15  7 1947632296
18  7 227449780
0  12 1538591679
16  3 824181343
4  13 77011845
6  12 545283770
14  5 1629277810
8  15 1173621463
9  11 1011447697
12  8 347056067
9  8 903820395
1  0 163332807
17  10 2030418022
19  18 1589438112
18  0 1592646821
15  7 186275117
9  2 291670053
2  0 1265995332
13  0 841340972
0  9 709117626
3  5 325214128
9  8 2100067210
1  10 1327071844
1  19 1038170947
7  14 926606418
1  11 2018355090
18  0 1919505267
0  12 339929306
8  17 1745715837
6  18 1835473332
13  6 744889184
2  4 1596217701
2  4 1146490931
17  6 106408769
17  2 1873295984
8  6 2116714650
1  5 215331676
13  19 1449265347
10  18 421033127
18  0 494889263
13  1 1474377031
8  17 412559262
13  1 88246841
3  11 619556779
9  15 289032620
19  1 1470585382
0  14 1214343193
7  5 581693793
18  10 1691031661
12  4 940384774
9  2 1740271566
11  6 2125123586
4  16 1532794076
13  5 1771529505
4  18 1385172429
19  12 1925697140
1  6 329741342
7  14 13301844
4  8 669434414
11  6 271689773
10  4 962269687
8  1 1015003062
7  16 78547533
11  1 84402440
19  7 84708526
0  16 687501409
7  0 442231627
7  2 23644448
3  2 1591723108
0  10 1948507424
16  9 1062010446
17  5 1206436149
8  10 964299582
1  19 860303820
9  5 367763762
3  12 198681809
5  10 932769532
7  1 16694705
3  15 1703624977
16  13 2022384656
7  14 1169439562
17  8 2084135609
4  11 524103320
18  3 1364952569
6  13 232857138
9  13 1048765530
2  19 1819158284
15  18 180018478
2  16 1649566748
1  12 972088551
13  19 866322497
15  9 623429971
19  3 1078328744
4  0 1224444421
8  1 14124272
5  3 1646267787
0  16 1211181067
3  8 172126458
8  15 883825962
6  12 1840203581
14  10 1072020893
9  0 2115390618
11  13 529083705
4  12 1980098492
14  3 1663541389
17  0 431851832
19  17 2124481837
19  2 1303642932
17  10 1786254397
19  13 255024706
7  19 1495196552
17  16 2059675805
19  8 2127475919
5  17 856346972
14  4 207803320
0  18 457398726
6  15 971379090
16  1 116599991
6  5 71320326
10  5 1581246304
18  14 1873228650
2  9 706736762
3  14 1524727039
19  1 732709289
17  7 561453220
6  8 1640950091
16  11 69736923
1  8 1306145355
2  3 57909797
14  19 1794436527
8  19 1173368564
1  12 1743568517
4  9 1254480356
9  1 1333128348
2  11 1067674120
3  6 1218283947
9  14 1544217387
15  7 1677928614
17  1 715334851
3  11 454112719
6  4 533748436
9  11 956672268
3  0 1946761685
2  8 353465321
8  14 340895605
4  16 344817331
10  18 1083892016
15  0 1426845479
4  15 658956776
17  8 694597403
12  0 465369527
18  15 1644241392
4  3 1411531945
0  7 1299559920
13  7 1850282589
17  12 1612379222
12  15 1718784595
0  15 139728475
0  1 519128612
9  3 1620523464
18  19 275668752
8  7 746736449
0  12 1462947677
5  13 387734362
11  5 2052542831
14  12 1449928680
13  1 752830626
8  1 807342400
17  7 684396976
12  10 1995154064
14  4 86263950
7  4 304098484
17  11 475426863
6  13 2021437842
17  19 1357487618
9  16 886475243
12  8 969265580
10  6 289643742
0  13 351002654
16  10 632535213
11  8 1832190999
1  6 299524653
4  3 1570853850
16  5 318250555
5  10 590659472
0  6 965955838
15  17 846937542
14  9 1800748032
6  18 1732531037
9  14 437363540
2  10 1402084190
4  10 1160411386
14  6 484581157
0  15 1267813624
15  0 1728026457
0  12 1051291816
18  8 2008215106
2  7 385756703
4  11 235454617
8  14 888934626
0  1 1298944049
19  12 487717873
18  19 380672567
15  6 551130398
5  7 1401980939
13  5 472054161
17  14 1801232593
0  16 978255938
8  15 441002479
5  15 813061646
7  3 1615111415
6  18 1532996129
16  1 1998791406
19  7 316598010
18  9 511204214
11  7 796841191
6  3 2130364456
12  7 1879024577
9  17 1999265889
15  11 193888925
6  17 775875580
4  10 213898224
5  19 1541809705
6  15 1214684176
12  13 1582036130
7  1 1081340177
9  13 1656012831
16  1 1162522653
13  3 1965459877
