399 20 7 2
6  15 319659920
0  1 536016743
1  9 782062646
2  5 1528864539
4  5 206060346
5  15 2051166009
9  18 1646882792
16  17 1389530072
19  1 1846321651
18  2 762944515
13  1 133567403
0  17 1890115213
1  7 1431760157
19  11 399437796
15  2 1768610451
1  14 1677384034
3  2 1239800479
15  18 717997615
16  6 88501439
12  10 1772134907
13  15 140390826
5  0 2024457163
12  6 1523530295
6  13 494610325
3  16 2031158133
7  12 1671173561
9  16 1475642971
9  2 595424241
17  4 447754329
19  1 1763514973
19  7 1603691095
15  10 1689926678
5  12 2073462118
5  17 36263189
12  14 1614501413
15  12 73500098
9  8 1445029190
17  18 1397219475
12  13 808481999
10  9 813119608
4  19 1752718616
15  1 659955839
5  2 1734030085
0  8 221053520
16  8 35950089
10  15 540498252
3  16 1748042184
6  1 344265187
14  12 1300307112
18  4 809485755
1  8 1670267431
6  5 166842644
4  9 1354746920
12  4 593725398
11  4 762187518
1  14 1876629137
7  15 2114330790
1  15 1654866904
7  0 956061550
9  12 2135828792
0  15 1006911915
5  10 1411448060
11  8 1510849416
4  8 78802906
7  8 1290212552
3  10 334617325
17  18 972171392
15  9 1313423986
12  1 995299107
18  19 358579063
11  17 2112966971
17  0 448769502
10  5 1891481108
12  15 476990838
4  17 972088426
0  1 1142979474
8  1 254521421
8  10 1855147223
0  12 712821606
14  19 1869321673
16  17 613255409
15  3 1410486560
11  19 1458433206
9  16 562499615
5  9 582089840
4  18 2006053635
3  12 817178715
13  11 954736483
19  13 1415537120
15  14 612235884
8  10 291861484
18  17 1552864801
5  13 1444803083
14  3 2049179011
0  7 1989550079
13  14 223484890
11  1 1103189191
9  18 703811387
4  12 1230344246
17  13 558932737
5  10 1603655321
1  18 2138513066
18  11 1329419182
18  12 587976402
15  1 809555765
16  12 233725895
8  5 54478299
0  12 781740283
14  1 1623945691
0  10 261456642
9  0 2020888211
19  8 679782089
19  0 617590852
16  10 1072577420
16  10 1536180450
4  5 1262588157
12  8 430773405
8  2 417423720
0  13 568344339
6  0 1034294568
5  15 2085620817
3  12 912587380
5  2 399998390
16  19 485294244
13  2 883042174
7  19 2040475924
6  0 1344870972
10  3 800935342
14  0 1114419713
18  1 145883421
4  9 1863697116
13  6 29701425
3  10 1604503955
1  18 308232502
8  11 401110753
19  10 1576222284
13  17 921918318
6  12 489278477
18  9 1850435667
15  14 669873099
4  9 1816028366
5  18 511624867
10  18 2027807660
2  13 1854182825
3  18 1572080567
12  7 361874594
10  2 245660425
18  8 1905761728
6  10 439534838
10  19 2025623578
15  16 1884630034
12  18 1769936603
16  2 1264186031
14  10 1756804605
12  2 155321384
2  5 896034787
15  9 1299344658
19  9 37452110
11  9 1589525737
17  5 2140745578
18  7 596804049
11  12 79595847
8  3 1008305789
5  12 1651518750
10  2 1065715216
9  16 1173751188
2  14 476019410
4  6 467698811
15  17 1915228932
2  10 1181189652
8  12 1865657405
9  8 1202921659
4  9 167865
3  4 769340652
15  2 1681446360
6  10 846683887
0  18 852490203
15  7 174917199
12  17 1654534309
12  2 1082744703
4  15 995480326
3  9 1888427247
8  5 70762705
3  9 997114987
15  17 638054234
14  19 147600155
19  17 816484092
0  8 1209067725
9  17 1030836744
19  1 1266423869
1  13 470249227
4  9 967780793
14  19 549145385
8  2 1874477695
11  15 1126852044
19  14 1493812813
6  9 1541012270
18  19 444347547
7  9 942641777
10  4 1283348140
9  19 1424333115
2  0 1894070171
13  6 476302688
10  3 319910224
6  10 1868047699
11  12 1820680814
15  17 198171058
17  12 770945328
4  12 1326249072
10  18 1118140815
11  3 1751638039
0  2 898563217
9  12 1521233709
8  10 709092504
11  14 2096310369
16  0 682210857
13  6 658008319
2  4 1349169378
12  1 2125650401
1  11 1390492825
11  14 1400519242
7  17 1933160761
8  10 1020158439
4  9 60365071
5  6 330443330
5  4 279691597
0  14 406774396
9  16 209586102
18  17 723290979
9  8 877272474
13  18 704083068
17  12 1571077684
1  12 536411301
17  5 2079355656
16  19 1487205548
1  8 1631227509
16  12 739373755
13  14 546719981
1  10 1071732953
0  7 2109074682
3  16 2138801348
8  2 164760102
15  7 432344363
10  2 1679554553
16  17 660318959
14  2 1216935433
1  12 961909834
13  0 421658456
5  8 305452003
9  8 630903185
1  12 1124150279
1  14 576111729
4  13 1006603508
9  6 359671513
15  18 2074490600
16  5 1801756771
9  19 1962033751
3  18 1939899088
18  7 924211317
6  3 1620945330
3  17 1223459715
7  1 461901678
15  7 1054627827
15  18 1614025933
10  11 546882217
19  3 1549399325
19  12 1795895782
14  12 1640000198
15  10 2147320161
7  14 1262093931
17  10 1291166534
0  2 511676278
11  17 1987449017
8  15 876758013
13  5 607231606
15  18 1122114569
1  5 1965724552
1  10 679129464
10  15 1163007460
0  16 646749380
8  3 736169070
13  15 1447131876
17  15 716909904
18  5 1675024471
16  10 1893641824
15  3 1254144688
11  13 885384145
6  8 96242648
3  2 1595243894
18  4 378814998
16  5 1052227826
0  2 336870767
7  4 926635636
18  2 125404696
15  4 2003293694
13  7 2065246333
9  5 1966342901
4  15 1087126935
9  7 1679312575
18  19 460611475
9  1 1870400794
19  5 1328256495
6  8 1388788706
5  18 1439078226
13  9 1209269999
8  9 1091378708
6  11 194681397
12  4 286128976
0  16 922216988
19  13 553814474
9  2 1497815271
16  9 2056944914
8  7 1499050371
8  3 1366230305
11  14 143913327
15  16 586285810
6  19 1604314599
3  9 529415610
15  7 1670108867
19  8 261816238
14  11 751877502
15  7 1027334249
18  6 1589686307
7  11 327847915
10  17 1571210654
11  19 2052112318
15  9 763540292
8  17 1079082220
4  6 619359799
7  17 1694009426
14  7 1298979026
10  3 39189468
11  8 1339952999
11  9 247483926
0  19 857502121
13  7 358582190
1  9 990379109
0  15 2057700084
14  18 2008553914
8  19 1493093319
0  13 1324318332
11  7 1199799056
9  6 881951391
3  16 1047148577
5  6 1373561667
12  10 502425480
10  15 1306040780
12  16 1906927687
3  1 2092562170
5  16 1972710278
12  2 361143449
14  15 1994079863
6  14 847386142
4  15 1497521024
19  3 211063343
1  2 644055205
19  8 1671635858
16  15 433451497
1  5 44424110
0  6 1241298098
11  4 714372205
5  7 840798988
13  6 905864471
17  11 1506260108
16  12 1445146093
4  0 4944720
12  15 1939190693
8  1 278426871
10  19 2015385697
0  13 1119787660
14  15 656680654
15  1 411514661
1  6 957494972
6  12 56301343
2  3 200833541
6  13 1829078220
13  16 754263829
16  7 224204462
3  11 625812945
10  14 1359423074
5  16 1717463455
14  10 1830094000
3  4 1959073707
15  13 484378994
17  6 617976457
16  12 2129408858
2  4 451268215
10  2 1567733621
4  14 1570987178
18  19 846254644
6  11 1369970085
6  10 230261980
5  13 1617049006
10  11 2068557042
1  5 940868200
3  10 1612925876
11  15 1500083490
3  1 586819867
17  1 385373874
