399 20 4 14
3  15 2080755720
4  9 962334824
7  2 1071397746
2  7 1850203101
1  2 1697539779
18  10 1251839912
14  16 228537048
3  9 448823636
0  5 886204135
1  12 1584784024
17  15 1902678236
11  9 230534135
7  2 1229205089
17  14 1227150111
14  17 1554817356
19  16 857239461
2  9 1981498419
17  13 1347001662
7  1 1719617326
3  8 1740056672
16  9 800899224
19  15 753111275
18  4 992238515
2  6 1393047443
3  5 1003616126
0  11 1006822163
18  0 378312101
7  12 647379540
14  4 1919805102
17  3 1604421490
19  0 1874155503
18  9 2128542948
15  5 1881165533
3  11 2145060061
3  13 433617128
11  1 226010745
3  7 72675917
6  2 824089942
0  8 308207026
5  9 676817254
3  14 456294750
15  12 2010487336
16  15 193343545
16  5 2096331815
9  7 565081838
0  2 20617028
15  10 1806394104
5  14 1122858319
7  3 521666877
19  18 1205118225
7  14 50947272
2  16 1789184654
10  16 632786402
4  11 189153345
19  0 306570048
15  0 1541085783
15  12 596548081
16  4 1647144028
0  10 1528311697
1  11 18360942
16  8 384732229
8  3 1740394051
11  0 340467338
15  13 1453424512
7  4 1655826629
3  9 1404953185
15  16 317410265
16  19 1531406656
1  11 2115632658
11  3 1005150330
16  6 964577462
12  1 940626168
5  7 144929944
18  15 820065330
3  9 686713325
1  6 492382209
7  16 939996213
1  11 598983609
19  15 217230582
7  5 1213884530
14  17 1422285714
2  3 2021761783
7  13 1307338920
13  14 654288714
14  18 1838684620
14  4 388130681
16  2 64587664
7  11 1960498049
13  8 1501659826
13  19 401299209
8  7 1115677627
1  19 218045511
6  9 646365462
12  5 376678285
6  2 1766314042
9  1 1034771932
7  12 150525405
7  10 125875757
7  2 705057018
2  14 253822379
19  8 2016569188
2  17 1692274541
13  6 1290471283
6  3 332892481
16  1 555626473
17  13 1050167974
12  5 893031937
14  1 1510300799
14  12 918376725
13  6 1888851647
15  10 2118118273
18  0 979408663
19  15 1595069626
9  4 1833163992
16  13 1194107466
0  18 851439925
4  16 435864146
9  18 1194224759
0  5 1752344238
9  0 1991243477
2  12 1799598498
12  7 21602916
10  0 2117113226
4  5 1571890764
3  17 1033304926
8  11 18272685
19  0 1808824262
19  9 949467526
15  16 57265078
7  8 1571739452
15  16 761230745
19  5 792479522
3  18 163753538
17  18 31675676
3  11 1116968395
6  8 1464773099
11  6 730814500
19  18 2087162879
17  12 1360505065
8  14 1866581662
12  5 1464232535
5  6 1152319761
9  3 2122951787
4  1 913284700
11  14 281030645
1  0 1047589820
5  9 1994949001
4  5 1797316310
10  14 1964003568
5  3 1154585102
7  11 334980230
18  19 598128011
4  19 413381163
15  19 1026494600
10  13 1773165752
10  2 1733906929
9  5 814564233
6  7 1546622640
9  17 1665692720
18  11 715163566
14  5 84818893
16  10 348955788
9  0 1021255356
12  3 1003013984
18  0 892204501
11  2 1548821099
8  0 1993156743
3  10 1878997742
9  5 339826710
18  3 637599640
1  14 255791980
14  10 287523772
5  17 1783000946
14  10 237433452
18  15 1455634747
5  15 723403092
8  7 1365430764
6  3 893104040
17  7 1904127734
1  10 162712312
4  12 1799924502
2  15 429962175
3  14 899806152
6  9 1371370680
12  13 590837721
11  13 1745805580
15  18 921383868
7  17 1102388500
15  0 1491775193
4  1 143468212
10  2 2120613452
4  1 1952333693
0  16 146068644
0  19 1314902293
15  7 1955726349
16  4 881134469
3  9 504228105
4  14 1432695515
4  10 1057234634
18  14 902538198
1  4 428347507
17  13 2135602170
12  9 1163898831
1  15 1876508999
17  7 2097758936
11  12 89481710
2  8 122644490
12  10 614880850
17  19 90430591
19  3 1380768148
0  9 2069751660
10  1 939771019
14  11 1733466086
15  7 836802778
6  18 1879592768
16  17 1032736774
17  9 600829430
6  1 2039060048
7  1 1474055420
1  9 1824944527
6  11 1868886541
8  15 539437106
10  5 643782285
3  17 1726660563
0  17 303438423
7  14 654172119
15  4 384468862
7  10 710582541
1  12 1295073215
19  8 1414361278
17  5 392009495
13  15 2091100425
8  3 1785455992
3  15 1032843625
1  5 1045403253
6  13 1795772493
15  9 1129009428
1  11 1672769487
4  1 1718896978
0  7 902282861
11  14 1119250162
17  15 2145610557
2  9 1729680118
14  6 1840231277
10  18 747809163
12  11 2138568981
0  2 6719668
17  8 1743752349
1  11 954538278
1  6 1235510290
7  15 1960820984
16  4 1144732819
3  9 1220431651
15  11 496347094
13  17 1016313475
3  2 1005138294
12  11 1631367528
16  17 525790479
18  17 720373237
18  3 2085793076
8  18 1712906520
16  8 146716036
17  7 207471563
15  9 352989288
16  17 20693731
11  1 1535227917
8  18 1421825637
6  1 1288722241
6  16 1719702131
17  19 647509658
5  8 1449332268
15  19 964573401
12  19 1624794511
17  1 1155156620
13  9 992946007
0  1 1353797444
6  0 143822281
18  14 1027318116
7  0 2127465405
1  14 659280815
8  3 1839647699
13  2 1371171199
8  18 2036727956
0  14 345629387
14  2 1243482358
0  4 1036367763
10  16 844170575
6  1 1535653464
3  14 103724812
13  1 1373247976
15  6 1942208617
17  0 1591426716
16  7 971851985
11  17 245461441
1  18 45998932
3  16 202244504
3  13 992638083
7  11 606223914
6  17 278906353
0  5 2026718582
15  17 1491928960
10  0 271597537
19  1 1857186546
3  6 1279310365
2  4 2147121424
5  4 2094624661
17  16 386085555
0  8 1678040970
14  18 1173186229
1  3 2145200044
8  12 186581278
9  19 635078537
2  11 710554771
13  7 878636435
10  4 225316523
13  10 981193100
16  1 531069511
18  13 394388585
15  16 130623481
12  3 525782978
12  5 1107184205
14  9 4248526
19  1 1866527310
4  17 1572974031
18  15 566351616
19  17 2080922606
12  7 403948201
17  13 1172401464
18  0 249706789
15  10 677944108
14  6 1516143197
3  12 1607709711
11  8 1888429821
11  13 2092101754
18  10 619547503
7  12 1417473690
12  8 1885850261
6  14 1311513711
15  8 577240289
5  19 381376236
17  11 927528157
10  19 957132450
15  18 1383842884
17  14 1408229743
15  14 1857248060
6  2 1432317016
10  11 147706655
18  19 161309138
11  8 443176106
1  2 1666170166
0  15 423437465
10  2 823114282
5  15 1037507433
0  9 1962129241
4  12 1196418475
18  1 1892212375
1  3 1324568099
0  16 817758594
14  7 1492358998
6  7 2027970711
6  2 2128836052
4  13 1087342793
4  18 647979873
18  2 539543770
16  12 602358899
7  16 1394426836
9  4 1601372116
15  18 1530317588
4  10 1729335605
18  15 1329177092
8  9 112315911
0  14 1410846878
16  8 1075613026
9  10 1269905728
10  5 1752867487
1  8 749719560
13  5 1892838825
18  2 740687806
9  5 482016649
18  16 1062095703
17  16 1975238561
14  1 599159416
12  18 879785988
14  19 256566420
8  14 1879557128
10  7 1894941105
10  1 809243904
4  3 19852807
16  13 809613002
13  3 647161053
16  8 422934138
8  6 84266376
2  0 18254318
16  19 274941712
11  13 230865932
7  5 1622008587
11  15 990713486
11  15 1361510724
2  7 726485851
