399 20 17 6
17  0 1207214267
5  0 374865033
4  15 2063769204
11  19 1987701440
15  6 1664719590
9  17 1285266474
17  19 2002117092
17  14 695573509
17  9 1030478302
18  17 1246853683
1  7 1150287716
0  14 1958991083
2  0 542718013
6  14 777213845
11  5 145665176
13  2 1738454590
1  4 169766037
4  11 1283738337
19  17 1938305519
6  4 1476975752
13  5 1207477478
8  10 71649224
10  3 787331579
0  19 436000379
6  14 1804423123
11  17 2135045021
0  8 468864330
1  15 742660659
6  11 213695256
13  10 758779063
8  18 867025406
1  11 1709141462
4  2 947945070
5  19 724715587
8  18 31157197
14  7 717332577
19  15 1827451533
5  17 1769710529
12  4 995781777
14  17 1694073938
16  1 58814416
19  12 1425858549
15  14 449004700
0  6 1573844403
15  8 302681587
17  0 811147739
9  8 2089926829
8  14 605736481
4  14 1601122134
1  11 560409068
11  15 1858566336
6  3 1286593821
16  18 2109182278
11  4 1428293602
11  1 1796950630
4  5 924185674
18  13 1946792976
17  15 454510042
16  9 1109111102
5  9 1150008057
13  9 1664634711
7  0 512716941
9  6 1019008864
17  3 267654567
19  16 766377184
0  18 610717822
19  4 1510133932
5  17 487209624
17  15 1807877327
2  18 1046415034
0  14 1370534059
16  0 196406751
18  6 185966520
13  1 412863347
16  3 240310257
17  4 1774083102
15  14 1302192497
0  8 210937582
3  5 348585213
2  18 1803903458
4  5 1738633052
14  0 921881220
4  9 195012265
1  7 254085514
7  5 1908188129
17  11 768077751
13  17 1579716121
0  6 962331842
14  0 1958816724
4  8 445677775
19  15 2064931373
19  12 2138387932
15  14 103937846
5  10 550510988
0  1 783019330
17  18 825355597
15  8 1087764761
2  13 854755237
3  8 259983006
0  9 873585136
1  4 553059722
16  10 560701336
5  7 1993149982
0  5 736241608
2  5 1853075507
1  14 1553993643
15  3 249917409
1  2 85884305
10  9 2142475220
15  6 1162012431
0  7 1278980237
18  13 125614253
6  0 710195218
12  19 232647793
11  3 1195456573
8  1 1218780399
18  11 357507266
7  8 559509065
2  5 1281991814
16  4 888535936
1  13 1133431040
13  9 868128855
18  0 1643355268
6  12 1844070876
2  12 1159257979
15  13 1885641723
10  14 244325737
18  17 119127911
5  13 1633012539
5  16 1728321199
3  16 65552851
11  19 1716232235
2  6 1262501964
6  7 1840767796
4  12 1199226675
7  19 232403832
14  19 495451794
7  13 298328865
6  13 1789141214
10  16 2194596
15  10 169131196
7  1 620341514
11  7 945569268
16  5 1188225806
2  6 1134634373
13  7 581573376
17  18 989369264
11  0 1948355405
12  6 167613553
17  19 526816807
6  15 128130990
14  13 1153200832
7  13 1911348671
6  8 289744606
16  8 80457313
11  17 658202553
10  0 1788440756
3  1 1029302539
17  12 322948069
8  14 1231972672
19  16 2064775566
0  4 685980893
0  7 2101098699
18  7 1124551064
1  8 1521685571
9  16 245791330
8  0 731000846
0  3 226306336
7  10 483241633
18  10 1453204584
2  13 1486601606
0  16 1011660535
5  18 391997150
12  9 549926477
12  4 716767823
6  13 1447300872
6  2 602009265
6  9 1521340820
19  11 1830377913
3  11 1718739359
4  13 1037144053
15  4 1416502008
9  5 1222257310
8  6 955027129
13  0 1229682429
3  2 48425432
6  14 737046589
12  8 1347802606
10  19 1146106673
1  17 1783789578
1  14 1118414255
14  6 997700457
3  4 479534459
3  0 839294371
3  10 459132918
10  3 93512667
10  0 382958494
8  0 974805225
17  0 578884922
8  1 1214845481
4  5 1970981038
14  17 1718744750
8  10 33184470
8  6 1672686630
7  14 1198604798
15  7 334821307
2  5 1360545202
17  7 180426605
1  17 812434701
7  4 1460377430
12  1 708734453
14  5 418927473
16  18 1577091512
7  5 695945947
2  12 1480474575
15  16 627284703
6  14 1447066697
6  18 55310616
1  18 503810247
9  10 1508991402
4  12 833121409
1  14 813025530
14  9 153276577
12  11 1555304494
17  15 277538028
3  11 423394705
9  7 70712758
4  0 629516531
6  13 1225601827
17  11 877487023
2  17 446354458
17  7 992322659
10  13 1879628996
4  18 1197205396
5  7 508860778
1  19 1063156019
16  1 2135649515
6  11 285646272
9  8 1943129305
12  8 1275645869
16  11 643148676
6  16 1504416343
18  15 736501552
4  19 1000790664
17  13 1977778552
19  4 177315257
5  10 777829810
8  11 244992922
11  16 579934220
19  1 474809712
16  14 996941157
15  2 131036826
10  16 1420854234
17  2 1641527609
12  5 1513848299
4  15 2135819959
8  4 2081700290
15  9 1815228304
7  18 1533603140
18  11 2071910584
7  15 1222970300
6  19 1063126660
13  8 399350064
3  1 320994837
1  12 1984301164
7  8 2033671842
0  18 45741094
14  19 923417239
5  7 616941261
17  4 1052531887
7  14 1159553931
16  7 268003981
6  7 1518062135
2  18 167438500
4  15 1082466270
10  13 1640555806
10  13 952991235
6  15 700020737
5  11 1444031139
5  0 1198982953
11  15 1214523430
9  7 1127574232
13  14 72357670
4  16 1277128338
17  16 1475795173
9  14 234702876
8  6 1412603293
15  3 2010384836
1  14 1211203805
8  18 929377221
5  0 1360243155
9  8 745189491
15  3 247932255
15  7 1046461466
15  14 1023825522
14  1 1377902401
0  15 560478500
3  0 666814974
9  3 1818920459
11  8 1909069750
8  10 951188666
8  13 1707267529
13  11 594257287
1  9 1947142371
15  1 143399057
4  13 1195700327
9  1 1955406781
16  6 1051812640
17  3 627981394
12  8 1012026676
13  4 417715884
12  17 371254387
19  15 1389169144
2  7 840963277
2  6 855355003
14  1 148495474
10  0 824541759
10  18 1634830992
16  4 896004229
13  10 464847016
16  1 594248095
15  19 150562076
17  6 2105305505
4  3 1847596817
3  4 1391303783
2  3 279624368
12  18 1145061213
13  9 1611480880
18  8 1503801206
14  17 1249212855
8  4 596201387
12  3 1097846404
18  10 1098864113
5  8 1473125409
17  11 789294581
8  7 853877371
2  8 1654348070
3  12 1986558644
6  13 1834099657
17  16 1117767648
4  17 475896280
9  15 1878987660
3  15 1708494226
16  18 809165676
1  4 640599837
8  13 1386203705
9  17 1279315854
7  9 887952508
16  17 2122851944
3  8 1960005731
7  16 628898815
16  17 1147119983
11  9 2076334571
19  0 1578864125
2  11 642289476
9  5 108837540
13  5 1596769441
16  7 1667219899
18  2 178804428
8  12 1397303609
15  9 240884349
13  19 303374540
1  8 1017535173
17  9 2121764738
13  3 270678594
14  17 1259887937
2  0 1961748696
19  7 1755616721
11  6 1366586033
18  0 465109959
11  14 1774495525
9  6 750716059
3  16 1071300120
6  1 1894802806
15  5 1833814840
19  9 881531821
13  18 970928096
3  14 1764946137
0  16 1009108716
9  12 1187071166
18  2 1073550712
12  1 787469360
6  5 640204635
16  15 662732901
16  17 1698061214
2  3 1287693954
7  11 859625044
18  8 1398549364
3  7 1310343575
4  9 330515209
14  7 926665642
3  16 1185396767
16  12 604759369
10  0 792475852
6  19 843750322
7  12 1175859083
9  16 1172351230
8  14 1106557878
11  6 1518991680
