399 20 9 1
0  19 1304399772
9  6 1862692130
14  9 895771778
4  0 891852077
1  15 1956331133
10  17 1798899014
15  17 1515056887
11  6 692905285
14  8 717708916
3  12 448693719
12  3 993488366
19  3 1584177727
9  18 349176170
6  15 118051582
13  6 301796442
19  3 1074724586
7  11 1332684019
10  7 1285815539
13  16 934412785
7  11 761454054
15  13 725704491
13  11 618999645
0  12 1415248572
2  0 764951688
17  4 1018241319
11  7 249048010
2  4 2088246907
19  18 695792512
14  5 1794148942
17  13 246018961
3  1 1509927040
3  19 1538714906
11  2 820053423
15  10 1879579670
18  9 863550731
14  2 2052050332
7  16 817755010
5  6 1765418668
10  13 645042729
16  0 1689362671
3  17 805233106
9  16 1145352303
2  10 916225119
17  1 994971838
10  3 1524821099
12  1 507488033
6  7 474905001
19  15 335360420
10  2 1284747235
0  9 613072142
9  0 110786477
0  13 1456614361
1  17 530495683
6  11 319307948
14  12 615837978
2  10 394317906
10  7 1345491739
0  18 480598022
9  12 248789201
17  6 941636091
15  2 1217847298
12  17 946394013
17  6 441169601
0  16 1058473792
8  3 1237698037
13  6 1761206088
13  3 76690810
8  16 1543052594
16  19 578685867
9  14 2089418287
18  10 804971054
16  13 1855355779
12  8 779814802
5  6 1380473779
18  8 1859717037
6  15 280724056
7  19 1429938144
18  7 2080642458
5  4 438627948
0  2 863001079
4  19 970018465
18  9 169984425
4  16 1227973242
10  17 821783940
4  8 1640625126
18  7 2011179197
0  15 186552533
17  5 1568276558
15  10 805911437
10  17 55342425
10  8 1026028424
7  4 752123972
2  11 227738657
18  3 762391000
19  3 1865184598
9  10 599697756
7  6 2035622581
8  17 884285367
0  18 666577416
2  18 280592787
3  1 2080098227
0  2 28280753
8  15 378839982
2  12 1063222556
2  15 586528268
3  11 1980162700
17  16 764916150
16  4 1611814689
8  10 1333762642
17  1 1758576140
12  5 1952685793
12  19 51002820
3  13 1800540670
18  5 1723904327
15  18 595631930
2  1 1872941221
7  5 1762668759
11  9 333390818
10  2 2095804871
10  17 306678229
17  16 2122024338
5  9 831925547
8  6 1002191574
13  14 1485666953
16  2 840401559
6  18 1956654195
7  4 615913461
8  11 2043103032
19  12 1944373851
10  14 878801297
5  11 1168096060
19  18 265097899
9  0 202002721
16  1 412495404
15  13 2023391914
3  7 2011198354
1  15 857962883
12  8 1923948854
1  13 286380429
9  13 1798419094
15  2 920545362
19  0 1471391620
14  7 138541633
0  2 771749108
7  0 86176207
3  15 1373939668
4  6 1055571783
6  17 1524243023
10  16 2088792794
4  19 741755157
13  9 989337503
8  17 2058782971
3  4 2105226947
5  2 395611786
13  7 1515786807
5  12 2096090539
18  7 1693933334
7  4 547862734
18  15 1517524214
18  16 969231115
10  8 1508178817
4  0 874325637
5  17 1701057894
1  12 714209279
6  14 6070050
0  14 34030453
8  13 476660799
3  5 450679412
5  16 1145455887
4  7 1614650188
5  17 2056440808
8  13 1471524271
9  17 1713061761
0  3 1626069346
17  15 1793510309
11  16 28767321
7  4 916012808
13  18 1233695539
16  11 2110574944
14  8 1132632589
19  1 2066360173
13  0 1212555016
11  6 128014050
15  1 2088986761
19  12 1244260250
2  1 1469536206
14  13 1811136844
6  11 185970813
3  10 665349298
14  0 1973891398
16  2 213078535
7  19 146857171
3  14 1066457193
1  11 713596305
15  0 29650333
10  18 711116378
17  6 1777134131
10  0 1204733508
4  17 1135146895
19  2 2064872800
5  2 1129551918
3  0 247145209
0  10 514148202
7  19 1332408853
18  10 555544977
14  16 1789923784
15  8 1119864756
18  4 1042237468
0  12 693389781
18  14 67163921
15  0 422226880
18  6 1832828914
8  4 1008973713
16  19 2004333670
8  12 2015147109
14  15 52097623
11  15 2021146641
19  11 981748617
4  2 1625709308
1  3 40724371
19  6 10914495
18  2 2143954430
10  9 689647928
17  18 1484634626
14  17 1580596153
7  15 540845675
2  4 71473739
2  15 1791019289
16  6 109188429
16  2 59032085
11  3 466326455
12  4 2022393096
10  8 2099446772
5  12 1645701111
13  3 2110220837
4  11 1679853602
7  0 1651380503
19  12 827908271
7  18 993148110
18  1 1103496591
4  8 860858141
12  19 17848666
16  17 766802575
3  17 457279960
14  17 2132128766
1  16 950327834
11  14 587566673
16  10 1656111611
11  18 380154392
0  12 1682432709
3  2 313219428
10  3 431370215
4  15 54737215
2  4 1278782010
8  10 1264352398
2  7 413437431
3  1 517699856
8  4 1395987263
7  17 660038757
7  15 595353183
14  17 1731574259
7  10 2107250806
4  12 1380141628
10  7 140230450
19  10 706381300
4  9 947018940
17  6 1840780366
10  2 1838186236
16  14 1601403017
2  19 496655800
5  0 2027823873
5  13 1443439590
9  10 698961142
17  9 1164914353
12  13 1341555187
6  3 1646882653
19  16 2068842218
12  15 1283949632
8  6 1378836112
18  9 1734860636
19  2 1387391570
8  15 457960801
15  10 1135685059
12  4 902616161
16  2 1509154519
9  14 994532131
9  16 1503222847
8  16 1997803297
19  5 242721737
18  15 2071411752
19  0 307086125
11  3 216957348
10  0 2098930582
0  17 1435231347
17  18 1846413327
2  16 219909739
3  6 1300754152
2  17 47569838
19  11 938133920
5  0 713271695
0  7 110192581
12  3 785360454
4  17 1350415423
1  0 234137769
5  8 1020458429
4  13 1525498110
13  5 1342782504
19  17 1510538128
15  17 789877613
17  13 832972481
8  1 298250369
3  11 1127318364
0  17 1746318800
8  15 2063490340
5  2 1405748762
7  6 303163941
6  5 879335724
1  10 319105938
2  12 267277860
16  12 1476009979
8  0 167661710
13  17 1725909368
2  4 1174126534
7  9 552590854
18  17 231277802
5  8 269936642
8  7 1478113979
4  8 1751013759
18  1 1730619154
0  7 1776397114
16  12 741097601
8  10 904060182
2  16 238583817
12  9 905292203
10  5 1759371201
8  10 1293748448
3  17 419336147
4  5 204506446
1  4 173293147
6  7 501477082
2  4 1633405864
9  2 810364518
2  6 359521173
11  16 1018142984
8  10 1837451750
17  2 1643272087
11  4 785549296
8  2 1893720824
18  12 761528682
1  3 334800621
11  13 783210167
0  6 1227464444
12  1 1270809663
16  17 1706805980
4  13 11575404
6  0 963163556
8  1 1575617099
9  7 138018502
8  14 642637637
13  11 123216049
0  16 1942951773
17  12 908138088
4  11 1063938378
3  14 38976579
12  3 2106862840
13  3 767069008
18  3 1003037097
14  19 329906934
7  0 1330630654
16  6 327647443
14  0 834871265
18  10 349025544
7  14 1941209310
17  11 1086905980
16  11 1932872390
7  1 29069533
12  4 740061307
15  11 1026617721
16  5 1796747615
11  14 916728609
18  15 1624146652
17  14 1140667610
3  18 1945449599
9  1 353351501
12  16 378651957
3  12 1884291735
15  4 1585620381
5  3 199835805
9  16 896473338
10  11 1624571100
4  1 1494819
15  10 765132460
8  3 1522174989
18  9 74950156
8  6 1640274622
9  18 2030766256
13  14 934479665
8  14 416321034
7  19 273688666
