399 20 2 18
5  8 615610782
1  14 1423038950
5  8 1852024250
14  11 670747260
7  17 2043429760
17  16 1358253390
14  15 742917462
13  16 1987374524
0  9 712439181
7  19 673261681
10  4 1028198962
11  10 1550233283
16  8 339730836
19  6 2098522002
12  5 520935169
15  8 2088513932
13  11 539645384
19  4 1343091863
3  6 2074735481
14  3 1929923964
11  5 280967897
7  16 534171643
17  6 1427470922
4  9 1759734933
10  15 1495537595
11  1 1335484093
17  15 1430092572
10  15 1056925896
13  12 1318962904
16  3 1730109990
15  1 1534283468
13  1 964034885
14  12 1269301603
19  14 1671729673
7  0 1790857705
9  18 605971985
4  8 1533296110
0  13 727442967
19  8 1448430299
1  3 569797900
1  11 410734675
14  17 1834472161
8  11 1309139989
4  1 621224831
19  10 963018831
18  12 1791144240
9  15 548752701
18  17 1913358077
1  3 1288617009
8  1 1946798457
15  12 942171254
2  17 1605359766
5  14 326119851
18  12 1433090263
4  10 1713741168
10  18 299313932
18  15 688810839
9  5 1746939736
8  4 1909011912
2  3 359736538
7  9 427151381
12  4 1712407693
17  3 1144864061
16  6 1920938339
12  16 211106871
14  19 11761900
11  9 603259659
10  17 374247592
10  0 1814080484
7  17 1113733088
10  17 970689727
1  9 1223327287
14  15 591678028
8  9 2055419647
7  3 1562981356
2  14 388068547
9  2 1030024213
18  2 1332068989
13  6 189805972
19  6 717696775
1  13 307840534
4  1 58754423
10  18 995403896
16  9 764924874
15  6 457295426
14  15 1090709610
2  3 1400158396
5  1 909084353
14  17 303363232
0  15 1777827042
8  18 1800701729
0  2 444569027
11  18 111598962
19  7 2136900105
15  4 657694717
7  14 370434520
6  18 39740707
2  13 2008489671
4  10 889014165
0  3 542928947
19  1 618528051
18  6 1758040747
0  17 1299745792
16  8 1716495175
5  2 1912173765
18  3 1036729977
17  10 647867281
17  15 1069491716
17  12 518423149
12  5 476201193
9  15 1809397679
18  19 2002528823
15  19 40748053
0  11 1111088572
11  15 709745406
3  8 1064956471
7  14 518132325
7  0 1719265750
12  7 1568409806
9  2 658746238
17  15 1045074148
13  1 473154772
17  8 1749958826
17  8 2100794854
0  4 1898134192
7  10 183986051
5  6 2047258947
12  8 134657828
16  10 1559858456
8  2 95005378
8  5 775523829
16  5 824532252
12  16 228895346
13  0 1156597548
9  11 1813869637
14  1 560756823
6  9 597943587
1  17 507242766
8  2 1568520537
8  6 1516733739
2  17 1266709100
6  13 1017712611
19  10 1263537176
5  18 230959041
17  3 1762351011
10  19 1261820663
1  14 448151516
6  9 1958287148
17  18 9565447
4  9 1034191001
3  13 1121144201
12  9 1501520964
16  14 628651479
10  0 913339103
9  17 423931231
14  13 932725757
11  2 1083494741
16  19 532340568
11  18 553611730
13  18 911811065
18  7 1770546960
12  9 1157801791
14  13 1846277510
7  10 526273962
1  6 410817598
11  0 1075686322
4  2 1614810294
14  13 1491673634
19  16 142267277
5  3 1709333589
0  7 340499621
2  16 1372217853
8  12 940706086
1  4 2020988737
18  0 2135407096
1  8 1884857989
0  15 50144548
17  4 1870771650
12  6 678790742
6  11 42496849
2  10 959329383
17  5 2115205051
14  7 1943695427
3  18 1369270812
1  4 1001275253
9  16 2000933927
6  1 240268049
8  15 911620296
10  7 922452718
4  0 1275164934
0  5 1061426371
17  10 152296663
13  5 1327920237
6  11 160357051
13  1 1791285504
14  4 1688205800
19  2 1378324630
8  13 1178570983
1  16 2052939005
3  11 1289675196
11  0 1986229488
11  18 1122632283
4  18 200457176
17  11 2098355185
2  4 1146250253
4  17 1198308593
6  11 1917590169
19  0 308070122
1  3 2122407227
15  10 1069189956
19  4 598712923
1  6 1597968272
0  8 905745511
15  17 1399966578
12  9 1881065055
2  1 950615549
18  2 1008762477
5  16 2056716068
16  19 503419703
13  1 2135013112
15  7 1047000095
16  11 1455353738
19  1 1924082781
0  13 75246306
6  8 1384021408
17  8 1582638562
11  0 1257217122
7  4 805112996
9  4 130581562
8  10 1014086829
16  18 677125064
13  7 1439658134
5  17 1199060482
12  13 1018237603
0  16 1789725140
18  2 2111090719
14  3 392335725
17  18 561459600
3  19 1093733558
11  3 2070273406
0  10 874136682
16  5 1227642282
4  14 1987368245
17  19 631810483
0  3 1720127073
9  6 620116135
12  19 465247916
1  13 977241916
13  19 980645411
10  15 1315165800
15  5 1979667951
3  17 104471486
4  13 1193173533
6  12 321364003
13  0 315133691
9  12 48753274
10  13 663553692
3  11 1368569536
12  18 2065361248
17  10 2010372455
16  3 171810147
12  0 1204357275
17  11 418877735
2  5 427465972
14  16 66797216
6  13 1807637795
1  9 1952380128
18  15 1640383832
11  10 836718492
9  15 2043963431
1  17 343051160
4  3 358626214
2  13 930829754
11  19 55700184
0  17 2122393939
3  19 714368221
13  6 1264235234
3  17 544450656
6  3 2002060952
9  10 163491534
17  1 133585949
0  10 1265782579
11  2 813640384
10  15 687171046
10  17 247710901
11  19 1808057247
19  13 932650547
9  8 542437110
7  18 1297866912
7  12 1167987642
5  18 1664959354
8  19 1972455552
5  13 230770798
0  1 462587783
2  19 59059045
9  14 1916634340
9  15 653244724
16  18 1235663040
11  13 1994035118
5  14 1935658922
7  18 356061447
6  12 870387599
12  14 1102665117
15  3 521614880
1  18 1666284112
17  9 1633884752
13  12 1126946115
10  7 1802312788
17  13 1456170637
17  1 1720303509
9  1 1497757182
9  2 637010210
11  18 226096692
3  6 206514075
4  19 946646410
2  16 148242986
10  12 1934817726
3  4 878896679
8  19 387433687
14  11 1163606362
12  4 160485216
19  18 1119361551
15  2 691564632
11  5 1993326050
8  6 1424974765
19  0 1482142397
19  2 770466368
1  12 1917305181
11  19 951970069
14  9 858564647
15  5 1501371519
11  16 801854079
0  8 1083238234
17  6 1141831611
12  17 85476252
11  1 1103570598
15  8 776402648
4  13 504531135
3  17 430704627
7  0 1024445116
0  1 1703405577
5  3 529730252
8  6 413661370
6  3 1959787112
8  14 1353491576
19  8 2001286949
15  19 255033205
15  8 1351670713
2  6 848387338
7  10 419990187
11  17 1417595962
19  8 417171346
0  11 38601074
18  14 791583981
9  5 86477510
1  3 748508988
14  19 681871990
3  4 961378075
1  14 1958338863
3  1 704423306
3  18 1728041756
16  6 851128742
8  1 175127899
19  6 1432384692
9  15 1758958860
4  2 101204598
3  6 972404527
10  15 1108365506
3  8 314111662
1  8 634507492
6  10 1977316974
12  0 1996297350
1  15 251544185
13  4 1913957297
17  1 1022957569
10  9 300495238
0  12 1522643431
17  10 2054800819
17  6 1153185232
17  14 1707963985
7  14 338716677
16  12 1987408261
8  17 2121144713
2  19 1309847417
5  9 1619818962
0  11 754649694
17  6 1496940981
14  18 1606894188
0  11 559788203
18  3 554802712
11  13 549408699
6  14 974635741
2  8 1712955624
13  17 1632171218
18  13 1926228929
17  0 1904071316
13  18 1381659979
3  7 566770220
0  13 1263848563
