399 20 18 12
3  17 394869428
7  6 958653821
0  18 1675472696
18  5 1426349500
16  5 1176980175
17  3 31067702
19  16 1084364522
14  1 274508342
19  18 1727979325
6  13 459979622
9  14 718836279
11  15 1822234262
1  17 181029645
8  11 883112238
1  14 356828368
8  10 943050095
18  12 441439333
6  8 1523489988
2  8 120834619
9  13 1099781401
10  9 1798624255
11  12 649606212
12  13 93224479
3  18 675558356
17  3 648572145
16  12 1472781209
13  10 1531718546
4  17 39660454
19  0 1773609062
3  9 772711261
7  1 855357166
16  0 1951886099
19  13 2132227105
10  11 1986889533
5  1 1110013796
4  7 550692074
17  4 295580167
10  1 2061813588
7  2 1510039183
11  10 1409575867
13  17 132300694
10  11 201372442
8  9 1602305714
0  9 1073632694
5  11 459104487
4  7 214516691
19  8 1248559436
1  7 1302476873
5  11 1170081559
7  5 341251927
10  17 135996158
19  6 1737027441
2  11 1431939325
11  17 1617219526
16  0 1282529332
8  15 1832115611
17  0 810822449
15  10 1791490071
18  10 1947784034
6  5 459893681
14  10 1773512397
15  16 1669062128
8  11 656875134
16  14 942403846
16  10 356909936
6  17 443907319
16  8 529532140
5  0 1209881239
9  4 23819969
17  2 763314667
19  12 1507406394
9  1 1716541485
14  1 553806021
10  5 785791490
7  10 1526242584
1  5 294415600
6  17 1415178009
3  1 823849170
14  4 1264267446
9  14 361395229
17  4 1975649844
3  7 1406491480
0  18 12491784
8  2 688666824
13  17 1810141677
10  16 1519948076
9  3 1315689710
6  13 212863138
1  12 1619347730
11  15 936485223
0  10 895954681
3  19 1711725650
17  4 1883900406
2  8 562484720
10  14 1641579221
7  1 1546765614
11  10 1287675601
6  9 1942248276
13  4 982349074
5  14 1322343760
18  3 633864721
0  9 1386717752
12  3 2049648017
17  10 1462707730
14  5 1499127932
4  13 872010826
0  9 761168644
18  11 822121607
12  9 188804387
19  0 1677788716
10  13 773291577
15  2 1298273278
10  0 1706154235
9  10 194047880
1  16 1461513711
13  12 882442104
0  14 1515316427
0  1 1693621730
5  6 1842071218
5  13 1432194125
13  11 115857445
10  5 1754411466
10  13 1062945147
12  6 633661824
6  11 122059935
19  6 632738775
17  3 863246418
7  18 598695799
8  10 1754503982
10  19 1947241543
0  5 353568642
14  17 1359944517
8  18 805964145
9  5 2013771858
8  14 88179296
5  14 2092911841
10  9 1482111341
15  17 458750046
10  3 1423179528
14  5 2007265057
9  18 651077539
14  1 1170566908
10  12 1953231649
13  0 1782512530
13  2 1315780344
0  16 995219788
1  18 1202968190
14  8 1454162773
2  0 798810
11  2 316346552
19  10 911072055
10  15 263395470
5  15 885129852
11  4 2093812987
7  8 1356976826
19  12 1383769658
14  4 1469512221
18  12 514089956
12  14 1710002018
13  11 498667088
13  1 194026814
18  19 257350735
2  0 1170799725
12  16 1710905331
8  7 1359467002
4  0 614346615
6  2 1958776031
3  19 418476809
15  17 1759697533
19  11 852570466
8  3 391872114
17  0 489302027
16  17 1147716964
9  1 1501258383
1  14 1666197313
9  12 1237788439
5  18 1557089175
6  12 404464181
9  0 220086131
3  5 138335394
19  7 680254185
11  16 286679840
0  14 241289935
16  18 625912514
3  8 1115922196
9  0 159694677
2  6 225270189
9  15 1156608013
6  16 1553446065
5  6 342597843
3  18 609188468
0  10 658584548
13  14 1001126760
18  6 1716271020
0  5 985834607
12  1 1277524289
7  15 1647683171
19  18 2040312433
8  0 1760353706
16  15 81026763
18  4 1071798074
14  13 2130211355
1  12 1642798581
7  17 1760794337
4  19 1592735806
11  12 1804541455
17  16 1909982623
17  11 616594172
3  18 953156649
11  14 1181832460
15  11 409327386
3  10 1712331725
4  8 946029347
7  14 2089491540
15  0 1947801762
9  2 406176622
17  14 1079353013
5  15 1834952851
16  18 15017178
16  6 420917491
3  7 668781302
10  16 139902448
6  0 455560932
18  6 535724414
13  2 1006066987
14  1 1312518373
8  9 1440974464
19  1 1647378955
8  13 866393457
1  9 75752010
14  6 512970569
1  17 1718060289
19  14 331983362
5  9 1349396534
16  3 969553499
3  10 468825551
0  17 686023078
0  2 1121723087
14  18 577406842
5  6 229281104
13  12 1941099500
8  9 1524382362
5  1 573708384
0  5 540385464
18  3 1776925420
3  19 1400245979
11  6 1028919599
18  6 381689623
7  14 1138643409
10  15 657828842
19  16 1773461183
11  9 791894124
0  13 1681370020
6  9 1007468182
19  7 1786602203
7  1 1578719318
12  3 617126659
15  16 1997687690
5  9 1187582010
10  19 1749451931
8  13 883787721
17  10 969625439
17  1 1050561957
18  11 1666005638
0  1 1800227044
13  9 398480906
12  5 786771336
18  3 669040891
12  1 721867819
12  2 384881344
6  15 380576241
1  16 2021887020
12  2 1842739162
1  6 466615189
8  15 453774630
2  4 2033176660
3  11 562776186
17  11 2119300225
17  11 692324887
11  7 1842492773
15  12 1093875727
19  8 378379979
15  4 338072628
9  17 421609591
19  10 252797970
4  2 1758547065
11  17 174265102
6  4 2041534876
13  15 650953131
0  3 139284314
7  3 795319515
1  18 2044223803
12  5 643102649
17  19 1203345050
4  2 2130228170
15  7 1597307751
0  17 45168740
19  2 756573136
17  1 821647740
4  0 1181609364
10  11 267740477
2  17 2114536473
4  11 109861489
9  6 1721578002
3  13 573882589
6  15 2049187198
5  13 1907810962
8  3 93343615
14  13 2050400691
14  3 221562526
2  19 594402735
5  0 638834197
16  17 1154187030
3  16 1060042903
12  15 173911734
16  1 185725079
2  10 2039481393
3  9 916260010
1  19 980044408
13  7 862131832
17  18 153563222
18  19 1458806819
13  9 572896224
1  6 2023712721
12  16 934952814
16  13 89034212
2  14 922709843
7  19 1988006087
14  5 896551941
13  14 1486850596
14  8 1376539484
12  2 570022374
10  7 672699779
0  4 1080907862
4  3 1502894436
2  6 1558090639
13  11 108357359
19  2 2107743786
11  3 1397396531
16  11 1724677503
5  7 112458411
11  7 1516696535
7  13 1029692147
8  2 1032164351
14  17 996547589
6  2 790533158
7  5 727658812
8  14 1499995071
7  12 1724734353
8  16 579004325
19  16 883944484
18  17 1152720499
0  17 700491415
15  4 986568605
14  17 1461943167
7  3 26238339
7  15 156367732
5  2 1391407686
12  15 1712072883
6  7 201387523
11  9 2025045044
0  16 1804404361
19  15 1801269816
16  10 1586015728
17  8 899952675
5  16 1451285873
13  0 1066387990
12  18 554510890
2  7 318619718
9  16 1648404760
13  11 1758560124
16  17 971835016
15  18 48098697
3  0 1877136986
16  2 806986027
10  2 690687062
5  1 308368754
14  11 1741668996
1  15 93719933
13  2 991330656
12  17 1944037638
12  6 1309563929
19  1 655302571
18  13 1818312104
13  11 1486933270
4  14 2096510549
8  12 1241710083
9  10 406748073
8  19 1992454404
15  14 286068728
4  15 593974578
15  16 1641180172
5  10 1007827921
7  19 1511394657
2  7 2069773984
16  9 1638380705
11  12 783077841
19  4 387964273
1  10 1997159990
