399 20 4 8
0  16 1229488918
1  6 1684504689
18  16 573120986
4  12 1949758466
4  0 1230561240
3  18 1715827608
12  8 1088506129
11  16 790343890
6  0 180118100
2  8 1899731266
4  5 1336448026
15  3 1133211327
1  11 692335029
5  17 1194509141
19  7 1802670331
6  14 622788265
16  11 1403013225
2  6 634437961
18  11 1690675768
8  7 916048772
8  9 1610848066
2  14 1718528772
18  16 342047026
0  8 2002997383
11  12 64299229
17  15 1351958727
0  17 9989625
14  19 1771913019
17  0 321666685
14  11 637331294
0  17 1965506767
8  18 927804186
8  11 357034459
13  2 1525791263
0  2 1511249203
7  0 362068614
18  12 533302021
12  4 2054913062
6  7 702375373
2  1 1018173989
8  11 1153928913
9  8 578760546
7  15 992719777
10  3 870183031
8  5 1796876882
14  12 917175479
17  12 1575606205
2  12 1902094464
9  6 1391129290
13  9 1852751980
12  18 2036937651
4  14 178438834
8  3 738966159
12  5 1137339355
15  14 1265607940
3  17 2104816512
14  18 1942321318
8  18 989976236
17  0 1230240121
8  19 780313103
17  16 1432672401
15  1 1916591064
12  3 737511358
0  2 208538489
12  6 902050683
4  19 1328744543
13  6 1831070486
18  1 805087546
18  6 1650187946
4  16 2049666820
16  6 403465959
3  2 972342726
12  3 1230494467
14  4 1131424112
2  0 1407651800
7  13 1846821358
2  6 555938933
16  0 941058513
7  17 1496403719
15  8 1567266702
12  2 1958262439
17  5 1406098696
13  1 1576483719
5  7 318129172
8  17 1252716882
3  10 212880332
9  3 1229269425
2  7 1081984008
6  10 1347176433
5  18 1290232704
6  8 319103331
3  13 1227657546
2  18 1909075023
15  6 1089710067
5  4 2131049939
6  1 1643526292
14  0 1191330715
11  13 1328577516
7  10 591536114
2  1 461071693
15  2 1780343090
17  2 1492613050
3  12 2066296584
4  9 1133934583
7  15 590106775
5  8 994238018
2  17 819399149
7  4 236753104
12  19 756195903
11  19 515248625
8  9 673264696
17  10 2141743365
18  5 2092303740
18  3 2063838353
13  6 938173575
10  9 135486049
9  17 843585104
5  9 356879754
14  12 1811334792
1  15 850609242
14  13 1208236442
9  18 604693546
7  14 2119529127
9  10 1669523049
19  5 1407388912
9  19 2126361757
5  19 1297398439
7  4 699277014
16  6 368512494
10  7 1078898658
14  12 1058290349
19  17 307784456
13  5 1864951955
3  7 837478464
0  18 1018986818
1  2 2140217987
3  16 474946216
11  14 1895897481
3  8 862342358
1  14 1570061995
19  9 16512345
12  6 1194752290
1  7 1933123574
10  12 1757944839
11  0 1034421796
11  15 1208653399
6  0 1113488765
11  0 877935665
15  3 1977387322
14  8 2110322327
14  7 656935544
14  2 317994912
13  4 1870974185
18  16 618275359
14  16 852941181
1  12 1451184905
11  4 1958063610
11  8 532538407
17  14 1962727934
9  1 1745482529
16  15 204252763
5  1 1037721533
14  7 2060253826
10  1 1228583307
7  1 824448941
12  7 1461990495
3  4 760461698
0  7 767930374
11  15 145067488
12  16 837633305
6  12 451194926
1  3 1720298206
12  2 1102697062
18  11 877351260
7  13 2105487257
1  19 60615941
15  6 1046039214
14  5 1788797568
15  7 1011811925
2  11 1943311233
14  18 1291793346
0  14 305163253
3  17 1731798982
9  0 1347626194
14  8 327640349
1  0 888069682
4  7 826071817
11  7 1432462317
6  5 537986978
18  8 1329836013
8  17 92287431
6  17 175902055
15  18 1174700497
11  17 825219843
19  6 666308869
0  8 1403937020
18  7 974389596
2  11 1793489321
9  8 1555928722
18  3 1959830685
17  4 673258545
8  4 1091744263
2  17 1648965866
11  9 1974594281
1  5 1092541039
19  15 1489336927
6  4 1379843573
15  3 2026789310
12  19 2058220020
4  9 1273904502
4  6 591559587
7  2 803872872
10  12 1386474084
11  8 1069273459
7  17 821480226
1  3 2012678025
18  9 1311135603
16  11 1233268424
10  3 1219115133
19  4 1373723037
19  3 209217272
6  1 1481819179
9  14 238704736
5  2 1968864953
7  17 275319007
5  7 663188548
15  17 372991785
7  18 158915646
13  14 1928807801
6  1 669536187
19  18 1619305707
8  19 183582459
10  13 1863777507
2  9 1844997577
15  3 1750696054
16  1 79622976
3  19 2043181392
1  18 690520904
19  17 1996763505
14  12 1151652880
9  16 1936109607
13  18 134406248
1  19 892534530
6  13 1910324346
4  15 605804355
9  6 572022971
14  0 1960619997
15  2 2069345732
8  16 1584465166
4  8 424546223
14  3 50619550
1  13 2137435201
15  13 1057113533
2  16 207703411
7  12 1534038355
2  16 1494688997
4  18 1902480827
1  17 126282245
8  14 100462457
12  2 1978075039
8  19 1709431713
9  19 1042538294
7  4 1548982400
8  16 284904637
2  8 1875376717
17  18 455910371
18  14 795903013
5  6 183612751
11  17 849738302
13  14 1160865708
10  4 1368253074
16  0 696658078
19  3 2010771822
13  1 1785441609
5  0 1579234531
14  4 1409550150
18  4 1936753233
17  9 1564580544
8  9 680091299
16  8 1355188414
12  19 1064313568
1  6 499226084
7  3 299194672
10  13 113763151
17  8 2057889526
12  7 732081614
17  9 198493515
17  15 956476567
11  0 325118091
12  14 1618607098
5  11 214987234
6  9 1949331797
6  13 1608058262
4  10 383165596
1  6 1319452399
17  13 440615275
0  15 344464000
7  11 1105174253
16  13 1980859473
7  1 874534580
14  11 689475727
8  2 1083825227
11  1 1284323815
13  10 823665880
13  3 79811266
2  5 1935218158
16  6 68180032
5  18 1703008663
19  5 788481887
6  8 1635687438
19  7 1520648937
0  13 550679703
16  18 645164227
0  6 1703551541
2  12 1424644180
4  14 424278075
4  12 792985443
19  0 805580267
3  1 2114495534
17  16 1456231395
7  8 545282953
8  12 446039001
9  11 291869183
3  4 781654624
16  18 620157407
17  11 483839431
6  4 1650467509
19  3 1771647970
18  19 1810338845
4  6 1186203836
19  3 1633610810
0  1 1510855373
10  8 873862108
0  19 358035704
15  18 1390088062
2  12 2089855636
13  15 1738548924
19  12 1081574001
13  18 281100599
11  1 437269073
5  13 1014183422
6  12 1358892802
16  11 1411796233
1  16 2019799148
16  9 1112836181
13  7 186561854
8  14 1394001757
6  2 957453229
9  6 2124439061
13  10 298641793
2  7 336753536
13  17 41142244
2  0 334800332
2  15 1843969105
1  6 101673823
3  12 141664780
0  19 1046944776
9  0 247942126
16  12 1020909179
17  19 2135761206
2  17 1876028303
10  17 969954295
11  17 1671572267
15  1 251577087
18  10 956819886
0  18 1508763275
17  18 651402123
1  16 420951706
14  11 61177888
2  1 1822537048
4  9 790034579
5  9 1575496187
10  12 1749109379
17  12 1545620613
14  6 2066109387
14  17 1339212292
1  6 269286565
3  2 1304342412
6  7 2091388074
10  7 905259545
13  14 418464904
17  19 5917178
6  15 632900966
10  13 1776434475
16  15 690918494
0  13 439594776
11  0 1801687778
8  3 2027354561
12  17 483081539
10  7 552988937
12  3 2071945225
8  15 2019304547
11  19 1467391291
3  15 1923331545
15  13 1318518296
18  16 1353110276
18  2 1638903558
1  14 912380899
7  10 634420095
