399 20 3 14
1  4 1200900604
16  0 20858580
9  19 1910395237
10  18 392073162
18  2 1042407772
18  11 1836879230
4  7 2117164595
2  10 2012690219
1  18 1073052350
1  14 984250036
13  9 1413180847
19  1 761315820
14  11 1261702158
7  9 521710405
10  7 957717534
0  1 1814609865
5  17 816027997
1  19 1586054317
13  18 729513390
5  19 171895844
7  14 247976560
11  12 2130708881
13  18 348084087
13  3 2059277916
14  13 909779805
3  14 491340041
0  13 1235952065
15  13 1243668618
5  8 1954864635
2  13 205489209
12  19 1412887957
6  3 1031831066
5  16 1261865055
18  11 210713538
0  14 1480904440
18  0 544399328
5  6 418839991
15  10 1220520332
17  12 2081098128
0  19 1242097636
8  19 242179838
14  8 2058391203
3  9 2125627187
7  14 99959364
3  16 1283049224
14  18 880206170
10  16 945832080
4  16 1174693522
17  13 2048049316
8  13 764382617
5  19 1997412023
17  11 1708005264
5  7 301686287
2  13 1559799587
12  10 1219732231
10  13 1563514899
7  17 1936612939
7  10 1356924008
11  16 1553798885
0  10 2091540436
18  0 483556519
13  2 1759774607
2  15 192885036
5  18 1611930815
7  10 466281348
5  1 479551340
12  7 694009131
9  17 987359271
7  6 2013833099
5  11 2027110311
0  19 1306606940
0  14 1055217777
16  7 1450653223
12  3 976324271
17  3 980779719
8  1 1045332847
7  19 1957625899
4  0 2079448954
19  12 477910236
11  14 1311937223
19  3 1686565810
1  17 1103193528
10  19 126154911
5  11 432154278
18  15 744173722
11  13 524463542
7  5 781047106
11  1 1401896773
0  8 979543205
9  7 1701192162
4  16 1704106659
3  17 1188576621
19  11 2121323394
0  1 1984410739
5  3 2039660732
10  0 597888552
8  3 714991688
13  18 2131197486
5  16 853723150
6  4 1019561687
8  12 137253354
16  15 1846004293
9  12 1931013666
5  3 1371836533
1  2 52843672
5  9 1352837141
15  6 1616152995
13  19 827326356
7  9 573959431
0  14 1383723073
11  10 1286485191
14  3 608660227
18  3 181024605
11  6 971326684
18  13 368364678
14  0 1576595115
19  5 1535008987
15  2 285030870
2  10 1517859135
3  18 1375999318
9  0 415055436
9  1 1708687124
2  14 738595913
7  5 2097258883
18  19 432490376
15  12 1003522137
10  12 1339086464
3  4 606555819
2  19 483905261
4  2 332082613
15  18 1298323428
14  18 1419083517
8  7 1313402195
10  9 402340232
0  10 1121635122
18  19 352090929
19  2 19190209
14  5 1910460287
1  18 1229167379
5  4 773624858
9  16 2041646317
15  6 499615170
6  0 777430326
10  7 1464179720
2  14 1724818774
11  19 1439905294
0  14 1086093442
3  1 192094571
5  17 1712122507
8  0 1215849637
2  9 863422078
4  12 1237973725
18  1 1465866981
5  16 1175065774
3  10 1145807951
12  17 1000902892
3  2 1971768802
13  18 1251754868
1  8 53064943
16  6 1129729564
2  16 1657701631
1  9 925030543
10  14 643361103
10  11 433966978
6  16 859840116
6  14 1477721658
10  2 1322887789
8  9 500411377
3  15 1781529943
2  9 866503367
2  13 1976191005
13  8 761808341
1  0 1189428681
3  2 1262593651
10  5 1702278179
16  8 139034562
3  11 458646814
4  0 714257995
17  5 190527420
19  6 1154906249
8  10 820170097
17  3 279473171
12  10 1186902392
2  11 354732350
10  0 710351161
10  0 2104452943
11  14 1484534996
5  17 1064452035
10  4 1696058202
5  12 252681494
3  17 633027315
0  12 2125912351
18  8 1892169242
4  9 1974877701
12  17 345456805
10  15 456429357
1  15 393075484
2  13 770468578
10  15 457128604
7  2 1191747321
14  1 1991831659
10  8 2093357925
2  13 933663057
15  18 1127989409
18  6 753635243
13  4 2023145509
15  7 1858594157
8  16 1651970134
14  18 530096531
14  16 1324829221
11  7 1708646732
9  11 613364584
16  1 109583841
14  6 1479067549
11  16 1312535057
11  9 2120494800
5  7 1494964322
10  12 1817319068
19  14 781053229
7  10 968737549
14  15 2049332306
2  6 729268596
8  1 822894774
1  7 1482629965
18  13 213848828
14  2 827243185
1  8 76700442
12  6 1325287214
2  14 249192540
4  7 251326168
18  10 705783309
10  16 296837280
0  8 226652604
14  5 198279321
4  5 2110669910
4  6 1068770302
2  0 843439252
11  14 1397863637
3  12 1472537611
15  8 264022650
6  14 138779504
10  7 2011643
17  18 2122167458
3  15 415881582
3  1 1300980337
4  0 947159703
7  16 1374617568
14  1 25019964
5  7 854207753
8  0 664105642
6  18 1654353350
5  17 35715916
12  7 1191007496
5  10 1184555585
12  17 1725106346
5  9 1396237336
19  3 374778612
9  1 1084911584
0  12 1480652246
13  19 739030908
17  15 1690682183
0  7 1066860302
13  15 1250419969
5  1 1897051480
2  15 1929997729
6  10 1271625698
15  16 722002186
14  12 162554701
11  15 44269790
4  8 1005029698
13  7 1311299941
17  10 343363694
1  13 1884548239
11  9 106937731
6  19 438474176
4  18 1483768370
14  3 975395631
16  1 1949771779
19  10 1699860997
12  14 1021196185
9  7 1735279090
5  10 34660389
8  17 258304669
6  14 459229228
2  13 699353295
17  9 1541474167
18  6 161021135
5  18 1908721678
12  4 1429860974
0  10 1631789333
5  9 732091965
6  7 286776927
15  18 1911121795
1  5 373674286
13  5 668373254
15  10 232075503
0  15 1697731264
14  17 726279400
10  16 2106055066
15  18 836928736
19  9 877602368
15  18 355469564
1  18 14926312
15  16 1265866706
15  14 1872558042
16  17 1813971934
1  0 1135378649
0  7 129410401
17  15 2135848260
7  11 619394869
3  0 1397158421
9  14 1792455948
19  15 60129864
5  6 1281697419
13  11 268313577
3  16 7860299
17  11 65711413
14  17 865644563
8  1 1819978576
1  19 1116883819
19  18 724088889
3  16 690499934
19  0 1466166556
17  14 1515497094
12  9 2078467011
15  14 1789411194
13  19 1599062045
4  17 159261819
8  19 1607233504
19  15 1260328324
1  17 192274284
12  0 1463564692
12  11 992701229
14  11 851093366
9  6 1592374873
10  2 248369415
3  5 1839609981
7  5 1208448854
14  6 1770094977
6  12 701350873
1  10 1837953570
6  10 1619926620
19  12 1536816802
2  5 1362341903
12  2 145232651
12  6 1419567796
10  11 225676477
17  4 181338834
10  16 113585574
8  18 1004429663
17  2 1192777812
10  15 724817325
12  1 1636777531
14  3 466579047
0  8 1142866091
12  11 1518706104
2  16 311933453
11  6 867132907
5  0 897333158
7  14 2095780832
18  9 655826464
2  1 1977678168
19  3 574625784
11  6 2001622782
15  18 2101382436
6  15 310503031
8  18 2065353814
8  19 485758840
15  18 837267480
7  0 1685728663
18  3 2129443229
11  17 68217049
5  8 37283764
10  19 1998424600
9  17 458038069
1  5 1679507509
15  7 1628551753
11  4 98187602
3  19 415923672
5  10 1055643067
16  1 742080252
3  17 387185549
19  9 324152726
0  12 1797268449
12  6 1508570767
7  5 1044816131
9  6 1362625479
6  16 731010698
13  19 739954760
17  13 161191635
7  16 349011140
5  0 1291399993
14  1 1809641276
11  16 331936230
4  7 532084138
13  16 1865323396
11  5 174924151
5  8 2026005642
0  11 66857716
