399 20 9 7
1  9 1022024212
4  15 1829438590
9  0 37481422
16  10 1542875353
5  17 57079982
19  13 1567439440
7  19 591008419
14  5 2057458196
5  6 154131935
17  16 173906062
4  13 622747647
16  6 174080417
11  3 285587887
14  7 1482668461
3  8 684921063
18  10 84756089
19  18 849457974
11  6 1174359935
9  10 1854845591
10  6 1295852755
14  10 300748949
13  18 1785733491
8  13 1971880947
4  7 1061590812
3  18 1200103198
1  2 1203623609
0  19 1932436731
11  8 454874220
17  1 2105885403
5  8 1657561316
11  1 770380598
8  2 1880493909
18  16 299215989
4  6 214288245
1  6 487690007
14  17 1516594571
9  8 1953917903
2  5 1262869094
8  3 1901938676
7  3 1728258337
16  13 2145057978
16  6 936447677
1  17 861758959
0  6 1364966074
10  8 1881235626
11  0 1059590577
17  5 787094258
14  19 464086780
0  8 208891756
17  18 411715037
14  17 2046798901
0  4 1388819382
0  9 1779190725
11  9 701390635
10  4 296428190
4  12 1732027670
16  5 816859830
10  17 1261017730
17  14 1422934033
12  7 580889576
14  2 265365726
10  7 325729919
17  0 2012935847
15  18 1054958568
17  15 34539256
11  13 1761952954
13  4 326691732
3  10 1633601078
5  12 1036467896
17  14 23454658
11  17 673614596
4  7 1168809883
7  5 931039843
15  7 835306129
9  15 1858982399
5  0 2142623572
3  0 595349613
3  2 576544018
9  16 1994855025
19  15 1076088845
19  11 382046667
14  5 1586061968
1  12 517465764
15  11 1176982899
17  3 275225617
15  4 517385177
18  0 541290567
13  3 304719352
6  10 642045949
14  17 70290787
11  18 985433990
0  13 988849280
8  7 805198433
9  3 1942343136
12  16 496674087
4  18 1237134661
18  17 483902271
5  14 89494032
7  3 874641333
16  18 1157308350
11  13 1327216712
13  2 1638774263
15  3 1550286360
18  15 1078347036
9  12 145627457
1  10 1673637220
9  8 1066622855
8  12 495612672
2  13 1014574118
2  11 1514184015
14  18 456473904
2  1 1175234173
16  15 302619781
16  14 8317242
12  9 1524956906
0  1 1700034857
5  12 2015226432
5  18 1808054095
11  6 489803526
14  3 1151146633
18  16 1730664565
2  3 1751776377
5  9 226230326
13  1 1627916135
2  17 281116637
15  19 432169218
1  19 1005351164
1  11 2014287820
15  5 1623902312
4  14 1713078307
17  9 188515039
19  1 522534160
1  4 1213679066
6  11 1005366637
15  12 2144447658
12  14 507033627
13  0 1395222582
4  7 1592040518
17  12 438747623
19  0 441515226
5  7 906304894
11  7 2053960496
15  6 688280740
0  3 325707840
3  4 661171425
11  6 31061061
14  15 1290821813
17  1 2003299077
16  10 2054856671
12  18 856883228
6  13 298930288
13  16 284328835
19  5 966074023
0  8 807379508
7  6 1581040707
1  11 654568440
7  8 939665484
1  15 1632751747
2  16 1846050607
9  0 89227513
2  18 969783389
10  15 435042542
0  14 417153583
14  5 2086656648
12  16 1808031184
4  6 641404520
17  3 734201386
7  9 1896300596
11  8 1987565986
9  17 435159738
2  15 565853837
10  8 1279244344
9  1 10169436
2  0 298303085
15  16 1596368649
7  17 316340358
2  8 290732011
4  16 7607671
2  6 1218902091
16  0 1210840060
7  9 642506023
4  5 904790576
0  3 1621545147
19  3 396435016
2  3 574982326
7  16 2100067413
13  16 40990403
9  3 1973594466
6  12 2059924524
11  5 607026795
12  8 1915262138
11  7 1100075899
1  2 1957016400
18  0 1078908938
2  3 440015155
9  2 522478405
14  13 1987177603
5  14 1042191367
11  2 208286367
13  11 1483427510
5  15 560531579
10  3 953305905
15  19 1014685532
16  5 620126930
18  10 252686612
13  19 574957062
12  1 961912212
11  10 1076796605
11  19 2078120343
5  16 1964285069
6  8 165726437
3  0 1223374502
4  6 378118748
17  8 1525524331
4  3 1034893766
4  15 1968696621
7  0 984120610
13  11 1662359911
1  6 911322332
16  8 318954877
7  2 159391186
6  10 505942600
13  0 1688651582
5  12 309537553
2  5 913440881
8  7 1513356205
19  7 828454213
3  12 1688135330
17  15 623169320
9  12 929934514
13  12 626361589
6  19 2121820356
17  4 105311869
8  12 985179568
5  19 2144477726
4  6 2058827228
10  2 1730462726
7  16 782505794
8  5 30695656
6  15 241348165
4  7 1652311801
15  16 645063282
5  18 804518892
0  2 1520793477
6  13 928359055
2  15 1515570191
5  17 1150474502
18  14 544759324
5  15 339243632
16  19 223373894
16  14 660764367
19  18 1377179060
10  17 70991847
7  2 738628242
2  5 499997544
12  5 1754447992
18  15 1547728561
3  12 485848243
16  12 2129440995
19  2 685249787
13  2 1123083685
6  19 1364927490
14  13 357746863
14  1 1898517347
7  3 512422975
16  1 1654685754
0  15 2067246807
15  10 1364418824
10  5 803742526
5  0 325433470
13  8 98065272
16  12 962416970
15  13 237262402
19  4 1446294884
14  3 605494526
13  8 775408725
8  14 543430051
3  19 1323611021
6  2 1542753702
8  2 20637491
9  16 2128773268
14  9 1130503661
11  13 1250631245
18  12 670666739
4  5 1812095337
17  4 242274390
11  17 668931218
1  11 1782899857
16  11 2007610997
19  13 95879803
0  12 1936502351
11  0 1472525281
3  16 869471658
3  12 1433879544
6  8 1227934796
14  0 21629784
9  4 1125357863
14  17 2133430444
8  7 717918625
13  5 1242353632
8  17 1755152672
5  14 408254092
17  8 1588943136
11  18 840074315
9  8 80305226
14  3 2131282854
10  1 1490035258
16  4 249023953
7  3 148349758
16  10 1102555613
8  4 1378814253
0  15 2132233551
14  13 1309321256
13  8 303911886
16  19 1648280492
14  10 1520995611
13  14 1876589550
9  18 122669646
10  15 650116334
13  4 633547521
4  11 594502135
19  14 521330027
0  3 103102594
7  14 1273084689
8  19 735742715
6  14 509583022
3  0 1500528984
10  5 824143782
5  11 2055307945
5  11 1312258720
3  6 1521516843
18  12 720033360
18  16 1728441552
9  0 713184089
1  12 2135490638
5  14 559637836
0  9 1194891537
0  8 657672121
5  11 529873293
0  9 2016527123
1  13 659222916
6  17 249127852
11  14 449326611
9  4 1668830435
9  16 2091027758
1  16 1804988253
15  3 753894121
6  13 904121066
0  17 894272899
10  18 2027719473
0  4 1117067702
5  11 16276037
10  19 1664566502
4  9 528848454
5  12 1069761511
16  14 2145736572
18  7 773486248
2  9 1940016619
10  14 232240999
7  8 778515885
19  6 1542399119
13  5 827689606
18  8 274883429
4  7 476001415
10  4 1793475359
18  16 2069218553
13  2 858106746
1  3 1721827663
7  10 167104834
7  6 290164194
18  11 1699689733
8  18 688162658
15  2 1966034397
9  13 595311598
9  15 1484863708
11  1 1383053649
10  8 282974492
16  17 2140078988
16  5 306720171
15  13 622798171
2  8 1256044450
8  19 693291258
16  8 1838071432
3  5 639871888
18  16 2121277882
11  12 244409661
10  14 291939074
12  15 265414093
12  18 898880417
4  11 245742338
1  5 534220400
5  15 155887667
14  4 1893041142
12  9 1497504876
17  18 911036543
12  11 368842468
7  17 896261043
16  9 2034945537
19  18 1768134126
