399 20 12 19
12  7 1472069650
4  2 384575891
12  8 9830507
3  17 940606300
17  8 1407960528
4  18 717281007
0  6 151305517
4  3 1950903223
1  12 1827463042
2  3 453512648
3  2 1875934141
17  8 1035789556
3  0 1064088403
19  6 2005817556
6  3 1595000930
15  19 798752684
17  15 643925367
18  8 257883798
2  3 534467103
12  0 332504246
0  1 894536704
2  10 1509378966
4  0 1496075635
8  13 439281167
16  15 227504542
12  0 616325738
19  4 27379291
13  2 1232282314
14  7 1823752841
12  1 1737721814
14  7 685684599
6  9 1129324122
12  13 370671085
0  15 1898684679
3  9 357016592
14  6 2054188247
15  12 149365309
13  3 1289900019
11  19 906778501
15  18 130485216
12  3 620644553
6  12 2108816261
16  0 1513619419
3  11 1650042372
6  18 1769001401
4  18 1055984426
4  8 1144842014
15  18 275461297
11  4 2009789569
7  9 811212208
18  17 799572833
18  14 841170107
18  6 384718650
0  7 479554976
6  2 560603497
12  3 917857132
8  14 243751364
7  13 618753127
11  14 385001310
11  19 655817323
10  11 1622457669
12  6 68509222
15  8 967335650
12  7 1913888198
19  16 184769960
6  4 1140859088
1  8 205574663
17  12 834243076
11  5 1861059433
17  13 1848545499
12  8 1866285332
11  15 697342289
3  10 2010426656
16  14 529076242
18  19 944611753
16  17 1551281263
10  6 2024531670
10  11 885744836
3  19 232782639
15  11 598225286
1  0 1330424801
6  16 2089870528
3  14 1655291350
11  1 1194861875
3  10 1292239849
18  13 2135436148
9  13 1931694598
14  2 728799383
4  7 322887619
18  4 1241034575
10  0 1523952448
2  14 1625241262
11  8 1386416723
5  17 381196654
1  8 260692666
9  18 1077106081
7  4 1176282035
2  1 2009674007
16  3 1833436425
6  7 1686483829
9  8 1893115889
13  0 617709599
1  2 239597392
17  12 1641752821
0  13 1376023919
16  6 208783528
11  4 2134421055
18  5 798622413
4  11 1353667493
14  2 1861706355
0  2 1510440504
10  3 1179761503
18  4 589395348
9  12 1706604083
10  3 1033604435
7  12 1436674115
14  9 1202120526
12  10 1284234642
19  17 511816207
13  1 1861175172
11  0 1892223318
14  15 1070355932
13  16 1434245734
3  4 580226179
4  7 911411510
11  18 501719998
8  17 2026591825
14  7 383869146
9  13 1099021230
6  18 1635186347
15  16 435175834
7  13 341855763
7  2 2123656823
8  0 743551467
13  11 745095499
16  17 1743844414
12  11 208565674
2  1 1921063826
4  5 505824597
7  18 1413123368
9  4 1731749526
4  2 1898403671
3  4 915420136
2  17 1560701952
3  0 524670408
16  2 448632165
15  19 227988035
12  1 2010065927
11  4 759629553
19  15 1532277529
18  4 336492407
11  4 765692427
15  7 294065927
7  9 1266033991
13  11 1680939730
12  18 797670291
13  16 1632162135
18  1 440085236
1  7 2117690714
9  0 546084762
0  11 313381279
12  0 345486603
15  11 1367775829
2  5 95558641
2  6 1426870946
7  0 1901878141
4  6 1111745309
17  12 878461487
0  5 190492219
14  3 1271487185
17  12 1568640298
12  16 1603193688
18  2 80157678
0  7 1775784731
11  7 85733190
19  14 2074605639
2  16 1840841091
4  1 539747433
8  12 1642189951
12  14 1539419069
13  8 1723403052
9  12 1393901223
11  13 1989240502
0  19 1899599843
5  7 68656527
3  19 411856470
9  2 830353384
18  12 934228914
12  13 76329124
15  12 1356028701
10  17 717835551
14  12 1852552614
19  10 368165381
10  11 676543883
12  1 1748272744
12  1 148689260
11  9 316178499
4  7 666645589
4  3 760017771
17  9 1515225235
7  19 1799900880
16  3 401684819
4  6 615936697
4  13 402920385
1  17 2019122272
5  15 1188246017
6  0 706824480
8  16 1174612885
19  6 457885341
2  8 1009430750
16  9 300102736
11  1 1398490918
16  9 796364052
6  9 772817262
14  19 361463680
9  19 1982082742
5  10 849023997
0  16 643503361
7  10 2078670342
17  12 39371796
18  4 1465963858
2  9 485205442
17  6 635616951
7  4 1073597024
3  10 1229178755
4  17 1577193811
16  2 595476205
6  15 2066802169
3  13 352465126
12  14 1645211747
9  1 1367477635
10  7 2049717087
3  17 748807199
18  8 1931922949
17  12 290668255
11  12 1589492975
8  12 1875910083
13  0 1326393613
5  16 921814507
1  5 187145593
2  15 382053912
12  9 1880798247
14  19 650380154
3  7 954234767
16  5 1353075171
11  19 2143102620
10  18 1067334120
9  4 374916843
11  6 1745168383
19  0 973022933
0  2 1357845640
16  8 896640342
10  4 1357765877
12  8 1681473701
5  17 1913438528
7  17 2074227851
1  9 1402552159
4  17 2036618422
13  3 1995945001
11  15 2099506686
1  4 1432175834
19  6 1922810038
6  9 739646983
6  9 1450374356
5  15 128174205
3  2 1504535332
4  3 937293945
19  16 1213099103
0  11 1683887125
17  0 1954602457
14  7 335018340
19  17 1311572071
3  2 729749076
12  7 1699879573
16  7 540329196
12  16 2139443166
18  15 1134194779
11  6 887357924
15  5 521047980
14  9 1404195545
7  3 972561056
3  1 1894443234
5  0 929215202
7  14 539387067
10  16 1350785489
4  10 315379960
2  0 1669711241
14  8 1036432911
19  1 214896040
14  3 822127279
17  5 621897091
12  15 1486889574
19  5 1945040967
11  5 343110816
6  7 1036623601
13  17 397613655
15  6 483335611
10  3 1674730441
12  15 1739975949
13  14 2053538666
5  18 653190673
9  13 1653900378
4  3 1616410936
17  0 745723065
4  16 311941962
12  3 1579924062
7  14 1661172802
5  0 1575080318
1  2 600071317
19  8 1910302776
18  12 1784879967
4  14 1789859090
19  16 1061900817
18  10 927936510
13  16 1470151000
4  7 180504033
13  10 1661491844
5  1 1815497434
13  3 1659669279
5  19 2047696993
6  0 1947480619
14  15 907195803
3  17 1147072196
10  3 1766083392
8  1 806820861
1  13 739278961
4  7 1190605394
6  14 880858689
7  1 902688200
3  12 107711291
12  18 2104781092
14  1 1127030976
8  6 1640038731
10  12 1644339781
4  13 2095104994
13  7 1519368729
12  18 35863372
1  12 1895757109
15  2 1911012461
19  16 2135085962
1  7 433052199
4  10 811396496
11  3 1144371985
6  0 1026233759
7  19 103838634
9  17 1403413400
13  1 1230566265
13  5 838035859
9  3 138847619
5  2 590080345
9  12 763388981
8  5 1274917520
12  4 1996893883
16  9 1002898786
17  16 1120291843
16  19 1356739075
16  18 2090342825
5  4 1336182882
3  15 520154572
4  13 1671141702
4  8 1165709996
4  2 570171749
12  14 714118282
12  11 1916682046
5  18 1864816552
2  19 1640641304
1  11 622306647
7  5 611702041
2  6 1998468492
2  15 1163361921
16  14 1950242946
0  16 62767188
18  13 1498947061
1  14 1215301653
1  4 750611221
12  3 272997794
13  17 939605946
1  8 1731220916
19  7 1565812061
13  1 1233107239
16  8 1238473496
15  19 76366957
13  2 1446766906
3  11 1456857149
7  15 1295363447
9  2 1258088214
5  16 51549478
4  0 1243466967
19  7 737383687
8  9 305677613
5  8 1664250993
13  3 967601267
6  1 217595678
11  7 784167184
7  11 212904569
6  11 451756242
19  16 241033061
0  2 888441491
7  6 1692268785
