399 20 16 11
17  5 106417904
9  8 973119111
11  8 889456526
8  1 1472048577
6  14 1760889491
10  18 1274372686
15  1 1197297327
9  19 965029030
11  15 556116988
7  13 1260056053
12  17 1929204559
15  14 372825494
6  12 2003312225
13  9 1373371250
0  13 269160374
14  4 420277864
13  9 2016517453
2  19 1356167665
1  15 2093236859
4  9 1250156824
14  5 2084094663
5  17 210674142
15  0 565047270
2  14 320057898
11  8 2089258677
12  17 1330979139
17  13 227287206
16  15 1415852869
17  11 1305449977
16  3 911431991
7  1 697471933
13  16 1679475009
19  10 474118930
1  0 65668128
19  8 192708910
0  8 1511599789
11  2 1238581159
9  3 1006852346
3  12 1372622405
13  7 1086729649
11  19 907638140
5  14 1410069938
0  12 341617253
7  18 615943512
5  17 2097789801
0  1 1627897185
10  2 2001552345
4  0 203015227
15  6 240815569
18  1 1654297827
6  3 1574782825
3  15 1172419589
3  12 1224312326
10  14 206094623
11  6 238925898
7  13 1232353077
19  4 286508758
11  9 946323042
0  10 1120985855
13  2 1178879051
4  11 1822752926
4  8 316959556
8  5 1637584560
0  9 660971744
17  0 663595671
2  4 1327579062
9  1 2086649411
14  18 1793420095
10  11 1652165013
17  11 938791175
15  6 1446449646
7  12 1659696584
0  9 356748405
6  18 740427898
15  13 442403376
9  0 1406863763
14  18 398360397
17  1 1549797404
18  1 403245389
14  8 962650418
10  17 93229638
11  9 1041878979
3  16 2099457159
11  10 1998498140
16  18 979427395
17  0 1424343885
19  8 406231394
19  16 642514236
11  13 1286187080
0  1 1357164735
11  4 1356994108
14  4 1614172365
5  6 757045851
15  6 900804962
3  6 1764890550
8  6 1294931651
2  14 732131451
5  14 730736310
17  11 2047530643
8  3 1815642433
14  0 2105862034
3  2 1799537171
11  5 1582383918
0  18 1541203126
0  14 131861911
14  16 83482337
14  9 1365637383
11  8 1615112662
9  16 554219283
2  11 2079608751
1  15 389472576
11  4 734521187
5  7 910833360
9  11 2034032037
15  2 1113594668
13  4 1114556619
7  11 604766335
11  16 1925945708
10  6 49644151
12  9 684174590
19  12 148999603
15  1 1336162385
14  17 414532726
3  19 773913325
9  11 80448371
4  6 424259718
16  0 630685358
4  0 1940753557
15  0 580397604
5  17 1922054616
7  9 1698781405
18  15 101792484
18  2 1478281081
17  14 434181992
18  17 721341452
1  11 549562490
6  14 1692633368
5  18 1719105232
3  1 1398338012
19  0 590200802
16  5 560982454
5  17 1204331860
13  14 86274154
4  18 1131239705
18  7 789512586
0  17 481282367
17  14 240514610
9  14 1537853749
17  15 118481368
7  3 377170698
7  12 157245411
1  2 906710308
15  4 1778148063
3  7 1631755911
10  3 744439706
12  8 1675608080
9  6 973257028
2  11 559886771
18  13 1307518787
1  0 201236242
12  5 748433311
13  12 112682852
13  10 1724242400
17  12 1813312394
10  13 1253899318
17  15 1826341242
12  14 668259794
2  5 525534828
15  4 1733899461
9  12 1571687545
16  10 195543776
11  10 1098975036
12  14 1662914250
19  1 440177114
15  13 1171097277
10  17 301635198
0  6 457402334
12  16 1111112459
5  13 1006411610
13  11 377510170
17  0 1555059748
14  6 2135809903
6  18 1119607113
14  16 281186507
15  11 893397330
2  0 69560476
13  14 175598803
9  8 205163267
12  5 1132612316
3  8 2026389814
1  5 1887253275
16  5 1486507926
8  19 1762427499
15  13 954629183
6  19 2074536081
7  10 1145703928
2  13 1166072822
6  1 1918284052
12  6 994349125
14  1 929074905
13  7 380843010
18  4 1469539284
12  1 824309828
2  19 332365728
1  0 762305295
18  4 1302832156
19  0 258335951
12  7 220512132
16  12 866534523
17  9 1039306239
15  0 2006977340
8  1 1467341917
5  13 829111972
4  14 720961253
10  17 829347083
5  14 1364085042
4  10 2123823329
17  6 794250103
7  3 166409307
9  7 1189061488
4  14 362980817
8  3 1057323847
18  3 725362360
8  10 1683746380
8  2 1954984752
3  16 2042726442
12  19 1530222439
16  5 981617036
7  5 317620934
0  9 646338697
15  2 1405464202
12  14 795171557
7  4 940974748
16  4 1594203230
13  7 1377839084
14  19 1705413547
10  14 95432447
15  6 1218038824
14  0 1815388861
6  0 1287685917
14  18 1715223222
13  8 189566556
3  7 856015188
16  8 1259543541
9  0 656534833
13  14 1718151274
13  6 991436535
11  12 857962901
12  10 1792771684
5  14 560893851
4  16 129026713
7  1 1254842724
6  1 905674790
19  14 1271466039
6  3 902152070
5  16 1966136111
13  8 2145000378
3  8 637196981
15  9 2081017274
6  10 1267734496
14  15 346205840
4  7 46945246
16  10 761170071
15  7 745675813
13  4 1259808720
10  14 449633216
2  19 278659433
1  17 537749977
19  12 922114177
7  4 1059088394
11  4 1932805370
17  19 579619233
1  12 2147481438
7  4 329987855
0  5 251122991
15  4 1504675404
14  11 1162028501
16  7 1596089115
1  6 1284221639
19  0 1473162432
7  19 860705727
8  7 808028277
15  13 253998951
3  11 1832081769
5  3 139934181
11  5 1744673473
10  11 1141800716
15  19 882245525
10  1 1874261691
17  12 1960090881
12  14 1571696156
2  0 2095720321
13  19 626129312
9  12 539393412
13  12 2090005177
17  18 2237555
3  12 314835999
10  13 1458135994
1  0 1774906148
17  14 108292739
3  12 983104498
0  8 1327110758
14  0 1024912446
19  13 1796740909
12  15 1112396238
19  0 48551031
19  1 1155817619
2  1 46193328
18  1 1149167438
17  9 649543927
18  2 1613810831
17  18 1919293477
15  16 887495383
3  13 2075780609
11  14 1686760967
9  4 292016087
1  3 1835388219
2  15 1342522192
16  1 1457713475
4  14 1184298894
3  7 882078598
7  16 51239504
0  11 1108237237
6  1 296008601
15  3 1321874041
8  15 1597006833
18  7 1767961199
15  16 1885670749
10  15 497588660
12  2 947913607
15  17 1494721439
13  14 1860757627
16  0 537184142
13  6 1072528472
2  19 1507447505
19  0 2077542538
13  5 476158921
12  17 1715064957
7  4 1824434151
11  0 1980018239
11  17 573091468
2  16 2134655336
15  0 559053591
13  3 709037426
10  5 1219562139
4  9 1437393595
1  10 326940176
1  10 208390003
16  1 312616119
11  1 280807934
11  15 566168456
16  18 1280461921
0  4 1882832230
3  6 480031082
8  13 1143068905
16  8 326292247
1  5 517847869
12  7 1754708628
14  3 927764567
9  19 563669209
14  4 1813281548
2  17 1688575341
18  4 1588614125
15  10 584107856
11  2 1749582913
12  11 850828230
16  14 1859021159
14  6 545387886
1  4 1621579313
19  5 1962982896
18  9 1982125502
5  6 333224537
11  2 1292384276
2  17 652471058
6  19 2103584766
10  18 431095755
12  11 1206658190
16  6 1893182251
6  18 855619206
1  10 1713972491
7  12 2083064009
15  4 636773859
9  0 1584824759
6  4 1214867269
2  17 1506295845
10  16 1489812052
11  1 2064022508
13  11 265516039
4  8 521334817
14  7 1931747971
5  3 1933530647
2  9 2082450007
11  3 394691758
14  12 1108473529
13  2 2052641872
6  9 1083205207
4  13 1731829057
4  19 1835246568
12  0 1148632504
