399 20 0 19
11  9 228301451
4  11 2127939467
9  19 1180318262
6  13 1640248369
2  6 1590774842
18  3 1883050256
8  5 880160721
13  17 777197532
9  11 1589080049
3  11 1507769848
15  2 321976224
18  13 1139507367
5  11 176017023
0  12 1093055164
7  0 1633214208
7  5 1063935549
11  8 1920337642
8  18 865906331
13  0 1344084109
3  7 1185161028
1  16 1098457102
1  3 1277442336
8  4 1418165868
0  6 2062529878
8  14 1976393383
19  10 120324501
18  1 2049730587
14  13 1610332566
11  5 987089093
6  15 1024713902
19  8 1004195679
9  17 1005635931
10  2 542959196
1  2 540492041
9  2 1154608891
2  13 1613024173
11  3 836941799
4  17 1061902943
8  11 1920716626
9  7 710193299
17  12 1061201183
14  4 1505054916
12  4 1012866136
0  16 1428840012
8  6 277608218
1  16 874431558
9  5 1308671330
16  6 1646552287
10  9 1575185100
6  2 904282144
15  6 1352860328
6  8 785012972
0  1 520266087
8  17 132332351
11  0 1372826894
15  7 513169045
14  16 126603637
18  9 1776956295
12  1 417493883
0  7 241697280
13  8 1726764179
19  18 1621408552
5  15 2108716445
19  1 1577961075
0  16 786500888
3  19 348352849
3  1 1041187133
1  14 1148421675
17  2 699179660
16  2 1797881025
11  6 774005165
7  18 1968115745
1  18 1393409007
2  19 540100842
11  14 1726151968
5  6 1056068285
5  14 1159266173
5  8 2023366490
7  10 1804409757
10  17 212545625
11  9 1538266101
1  13 1686837371
7  16 1474468720
5  15 1166382423
4  12 1959440771
13  11 1835777852
19  14 1894917717
5  17 6318123
14  10 1074605735
0  16 1704012802
11  7 1815475975
9  12 636247750
6  15 2099074348
8  2 1570144826
10  12 1176115494
2  13 2093538428
12  4 1487904969
14  6 1797189126
1  2 1436063029
17  5 194389973
19  15 806061335
2  17 56884119
0  16 529150760
6  13 1943898874
9  16 1843971934
16  12 300288151
15  4 2056718760
10  6 1305710534
5  11 1783516611
5  16 1121372729
19  16 1127001815
0  17 2007998765
0  6 291076829
9  15 245260596
9  7 797823121
11  16 187382406
10  11 1284364853
1  11 1335437898
15  16 539184456
9  8 2110845344
12  8 1659225626
15  17 401994660
8  4 706563696
3  15 884965508
3  13 1007801986
16  9 864885405
19  16 98941744
9  3 301451387
18  6 2042029206
5  3 1562120441
15  2 1373395248
19  6 131407407
6  16 1557788474
3  7 654944569
17  1 428746014
14  2 126776373
5  3 1771718392
11  1 1804302332
6  10 938356956
3  9 2093853929
7  5 549758850
4  7 1079485767
3  15 573669602
4  16 1836495913
8  15 416371255
10  15 1285520837
15  17 1079796981
8  17 266844258
7  8 643460092
13  17 1286842483
14  8 719561750
5  15 728882665
14  13 200040235
5  2 1659117208
4  0 225657991
19  18 1290722569
12  19 1098022936
7  17 2005040359
2  19 2079002444
11  6 525997589
13  10 1280840834
16  8 1799944752
15  19 994994448
15  17 1627355006
2  15 1754608740
4  2 1666116252
2  15 157026082
10  13 1610139957
0  9 1671722399
10  6 1417136040
11  16 167471642
19  4 1750606086
14  2 499190889
2  7 1958923115
18  4 2137336693
7  18 1978493285
17  2 1890356090
1  5 1953815293
2  11 1492922848
11  4 1398075935
10  15 862404309
5  10 1594206871
2  17 1064295112
1  18 2002858900
18  14 899894107
13  8 1709384619
10  4 1071434373
19  16 1935582479
0  8 1848121795
6  12 616144917
18  19 1067734405
4  11 1347771543
13  15 1392225194
6  13 634939751
3  9 1193698483
1  5 909496634
11  19 1134049261
1  8 1959729514
11  1 1728430201
0  14 1053254966
7  6 1716405408
7  15 369886563
19  1 1585064118
17  10 830461670
8  3 648207867
10  12 1237458957
12  2 839310461
4  19 1008313173
19  13 499310367
3  17 1102938616
15  9 1077030071
13  4 1802429661
5  3 2125229616
15  9 1357546894
0  10 641192717
19  17 1731649773
2  6 554329088
15  4 791961518
14  15 894544342
3  6 496577172
6  2 1541830964
2  8 420255290
7  15 1420636399
3  11 46628283
19  4 591448105
14  11 625266301
15  10 1331762578
5  3 1846559042
19  9 319904709
14  17 654445469
19  12 1313537706
11  9 325585132
17  0 1676199978
17  0 119689058
18  1 1519363865
11  7 785918248
2  13 2077036355
12  17 1820140224
8  15 857018990
1  12 1812703344
2  10 2065487764
17  7 391460106
3  18 690225211
6  17 1731486714
4  5 1463654988
3  1 1199449418
14  2 151504483
10  12 2066624678
15  10 1403496027
5  8 537760730
8  11 441096014
14  11 1262097938
8  1 1700947808
3  14 1958296886
18  5 2076278897
11  9 621492028
10  19 1327824407
1  8 1690158042
18  7 877912776
1  3 110806658
14  6 263653736
7  6 1213436008
1  2 110322697
18  15 2117059623
4  10 2057798710
2  6 1250977005
3  15 1480864290
3  8 1160058237
5  12 1090481907
1  6 1830722382
0  15 460758315
16  11 356013871
17  10 709949738
15  14 1411382442
4  7 37586009
13  16 257125960
5  3 681779617
17  1 205307736
1  15 890557797
8  10 1053603458
1  13 1704526538
1  4 519941771
0  9 691019293
14  7 1794077680
1  15 1423856199
6  1 437727776
15  16 606734135
17  7 1277974865
16  6 246673722
11  6 1666017079
9  15 150037167
12  0 1768107017
8  15 312032027
1  7 510439093
16  9 965311327
13  7 1211458903
12  11 1733049306
10  14 705258399
10  16 1528736053
6  7 1678665082
2  8 947883568
18  15 1184427219
1  3 624219649
15  1 1989823059
14  17 761403318
12  13 1331699930
18  17 715836533
13  15 1931756381
15  1 1400002991
5  11 1671924203
2  0 752227981
11  16 678319699
16  14 1978499073
5  1 1985530011
5  10 416903801
14  9 1025662189
10  4 1797162019
6  4 1866863593
15  14 509804924
0  15 1384093259
12  17 2047790769
4  10 144332150
12  3 429531789
10  8 2023954405
13  5 1981997546
17  1 746709740
8  18 1365344270
16  1 1294122443
18  11 1569587922
12  16 1504747054
18  2 627002220
19  0 925364700
4  11 1885225446
1  10 1589797397
8  9 730638782
16  15 1636434012
8  1 352124832
5  8 1633120231
12  2 1499837978
8  9 1774678948
3  5 1642711786
4  6 1048945884
6  3 465217319
10  5 323974131
3  4 48991029
8  18 368955548
19  18 1148198108
12  16 947365338
14  9 58467133
18  19 862754207
12  7 304895143
9  3 904305052
14  6 76927260
19  11 111741479
4  12 1476744571
10  15 920209880
13  18 193037350
4  16 288352270
11  16 663115449
6  13 746808808
9  10 942224409
9  15 879756670
3  10 1515506987
8  13 1673552372
2  7 615182881
19  15 1617170124
11  2 702354265
10  14 884199077
2  19 54067811
3  19 1241865368
6  10 1575065019
9  14 1800631693
19  10 1951635021
9  14 508853067
12  8 1594655818
6  7 251602556
10  9 1320287731
19  7 1080285623
16  8 358557684
14  19 1229495750
2  13 340508936
19  6 2070386220
5  18 1362722292
16  6 320855269
16  18 1688450529
8  17 1943757243
2  4 1981589244
16  6 1376819202
4  10 1430975146
6  10 1195665185
19  14 400072727
2  8 1215059631
0  8 1714688327
9  0 1703274911
11  4 32260414
8  13 207260980
12  9 91503854
2  1 645672788
12  14 446247047
