399 20 17 13
12  4 325176661
19  13 1562129839
16  8 68691912
18  11 1075280214
14  0 1239348125
17  18 547553583
15  10 1289153214
11  4 1822627763
12  0 592952616
12  0 311677640
8  4 1690810660
15  6 1862622472
9  1 150631905
13  6 937318483
7  12 1565917456
1  4 1387588489
11  5 452799579
15  18 378850387
10  6 1533876549
3  5 1641513645
8  0 1734734181
1  10 1126709710
18  9 1245622025
15  9 55151268
4  2 843254228
4  8 1438088097
1  2 317396255
13  19 2070385357
14  11 284427504
13  6 1412968857
18  2 1590378304
9  6 869045241
13  19 590427274
7  2 997521581
16  5 778705499
0  16 802860252
15  5 26387216
1  13 1252145379
1  17 469773887
17  11 537202947
7  18 854278987
14  1 2008351003
1  12 888431668
5  17 1691265305
19  18 275421208
19  3 1522036123
10  6 1193311085
5  12 75785549
0  3 176188296
1  9 507097066
18  17 698201666
17  9 986217319
16  3 1569639002
5  17 637438140
4  13 898350936
10  0 2080392992
12  15 189924432
3  16 606141233
7  0 306210656
1  3 1472580373
15  9 1168381676
13  4 1000612299
18  1 1498820264
13  16 876090180
15  8 201147356
4  12 1483621362
8  6 273985677
16  8 1267514885
8  5 388525543
13  14 1378975865
2  13 1454355064
14  7 931897226
7  19 372766016
12  9 551804307
13  6 1754706413
14  4 1633313166
2  9 871078474
8  7 1404088670
4  1 1232138518
17  15 1361832911
6  4 1804889865
4  19 309983715
4  2 1540017840
1  6 129273804
3  13 2063126797
8  13 403510827
10  1 1863255679
8  1 141101216
12  18 2116120923
10  11 266900726
2  4 984423299
7  3 2087992453
6  15 1848076307
5  10 517018894
1  2 435027443
19  18 596260358
2  7 1859856355
18  14 1108561696
17  3 102003458
0  6 1883690783
14  2 1005369410
19  9 1604495810
8  9 1741886304
1  5 761441249
13  14 402978002
11  14 202486660
13  7 619514247
6  18 281826575
10  2 2082850520
5  19 1681714970
14  3 420863783
15  1 969911218
1  19 241952969
11  7 1397173104
7  5 612066380
7  1 1697503828
14  11 1963745242
9  19 2010564877
10  1 1364185819
5  13 1057407512
0  17 783531063
19  8 755006996
12  15 114203311
14  15 1038338002
7  1 1894789156
15  5 69606211
13  14 1154407838
11  2 1591223133
16  8 1618863587
14  11 1081637764
10  12 296884281
0  18 1074441757
8  19 556509756
16  19 1582621773
8  4 130045307
6  18 1768071166
13  12 1237148511
11  15 1492139630
16  13 2097152400
16  14 641863795
4  7 1301796452
0  9 75997670
0  14 1551010909
0  10 863648535
4  5 874093827
9  19 692291754
6  2 1369278364
12  8 814579515
3  7 1196104636
0  14 268061008
12  3 591014969
9  13 1598234802
8  2 1502583489
8  7 886974372
6  7 177159746
3  4 543986176
7  4 1842945611
14  17 707351154
6  14 18560542
12  17 1732441184
3  10 1898160837
1  7 385315991
11  6 2101532091
11  10 886090672
17  16 269869386
4  10 1853763817
3  2 472879069
14  12 1259197750
7  0 701350933
14  2 1280160950
18  3 2038056819
6  2 183151507
2  10 146524915
14  11 782963499
18  12 1511757801
19  17 1626462785
5  8 221040834
6  2 1783196102
19  9 1535831309
13  9 1652691873
11  5 1907120898
7  1 1739154999
9  3 1383458970
6  17 1994325480
15  6 379384723
19  7 439923681
11  18 1797014427
4  18 831923754
9  5 136481524
4  0 921370056
5  7 764215758
5  17 383136339
1  11 2101224315
11  18 1678379916
18  0 1089294472
12  9 386467244
8  0 589568758
5  16 262684600
7  18 924357630
12  14 1821399605
5  18 586420511
8  0 307055915
14  1 229607337
12  2 823159686
11  9 1915264618
2  5 853470562
2  4 1190554593
18  1 2068107951
0  6 1424765004
17  16 32568909
11  4 234692522
5  18 497673110
2  3 606011210
11  12 528861940
1  5 1818182933
7  4 1383478099
13  4 319940122
14  17 962342643
18  11 835828092
7  12 556223889
5  9 1123324002
14  19 2072311555
4  1 1183121977
9  14 703488651
12  10 1414842295
5  4 70000720
6  19 1948610605
18  6 415297657
16  19 43370926
11  14 714449398
7  10 1691647627
6  8 1716726885
7  1 124381700
13  11 662542773
8  3 936985919
3  4 1205027143
16  5 1431734783
3  7 1119948242
4  17 1304589287
13  15 2064147067
7  15 1647235522
11  13 1455142908
13  2 1863038399
3  13 1188484518
6  2 1400623783
0  10 1195634183
17  5 212733669
18  9 353129514
7  12 1073580455
14  1 1378454621
13  5 947943134
12  16 2057237223
2  7 1464641045
10  15 1123668052
14  17 2000082950
8  10 1715094451
9  16 1089004571
2  9 1281497524
13  8 631180194
3  4 435172372
17  9 393805278
16  2 539924593
4  12 1895918846
12  17 1301303157
1  19 830117358
8  19 850342147
19  10 1051378808
4  8 112023788
10  17 1051243025
7  10 331392686
3  1 1799575525
16  5 935282482
11  3 35470716
19  14 1211563852
16  7 1763721463
16  18 1259764992
15  7 1316542994
17  14 1934560805
14  2 1674519055
0  2 781605396
13  16 1482362852
9  12 2084087063
5  7 2061846349
11  14 684887934
14  15 376504449
5  19 675700858
10  15 1883544325
3  19 955558720
18  0 1496059303
12  3 282177913
17  5 239138123
8  15 1025843048
16  13 651571110
0  14 1517948440
10  14 2064840455
2  6 1073947625
17  15 661460845
2  14 1124674835
7  9 1386558618
11  14 1209658597
15  17 128523020
6  10 740136555
11  4 156150063
15  6 677953684
2  12 600929734
5  11 3632165
12  0 825419078
14  2 1484447159
9  11 98025175
13  10 975958493
7  3 1259019817
0  12 699295636
14  13 521640218
13  1 621994796
9  10 2031294283
13  4 1605564008
16  18 1999671193
11  8 1600811015
9  13 582595534
7  3 1813855380
11  2 1728823549
4  15 2030331819
4  13 855327358
8  18 294590530
15  11 444115101
17  4 132540872
9  14 766923430
8  6 822568725
3  6 1138424568
7  16 507476
1  0 2092425364
9  19 3045344
4  15 470582103
7  4 1488440060
1  4 689660716
10  15 1606885634
11  18 1553977467
5  4 532503049
16  3 1873973811
10  18 946542045
7  19 1969945360
16  6 1267849000
12  3 2110951950
17  16 676987759
0  9 862656032
0  7 1129535350
2  16 617406881
16  19 651858506
10  3 1412410254
0  3 1754771069
19  18 1746661383
14  4 2051951844
10  7 1177712789
0  12 920670028
16  12 1613145880
5  17 1606694458
5  13 1147122603
9  2 507318251
10  2 2031925205
6  2 1196125520
1  0 152908608
2  14 364090729
12  7 1351942114
10  11 1842665405
18  5 576017669
1  0 62832270
9  6 2105736730
11  15 1839505936
5  9 792187499
10  9 558592286
19  6 1426516736
2  7 824509433
12  1 1422447838
4  17 1815534945
11  17 239366157
13  16 1220116874
9  12 1692408518
15  9 290773033
13  16 961276310
6  4 1799710675
0  3 282809876
3  14 729118004
14  16 1066543785
5  15 2089531332
14  7 1242765654
14  11 1613817783
18  1 141120692
11  17 1744904636
13  0 1129606656
14  17 789536708
7  3 1586220210
10  6 81555555
18  3 2005295779
2  15 394222297
19  9 144479895
2  13 1936997645
19  3 503330450
12  11 1322091141
0  19 1353199170
