399 20 3 4
2  16 253670765
15  8 1707152969
15  14 1717825010
18  16 1220326514
1  5 897252866
13  9 2078999913
11  0 632351662
17  14 1944797465
15  13 1545371558
5  18 233142655
15  9 1324016162
14  17 1540627936
6  9 265371573
5  18 443307974
15  19 1072290686
0  13 228878327
5  7 562170215
13  6 1671693366
0  14 686301157
15  6 350006236
6  2 320912398
15  4 1678974243
18  12 1543270677
8  0 940517524
14  9 463948690
17  10 94756358
14  13 184087560
19  10 966162884
15  9 592744181
7  15 87317701
10  2 1224792234
4  15 1139658696
1  16 588777621
14  16 1089670165
3  19 1277027935
6  13 756068234
4  16 330476261
15  4 2047487963
2  12 482116770
9  5 1317530518
19  18 1991107882
17  4 1594178563
3  0 1931170260
6  12 13908821
6  19 1819376866
7  18 1979199094
10  1 87262427
11  16 1347722671
10  19 2066182631
10  13 260441451
17  3 10673638
13  19 624165018
16  14 133206751
18  0 247661899
6  0 663187272
16  10 1364992719
13  5 109476900
9  14 1085596011
0  9 1476138144
12  14 144196551
18  17 1183901560
17  15 1249480390
10  16 388630513
3  13 1275068868
0  9 843258116
0  2 1913996380
14  12 1676968545
6  16 55504796
2  4 108809878
16  0 103602241
12  6 602690984
6  3 1751488349
13  17 970011507
6  4 50360797
13  10 1381756981
3  8 1953008502
15  9 720810402
9  18 516217636
13  7 1674244181
18  13 2009793459
5  10 1448160001
5  6 545072619
3  19 1475909157
12  0 577827555
1  19 717242634
8  3 1105217862
12  14 805807459
11  19 1239463952
8  0 2115537016
14  15 917587653
14  0 1580799767
15  0 632634242
0  13 1577037552
2  16 1028820061
17  18 1380872867
5  14 641820939
14  5 2088375072
15  1 812676518
0  19 1061181699
4  1 1407593502
2  10 707247784
18  1 1455895232
5  1 213186687
9  0 604092197
2  13 279087468
12  0 252793880
11  7 347838805
15  4 868711938
9  2 600023559
3  2 1043622844
9  19 9505366
16  7 924375807
7  1 364124010
2  13 475123235
8  0 1055486968
1  19 845135995
18  0 49259332
17  5 442653709
2  4 121112078
13  16 1859995572
18  19 1093580217
16  10 642655720
18  11 1532301626
18  15 703488083
4  18 727346202
19  3 1915365494
2  17 2013209266
19  1 1724274429
15  17 1874466211
8  17 2051551531
15  6 1788816459
2  17 934324269
7  16 595864047
19  11 1465236376
6  16 438926137
6  10 1068571108
10  0 1808486552
16  17 920574500
13  7 1670054502
12  19 98685765
13  11 532192830
12  14 1314849179
9  17 1603806046
6  2 50986785
11  10 892652910
4  14 1273648547
8  7 1944758418
5  0 752712374
10  0 1602068974
0  5 1061971467
2  16 836183553
10  0 284670510
4  2 2125562183
5  9 571202347
19  7 389336897
12  3 1302957862
6  7 2054311191
11  19 234731252
0  14 1792952640
19  8 983425527
9  6 1315868209
8  13 1478000042
5  12 687199689
9  15 175323797
19  5 7503620
8  9 1606386904
1  11 625531702
3  2 648194943
8  3 646406924
12  15 1285862335
18  10 686889847
10  14 827931659
0  5 193621784
5  14 868260080
6  8 1481189784
10  9 1286901539
14  17 1084157270
1  14 687316244
17  11 1065005897
15  12 683411569
13  7 1943244222
13  4 605507898
19  10 1321562799
18  10 141531089
18  4 1178410474
12  0 1092971211
13  12 905125069
6  17 487673231
15  11 1652239184
2  10 1212317827
2  11 1583818600
0  7 494411253
16  2 1559933229
10  16 690663996
3  16 1900598329
2  7 1509843319
6  11 1642400586
2  12 414056285
3  16 1776065097
18  1 1651910825
12  11 1375707791
1  2 61685224
18  13 1011118321
10  6 1852119242
14  13 17652476
12  5 1980798540
5  1 771164656
3  18 1315584717
4  14 1542950752
15  6 1913186902
19  4 57542677
4  17 1963302428
13  3 808632032
19  5 6416090
11  8 1393890366
0  15 288379798
2  15 1773732590
6  8 2123749439
0  6 1816078472
17  2 635316704
12  17 1936692404
0  8 698352997
11  16 1207648203
19  12 622471708
11  14 270914664
7  8 128896035
17  13 1249561633
19  11 1213905901
1  4 923727633
16  3 906053085
11  14 1675697217
12  0 777798912
3  7 554554165
1  6 1405126698
7  9 789536116
4  5 1162770022
19  17 1673513041
18  2 396151225
6  2 1439159187
11  1 1531961637
3  8 1234467306
18  15 1258906666
14  4 1987629616
13  19 1505788690
16  6 851938907
19  15 1875064841
6  8 1072470307
15  3 1309159563
17  3 596065005
13  12 1064481603
19  9 1308253775
0  2 299264084
13  19 484214463
10  12 586830864
1  12 1958636050
9  15 1859026277
9  14 28973794
9  16 2114689237
5  8 457965904
1  0 458584802
6  3 66037596
1  9 170101337
18  1 1022446538
7  1 1721403816
19  0 744669709
18  13 513318417
14  2 1719535602
14  16 181059560
13  14 1148149819
9  6 133075055
16  15 2103680254
12  10 97339749
6  7 256420042
5  11 2137325095
8  13 1176043958
18  9 50584190
15  13 344068683
19  18 1387524642
17  10 901818317
9  13 1882724142
3  1 2092978061
8  18 1973016722
16  15 720628174
15  19 693090038
5  14 1777253500
5  13 2107668933
6  17 521531895
11  3 959452772
19  11 476344454
13  5 799454734
3  4 37787792
16  10 1049798420
3  17 1794150325
6  0 1233819567
9  19 1215725090
8  11 861134388
5  0 1098550635
8  3 1755989018
16  10 1196943761
18  11 1571432313
0  15 1137491717
12  17 1190286289
0  17 1009626989
16  4 1112285883
9  1 1675505306
8  4 2136290095
10  14 1013646104
3  12 612666490
16  15 1532408807
4  11 1246169593
8  7 1321375001
1  19 519872934
4  16 692604437
5  8 771514901
7  10 2018197689
4  18 950234733
9  5 1294413671
0  13 1370647102
18  11 1977010747
17  5 1673480592
19  10 1963332139
7  8 78543246
11  7 136389554
19  13 1342197462
10  4 595399888
7  10 1891067946
7  15 1926789286
7  0 1235844162
16  14 641965616
2  12 1209694815
11  7 1374023989
9  14 1451568077
5  19 43258971
1  13 1002347194
14  7 1696746708
11  9 1344804661
17  14 967097598
15  10 509494889
18  5 644040509
0  18 1469257930
16  1 2058877304
7  0 692227755
11  8 1576523773
11  4 479664493
15  7 207786038
15  2 2042076290
13  4 478500329
3  6 1870427150
12  3 1225608163
0  14 869398703
9  12 1772795007
11  4 1341407831
11  10 2035772157
2  18 176681716
11  1 646692057
4  9 1164556577
9  12 992868256
8  6 266378511
2  1 695156842
7  3 1762955605
9  19 2067845113
1  2 1046791657
0  3 1272944749
17  2 1520633838
2  5 2001231465
10  4 1032574451
0  8 872095530
7  18 1485298141
4  1 2092659058
19  12 1101108412
14  10 957181269
3  10 1342690125
5  1 1934410301
13  12 1807027620
8  17 216899380
3  9 1446131081
18  2 246806634
13  2 1278969403
4  7 1261270009
3  1 1002391128
13  17 2118847369
0  11 1669081931
14  12 1895294727
2  17 1815531525
0  9 710185445
8  19 1710011393
9  13 1163434662
15  1 59049574
3  4 1768889319
5  4 2146428660
0  8 1844985761
14  16 1148223466
18  16 1410458715
13  2 748628700
11  17 1182937870
1  16 753616425
6  0 1464245225
18  5 1315178006
19  2 216937316
