399 20 4 1
2  10 1228794596
1  16 2101896748
5  17 71332015
2  1 478175903
10  17 1907760882
17  11 1061672417
4  5 267270899
1  15 1060184175
17  2 868539221
0  5 805608848
13  15 1273294173
17  5 1471048862
2  18 1289419978
12  8 641753355
10  1 354281166
13  17 1972931214
9  11 1537237995
19  14 893081568
5  11 226206358
14  6 1705675681
7  0 996535518
9  6 1290775434
14  11 1095076189
4  9 626236628
1  4 664111052
19  18 956117955
5  12 381677100
16  17 1151792607
15  17 693151109
11  1 796402511
4  6 1071010057
5  11 1781610876
6  15 622834165
0  19 134280883
6  15 949048529
5  6 1289029654
17  3 1292269368
8  15 1659993544
6  11 585333732
13  6 877224448
12  11 1992011350
12  11 1145168690
8  14 1090184476
10  13 721058005
18  13 1792389972
18  2 98751932
5  18 1372151703
10  2 629065942
6  4 1978542894
16  1 1087642616
6  14 51052226
2  15 1532503114
15  10 144116829
12  15 2083306289
16  3 1351945352
0  18 912173665
12  6 343123347
11  0 1975479820
6  12 731357255
9  6 557429895
8  0 215448992
9  10 210990132
15  17 949402044
10  0 800794044
11  2 1919499766
13  6 1833648274
5  19 1907413976
8  6 37464537
11  18 2056691494
19  8 449800343
6  17 1718494262
5  19 570929765
18  11 286524922
10  3 1315172491
6  0 1413808318
12  2 1829652914
9  13 1684680153
13  11 583389170
13  7 1569325651
8  5 1475500890
3  14 1619084682
5  15 34981091
11  10 810111546
1  14 1868169201
14  8 1471524389
14  6 537487373
17  13 570364293
4  13 733525532
8  17 887343206
18  11 97093837
13  1 1256966559
6  17 1602715237
9  13 171470918
4  11 217816953
6  17 410086822
5  8 1282957768
5  8 883126084
11  19 3957174
17  0 1138921082
12  17 1265330875
18  10 781583255
4  14 1188455871
17  10 423277198
7  10 1972923815
19  3 778823346
18  17 467337530
12  14 772256786
12  14 830804346
8  11 258993920
18  11 148350601
3  10 173229780
6  19 1817827714
5  6 705951593
14  6 840524962
15  10 1546597724
17  18 910294661
2  11 2084231865
18  12 1640044020
8  2 1548573980
11  12 1766941038
6  13 1729931488
15  14 173777373
5  4 328317558
0  8 494799677
1  5 699775194
12  13 581928254
4  9 801762995
18  15 1269712301
17  18 811033482
1  8 227826601
14  7 882160145
12  19 387582980
14  1 1446353219
2  8 1595535148
0  19 734629878
19  10 479305764
2  3 102091759
18  10 961938528
8  18 449837295
4  1 141660192
9  15 664528472
9  15 2147151559
12  17 156689804
2  12 1083769531
8  6 1677546726
3  19 48768
15  0 1097104025
4  17 1284570313
15  10 488389208
3  9 2102781774
8  4 1578819296
13  17 519052453
0  1 2090933927
8  2 1944845393
8  7 1284806250
4  14 1566993337
5  12 837433232
15  10 1474114489
11  14 204924298
18  16 1030325182
8  15 846209827
6  10 1818497118
14  11 727102061
15  17 1035703208
4  3 1967546586
4  13 1381959827
8  16 449525812
1  2 307760055
18  19 1594244532
15  11 125192499
5  11 585887998
4  6 320890062
6  18 109307859
19  13 188639785
11  15 1313545939
19  7 350668552
4  15 1920759037
1  2 572574441
17  7 341724980
2  14 250403414
9  7 851079383
9  0 977997682
18  6 737184120
15  12 1173075441
3  10 1505666300
1  6 257690597
10  11 1346647173
19  8 1869663016
14  10 1446535410
10  16 126736288
9  7 1114674655
15  10 1377642222
7  13 1194419650
14  4 1403727
18  15 446999409
19  17 1037120345
19  13 2008780771
17  16 381525882
4  19 854925116
11  6 530532487
5  3 163149977
10  8 2039986209
5  6 328541751
17  12 390385174
12  14 839124115
5  16 1227506057
12  8 2134840080
16  15 1541989077
10  19 1727145254
18  7 365599411
1  9 1388100181
12  7 452116491
3  16 436674641
5  8 1068403662
15  9 844644740
8  11 154542253
17  16 1335855136
12  1 1998026628
15  2 1325248940
12  13 1858245516
13  12 357605585
17  9 384393594
10  3 1490496056
13  6 478089351
9  17 1149262883
5  18 673797067
9  11 1364089450
11  12 491210736
3  6 49166409
12  19 374643745
11  19 317676185
5  17 1610072484
3  15 447335668
12  4 1221158543
4  5 1879190825
6  18 1347340790
8  11 713279790
7  9 2113063393
3  12 1648339624
7  8 1277783756
17  16 987150700
2  15 2082143400
11  0 1960515784
16  19 718711838
9  19 1212227077
16  5 724086428
17  16 2103583860
3  6 1782763399
13  19 1216236891
13  11 1546192988
2  11 403609474
2  1 694598636
12  4 1950213155
14  2 1201162676
0  17 495231653
19  6 574429355
12  2 982698124
9  2 755066707
15  17 1868574074
4  6 1589856132
3  4 458448312
14  10 1091433250
2  1 1035657089
16  1 414524523
17  15 338040740
12  0 813769758
2  12 1267427897
18  12 229103377
17  0 1626329987
2  0 1851694599
16  7 1265274026
12  6 1941999240
10  16 566338640
12  9 1228928200
15  10 1705122464
4  13 1240877569
13  10 1467925363
10  17 1643173937
15  11 2001441484
19  10 861282227
0  15 765805695
14  18 431162600
6  3 660748668
3  9 33706224
0  7 1179469691
8  6 295992150
8  2 928601700
10  9 808251694
4  1 288526554
0  7 477922805
16  19 1890847816
11  4 1668404941
2  15 1064939857
19  11 981549289
0  6 1293911220
2  9 881137642
16  17 2042582390
12  18 1615758236
1  19 40371630
15  13 868903268
17  12 1265646365
3  14 72554991
5  6 378108581
7  8 1396536502
5  6 2043101913
14  4 2039840671
15  7 1044237813
15  12 2002948614
16  11 651869177
17  7 301098261
16  14 1908368430
8  12 1335953047
13  4 27077527
18  19 1429474649
0  15 1575922887
7  5 1389610280
9  1 812163338
8  6 1714351993
2  1 235045314
1  7 1455669798
5  14 351329216
9  19 1624278891
12  1 1044783036
4  6 271535308
16  2 1800430037
8  11 267362110
11  4 1003556318
10  7 1446305569
10  5 2103978679
10  16 1178723313
10  8 1549058788
9  10 105609040
14  12 52977163
1  6 1165550598
13  10 1374307193
4  6 813187318
17  3 1668160157
0  10 1352182864
12  6 1879462577
9  5 2077390829
18  0 1208845893
18  7 1731401152
10  11 856661407
19  4 908521158
3  6 1720644082
2  14 1958926488
9  7 488649290
4  9 1855971146
5  4 274116185
13  16 1476649863
17  19 1527349257
10  15 252869697
9  3 1990408061
5  11 414575008
7  5 943509774
10  7 335489360
16  17 172177004
7  9 774794625
19  15 733442836
4  9 1696240181
9  2 1861871896
3  19 1690299876
14  8 1198976156
5  19 410643666
6  4 2107362363
2  12 1629314000
11  6 2023854963
19  0 2100392966
7  6 519678208
10  5 2114989115
0  4 414477104
13  15 1432902687
10  13 989824601
0  3 1118919297
10  9 1926800826
1  6 1076439927
4  0 1864121225
0  3 1314298728
8  12 861499800
15  5 229316243
0  6 954252608
5  0 1992157522
15  6 20303145
13  0 2062714614
1  8 1360704145
12  8 1101159576
19  15 1006369872
12  14 1889503174
9  16 81492033
15  2 1892046005
5  14 898244126
6  9 60313983
6  19 1006666493
3  2 1292285699
1  6 1962661503
13  11 964862168
11  1 192616198
15  19 897150979
15  7 1892911938
