399 20 10 11
9  18 1470341744
9  16 904689569
19  10 145992519
3  2 1727094743
16  14 220021967
7  13 1000339106
14  1 1204062073
14  19 1428297624
6  15 1464832393
1  14 2146951798
2  7 1286562837
18  3 417313696
19  4 1743585553
0  15 725730290
17  15 687899476
0  17 1047446744
1  8 1368018226
16  5 2015316725
5  11 2072745997
0  6 582315000
15  9 1245095345
19  11 1691421513
11  0 1491314229
15  12 238593149
0  18 2075660475
11  7 94614003
11  7 1578146472
2  13 1010935008
11  15 1731443906
19  6 2037132560
19  10 1260629766
1  18 605552297
17  4 1058857799
3  2 615520735
16  9 966176321
14  8 322336147
19  9 1290198752
18  13 1117623869
7  8 1980965068
4  11 1119729601
17  3 1286893450
18  13 343137374
10  1 1430962824
5  9 1881004631
2  8 476489013
19  17 194628169
11  0 1400893551
5  9 933306659
5  6 716546509
3  16 1783758683
19  15 570129295
17  2 247934742
18  11 1496303115
6  14 685508592
2  12 831997015
7  12 1481028514
9  14 1024848689
5  0 600275830
17  4 204903347
7  16 1475583053
3  2 866703070
18  9 1749482951
3  14 391170313
15  17 817045175
0  13 1869737624
17  15 1303728210
2  4 57582892
8  9 1154595567
13  1 27164673
19  3 285965948
7  5 838492264
17  9 1483640984
10  3 543571189
15  9 608992083
19  5 893424937
10  15 909998601
1  5 892920733
16  17 721432856
7  16 536063574
6  19 87538598
7  19 1942933659
19  12 990727214
5  14 1948446042
14  19 1347629219
14  15 235875744
1  15 1670212364
18  10 746716073
16  15 949535045
12  5 1173297884
4  19 1743287475
7  18 1722903718
5  15 621444824
10  4 495428452
5  15 1806958758
18  0 547947087
4  18 1119176953
8  13 353545463
3  11 1903564564
6  10 66826045
13  0 171146976
15  17 1020179226
19  3 1376438054
4  3 929639413
2  11 994672589
16  7 243669596
12  11 1053224683
12  15 916662314
15  19 1596743987
8  17 917580949
17  7 1037666963
11  19 1641801896
7  11 753971120
16  6 690588973
1  2 1414190171
15  4 1009554913
1  6 1893703587
8  17 1498607073
16  15 1860165824
12  17 850739745
10  0 1919646469
18  14 733670788
8  0 1959040564
12  17 394422296
6  13 1550812448
19  7 1229750217
0  6 1651944454
10  3 665077685
8  1 2041249497
7  8 531107165
12  16 1736258892
4  15 285000911
19  5 1348895874
10  12 1737027855
5  1 1134759069
9  2 1143573984
10  12 2106035280
4  0 1532521141
10  6 426189104
16  19 277680301
5  12 244066305
4  2 908155648
17  13 212086623
12  10 1347170260
13  8 1670623218
3  0 2141407606
14  11 272169789
13  0 749271766
6  17 1585480628
15  9 1929104607
15  14 1902214163
13  7 671126100
12  18 1315926978
2  8 1607861621
10  5 523254187
12  6 354157097
15  13 1104997610
9  8 1284135549
14  6 458073130
12  2 2084828782
14  18 983423864
2  15 807588196
2  7 2049930119
13  3 422482527
14  13 1670378580
18  14 772509412
14  8 2128634806
4  15 1229267306
8  13 655683172
1  8 186066782
8  1 982953683
9  16 615166790
2  18 1419203600
15  4 1313521443
3  1 351622494
0  1 597353784
10  18 1822397526
5  11 2005808397
12  8 241348720
9  18 1093635377
1  3 1695493797
14  11 806875037
13  7 1331788357
17  18 89281818
17  19 725459320
14  8 728308118
10  16 78718849
13  8 1819887672
19  3 1805684551
6  14 1275040255
18  13 1965018220
0  15 1753792927
9  7 825152558
4  16 1816567688
18  7 2047083045
13  17 264467796
0  15 1012450086
1  4 1514222216
0  8 291877423
18  0 793078274
6  9 636804072
0  14 1773367733
10  8 2128564512
18  1 331264497
4  9 1747556410
4  8 1221383272
15  4 46877197
18  9 408611554
16  6 565581427
11  10 1303442694
17  7 1756480776
15  3 1115108216
15  5 988045250
3  7 1920600881
19  2 1841730572
1  2 689092433
3  9 1454317053
13  3 752271494
6  16 1068554515
18  10 464949153
19  11 990267317
19  0 187770499
14  12 1695067476
7  0 1749050471
17  12 872609860
7  16 1745741398
3  2 659074376
12  11 173155239
15  13 904002423
7  6 1621033194
12  7 1015169318
8  3 96434234
19  0 1480340257
18  6 586534326
6  0 1563205818
17  13 1197520699
15  6 333746168
17  2 618273091
15  11 37999887
19  6 2052227605
12  6 1105605701
5  11 386738341
4  13 354673242
5  0 599303123
8  12 1811240324
6  10 1007864907
16  0 1755776087
19  10 1291756254
5  10 1898682424
1  13 1554687231
12  7 2017889705
2  6 1411975026
3  14 680850647
0  19 506291796
7  1 1668967991
5  2 1016265650
18  3 1487548095
15  8 1841265398
16  5 669069368
8  1 1538955923
19  11 303569314
5  6 591532420
6  0 1691649460
6  7 611140709
14  16 579999672
1  3 420694872
14  11 461749429
17  19 310025602
10  14 32726770
14  11 549351616
17  2 2122205777
19  17 930997791
9  6 1607893439
14  19 1611041227
14  7 1681000149
7  6 287208518
3  12 296296183
2  19 33274673
6  9 8206953
7  11 436586954
3  0 1229346305
14  2 1817015019
12  3 99462996
10  2 1877386199
0  13 190060148
4  11 1071774594
14  13 1609917969
1  13 883074730
6  11 951010338
6  1 1196029469
15  5 577194861
13  1 389389932
6  11 2141948199
8  11 1549301384
2  16 952867776
2  15 1540555436
9  1 7230633
5  15 708601060
15  11 503818755
13  2 1581939086
0  8 1243874172
9  3 1010272194
10  5 977850927
4  2 1521211612
8  7 1487472273
15  9 62229608
18  7 1187812289
1  12 811634605
4  0 947222249
2  19 1901103514
2  7 809859736
15  11 659913952
8  15 522244899
4  9 1164919920
2  12 398912228
1  3 1983639941
15  1 213340900
19  1 1249770281
10  19 1079771076
15  6 418945913
9  0 89785679
12  15 1510690552
10  7 218533403
13  6 1500119154
17  18 460680067
1  0 2042885868
4  8 302580680
1  4 712196921
7  13 419444174
10  11 848979911
1  19 1101016640
13  16 564681566
6  18 1027080447
18  0 130625854
7  1 431316736
7  1 65626605
11  19 1406561230
17  0 1335979453
4  8 1123101128
11  10 64023482
10  13 1847393149
17  11 1277971771
4  9 129475503
3  13 1709166428
13  2 225095898
18  2 1298260770
1  17 50163314
15  11 1588723316
14  2 1435854136
16  9 1804111543
17  6 72505665
3  6 1146044735
1  17 873726960
14  1 1221193906
19  8 1531992521
2  10 598730021
10  3 1903684490
12  5 1116350699
2  5 1040591725
19  8 253520374
6  17 1476514253
3  4 246719531
9  16 65690837
11  2 848360120
17  7 739339851
14  5 493953025
10  11 665125063
16  2 852863831
7  17 1793953620
12  16 1979677034
9  2 1077191251
13  14 113527044
7  11 207732666
8  16 707243678
0  12 1661243854
12  16 1334114570
3  15 1402291132
4  18 172492906
8  11 525079138
13  12 789570185
18  6 1168587053
13  8 843891614
10  6 132907303
18  17 657922692
2  17 1643847210
4  12 1815172342
2  4 404587919
1  15 38308846
10  0 403093574
16  7 1853388657
14  2 2021109053
10  12 94176341
19  7 875128298
0  10 991295272
19  4 886678127
1  7 1927959825
14  15 1800852112
8  14 1950280990
1  12 154534082
10  6 1838670632
