399 20 4 0
9  17 932340945
18  3 1469027229
16  9 1230474293
8  0 753677147
19  16 1982830567
2  12 1675386347
18  9 1339754826
1  17 470838247
2  4 1407028002
1  6 413722913
2  10 1715866376
10  11 1225154242
17  10 431007708
3  13 1954061832
4  3 217416059
14  5 1164796430
18  0 354578714
19  0 1208194778
11  18 1172734767
10  13 1377938160
11  3 1658756377
5  2 1847799072
11  1 1708084009
6  9 423930395
15  8 907292523
3  13 2065543746
18  4 594001241
14  9 321620635
19  18 692440966
17  1 1765305548
5  6 771482238
3  17 531766878
13  17 1632842563
14  1 1587170620
15  13 318530580
12  19 1158310085
0  7 247821631
9  13 523798514
12  11 263328087
0  12 644543537
12  6 293006167
18  8 722851611
5  7 513544730
12  8 402629794
3  10 1224675532
3  13 1367607470
0  11 214538832
12  10 1420440400
8  6 1239754726
6  10 1974788668
13  3 1795255804
8  10 1786311726
2  3 1291707304
0  12 1046883596
12  19 857691322
3  19 1137569946
4  9 1315111431
10  4 1692388114
13  1 1527585798
11  14 159077567
4  0 2047992701
2  8 1903586022
14  18 1515865530
9  0 999597420
13  18 1642675045
9  19 1037421075
7  13 476678506
15  16 293868101
5  15 836811778
12  18 465779481
13  2 648565357
1  14 419431705
3  2 935834490
10  6 1036814048
10  13 1358244256
12  5 621300546
17  13 1471125022
13  10 1434327892
17  16 593800301
7  18 1937450104
9  8 1036347159
14  2 851099969
17  9 773381312
14  3 1868294385
0  16 1600286579
4  5 1481371314
12  17 771862765
18  19 320796113
9  13 1449231855
0  18 931260335
14  9 1310336726
2  13 1952731652
13  19 1498126113
12  11 682224694
17  3 1787910636
16  4 43769407
2  14 848908450
4  10 70534618
11  15 506862697
9  14 167268037
4  12 54113411
6  1 2139707328
11  10 558215146
2  16 1775759878
1  5 152735084
6  14 770531451
5  8 971574878
19  16 800980703
4  14 355708460
15  10 1255862980
0  12 98642490
14  11 721765742
16  6 1598530174
7  9 1355753570
5  7 1576999897
14  4 1708265099
17  16 738361308
2  17 1029462501
15  6 85637596
11  13 102239470
12  10 1463789004
1  14 554465016
17  15 1521547540
18  17 877108111
16  5 607700828
9  0 1511684431
0  14 2107256846
5  8 1751393721
14  16 1089438051
17  19 875147300
15  1 185539194
11  7 1662109804
19  14 192166999
10  6 1066316905
16  11 1995997158
6  7 1283208064
10  5 1923711568
15  16 612245037
2  9 1989334061
7  10 954538792
6  0 1677451907
3  13 1730945198
6  15 532937203
15  6 650432594
16  18 1020799189
10  18 1996444013
8  15 388294984
8  18 318769142
6  1 803534496
18  8 82562375
3  8 119209908
4  5 409533031
2  16 1915514610
9  11 470975996
5  1 913698368
8  1 665890170
0  3 1555011616
6  19 1322391768
16  4 72943584
10  7 1141566227
0  9 397783526
3  9 646199247
16  7 488813067
17  9 858476071
18  1 854408413
6  7 839425658
6  12 1397169089
11  13 1610564627
5  8 644226632
6  9 761695799
9  1 316043303
3  9 1875211544
12  14 646461850
8  4 1313013987
9  19 821237024
0  18 149768029
2  11 376643744
5  14 475523761
12  15 1966750674
1  11 1886587488
14  5 2034776794
13  9 739338929
6  4 88948210
4  18 591329591
13  11 1749122748
3  4 2058189125
14  11 1530911800
7  19 1321981162
2  9 2137353721
13  15 1906968351
5  4 1714196990
3  2 173355057
12  18 1232843781
6  10 648538594
9  6 659008341
2  7 1841417103
17  13 1348822128
13  11 1930660076
11  7 1215123060
10  6 297463383
6  10 663156988
11  10 9487963
14  5 1375260327
3  5 411007441
7  9 439110960
0  7 428937834
8  2 1121889697
12  19 1195237707
15  17 621290072
1  9 1618772810
13  19 373343457
16  6 932976242
18  4 601433054
8  15 1452140812
9  15 1473886696
14  19 815886870
18  11 2100983409
16  1 620381509
5  10 494569458
19  5 860280616
0  9 1590169033
14  0 2068100904
19  2 2137262692
5  19 39101478
4  18 1373781646
13  0 743571444
13  3 1654215716
19  2 568923027
1  4 2026688814
18  2 330774547
17  10 1696046148
19  12 292342686
13  10 541968938
5  15 441567338
15  3 834731287
16  18 762813217
16  4 1788055510
18  17 1670210685
19  4 56042994
12  13 137777476
11  1 1135814349
1  3 367001454
3  19 1558243234
11  14 1433512800
1  6 1915458536
0  11 507075776
0  12 1911990844
3  1 318453143
5  19 147374436
3  18 1319675852
15  0 2110411577
12  15 802024572
8  16 530776229
5  6 509198884
13  1 1679570514
9  3 1480601090
0  9 1119598875
13  2 1196597860
9  13 1049480246
19  2 277683293
12  18 846006391
6  8 1748795257
4  16 1305706892
19  5 1776972848
9  17 1449766513
8  5 2074829537
2  1 1802627602
16  7 1609301010
0  3 2083293099
15  14 836902751
18  3 369272527
16  11 1219056268
15  18 2099052986
9  0 1904562283
11  18 1602570112
16  2 232865255
10  8 632899538
17  11 118465612
8  0 611702415
7  0 1363767911
1  11 782838393
12  14 1408301117
8  2 174389779
9  19 603092976
5  10 1410577892
9  6 1057127342
1  14 739176918
7  5 2115410482
10  2 13086345
13  1 299252083
8  1 2126502707
19  2 11897141
19  1 745068316
10  2 210116063
18  6 364659833
13  5 1350561672
15  8 1193390214
0  16 55737480
12  0 932717830
5  14 119311133
9  13 176895894
5  0 74611623
6  2 1775149944
18  16 1294274965
18  17 224910106
7  0 396284765
2  19 290355376
10  17 1068075916
14  19 738379394
2  6 1970980450
0  18 225847967
16  11 1473793449
0  10 2081174131
6  16 1467433003
6  7 1727628944
9  8 1619478598
8  14 2096374575
0  9 1075771385
19  7 947238216
17  3 1289721361
18  10 183083146
17  10 995967448
19  9 161822095
16  17 1040576424
11  0 1597367672
5  17 1178735349
17  8 719171919
8  6 2142499266
12  8 1354419975
10  9 961022816
10  1 1220177306
13  1 793081974
12  16 62235242
14  17 1632977407
4  17 1144131609
12  13 220793984
7  8 565229815
5  15 339118656
12  11 1510859405
7  4 585135629
12  13 877843782
14  3 1149271983
3  14 555751123
3  13 792698164
9  3 1297636832
6  1 615618403
4  7 1894885279
2  0 784240502
15  12 1682115618
10  1 1313466767
2  1 186698240
15  8 1228376128
13  19 1021483534
8  16 843916947
18  1 210085206
3  15 1539563444
13  19 1503053304
14  16 223457176
4  8 456537581
10  6 1169843804
15  1 426375944
17  12 657962546
6  17 1410426867
7  14 193275853
9  11 115682987
18  10 1875072218
11  16 848555196
16  3 1024297695
10  13 572307469
17  5 54166064
5  19 409593626
8  0 1368808956
19  6 1928074589
8  16 534122844
10  11 537006509
4  7 1846572953
14  13 1785914787
7  6 1608579480
8  1 1700022801
13  0 2061040548
11  9 1621935178
7  8 305062764
16  15 931499546
0  17 865031049
0  15 721197891
12  0 347319640
10  2 1953430563
7  14 2103564849
0  15 686476786
18  6 1445121641
0  7 1318212829
3  2 1787705257
19  12 1891382367
2  6 1869857154
9  18 819252367
15  1 1801734847
13  16 1732120834
6  5 2115460707
3  8 39283413
