399 20 12 17
15  12 1319395358
2  0 1609191449
12  1 497977637
9  4 1375155815
8  10 237930316
14  12 114893572
1  11 1503561136
11  19 636843695
15  0 1152548513
8  7 635944976
11  19 22260561
12  7 855027725
19  9 831263582
14  10 1031388132
0  15 1560593464
0  10 1353054602
17  13 1047217970
6  1 1142225639
12  4 1501570999
4  12 695894499
4  17 1272555204
3  2 111243397
18  14 857468048
19  12 434011857
6  17 1417589244
1  6 1107832376
18  19 1178120786
17  7 960980243
16  7 628837701
1  6 1627558872
7  16 463399348
17  15 1961732305
11  0 315529824
7  17 967000331
10  12 1817866266
3  4 859813197
9  8 688673212
17  3 1861414720
5  3 61474537
13  0 38588413
6  7 1040684502
19  9 499196747
3  1 891197241
4  12 1501490668
12  11 852328294
1  19 1866554443
4  1 1314642749
0  9 799485589
12  11 47808505
14  8 1671956136
17  1 82894052
5  1 1240791496
16  10 287351287
2  8 464533830
9  13 1050042077
16  11 1857099179
9  7 43171584
19  12 654883569
14  13 1624792852
17  12 1941840889
8  7 252277810
0  10 813828047
14  13 1771138253
5  8 2069976914
5  16 1870023126
12  10 603225870
7  16 420358421
17  16 1124196331
14  4 819255219
12  19 1816281344
0  6 644081067
3  15 1165004366
15  5 1245046830
10  12 598331338
15  10 1815596645
10  17 1040411963
0  10 956324305
19  6 700485719
17  7 2142421633
1  12 904941240
2  18 753533598
9  11 1516778943
13  6 306175487
1  10 94498944
11  17 1216403548
17  1 547137058
6  4 701976764
4  3 573367470
5  0 2052424187
0  19 535214458
13  0 1292526916
3  1 634519743
17  3 1539277545
19  2 28266080
13  2 1326849599
3  15 1787177383
15  0 1731456528
13  9 1130740163
11  0 237299674
2  13 1565273137
3  14 739156144
12  1 1838618251
6  15 1607290680
3  4 623899123
18  9 322414281
17  0 93822093
6  11 187615747
4  3 1613817735
10  2 945992970
2  6 1701472888
1  18 2125836332
12  14 170989982
18  15 1053851145
10  3 1839213889
1  7 2116609690
2  6 1578990375
19  17 834510905
8  15 1782770424
2  17 662624207
11  14 600268374
9  3 21556373
4  2 1461899206
15  19 371271625
15  4 1292201509
18  7 24040967
19  16 1193023428
0  1 707097045
4  16 1110269390
3  7 2012842646
9  8 1064908944
10  7 1382728521
16  2 614539612
1  15 1439083168
5  17 1378088300
13  14 1943674379
2  17 885351608
15  17 1148820964
14  0 2031482559
12  17 1568030495
1  13 824026946
19  11 1216147649
13  2 750952055
13  16 2064271474
13  11 1507088913
12  10 1780968765
5  10 1139799721
17  11 478196290
0  6 1259901780
11  17 825575173
18  6 996215018
4  15 572499817
2  7 1956500159
11  5 1799829029
2  14 1951113377
2  14 1624932974
1  3 650109833
11  15 370946618
17  4 497869927
3  9 855874006
2  4 1572934924
14  7 2028538451
14  18 44903827
10  0 1034368509
15  17 316096487
2  10 490908897
0  16 8173382
14  17 278115732
0  15 995060904
2  14 1686200253
8  12 1486690864
18  4 390397730
8  15 1168133744
0  10 658768591
4  10 2139396441
19  2 1029006395
14  19 1071679374
3  18 508265970
5  3 84110297
1  5 1027536330
14  10 455800387
0  8 1284262747
8  16 962314776
2  19 1581863845
6  8 942513022
4  14 258872116
9  12 543330787
3  2 1653048085
8  3 1771051258
4  14 1698289869
13  19 1011428621
12  3 2112800308
0  4 1377506718
1  15 1323153600
11  17 830623519
9  18 601822463
13  2 924383383
10  11 1253117586
16  14 1051068511
3  9 1347374515
18  3 16325634
7  12 943513149
9  15 430183368
4  17 2047701892
8  1 959949818
5  8 1223454436
17  15 127081485
7  18 422286974
5  16 345802801
17  4 265914103
15  19 1917563119
3  0 679009851
10  19 713628111
14  11 1865246405
4  16 580827369
14  12 814822053
12  11 51045276
1  15 594453403
11  10 808553656
16  6 1764163207
15  7 1955978744
13  3 1283714680
12  5 1200808515
14  16 1879008228
4  18 1034909321
7  1 1916798091
18  14 522804370
9  15 311162164
8  10 938966743
1  5 499607544
14  18 182963528
5  10 780646766
14  12 1476918776
14  19 1807705162
19  14 543140470
16  5 2125264010
8  10 147932312
19  2 701708005
1  2 419573044
0  5 547523476
19  10 1882289419
16  18 992788442
12  18 1604070101
10  19 1644035581
18  8 1683102653
8  3 1765279498
0  1 2029751583
10  19 1635767572
14  18 33377956
4  11 568497426
10  7 1804622053
11  8 210960689
12  1 1809639012
19  6 1196511445
12  5 1583965045
2  10 1331014954
11  17 1946522259
10  13 585100500
9  5 124953176
15  11 1866279636
3  12 1704091312
4  11 1865853738
7  14 1590303664
8  10 95758688
2  9 627793087
0  5 411381405
13  8 1816523241
16  7 1054790314
13  4 93414430
0  7 1832847439
5  13 1512848552
0  19 1622971457
1  5 1178130305
10  0 1947387108
14  6 1683616818
12  3 1940098391
16  3 1297127373
17  10 585722652
6  15 323607386
15  6 732385650
14  19 322538319
1  5 1461498546
11  6 655665855
14  1 2103925160
18  12 457014836
5  10 1555593601
15  3 1049889808
16  15 1918296670
1  5 78836051
14  15 1985211966
4  0 2046127889
8  6 1331521571
9  6 1863340611
6  3 918715231
9  5 2009601291
4  15 1435739760
15  14 1867987749
0  4 395448307
18  10 2138520876
16  17 1157547760
11  10 817131334
9  18 179489280
13  15 964953186
4  2 2021872251
6  16 596103989
4  16 1847531865
7  10 1426298934
8  9 52950616
16  13 1758437224
17  8 715773044
5  19 1743126009
8  1 1789811421
1  18 1785009913
1  15 1501200339
16  14 660076494
6  13 758154909
10  9 462498347
7  13 1020815705
17  6 498968228
17  10 1696474711
19  0 1403997628
19  5 735922201
16  12 345502960
2  0 720803144
13  16 1054331634
4  15 2099946918
10  6 784756737
7  17 798068523
10  3 355189966
15  19 559689654
16  13 257095464
2  18 412158298
16  4 338427053
12  17 1854486804
5  14 85154132
7  17 491938414
15  3 978674867
6  0 1959431434
18  7 142403154
5  15 1148023973
2  17 1023493052
17  6 1567139266
8  15 1439330332
15  10 52135670
6  5 1891180834
7  17 1272563365
2  10 1201060032
10  8 673617669
16  0 2024287824
5  2 1494057366
6  2 166858337
15  8 1936726093
10  6 1581436427
10  19 297251673
7  6 1195664301
14  8 84134238
6  5 1162052563
11  13 549801745
10  7 531302886
12  11 2094472261
0  8 1695143724
8  3 935894531
5  12 507786697
14  15 588860658
17  1 1324366210
18  7 2006815901
12  15 1234678784
18  0 1187316680
18  3 1159970076
7  10 1920324
17  6 608379001
6  0 1837303040
4  11 970305049
4  14 1587085382
14  18 466528819
9  18 2080181010
10  3 814750923
10  5 472539796
18  19 1449893089
3  0 2032513520
3  9 2049739523
5  6 999480565
1  15 693526185
1  14 1179903449
18  19 1673622705
8  16 553406975
17  10 1940645468
3  7 96080825
3  1 1853506438
8  3 1873498743
16  7 41611283
7  17 2071291186
12  0 1242085732
2  19 741821287
18  1 2072346305
0  5 1813918068
8  6 181272772
3  1 276668351
15  16 461982653
17  4 1238193068
