399 20 13 16
8  16 2052066834
8  3 415490438
0  2 2146159347
3  4 1580936760
14  9 1630795845
10  19 1350950290
6  16 258930427
9  1 2020098111
8  12 1148092417
11  15 1859221519
1  17 1910402266
10  0 266443785
7  4 2013102266
4  13 779594693
19  12 1286878883
17  9 145998978
13  11 1758187512
9  8 1784005381
16  13 1733664298
13  5 1474359942
7  5 161804422
3  1 11357026
5  16 436201685
19  5 1361244209
3  13 2039004003
1  0 190288378
2  18 51981270
7  2 1074842570
13  14 1415861551
11  14 744199366
19  6 1190400188
18  3 251702032
17  3 1665662020
19  10 770683254
5  13 1772953851
19  2 1738037897
17  13 1329990976
5  0 1063976539
12  1 1295544699
3  4 108627859
18  7 1275580202
16  8 41100383
3  1 841108109
17  7 2080395737
4  8 1283515649
16  4 2133095201
0  18 2058949951
11  9 2080488061
2  10 572107672
7  3 1145764887
10  3 1103579994
3  18 1012703484
4  11 563125699
5  12 969996135
12  13 220160422
13  18 2123400524
18  8 1375697891
9  3 2055175781
0  4 665793070
14  4 1914189298
12  14 849168745
3  14 921276990
9  15 1478727126
19  11 2093367759
3  2 1036863875
19  14 1398406483
3  19 2043018697
2  9 167560744
12  18 2000483619
11  3 2078275026
19  8 1059665352
9  15 1425549487
16  17 1275717647
0  5 611765330
17  8 1324697922
5  14 105515688
18  3 1671226198
16  6 1495248470
10  11 2075479696
8  16 758529067
6  12 1742125371
11  2 2036467469
7  3 1414753741
11  0 591139735
5  7 405645739
13  19 1921970807
15  2 2043333000
1  2 2036673546
3  15 1510819715
3  4 830762474
10  4 1415956347
14  10 1201325252
8  2 140613482
16  7 859063452
9  1 749608956
14  11 1816373679
11  0 681271820
7  6 2119297941
19  13 1030292394
2  6 996988232
4  0 1809981459
17  15 1726438856
4  15 1664623668
7  14 1756033189
1  3 2086849042
14  8 1972827064
3  17 923117406
15  3 1248693082
8  18 1294735900
4  7 1646867808
14  19 499706858
2  0 2038910532
2  18 53658093
11  3 1330973872
16  14 1583918930
10  15 723708478
14  19 1385472006
6  17 638915272
9  10 50577095
9  16 2104688372
13  9 2058612136
15  7 1966931746
4  3 1035415861
18  0 562180529
0  1 1076439863
11  8 1471708225
8  6 1246736273
18  14 949621151
2  18 1735840441
6  18 7699056
14  18 827649801
9  0 355782609
11  17 941055712
15  5 605688403
9  2 1211991539
10  13 1391733993
0  6 2079843186
3  2 863092454
3  8 1034827582
7  13 896894261
3  8 1325457419
3  8 814751894
6  14 1578244597
15  7 1357884985
18  16 1470252969
16  9 1581355244
9  13 679382338
13  11 2087256415
8  2 1424422758
4  15 886040519
7  9 1460119474
10  18 290433084
5  18 911932142
16  4 828775401
4  15 1336978454
14  16 1913277363
0  17 322730634
8  14 352784849
9  10 1701694418
1  18 1099819191
11  19 305116524
17  12 1607707172
3  17 994339029
7  5 466171036
9  8 1249817099
13  11 415099461
16  3 415705143
18  8 1555239687
9  12 151867318
7  5 1519846458
1  12 947571140
19  5 740212389
17  7 1605723526
10  15 51331684
14  9 796546198
8  0 755005150
14  15 1675590722
15  9 427677714
8  3 1254086190
6  17 1955851496
18  3 1857294143
5  17 1208862761
9  4 1735388876
0  19 349611425
4  0 372879954
10  16 1591827132
6  2 667466426
15  13 352282683
13  9 688876084
3  0 1330343373
17  12 1978778783
12  14 1166641694
15  7 335823041
14  8 1491638563
2  12 1714089853
7  14 1403333543
19  6 1926467722
14  12 1315932761
8  19 1486873507
3  18 1294032513
10  15 1890522050
19  10 1481743079
12  6 407214003
0  16 1251246685
2  15 2068053105
10  8 1513489155
9  0 1848597786
8  15 1509712337
5  17 1829167218
2  5 2112027349
19  4 1991839060
1  16 649606343
15  7 1771877695
5  3 737436285
3  10 752518475
2  16 1052714190
4  7 596980547
17  6 1323259995
10  11 1398434332
13  18 238666308
7  5 497242008
16  2 1869515324
5  14 1794778451
13  7 84523651
8  4 610810322
13  4 741001543
15  0 407425184
15  0 1718554565
14  19 1169324116
6  16 2088984814
18  11 1579512292
15  13 424698645
6  15 2126156846
12  3 1841672834
15  6 1017584747
7  0 1935098421
15  18 515134342
7  12 239922993
19  8 12837980
14  2 982169716
0  9 123148927
0  6 1508166435
14  13 1910407261
19  12 823847822
0  15 1943357386
14  7 955577460
16  18 1415397173
11  8 1788628727
16  7 1407122131
16  8 725567847
10  9 16787779
19  13 1930687636
6  19 873620014
1  4 1455538576
2  0 438005335
17  16 1249738002
18  12 1407722880
13  4 1363050882
16  19 1047377380
12  17 1886896649
0  12 472698791
1  3 546430824
15  7 788149143
1  12 1934944873
0  16 2057384748
16  3 523252788
1  12 1732708953
11  12 1000188566
5  6 385497300
8  15 726595935
18  17 838631039
12  5 1802182381
6  13 1362934687
15  11 1783338439
16  19 1437694898
10  17 390398516
4  6 1526934463
8  16 768026818
1  7 2142802394
12  15 1857575422
16  1 1730884728
17  3 1737666910
6  0 807511322
6  15 825420665
17  10 1327305450
12  6 1593240069
6  16 77489855
2  11 798397595
12  11 727960190
10  8 205250994
5  10 1901483985
6  14 171916748
11  1 1168181997
2  1 925089728
9  17 303716051
17  18 1580502481
14  11 708174914
17  4 1004319358
11  19 1517177454
15  2 1269260281
17  5 1917867519
2  4 1641278281
15  8 787758430
18  5 1782045676
18  3 899668610
8  0 1059708425
12  9 80889661
16  0 475213113
19  8 1179513768
5  11 1235081269
16  13 1121428468
1  16 827592406
16  15 1215068423
14  15 1438243083
2  6 1117329021
16  14 1346148198
14  11 1249461399
6  3 1728574415
13  9 2079445226
10  19 2043599550
0  14 629354537
1  13 214955987
2  6 1252866379
19  13 99041307
0  5 1510041837
11  6 726037578
13  6 563466028
14  12 875400932
16  12 1917595523
12  17 1937978729
12  11 1331398036
19  18 1316632782
6  5 258900602
7  1 1477132125
17  11 987592026
1  10 1110958212
3  17 1408401014
3  4 1258820410
11  14 1214105047
15  3 1752777814
4  14 901072711
11  9 96928427
2  4 113349295
0  14 1473757250
15  2 350597839
1  17 1339781467
19  15 755607747
17  6 1723341079
2  18 169231954
9  11 2002710458
14  2 1327342089
18  5 767754661
17  12 1368502022
9  8 1490946143
11  4 1730853227
2  11 1129567184
1  17 1336730145
13  11 594081516
9  7 472738613
7  16 11622963
18  16 791770418
11  1 1654240674
0  5 2111247352
6  19 606605339
9  6 1439609002
8  0 738220640
6  4 1752390380
2  16 2062919125
4  18 808642208
12  5 638954785
13  0 368641399
7  10 1895107728
8  14 401671520
18  13 2081732908
19  10 2024903989
2  13 703424357
10  15 363871572
1  8 531387416
4  12 1854894646
17  7 1862600388
8  6 1858050386
11  6 1781670863
2  14 1871804249
1  5 1141814951
7  8 1939629279
0  12 563291468
17  3 737383547
16  11 1292514693
9  18 585923027
17  15 255446175
12  6 1537305977
12  0 1409172416
11  9 1557931289
5  0 2072905486
6  0 61037550
13  9 1876686489
5  6 1319044676
10  5 523361614
6  9 596358582
