399 20 9 4
16  15 979779504
18  8 582801147
19  5 1910267225
2  13 1989345006
16  6 428995737
10  15 1072723774
12  4 1349890452
15  18 639358846
3  11 430584659
4  10 1490084794
14  7 143810662
17  14 1831596352
16  2 1672715966
9  17 1113546258
19  15 282991343
8  10 49544294
7  10 2014677219
10  19 799670216
10  6 759897048
17  4 2006793236
8  3 2068377996
15  13 1335514947
17  11 2098235235
2  13 2111520276
4  9 356641048
2  17 820338304
17  2 1867112955
1  6 490655245
19  8 1678067626
2  16 1682305675
13  10 958298828
9  13 1711211599
3  12 189349137
2  4 2101481744
1  10 88482099
17  4 752037448
3  0 791222048
4  3 1837860530
17  11 1604494119
7  19 1761042723
6  10 1109828169
14  6 1361707132
4  10 195878055
1  5 386394190
10  17 288193651
19  17 1084161853
3  0 58903306
5  1 195116787
14  5 1896684037
17  3 46549384
4  14 90453978
9  0 1755910157
0  1 1962565683
18  10 1070126104
11  10 1580786936
17  6 1648412144
15  2 1251169007
1  5 1863244185
4  2 1606326476
3  8 1935605563
6  11 423998677
4  15 1644051752
10  7 1109785800
11  7 211412056
4  19 1660546287
18  10 663643707
8  9 860288523
17  12 994695172
0  3 1236608410
12  15 1052412692
3  8 532088130
8  18 1415502448
8  15 1679514242
1  14 203872226
5  17 2052546161
7  1 1696817301
9  17 300587201
7  4 1313540138
19  1 1276083998
10  8 197088340
16  18 2000562834
10  1 1873003232
13  9 1748745130
13  14 288659977
6  12 1242977394
1  3 145370998
17  3 1389484560
0  18 1993228385
7  1 1081527597
15  16 1167125440
13  4 420732473
13  16 454863259
17  16 965893951
8  9 834111910
3  8 1758404688
19  9 1601271411
12  16 1623793060
13  4 1118680400
6  19 1643028518
9  12 375639662
14  2 2011194670
8  15 96875443
6  9 244916297
9  11 855237189
14  10 1040675974
16  18 520956149
18  17 465961958
14  8 1001926233
10  3 2084624149
6  17 1869749186
3  4 537962133
6  5 1751854573
11  18 1088077367
3  12 1076456105
7  0 1994060596
3  18 1337388795
4  14 922448915
15  18 1924349243
14  9 325406143
9  2 2059058032
4  6 1255402355
5  1 1331750604
2  9 58119135
16  19 1783728915
17  8 1369288559
12  5 1137280042
2  18 880016784
17  15 33832396
4  13 1614116188
8  9 170334244
0  17 1910116868
13  14 765623399
12  5 1817854177
6  4 703103608
12  5 206683836
9  19 120187988
8  2 847625148
3  10 1788018161
10  7 2131566981
4  16 810864841
1  10 1473347950
7  2 1741138195
5  8 640529403
12  18 968035620
4  16 954109890
13  10 415898263
18  8 1319646783
11  5 190334515
2  16 385396074
8  13 156682096
6  15 633066505
4  1 906431924
3  5 147323502
4  17 186122781
16  0 1291240798
18  17 1768746507
11  3 18079342
5  1 1000984908
5  7 1240534558
12  2 644337195
17  9 1488607712
1  18 2072690506
19  16 594873803
4  11 61363805
5  4 946903395
4  0 959034845
15  3 1332001489
18  11 1268090104
16  11 939984164
13  9 1368152473
0  5 1471155769
9  12 2027086409
19  3 1224908347
9  14 2067507982
11  1 1235826681
1  15 1030261913
3  8 343731720
4  13 990775989
15  3 992124425
6  18 2135425024
14  5 1358488498
19  4 403954494
15  10 1672259539
2  9 1427205614
19  16 1372480593
1  19 468572154
2  9 353938975
11  17 500810039
10  6 1882331433
15  1 1558216217
8  16 57452863
11  14 489931164
3  13 1658652845
11  5 887010319
6  5 2094893864
2  12 796006769
11  16 739649734
5  15 166110726
3  10 1513440217
1  11 386580093
16  14 929488720
8  0 62670649
1  13 134008537
4  14 361649038
5  19 1033352491
11  18 1766851410
3  4 956115311
17  13 1890912208
4  2 1597839398
8  19 1925800490
11  6 1147175053
12  2 684826826
2  11 1864487097
12  4 716565781
15  7 217102189
1  8 1166686060
11  8 360455313
9  15 668864167
5  0 207988860
14  3 1872662894
7  12 1963019515
9  16 929943943
9  6 1204708642
16  2 965308980
4  6 1373439722
18  3 1295904327
3  17 983392831
7  2 215481754
17  10 2108091285
6  17 56830634
12  6 420369134
9  17 1382303783
1  17 2058603055
19  14 1819393906
17  8 987879637
15  4 1443957717
13  9 2070927379
11  3 1052257264
0  5 1091199759
15  14 113802106
12  1 2082858098
11  18 1771349929
13  2 797106692
17  12 6695767
11  15 1233221765
5  14 2099151209
14  2 1062432100
0  8 1454967027
6  12 1256024694
7  3 1917610484
14  16 1894081537
11  10 1433945497
9  8 1613014766
12  9 2097675534
6  10 1993294261
19  6 1316832673
13  12 636102503
6  3 1078746018
18  1 1002750614
17  5 370990037
8  6 1783698316
8  15 1770635071
6  2 1951008932
4  0 1289726635
19  1 1476216651
8  10 367624734
17  5 1049058117
14  7 454068038
10  0 1627473988
2  6 1069312890
13  10 1242917977
17  14 252365019
0  12 309172722
14  0 1886514441
16  9 1215126188
9  18 131936885
7  13 1668843443
0  13 1801834771
12  5 1886942952
7  9 1555798059
12  15 1227705925
3  15 1883025633
10  6 800703135
7  9 1778437481
17  15 1084698667
3  11 948008066
11  15 1213590585
4  2 611061262
2  4 1928363479
2  0 1491034873
13  3 784921880
17  19 872573581
16  18 297499748
4  9 1536623381
15  12 787141841
2  19 1695557945
14  6 1965408014
17  4 1048654955
2  6 954468079
11  3 1540645026
6  18 987789713
13  18 2111415217
13  10 1704036413
5  19 896452409
5  18 1887756407
8  17 2095279820
15  6 1408829294
12  16 1795084964
17  2 2145988626
18  19 346486652
3  4 999772140
2  5 496705902
6  14 1512814200
8  6 1138822061
17  4 2041023302
9  4 637924665
18  2 1991393709
9  16 1103382905
9  19 2092090949
17  7 1220791199
5  6 941244910
13  7 542852326
10  0 458634666
0  11 1011021375
6  12 1385629442
12  0 1613104445
11  13 1893552161
6  7 957204686
3  9 2068112754
13  4 289170660
2  16 681730692
2  0 1103801769
8  15 1679331895
18  6 1882203323
10  17 1798196409
1  14 757284228
5  10 681425652
0  12 291348445
18  1 721182676
12  16 1440148418
2  15 425883674
4  16 2083725225
18  12 567961585
12  5 926284135
6  12 1809590737
16  5 281346795
12  16 2058857853
18  3 1868896737
0  16 443875152
16  0 1001785260
14  15 1015803137
18  16 793600781
0  2 1811646439
6  13 874248931
5  18 582843317
10  6 1095819759
6  15 882647630
7  12 428493160
12  14 330850668
10  9 1747746780
17  16 610761577
0  8 347006484
17  18 1695792580
5  3 961290626
9  7 1238467559
1  17 1702121700
13  19 28737219
17  13 1062011584
13  19 460343125
1  11 132236499
19  6 1315461471
11  0 1291480050
11  6 259452773
9  5 477496945
1  4 790928267
10  17 1589937171
17  10 260066052
10  18 171121315
17  19 587521564
5  12 830800778
4  14 1193015144
18  0 1812250068
5  4 1667074409
0  19 566833751
14  17 1803860186
18  13 833115866
19  2 1124947893
3  10 101292932
18  2 849480826
8  2 2076358422
8  17 747614620
15  6 8394816
7  0 871191357
16  18 725454550
16  13 1618320205
9  6 2028584656
8  1 863767089
1  14 135915600
11  5 1527964092
