399 20 2 9
2  13 1163025055
3  15 1903891534
18  15 1401992769
16  13 414334016
6  10 78929605
1  5 1846640078
4  14 1700135001
9  5 1793904062
12  15 703140967
13  0 1755740342
10  6 884705828
18  11 1539944641
9  7 69762765
14  0 41586967
4  19 40197626
9  8 219027757
2  6 660823124
10  1 1488396979
0  12 289992719
12  9 924627225
6  17 2111940810
10  12 860844721
19  17 1030104589
6  1 1595971818
3  17 1703546823
19  12 403927489
17  12 403435034
12  1 762323095
15  13 1731021846
6  1 2115758504
5  17 1846827309
9  11 567598234
19  4 1827701638
18  15 2025311313
11  17 794458521
13  12 215662884
2  1 1251458672
11  2 1762619350
0  11 775035103
15  2 2033042324
5  8 871720700
5  13 1542249680
14  1 576211800
15  10 323177390
11  4 2144796602
6  16 1506461166
11  10 1642907642
4  8 341523706
0  7 1929235268
9  18 1807764445
0  3 1352622141
2  13 603516625
17  10 533820620
18  4 1868650117
7  1 435154027
5  18 1368947384
13  17 1180617190
15  14 2039093499
10  12 1442726569
1  19 153763757
8  12 1458815516
19  17 300987168
15  5 1831859470
19  4 583029734
13  5 663165812
3  7 1897989016
9  16 548108621
0  15 135183917
13  17 1849567853
5  13 51633594
10  0 1991240412
16  12 148939368
5  13 1257046093
2  10 1600860919
18  8 1967438168
0  11 692340449
19  15 1606823804
0  2 223562900
13  9 2041510716
19  18 256554770
19  5 748218000
11  2 1836334391
0  11 873819073
6  4 1587471366
16  17 2025468616
9  11 1291108939
18  2 1933317227
19  14 777361923
0  10 459598300
13  15 2031690825
4  2 543753104
14  6 635556434
13  15 290883653
8  10 1143388390
14  11 31895706
13  15 2055276444
13  18 1412330694
19  10 4162468
0  4 365618947
7  17 1141923796
9  8 1489209246
0  2 1267733471
12  17 2084934427
3  18 1401405080
11  5 1379999995
15  13 1241875266
3  14 552547146
13  9 836987065
14  12 1362543835
0  2 2132777201
4  3 19407039
6  18 1739848369
15  16 443416899
2  0 1693762247
3  16 765062600
4  9 1443755085
17  3 1276744596
6  13 768406281
19  6 1309967069
14  0 738866422
19  6 70139120
11  0 1830397200
6  10 1332550167
18  2 1600379759
4  16 1432712267
1  19 1613394256
8  6 158271954
11  16 1948800559
19  7 2028726802
16  19 102715354
8  6 1699114268
13  4 1438369113
19  11 483391735
9  3 556537177
7  1 1018166777
9  16 277015543
4  15 2088495979
3  19 1704628114
14  3 713609866
2  14 1790773109
5  6 1867212289
10  0 530620222
15  0 728576755
11  17 1241989341
5  17 865140085
2  9 984677169
13  17 2043169571
0  19 586734625
9  11 2038249618
11  0 1432611810
0  2 1327329810
2  6 921183144
19  9 937014277
4  2 1385577274
1  4 971757310
4  15 1819164468
3  2 1161330195
7  8 142986420
16  6 477389345
18  11 21448080
0  9 1723105142
19  0 510423611
3  8 132813635
10  4 199211296
2  5 560765414
18  16 1012126845
14  1 258618794
9  7 703616449
18  8 1690288660
6  10 685250607
18  14 1490917036
3  15 1011399134
14  4 1353154238
3  19 319551043
10  13 958521915
6  17 2146487360
1  14 1388222287
2  10 1078373696
9  7 2023812161
1  0 1368906694
5  10 1415915531
3  8 2031203628
17  12 1709455098
12  6 787025653
15  13 1781709070
19  17 236973780
19  2 1709897797
9  18 1170733204
3  18 1042485157
6  11 352120229
4  12 701913865
12  4 2417197
7  5 653173002
2  18 705395358
18  19 512765462
12  19 1366867277
16  10 1777051517
19  17 1858787904
6  1 604795383
3  8 1007848891
19  5 1804277585
17  1 343942259
19  8 48904518
3  13 1817362274
12  6 460539012
13  11 241648764
12  6 1998364972
0  12 527639428
15  4 675762687
7  18 2084076318
7  0 1568611513
14  17 1587881094
18  6 1368089612
13  11 592826837
6  4 1769418984
10  3 1138497367
6  4 2088717838
17  19 1693514843
19  1 1972049498
1  11 1438146804
18  0 580002575
4  14 303035178
9  19 767839367
3  15 1542630401
15  17 520191018
19  10 1218999334
5  4 1215876580
15  13 771100555
2  6 354072893
12  7 861450313
13  19 173806533
14  16 1028340746
9  3 1397671024
12  1 1322421306
4  14 1469344756
11  2 716899972
1  13 429240348
16  0 2097144287
16  17 1153899877
19  12 358704669
12  10 1123820711
2  5 1232942794
0  11 316784736
1  13 192842290
15  0 37844628
6  4 1577850524
18  2 1901603285
6  11 1801047019
6  0 1117331900
3  7 1014176811
13  15 1515789353
12  5 1103488686
0  15 2031974548
13  11 661408244
15  13 1846853706
8  3 343427876
2  6 1523308227
3  1 375794678
19  0 79547785
8  19 1093861069
7  15 1594378814
3  2 1856865297
5  0 1349507926
8  9 242664163
0  12 1178712272
3  0 220272142
15  2 986238368
6  4 897728524
9  13 164529720
4  11 406886486
6  18 1738762342
12  18 565895145
17  8 1443482201
2  6 1233523436
2  14 323186214
17  4 2132844697
16  4 600527351
19  18 606889283
6  2 517654625
3  18 806304927
17  0 845259341
4  8 1792555861
5  8 1950921019
8  13 107202185
19  6 1291025155
17  8 602462553
18  13 1471141606
16  4 1916341885
12  10 885165600
13  19 1313816257
9  6 627837645
11  14 959888261
17  0 884308570
18  11 1252345298
15  13 307481706
5  7 21733402
0  7 1772736171
10  9 102150170
19  16 521846320
1  8 1329079306
8  9 1817027978
18  11 1671802745
19  8 1641042971
3  0 953506089
0  12 392143869
14  0 302488219
3  17 1319309847
12  18 1850130213
4  6 2077384259
14  1 831679514
13  14 568352629
19  9 1669172261
18  17 2066088346
13  9 1535314129
18  19 273817995
6  15 1104395294
8  4 1394634159
11  12 1792950865
16  11 249821352
4  16 188048487
7  15 699089986
19  16 273105487
14  12 1246995064
13  19 22974255
19  12 563870429
14  5 1587263776
5  12 1961064501
19  5 351808227
1  8 620052119
2  10 309754141
10  18 1262115253
6  3 1653994903
11  19 1837063155
16  14 497287503
10  11 1010917875
6  10 1457106836
1  13 958438501
17  9 44983149
15  16 958042747
4  0 1909714665
19  6 668287719
16  0 422449858
16  8 845011924
16  0 1253776255
9  1 1457691544
11  13 1016320729
6  7 659343251
6  10 2007632812
1  19 1299085061
15  4 747358249
19  6 753176087
13  7 1649847088
4  17 157235129
15  13 576753810
1  9 574365103
13  15 1642861208
9  15 84488023
9  10 1459621428
4  6 1328913436
6  7 1878682068
2  0 1792011009
6  16 389168114
1  11 2037567482
17  12 2051511917
0  7 1844504155
9  13 2071232304
10  8 666912275
13  0 1233550446
7  6 474366496
18  15 6302630
9  16 2136301369
2  5 819056755
5  4 1214768177
4  19 471591603
18  0 794266279
18  13 1112238381
5  19 462012539
9  14 682445482
4  11 1480510704
19  10 1142001737
18  0 2025444691
7  15 1513088650
1  2 1551951047
5  16 305945616
6  13 1259492604
11  2 650215473
4  3 1319677849
6  7 1693274323
11  9 1055836930
4  5 562760552
17  5 1774130368
18  8 339950864
17  16 1434497809
3  18 1511263339
13  11 706334490
16  10 289969107
18  4 1278846604
3  1 226855887
15  5 1415388910
