21200
13900
15100
13500
35400
39900
14600
23600
51700
26000
20300
26300
17900
28900
22300
30800
14700
14200
41100
13800
22400
21000
14000
28900
21000
24200
19500
18000
24000
20100
23400
33900
21600
18500
22000
21800
23800
15500
14600
19800
14700
21400
21900
23500
18900
17800
21400
23900
14500
23600
14000
13800
33900
21500
19900
14100
22300
36400
15400
21500
21000
18700
24000
22700
21900
21700
37000
20700
22900
24900
29700
39800
20500
28300
22100
17400
45400
22100
23700
20600
21200
14800
24300
14500
19400
20400
24800
25600
19600
19700
40900
24600
20100
14800
23700
19400
22400
17900
45700
20900
