17900
11900
13100
11900
11400
11300
11000
11200
17600
15300
16600
16300
10600
11100
12800
12200
15000
17100
11600
11700
11100
10800
18900
8100
10900
7700
13400
11400
10000
11500
11100
18100
8100
15400
12400
12600
7600
12500
11500
7900
11800
16800
7900
10700
7600
11500
19500
11000
18900
9900
15100
16400
9700
10300
8300
11900
11700
11200
22000
11600
11800
12400
19600
10300
10200
8300
9500
10700
8200
10800
12100
10200
13500
10000
17400
9500
10400
281300
17300
11700
11600
11800
11600
15500
10100
18600
17100
18800
11300
17600
13900
11300
11800
11100
19400
14700
11500
16500
11900
10600
