25300
26800
28100
21700
29800
24600
28100
26300
170500
30000
27200
23700
27200
22500
23800
22700
22900
29500
31000
25900
25400
28900
28300
41500
25000
25000
25400
27000
24000
28100
27000
30900
25800
27800
28900
21300
24200
23000
29200
28600
22200
29900
25000
29600
28000
29500
25100
32700
28800
22500
27600
26100
28900
24000
25400
27600
23200
24200
28800
26500
24000
23800
28200
27900
24600
29500
28300
27300
30200
25900
22900
24600
27100
23600
29300
28100
23800
28800
20400
28600
29500
28500
28200
27300
26700
22800
28500
26200
28300
25100
30400
27600
26900
24800
27300
25100
26200
30300
27200
25900
