298400
400500
333900
479100
353800
303900
339100
318100
308000
304900
334300
271200
369700
281200
395900
291400
343500
361600
319600
342800
413700
344100
295100
347500
345200
381700
333200
325300
344700
506600
305100
288800
300100
330000
292800
333000
385300
380400
345200
334700
268600
293000
338500
352100
286000
481300
356600
308400
284200
373500
386000
300500
330300
268700
366400
279000
329200
284800
274900
438500
460300
376800
271300
340800
281700
304900
339700
275400
279800
403500
269800
360900
316500
300700
328000
277900
271700
353000
281900
372100
361400
263000
270600
357200
276700
272400
291200
277600
315400
284800
275200
281100
323800
279700
299700
375700
449900
270600
353600
274000
