134500
204100
117500
226700
125900
131900
120400
85400
112100
144800
127700
88000
144900
113400
140700
125000
124300
129900
122900
132200
123900
117100
122800
128900
139100
101700
83700
132100
96900
126700
89600
79400
107700
139500
90300
180000
126800
82200
115600
116300
127200
88300
87000
125400
133200
118600
118200
316800
122000
121400
135300
233500
87900
158000
148200
135400
92000
121500
91500
132700
119000
127900
91200
86700
84500
118800
85800
87600
96400
79400
102500
89700
105500
93800
106200
120500
138900
90700
130600
125300
120100
120800
103600
119400
111600
129100
131500
115800
255200
125500
117700
116400
124100
135700
127800
124100
126900
127300
120200
107600
