73900
82800
81200
70300
81900
94500
77300
60100
70700
110100
112300
93600
90600
58300
88700
97700
83700
85300
94800
77200
81800
65700
86400
204600
66500
106800
66700
58600
94200
81300
81200
63300
128700
91300
85200
84100
80200
82100
64300
232200
80600
85900
85400
83400
59200
64000
86800
94900
55800
61100
85900
89600
72200
81700
58000
55900
83500
86600
70900
296500
58600
80700
90400
87400
80000
94100
84500
111100
102700
92200
55600
92700
59800
77400
88400
71900
84700
97600
80500
94000
88000
88600
112900
75600
58700
77800
80300
100900
81000
113200
156700
161600
211900
96600
80600
85400
75500
89200
72300
83800
