868100
1251200
749200
1093500
865500
688800
1180400
761500
1062900
1101300
1221800
807300
1481000
1210100
2489900
991000
1922300
739500
771300
1140200
944400
778000
809800
1017700
1163400
1206700
1370600
1714300
2563100
1165500
1254500
1230600
1469800
1385200
2439700
1236100
1019900
1018500
764600
828900
1422700
1162300
724500
799900
790400
867700
1147100
1061900
768600
1065200
1141600
1263500
1161600
2278300
1156400
2467600
1285200
1271500
1205300
1270800
893300
722900
1386200
1206200
742600
716500
937300
1414500
1347800
1463000
1286700
3303800
1778800
1232900
1181300
1262500
1199300
1152300
1216200
753400
1160500
1210300
732100
1303300
1194100
1293300
1954700
811400
2295800
1071000
1177300
865700
1121400
787700
742500
717500
1274100
1190800
1102600
1211800
