47000
38900
40900
35600
36200
34400
35500
38800
36700
36800
37100
143300
32200
30100
39300
94100
42300
44800
36900
36000
35500
41100
36500
35400
24500
37300
42700
42300
25400
43400
30100
29700
37300
52800
39100
127400
47300
30800
44300
32100
31300
40500
38100
39400
42500
58600
44100
41900
42600
36900
44800
41100
27000
41800
41800
44800
39300
26600
36200
81300
41200
113500
33000
39100
26000
40400
42300
36600
39100
31800
34800
37900
43900
28900
34300
74800
29600
39400
36600
40700
39600
31100
35700
34000
44900
36400
40400
41500
38700
33300
38100
39200
43600
27100
27300
29100
43700
44900
40700
39500
