450 30 11 1
28  23 2084747260
26  18 50905124
24  10 335197592
4  14 977234559
5  1 1585893506
3  24 1012475461
26  10 548410235
11  13 600277607
12  29 1071220396
16  14 1087727953
20  1 606175205
22  2 431189885
10  7 1995169891
1  23 442770825
24  4 1172486863
19  5 1573834783
12  28 1279769654
29  5 20135832
26  0 657476618
8  18 170386544
19  21 2124971948
14  4 183159592
19  7 1681503014
23  1 1796552716
16  19 1782667723
4  24 1762404545
2  6 1464396633
17  12 1706904686
16  17 715473547
1  9 2029308569
4  7 1636599336
2  21 1454516609
16  12 1948554689
18  28 675708271
27  7 1909800350
27  3 1468527094
3  15 1564339399
8  3 331917173
19  27 16256060
16  0 1864248954
19  14 1659923077
20  4 1490506475
1  15 1954933148
11  27 212695095
20  18 1839219693
15  9 799453928
3  21 614873222
23  17 235553965
6  4 942377862
17  8 1252560430
13  20 2051224152
0  8 1705549554
17  0 255229834
23  26 857271551
28  2 1515548043
24  0 1557116971
5  18 1427191281
27  1 781780539
21  28 518499733
17  29 863951932
1  27 23301154
4  9 1854732289
4  25 1862511581
22  10 1024080417
4  28 678042020
28  26 1626398254
21  6 113449938
3  18 2024104700
1  22 2056074258
4  5 1082612373
11  3 1457713899
28  18 1166258709
16  7 204978055
7  2 1846288310
14  11 1809068061
7  14 280419982
18  26 1761492204
4  17 620505094
7  0 2020613899
24  8 641690929
3  18 248707132
0  3 661160884
25  28 1194385632
5  25 1587864642
15  9 1745250399
10  6 637624305
26  6 1897821444
8  29 1245705884
27  9 1991551562
9  7 1597209910
1  11 705380318
12  13 1345478258
28  19 1126856736
14  18 1076207961
25  2 1686013435
19  17 1428411529
24  9 595179565
6  28 1581566369
3  1 162093834
16  0 255386499
28  23 1934158357
15  23 1962350172
0  5 84509774
29  8 325993867
28  24 288957648
2  7 654958571
28  6 542693229
26  12 1599148449
4  14 528272967
27  20 748116895
25  29 1639397855
20  4 1320871132
2  15 1149111541
2  23 370170005
1  12 757049504
1  22 1549071340
10  23 1532865061
24  16 320744867
1  20 1706764987
27  14 26361510
16  1 1276724414
2  7 1029100132
24  17 1277929986
24  2 56040074
3  2 2054708041
21  1 1441607407
10  15 470589796
25  21 703865731
18  21 1157739578
29  5 1286904268
22  17 1930271643
0  8 195170432
9  26 1555874064
4  13 1597338987
14  27 1457029059
4  22 2068956384
0  14 1953505070
10  13 1996598408
13  3 680952698
17  11 830288848
19  10 2142648194
3  6 2050204090
17  15 210549723
3  19 1655378849
5  28 917287565
6  22 401789342
25  8 985915646
16  23 821115760
5  22 538132132
10  6 2077050811
15  24 1324081475
4  12 68207146
9  12 1088245386
27  22 1304659340
0  12 673498009
19  28 881608732
29  5 361829879
1  11 1214465106
14  19 1293846504
3  21 1601619883
4  19 1390799823
5  6 852358340
2  25 629539122
16  15 1780743075
22  9 488351787
7  28 246848109
3  29 321216212
4  3 1289654483
17  2 1664243664
6  22 74348447
12  4 241804804
29  21 2111581433
27  2 232473888
10  12 245145072
17  7 1793941721
5  1 972012056
3  20 805703293
19  24 2095161509
2  14 2065422506
3  25 253494285
0  7 1033328779
3  15 1438307129
14  25 317812066
15  22 928180246
26  7 1162223391
13  24 2072869439
12  5 848902401
2  26 765667053
28  1 1501277335
1  27 253204379
25  27 944476639
4  23 1957554148
24  5 756456458
6  14 1596208513
13  20 1486575859
13  1 1821022437
6  13 139808403
3  26 1456764322
3  11 161444989
12  17 1777446100
2  18 184228226
29  4 1942450819
25  9 83073338
11  7 1017646571
15  22 1857937457
5  10 1185192187
10  25 899324316
14  24 1211023830
10  13 885707588
11  12 523753253
17  5 1649935290
16  17 946987790
6  20 1916679382
2  27 1726402754
9  19 1802071688
1  11 1127532865
17  24 184232415
8  16 449477120
26  28 3088711
1  11 840081453
4  1 1265517243
26  18 776623021
5  14 773057339
13  23 369324528
12  5 392010088
8  7 536456056
17  27 404707153
20  28 867701572
26  6 1714914674
17  26 17505674
8  5 848148324
18  12 1018408381
5  24 1538410985
27  25 370016074
4  7 689621514
8  17 1660700131
1  20 426071813
11  13 1160967519
16  2 296197576
16  2 1411859425
24  14 1992601852
29  12 1563105973
5  6 57236761
15  8 1084956652
22  9 173499312
10  4 946530046
26  21 1120094771
26  28 691269484
23  15 1096226811
21  10 579753045
21  23 104574195
11  12 1133548901
10  5 336602918
21  16 162524030
8  23 859903810
25  22 1252555239
20  0 318432302
22  0 1641355865
29  11 946899948
17  2 2073281198
21  17 1884272798
14  20 404607074
13  28 1782606325
16  25 1237176322
12  27 1397180694
0  9 1296449041
20  18 2042339109
15  7 2097944876
14  21 591607876
19  25 1086460473
7  18 2018901602
9  16 82643296
10  17 2044360467
2  14 19435582
29  15 1850766423
9  13 1939051317
10  2 1176298820
5  12 1280876500
26  28 1787360370
16  24 826112216
14  21 1527980205
27  25 900221682
22  0 1120978861
22  15 279408281
2  7 1083958302
12  28 1732998013
6  29 1323699744
26  3 45003298
8  26 902655794
20  11 599646392
13  8 173639865
2  14 1961933051
15  18 1919830440
0  1 992444459
24  1 621034818
29  15 150354390
9  18 1114111071
25  9 785033600
0  18 1806606036
20  13 1693584863
29  27 518489569
24  11 36567856
25  26 1990207609
21  12 1967707230
15  12 202611029
13  9 276922999
16  13 409714904
3  12 1251684725
2  29 818943957
2  12 376445039
20  29 68399898
24  3 1775983010
0  1 1047573669
13  5 1215598169
15  1 1345041089
26  15 1320422064
12  22 486749234
3  24 850311209
8  29 1021569789
5  0 1447905343
7  0 693190663
24  8 375002037
15  1 948344149
0  17 1727340796
13  22 562349649
21  0 1777866550
1  29 439239012
27  15 356569
24  27 341000744
27  20 1244484119
17  7 1047460862
4  5 863723409
12  3 534800765
7  3 1663149928
22  28 264423091
17  6 1332646933
16  28 1356230971
28  12 542225555
16  0 1370184071
0  1 350726949
9  27 18521889
16  10 1045768299
27  21 123935606
28  11 1493454115
15  13 1988466537
3  1 2045967683
28  21 261551401
16  7 141617430
25  19 1056167870
25  26 742808192
8  25 109052312
27  9 1268243372
3  15 1176265269
4  10 162527097
1  24 1790532166
27  11 1045468307
29  23 830028573
15  3 1178594811
10  25 2137712523
1  7 970197027
10  6 187432284
25  6 2107609137
18  7 655486120
25  22 1128700320
2  29 980422967
17  23 189601693
24  10 1851430789
27  13 1005758585
1  7 1659157390
13  7 1509470978
20  23 1643096179
2  8 711531653
17  2 100008499
7  12 1325543142
23  15 1235929303
3  21 1903269733
19  20 1472059855
22  2 167648485
4  12 1747068360
21  4 1402383977
14  18 337452066
16  25 981558175
16  12 1122105588
9  26 1268516136
7  1 142598825
3  10 476672297
12  16 1516434063
23  11 1152836324
12  6 1293520344
23  17 684652958
29  2 2080579169
8  21 1740643286
25  28 97256095
13  26 518304019
16  28 407250422
23  1 1458172149
2  8 1386935771
7  9 1240723718
28  7 1318867469
13  16 1099403512
4  11 1908375072
21  29 468874187
20  25 417820028
16  3 1417931891
22  15 746857424
29  4 424342728
28  12 769433365
16  8 876483201
29  15 1039728555
22  1 1860118412
25  18 1114990440
26  25 1453836541
17  20 1657903627
19  14 1703447295
3  1 1600187630
5  7 718815462
24  1 1476948285
3  27 1364561676
15  24 1331005987
16  0 626748286
15  7 855049566
6  22 343431208
1  28 1014434837
24  23 1880780509
2  27 1904591928
2  5 1142524374
5  17 1746654329
20  27 933073267
22  18 571214366
18  14 2053161480
12  13 9716969
14  10 52783936
2  1 1287187312
28  15 461757776
1  27 931023862
22  9 414267776
24  22 381886686
9  12 716171122
26  0 1212119586
25  4 1358331597
26  12 508435628
2  11 93092264
27  6 1694747893
24  4 606591753
25  19 1300614968
25  9 347261642
21  18 1916532321
26  0 1241495258
21  14 1013684803
13  7 414441377
