450 30 12 8
2  18 1089183120
12  2 634021789
1  28 1761823723
13  25 946335312
27  6 1852621335
1  14 689483290
2  9 1598534540
13  19 1369423285
16  6 1738241227
14  13 491522363
17  19 365817381
14  22 206940220
17  28 2756210
21  10 1096408013
19  12 395250411
3  21 272346501
0  13 1637298106
22  17 1730651708
7  0 1448214116
20  12 1927351756
14  16 346663873
25  16 1090563326
7  4 98635591
19  6 1872844836
15  20 1310079204
7  9 634807478
12  9 1248510013
10  20 1143860633
14  11 2043971334
15  20 285741102
11  10 1825095445
16  24 124639825
1  22 41717199
12  16 1553411666
9  8 234931746
19  3 783388348
4  20 1277196246
11  18 206707140
5  6 1822869181
11  4 168157797
17  27 2003714551
8  1 361733146
22  18 2075649711
16  11 1245510289
3  17 292601925
29  28 558855191
28  20 2095560195
26  11 872377623
25  3 1443301869
3  1 1351503386
6  11 31025441
23  27 771706477
16  20 1644670640
18  17 1459733782
21  23 1627480381
18  17 567497096
23  10 450164995
10  29 88308429
12  13 468287208
1  13 1991015924
21  9 1151745344
7  16 893859759
28  1 832447243
21  14 1683878336
11  16 1528295464
18  2 349197773
10  5 560263541
25  2 1969986180
17  29 1154102661
25  23 359675016
0  9 1168724633
12  2 926936083
24  6 1487892169
18  6 1057584201
15  24 564422170
26  22 1230481043
4  2 937571960
17  15 392899174
24  12 572088172
11  2 1653308664
8  1 1472472853
23  19 1402970871
24  28 624553607
20  19 2047546774
8  19 976180202
0  11 1214608669
2  8 1362824808
11  13 1048352348
5  6 249136849
22  14 458205994
14  29 1784861095
11  12 627606496
27  20 308248063
4  21 2018426858
16  19 1066624418
2  0 307862043
24  8 544456029
25  3 2139220528
29  15 1168279548
16  3 1167067777
7  17 1356648199
27  24 299160380
5  4 463893509
29  3 555357070
23  24 501728406
6  25 227734389
18  21 1619362486
5  1 1568243118
15  29 294091018
17  20 1233079814
21  24 240865056
9  23 1074987457
29  9 1636843735
25  19 2072473194
23  19 934983112
19  4 448998626
20  17 1364339681
20  1 1069044446
19  17 1048197018
11  17 848419609
26  2 138478210
6  22 1877542029
11  29 2099955763
22  14 1752554944
27  11 2042476596
25  0 214445503
22  24 266199560
14  7 981578227
18  6 1702165200
16  21 1752711322
13  16 1371302199
6  0 1352560675
11  14 1457853851
17  12 1937081050
7  14 961683393
5  23 1453804850
2  7 788980983
29  6 980619676
6  15 1119029200
12  28 856473960
15  26 267725875
21  20 127501037
28  17 623597708
24  9 1061300562
14  21 1009946784
21  23 1729860446
6  29 774678981
25  17 247923047
2  10 1829343544
19  12 366032842
4  26 275924627
1  13 799821188
27  8 1231568393
23  21 1230032030
10  16 780091465
4  14 441287199
25  6 1423704723
17  5 338450710
12  21 1395740766
15  12 1895696188
10  20 746694687
25  27 442170729
27  17 2022440453
7  27 216761232
5  27 361358028
8  12 1030700548
10  12 2108251957
22  0 1296482928
16  20 1515161310
29  22 1866455355
2  14 1251887223
19  26 1156717755
10  29 899991526
22  8 1278978763
16  18 169469656
21  16 782348463
12  21 397800332
7  9 1238698656
3  5 409865162
23  4 1028165109
8  28 419515386
22  27 2120033591
14  21 1447518069
8  22 1155159021
4  0 801553908
29  10 1961261507
24  22 2078024163
10  25 412408250
13  10 72197679
17  4 1448749703
17  15 1255791087
24  23 1834546002
21  6 833806114
29  22 1775934219
27  14 335445158
19  7 1584869158
10  13 2115113147
28  5 1429121589
6  27 1214245686
7  28 163967261
14  9 321194831
5  21 481854340
22  4 282790644
24  20 1109018846
8  19 1601327318
25  22 289704200
12  27 802082273
11  28 583232780
1  24 430341409
2  18 364491652
28  29 765188258
11  7 1801077005
13  22 2111449378
12  7 1016736239
10  13 1669453763
5  10 381075185
10  1 1527988777
21  4 743151375
15  9 774097028
7  15 106165622
26  23 886760199
17  19 268526624
19  1 1043978975
20  10 966145783
2  18 1679481968
3  14 1332744635
15  22 23682487
22  1 1513912789
1  26 368336492
29  1 1059089314
21  13 1658753628
16  20 1356698855
1  28 967504262
10  3 1213968340
28  13 18197235
9  16 684132870
18  10 548146497
14  8 318908585
17  23 1625953234
20  26 2121507598
8  6 1133543388
19  7 88197399
0  24 1187389203
24  20 1412835050
18  12 675391327
22  24 203663265
21  15 339541729
24  8 486624260
27  21 2029016405
26  6 1676192102
10  9 547411929
15  6 1865715084
24  7 484986149
3  29 1217796842
5  20 558904194
11  13 666996011
26  11 1574370424
4  19 199771119
16  24 1804360413
9  16 898202610
24  6 1184138041
7  23 792671175
20  18 402911061
18  13 1075601396
5  12 450047913
16  14 274019207
24  11 1452206724
19  16 569141391
11  22 1924245800
20  4 2137566640
28  5 702850300
25  18 2110608425
1  4 400464934
6  18 759840203
25  15 710089975
28  19 765165554
16  11 576793152
26  24 1219333690
23  0 657666798
24  13 968715904
13  26 123132541
3  20 1574234150
16  2 486754554
13  9 2064588498
4  2 1210762261
8  2 947275152
9  28 271800148
25  7 1012790343
7  29 255623773
25  15 1118040725
0  20 1580545902
6  14 682758299
23  7 92333862
4  16 499050514
24  12 1048321032
23  2 687689955
15  12 1656975574
0  29 1272782631
17  5 1655485305
13  24 398912007
6  29 2020732825
11  9 1304628573
26  25 610953635
24  21 339452557
4  6 1826661857
0  11 807996694
9  23 1568370852
0  7 1485835180
16  17 2035044660
11  9 1879634898
1  21 1107587772
3  10 774395224
3  18 472619332
3  7 740327574
15  26 1514092207
5  16 1797138078
0  25 2036503892
21  4 315714944
3  14 1252861997
1  18 665312398
3  2 1179097038
23  10 1702901068
21  10 1520243453
27  18 205438642
27  10 2102421467
8  21 302973675
19  7 381400914
12  22 1662756973
20  13 1159715206
21  28 1163277435
26  22 588511212
6  14 1338436181
7  2 1291754243
16  3 530700531
27  24 1528194118
27  9 1279564104
5  29 685473000
17  18 1927544937
5  22 1994090979
19  20 1279957107
2  26 328868626
27  1 90182646
9  17 1944180511
29  2 767414093
17  27 647690241
13  10 259794754
15  17 1380299833
14  15 2139046755
19  24 982967580
15  24 166332363
21  24 331694371
1  0 290392366
11  28 1159555535
17  1 867759549
7  13 470220606
14  17 721601044
19  24 1459493340
24  10 484903788
25  15 1781786756
23  21 328711163
6  12 559271894
7  0 1060495613
3  1 1661252938
28  6 1808843271
26  20 229908192
14  5 532194947
26  27 1173796446
26  17 1920054621
0  29 1291655498
11  0 1783093471
3  29 1584369234
10  2 880380275
4  20 846512968
29  10 192712536
20  2 1844331497
6  25 566974154
16  5 1322525103
21  4 1008501643
1  15 1055563747
11  17 330266988
8  18 1884253702
8  0 525130615
26  18 1133744999
26  18 845377625
1  0 1965988448
21  1 1495024456
13  16 134130082
21  7 1821456732
4  28 1143048338
14  25 744745959
9  12 1739208517
21  2 1639254141
8  3 404294141
5  25 1547121121
19  16 1596054708
26  7 2012548849
15  23 1080556403
4  9 126490533
22  26 541568335
29  0 1650867079
13  10 1926617463
3  16 606308985
0  6 413432067
10  1 1793245141
6  1 1128839573
22  9 1822115030
15  3 517306445
20  13 765245840
1  23 657419421
17  1 193222285
12  14 981046713
10  21 560097512
3  19 1983765995
28  0 609304079
4  18 130127777
1  4 1086950613
27  22 1218615885
22  9 1440922091
29  0 2089255368
18  22 21734907
15  27 1840498138
19  29 779029111
2  23 242746237
10  21 960654985
10  1 465668564
20  15 969514667
19  9 1769930158
15  0 451477964
3  9 1375020700
16  29 1752565293
3  0 2064967040
10  26 900163547
2  9 1750177177
17  29 671154156
28  20 1590099104
5  0 1772302142
7  3 984168155
2  17 642205938
8  20 1305546299
29  8 772990777
5  12 480485611
4  22 1541645709
5  13 396672854
9  25 354725239
16  8 1629989659
28  10 2109482713
14  9 1042266195
17  8 384933837
22  19 1221575304
3  16 1639007999
