450 30 12 0
11  15 1020889250
2  6 1259916954
15  18 1159473676
20  13 597870634
19  5 58946756
29  10 1214480000
28  23 587865395
28  26 1803406565
20  22 171403795
10  21 1410893907
10  7 1280969772
16  27 2007124298
10  0 102605527
8  10 559073486
20  0 1096465992
5  27 1747857503
0  5 385582727
26  19 138290120
0  15 642549816
28  26 1341795835
13  27 790430664
14  3 2034080761
14  7 1250485888
13  11 1778665862
8  27 1527639788
21  26 60437145
1  13 531993430
22  25 790767131
3  26 2073591587
15  23 1083038667
1  6 1219167996
10  15 703061478
7  19 811631534
7  4 271031271
1  28 802959556
12  1 548080136
6  8 1269883654
11  8 1149066040
1  25 292079108
10  27 1736342379
0  8 1711704057
9  13 1293289458
14  12 2070256025
26  28 339920513
10  6 738169154
21  11 76134207
21  2 898708373
20  11 1616686060
7  3 1524498689
20  27 628820417
17  18 1177121175
19  16 794568286
24  28 401497965
27  2 1353132329
9  28 1468727998
9  0 906618200
28  16 973756979
15  0 1925381072
29  19 1011382152
14  9 1535261034
9  14 1762624539
5  2 1711091283
22  9 1594698712
13  0 565988873
23  6 1427713336
13  9 2111077367
15  20 370683701
29  23 1449195261
3  14 1753965036
18  25 767125016
29  16 705487642
4  16 1650180137
5  15 1183505047
13  1 1454991567
4  12 1726839979
4  8 1110823681
24  13 1610699016
23  22 2141941053
21  18 314391903
10  18 565151172
28  3 1707109504
20  13 1549598007
26  23 1268725771
23  2 927994305
22  12 1584009212
23  26 1547943184
22  28 270681164
11  28 1935420146
4  14 1191522205
12  29 1156141621
22  16 1806930756
5  19 1095712086
1  13 1587977834
29  11 16962895
21  27 703317838
19  13 948508030
18  26 1895382480
24  11 1749603909
10  7 1758838636
23  20 1677120211
14  5 1014899772
0  12 1805257982
4  25 1248574830
8  25 382078497
20  13 234498504
11  4 303274454
29  15 539798248
0  29 1581580667
12  5 1414153009
1  29 110638485
6  16 1704112798
23  14 201978820
24  20 795330945
24  17 1089285520
19  8 1834705466
15  24 2034221198
26  25 763097298
19  3 800858895
14  26 1373302587
11  24 338353098
13  25 1308881837
4  12 547047053
24  2 194056312
21  10 1295523565
5  25 630062661
7  1 2077764530
7  6 1753911950
24  27 1275526539
12  29 628501695
16  13 931266477
21  15 1282110596
6  21 1564269396
8  4 1890986627
18  20 1949741780
24  11 484449589
1  29 860494189
15  25 912579023
3  22 1397013040
21  22 2094999610
4  27 1302733645
16  10 550012419
18  28 2068638434
25  4 1673152623
27  24 209061214
1  29 1495198311
0  28 423560220
24  5 1741206856
2  13 42749884
26  11 879759233
20  14 1442756041
17  29 1935751785
28  10 829127689
10  5 1242593768
13  3 334960159
29  27 1932530785
11  5 2078844694
26  5 1729144661
27  13 1676822084
22  25 2139577347
19  11 2124482537
3  18 2027368845
16  11 1185849614
27  3 1161423155
27  5 1212978980
10  4 1597125177
12  29 1163125170
11  8 72730814
5  23 684835581
10  11 269515772
17  25 1733366045
7  28 519935972
25  21 1407769155
17  15 203686398
11  18 1422758222
18  23 867905528
20  21 1102377999
16  21 1468439343
28  2 703657750
3  8 123441812
21  25 402956734
26  8 1425858889
27  1 1917636318
4  12 1145650887
7  23 1461414481
22  29 623274845
18  26 679735303
27  9 1671075000
25  18 1283532502
10  6 1367141996
20  17 202939296
2  9 1126523156
19  29 1539622894
14  15 885638717
15  1 1709126711
9  18 283213649
3  20 236961460
7  26 1574855684
4  6 1129383753
16  3 1640997769
3  23 1690084973
19  25 1484152561
12  22 430338985
7  22 785434321
27  21 128847271
2  13 1527963920
22  8 1318858340
17  10 910522658
10  25 980801598
23  2 468056389
2  16 1479809677
17  5 1596203711
10  18 2083175274
12  3 2017302189
9  16 204582827
24  1 640412390
12  2 232482395
4  8 1860385741
6  0 1748386059
13  9 1042214141
23  2 1846499543
3  20 1845383284
26  20 1892583874
10  4 1251870169
6  5 422301510
5  25 384705358
26  19 565101712
27  10 790448231
18  2 1562857175
2  11 769555302
27  13 2051363836
29  27 401346603
3  1 1441209030
13  28 2068615552
19  6 1776887259
29  4 1315465546
6  14 1111807116
15  9 1968720551
21  8 575123772
18  21 1340874701
14  1 1145097263
17  0 556556236
7  0 1543582368
25  24 876828196
11  25 1388221451
21  28 848921791
6  24 516582168
13  4 300008848
21  16 847330776
16  28 1118673303
12  0 1158965938
4  3 421215976
15  0 243788106
4  23 1068000384
18  1 691737707
9  28 1858619461
3  8 302624488
20  2 731261254
0  4 1753391349
16  2 488766587
14  12 1397190735
26  11 2040658913
29  14 1418755037
20  29 595983349
4  10 1321807042
25  26 1374308683
23  29 196015303
14  15 2034570637
23  4 638501846
21  8 527181403
10  7 2122669652
10  18 110693960
9  5 1406132053
23  22 1298038233
19  8 1445587654
3  6 1075521845
0  4 982832444
25  9 1819604455
12  10 1194536566
17  12 111505252
9  20 1683447825
0  21 801057314
17  16 442814181
3  20 1735429237
16  18 1621215652
23  9 645053517
11  25 549894274
21  15 1095654664
1  8 1129527345
24  25 439756672
29  23 858702945
18  1 2078386065
24  22 1803125516
11  19 138938956
12  29 587162052
11  26 455577163
12  14 1883076835
14  12 257948385
20  10 1313224395
9  6 714173631
3  8 1884783858
4  7 587583436
1  24 588040574
13  1 769706535
29  27 586071379
22  15 68189547
1  14 539541404
9  21 1865244471
24  23 2075154254
5  19 835757283
6  23 2086964458
21  12 667305723
6  26 1614125350
3  2 135824158
13  29 1744842785
2  6 1615312013
0  4 2124371415
16  2 274502465
1  21 1559405918
18  26 1537096040
3  10 1857364166
22  23 1160816899
24  23 96740587
13  1 263836706
28  10 363418131
11  5 769942511
27  15 191269310
29  22 754953228
7  10 761289286
3  29 1060697147
12  26 545403665
22  29 697673776
26  5 304916772
20  3 329761341
24  26 388785782
11  25 1071830401
7  18 70324274
6  18 1623161144
28  27 129081458
23  25 674362763
10  2 1331813961
8  29 1233853737
1  29 1632430405
25  2 1191583470
23  17 608303027
7  9 169253498
10  2 1192036602
20  16 1911520435
27  25 35420942
1  16 1917365491
5  19 1697890055
26  22 883410495
23  10 865971496
27  6 737877642
10  6 1553026383
2  7 233159610
28  12 692134911
18  29 977687420
8  22 1692966172
23  4 578771106
21  27 2011945527
16  6 874694512
22  14 345025954
21  19 23136438
10  18 1568124878
19  9 1318591762
4  29 539728386
15  23 1364808179
2  25 87264762
12  25 822153237
8  26 894294376
6  11 1924296997
29  11 1152557973
12  19 1975879444
13  23 1404228626
8  24 1140205101
8  25 1595464892
28  15 945202945
16  24 914865078
6  5 1446624445
14  0 1048598543
26  6 768571192
4  11 409970214
9  6 1875034290
18  21 1906993850
29  28 1421341418
18  12 87081787
9  8 1548426288
18  3 1110042046
24  25 1596670140
2  16 1998546702
25  14 1334693805
3  29 737596533
10  20 1669270181
0  21 1476307622
25  24 485981438
21  17 1827208255
16  22 257975683
21  2 232969933
13  1 51836002
3  14 30321161
24  20 1853311648
26  29 1667169057
17  26 1716560001
10  22 1478346824
2  17 1421725602
25  3 1226521234
1  10 1200828960
2  10 162613603
26  25 2053149214
6  10 1887238762
10  5 569501594
14  29 204585660
13  14 1356318421
8  18 2121782577
26  22 106811933
14  15 1442966972
15  3 762400169
28  20 1563315324
24  8 77346339
18  13 940168784
19  16 686365446
0  6 1899414469
3  26 346184801
28  14 1532875862
17  15 365791996
10  21 1216828654
20  1 601473250
21  5 2080218736
0  18 1273643527
12  5 1109678925
23  9 744981930
5  19 1260582695
29  14 1925174189
1  22 2043978632
10  19 1613933552
6  15 60014550
21  4 77021509
3  14 884581133
14  25 2050808325
7  21 1501033042
17  1 1909263211
6  0 1117070255
21  11 905007294
5  18 849217013
20  23 896091713
2  19 761880265
26  10 167406010
10  27 1402799100
20  3 313467024
7  25 80832904
