450 30 16 7
15  7 1116187805
14  26 175863876
18  29 1463946107
22  0 1203082435
12  20 1189935732
23  22 549572499
15  2 1593075879
17  26 1947445923
2  13 468333350
22  28 1406893721
21  20 1841900735
26  29 708235327
19  8 1199990032
3  21 1914361158
17  5 590361711
15  18 2074309276
11  27 1116686671
16  11 396736718
26  7 2023674321
14  18 1931010839
29  7 400032990
14  22 671831977
16  28 812577002
1  27 463615029
25  16 1625742079
16  6 2062948184
5  2 2053773249
2  4 1509676689
12  24 1358718846
12  3 867661944
20  7 1671187661
24  26 2011302665
14  4 399641283
25  16 2004736760
0  15 312255118
11  6 1752432612
22  17 1089718179
17  4 1436725503
18  7 1521196401
24  17 276653498
15  11 263721318
15  1 1195691637
25  27 814412807
14  13 1612889657
22  1 604635010
8  19 482362930
24  5 612936323
5  6 261592781
24  10 1100346166
27  4 174965955
23  20 763525440
26  21 1309346412
29  12 100959235
23  24 1957717115
28  18 1784793880
2  25 1084191730
25  11 497852302
4  20 50709617
6  11 1301218791
2  1 1346942886
5  8 47512908
17  26 742098077
13  23 1234704798
27  21 1818787350
23  20 1032103681
25  1 513265727
11  3 349132499
0  3 846691468
19  16 547695706
18  10 207446399
10  17 1427611989
21  23 481842331
9  10 1362126921
4  28 1042985026
11  15 1666288706
8  10 1703910254
15  10 1435889589
1  17 433606460
1  26 1715715446
9  24 1190189011
11  17 1094263207
12  17 1446303007
20  24 861343005
22  14 999155211
24  18 852944780
29  15 1923347957
3  0 1208417127
14  26 1206506789
1  22 604953627
6  21 1635894992
25  0 1265261997
15  25 1707103406
16  3 1136607853
25  24 926867365
12  3 962857877
22  8 796150607
5  8 1913721706
26  23 172481458
22  21 1857407544
22  23 62315072
1  12 929092650
3  14 1558975577
8  26 348984301
10  3 2139802763
21  15 529445817
23  20 1882813921
10  13 195942596
27  4 1450305821
9  2 1484022603
25  7 1837971478
25  11 1558941149
24  3 1879351081
17  4 1153807369
20  27 1670565633
21  2 338259092
9  25 1235454947
21  4 100700135
17  20 978170551
17  12 130938898
2  8 186250648
11  19 2025638753
3  16 388276331
2  1 1119031286
6  3 1504501168
9  2 1137196038
0  13 1869114476
21  0 705545568
10  3 1556862143
14  16 406596078
14  17 2044004272
16  28 1899883897
28  27 1310412157
23  6 208579905
0  9 1022001424
2  21 1000760635
23  27 1009941426
19  15 764783394
22  29 1197877030
3  4 22575691
0  10 1486156447
22  26 861937651
6  29 1882184850
7  26 1222870981
1  13 631202840
23  3 919562293
6  16 291673425
26  24 1005777826
13  1 756200274
13  8 1782428747
13  0 29357521
23  9 1191964570
15  29 767299986
9  22 1932979003
19  15 622494293
14  26 1859916044
7  26 1201884444
18  6 2124585055
29  5 600344999
12  18 875513551
0  4 1871691869
10  29 539746509
25  20 1050708941
22  26 364703768
14  4 1859595346
28  10 265616804
24  7 1163176275
23  17 1843628115
6  13 316157157
23  10 210349759
19  8 1791213115
10  6 1299882292
11  12 1029539459
7  11 365710510
3  25 250612762
17  13 1886110259
15  25 67826185
7  12 1662298784
2  16 1352439302
10  8 852828685
5  13 746561834
23  11 1177693117
20  13 1593066864
19  26 552286660
1  16 196978151
26  29 1421652153
23  12 798698167
4  0 1534879840
9  25 513717151
14  21 1638455531
8  6 358106574
0  10 1024472143
20  27 345548843
12  20 649907453
9  2 78671775
26  18 1942804955
27  4 139412957
13  6 111562654
9  18 1949880524
4  8 1628892766
12  24 1510453354
0  12 486551833
17  14 1095058842
15  7 1607433458
13  22 2138615167
13  16 1344228880
16  19 949540392
21  1 1519649525
2  26 987884398
15  21 1663547658
7  12 1860253067
23  15 1454405864
0  11 1744815977
5  18 1000232659
7  23 468517471
22  12 1420912257
19  7 1832009183
5  17 1808560620
22  17 2117592824
5  27 217148361
11  3 2085564366
6  13 434113281
22  8 979503384
20  4 765088712
5  12 634749956
25  11 1829713709
15  12 1039654982
21  10 1964304558
5  17 571709965
24  8 1472607549
25  14 298623562
20  12 1949088957
14  19 932769644
6  4 1719386525
9  13 1701437900
3  11 863092265
3  9 1173170670
16  29 1928275697
3  23 2028746163
4  25 177440334
26  5 1443660213
7  3 938660981
5  22 140887875
22  5 505696423
27  8 2119518921
29  23 707027388
12  20 1770082243
17  24 1034885116
8  1 1066544263
14  26 509077818
22  1 740559143
12  15 14412901
28  25 405547529
2  27 58442655
4  11 918998816
20  8 911368708
1  25 350832963
8  22 731529135
22  5 1898557252
16  0 1167267522
28  6 248497802
16  21 1787472931
21  12 1754926144
26  4 1505119155
0  16 1932142754
9  18 1083849343
24  7 1322683719
28  5 1215407379
22  8 2108033768
15  29 526265104
29  2 1906221941
15  23 637890234
24  8 840426818
23  17 1548551905
14  9 2032361039
17  8 598735246
8  5 1245954028
20  2 860701055
9  0 51677264
5  10 214598018
10  1 1753965118
9  8 1291074581
24  18 704943410
25  26 497624465
15  6 456040146
29  12 639814272
0  17 2115183737
10  14 1257784261
9  23 51458477
18  10 2022636252
15  13 620755036
27  3 1447782602
4  23 1791234238
27  1 1212742213
27  5 622887930
27  5 661528703
12  11 908404287
5  2 944564784
17  20 708671333
10  23 1574397809
17  27 1448281934
4  19 1433237481
9  27 1411313477
1  28 465990209
26  0 853118294
25  12 696982418
0  6 1386900132
21  28 1312643484
9  19 1350892738
21  2 1020098877
23  17 541719365
5  4 1757227595
24  10 190740140
17  20 395287313
21  14 898654537
4  1 324087628
12  3 1469216238
19  1 967366208
1  27 1690836260
6  15 218221518
29  21 823567851
9  23 1628893378
14  15 912672022
7  24 417229134
13  21 1159705561
7  1 1698222904
20  8 1474797503
11  2 1833546627
23  21 1160848883
10  24 874119740
15  19 158053232
24  13 1948772985
2  22 1574419020
0  8 828680259
28  25 955440818
23  8 1497925115
10  4 1348190778
4  1 192633988
21  4 696094353
2  28 1366831625
21  29 183669766
19  4 114850640
11  6 1738026180
17  27 1160268000
19  25 569682086
12  25 130682068
12  22 552353490
2  11 88457220
17  29 1008698443
26  25 2069300520
22  29 757984779
14  28 2096523636
26  27 2008429348
8  17 1127673064
1  8 1023562884
6  10 236643346
16  2 467755520
27  23 1167320144
21  22 503526059
18  0 1419464757
26  4 1382703653
6  28 1075166648
14  8 71293370
12  20 1294216284
11  22 336534363
25  18 430592061
5  9 609826770
21  2 469209513
2  21 1106758742
8  14 1330181886
1  17 1394857663
12  1 1666429825
21  17 1191346705
17  7 1583830157
17  23 1327517504
20  17 366453332
18  1 1560808575
15  29 2009868696
5  11 1121683368
2  11 1305961086
13  27 1165204611
11  2 156316295
25  13 641048298
0  28 668274905
1  23 31636417
8  22 1969325603
14  15 192015987
19  13 260710658
11  12 943869170
4  8 1717363816
8  14 785642752
28  16 1237084110
24  27 1612978502
13  25 1480269411
23  6 115841932
15  20 1226013787
0  19 1978037093
22  27 1499246138
10  14 1753464964
8  12 715969243
12  15 735841575
5  27 1900710209
21  29 2026468137
25  20 1149213097
5  22 870262835
13  11 40298990
9  25 994913372
17  23 64619029
6  28 1583019768
28  2 695976665
28  16 371020469
28  27 165337150
14  7 2138601666
10  1 61284103
23  17 1660150809
14  12 70012721
28  16 1670381068
11  14 1967475556
1  22 998931372
22  6 240305977
29  27 1390826510
1  29 743703856
11  22 223202957
10  26 697939603
28  14 1989322203
7  27 1895556871
24  13 1104606738
11  18 359462479
23  17 1551940556
20  26 1001250644
21  10 2021298040
28  11 863966516
15  22 2120809189
9  5 1245569228
20  8 174754477
3  11 1247530490
13  7 702315512
0  8 193353225
2  18 488010320
3  22 1278986181
14  13 13855277
10  26 740305194
26  28 1881510226
9  13 1270471838
20  15 119700706
6  17 1842724506
21  19 2088054352
0  11 826436206
19  25 351610592
3  2 1001616847
24  7 1478752312
