450 30 12 14
12  4 932246186
22  19 560996445
29  26 667766446
2  17 2139832604
20  0 1509867172
18  0 1161546313
13  25 991985935
20  25 1825182733
9  6 1970887925
20  10 820647847
29  25 754957096
5  24 1504890641
8  21 1514066655
11  18 497489467
23  29 8223196
17  8 36361827
29  11 1095990381
11  9 137235484
8  3 227534381
22  20 1455705456
29  14 132945257
27  20 746016931
7  16 1564462778
0  13 905568740
13  25 209342040
4  28 647983075
11  23 16100201
8  26 159001329
18  14 148361709
24  13 1511765329
11  1 1938155414
12  29 2143042529
14  21 232226317
23  25 2000258249
24  9 2059450750
10  4 1185660883
29  26 1400927618
24  7 1833633328
26  29 39555685
27  7 196754528
22  7 227655471
23  27 1940162707
16  14 1151267796
7  19 1654336133
6  28 137248656
20  28 1898165379
21  7 2045321845
28  27 1584821391
16  29 682439233
23  0 305619196
4  14 1469877581
27  5 1114272221
3  12 141823499
26  20 2131744274
12  22 321790046
7  13 361656472
9  13 547852516
9  26 652769430
4  23 846980006
27  5 1645708622
6  3 259137249
24  11 1656734403
14  6 1344064775
23  12 923666806
19  26 1673876346
21  8 229793965
5  8 429580049
28  29 1547509030
7  17 1865380538
19  6 359946745
24  16 194142124
17  20 1608169736
4  11 1147927117
2  3 1277997624
18  14 1085242473
5  17 1302136373
17  0 349804517
2  25 529673887
3  12 598245210
16  10 760257705
2  6 2144572894
17  4 899031949
9  12 2107797528
16  8 108466324
7  23 1245769344
17  5 48121047
14  10 1645595700
13  8 126602470
4  1 1049864594
29  5 250215916
22  25 1748370150
5  22 482859126
28  22 2064044251
28  20 1635209822
18  0 2135787599
27  9 23263799
20  6 407313010
12  21 709143477
28  17 457874634
13  25 1921694495
24  26 1082334714
11  14 1885687709
9  26 1963594410
25  16 113014976
6  10 1935511224
10  3 1094654057
21  2 273122018
18  6 2036948799
29  26 2116205514
5  17 523835943
6  28 341545794
14  24 1695846178
8  2 1238238443
15  6 1955861837
6  22 203501790
14  1 527236277
23  22 1138944030
2  23 1236869833
25  23 1545918261
15  24 209464366
17  19 1308615046
22  11 1207120362
1  6 393572997
9  17 682903132
7  9 418438385
13  8 732486541
8  11 711686857
13  2 798825937
28  2 843276281
20  23 1221741048
11  16 1997693740
1  23 759484123
7  4 14375376
1  11 1854531163
24  2 394256032
4  24 1742367186
28  20 1064968744
25  20 1441910996
11  15 1672047209
1  23 1248755127
27  16 1329522821
20  2 887419930
5  21 1142371405
10  0 1388282429
10  21 1380897599
17  26 317664977
17  5 127233603
16  2 1254927575
29  10 435072759
19  21 402152262
21  3 74877736
6  24 1587714737
4  20 1308857993
20  3 2012802854
13  10 2012988172
24  1 77407729
13  28 790509454
2  10 1120755978
25  19 205007414
10  14 1385967522
2  28 804527552
24  28 808017797
20  4 1789437070
14  19 1537725200
2  28 941055550
14  17 1218059647
0  23 869642037
6  28 1058382756
1  20 649426199
18  12 2058088400
6  21 1955320151
23  15 8612064
2  7 427865134
17  2 1921707714
20  5 1397908850
20  17 675405861
11  12 500633164
17  0 657191467
27  25 69688345
10  20 1490863308
13  5 1501517198
4  26 1018832340
23  24 1522443883
11  26 1870946830
14  11 669194580
11  12 1387855155
23  3 1673092483
12  1 1572551093
27  12 1922916349
16  22 582300896
10  8 403269192
13  20 1966227970
16  4 986480016
27  10 648752698
24  3 497121080
24  21 1533691764
6  24 1558879982
25  10 1243580885
15  26 1387198558
2  9 1121007787
7  18 792712004
16  14 742712980
17  4 312758552
18  26 328691383
14  29 2110062285
11  17 1735458640
11  19 742393389
14  1 1340431820
28  9 503126477
23  15 52094924
29  28 143034935
18  9 583121070
21  5 441914015
14  25 1979929196
2  12 1443863996
15  7 157669136
28  14 973763148
5  21 1237860043
24  15 299971995
21  15 1892838378
12  7 1389871007
19  20 3654706
19  4 1967321177
22  11 388167751
10  24 342105411
17  26 1360334843
18  22 1611803609
7  1 28182829
15  18 1832723930
22  8 194265828
25  9 440158114
6  23 1623608289
12  29 1389295549
2  1 291839744
15  3 1473254919
19  14 1055272807
21  14 1806960610
21  26 91568520
7  13 1421813199
2  1 548583335
12  7 306512948
17  11 1857665456
23  9 271852360
12  7 831639141
24  3 362038565
10  17 1913757480
26  1 2108357305
16  1 1568973617
18  9 36595581
17  1 1642593899
3  6 152808795
26  29 431214152
28  14 685870170
8  2 2023945814
2  29 713691571
5  12 641977259
19  4 1000784445
7  29 265429843
10  26 904241900
25  27 1360674641
12  26 1871150085
1  21 1746259597
0  7 1302200790
11  0 1985852315
17  9 1098313727
16  27 1709721449
14  4 288236401
29  21 1449484038
3  13 386776694
23  28 635403499
7  18 220236305
13  9 994512410
13  23 2120842963
14  12 114902748
15  6 1795790167
17  18 263685631
28  8 1892137171
26  21 1141805278
0  17 195164373
26  15 859897437
10  17 493834026
24  2 1085406542
10  23 1204160916
2  8 1641340509
26  3 532880734
1  27 2037717508
19  13 976503872
20  26 2060271012
25  11 55443611
8  10 332892067
25  9 1911054856
28  15 123431806
24  26 1731471062
11  10 975913176
22  3 144927254
1  18 1362327112
18  23 578401539
21  9 1067946527
6  7 24747531
9  12 1597066299
1  25 1266325255
4  5 2011685440
28  3 1213698796
12  4 264767764
5  14 1791420017
23  5 736061979
0  14 1818517039
25  3 1507163253
10  28 690025066
21  17 449206665
18  24 1421422428
13  29 1254822561
13  15 1534297047
23  13 540436062
22  1 731508898
2  10 529390111
8  11 888040451
11  28 426542827
18  2 2143945682
18  9 2029398476
27  6 189227437
26  22 1295856027
14  11 361597200
4  10 2059561789
18  1 1700375984
25  14 255499569
0  3 1252038178
26  16 1974536753
9  8 1410439104
20  7 1388282711
7  27 930162944
16  29 748095350
6  27 1328516970
19  28 59792153
18  15 2135779920
27  6 2040383890
24  9 177598969
6  5 1959673735
12  28 963152718
4  3 368332882
15  11 755180792
14  13 933366796
3  11 1149628161
4  1 1510561786
18  2 2088337045
5  20 1139272200
22  11 1045620519
25  10 1860298252
20  13 1529348435
1  4 553407815
3  11 1187503643
8  9 54183269
15  26 1259287573
24  5 846366823
13  6 1198634470
26  11 1741937016
18  24 1131148220
15  10 50077042
26  7 1099847885
14  29 359118789
3  29 1122547696
26  12 128817443
11  1 515940724
24  20 518092831
7  8 640645573
4  10 1944622095
20  6 1755446705
4  16 2056615542
1  25 1783160085
7  23 417797069
8  28 593960303
28  20 691429095
18  15 868596861
19  12 1643609004
4  1 2019600904
13  7 357671579
26  21 1656521286
10  24 82142681
18  10 1069729072
1  6 1165832810
10  20 1178937715
20  8 758643761
19  24 788852727
3  4 839256356
5  17 858587014
3  29 93182303
4  1 1865486184
16  24 952307230
20  7 1995447228
5  27 845938998
2  28 260594897
18  11 684305160
28  26 1627627884
25  24 2057845292
12  27 90592470
24  27 290282132
4  13 1268418120
28  2 2118954176
12  3 2084098453
17  13 248013737
1  11 1451525281
19  28 832984833
14  3 806357017
7  6 920346306
0  24 1842914129
17  9 1053189702
8  29 310370204
16  2 1061241347
0  24 1433550345
23  20 47172529
1  27 1492017167
26  16 1408413985
3  1 333533460
27  23 848798268
16  28 778516396
25  3 918103726
8  28 309501591
20  12 211060889
16  26 754374808
28  29 849936202
3  16 920303580
19  17 553579242
9  21 62735854
20  18 7039169
29  14 869385815
27  4 679654549
6  4 2127832369
8  4 2118312131
29  28 1709888408
3  21 1610245282
25  17 1684173026
24  5 1069737019
19  14 337676753
8  5 823573216
18  20 1783421326
1  7 131394900
22  5 956352474
14  27 2123945849
17  10 862089776
13  21 1640337031
22  3 265779615
18  10 889858420
8  2 1850976584
22  23 482770924
5  11 639659884
17  28 632061255
29  20 1252833173
15  9 293399379
24  19 2027027190
10  19 318632572
