450 30 24 18
27  14 1984678886
8  24 1481260811
26  24 1891923176
0  9 518438240
4  24 1066933693
0  23 785558053
18  12 160134848
23  15 764764699
14  20 883042033
17  8 1742177779
29  7 1151170674
8  28 1659552659
25  15 767752288
7  13 346549511
0  20 1270870690
15  19 1515284737
29  1 515910348
20  22 307252984
23  18 1474379360
27  13 1346957670
15  24 1351081536
29  14 1007162819
2  19 756083958
13  11 1561914164
20  19 48530262
2  7 341155491
21  8 832287431
18  15 1553608748
15  22 1943442215
27  29 1814408828
5  15 689795270
3  4 1171004292
18  7 1812380375
4  25 457225241
7  5 1435427837
23  24 1386292048
21  29 1494173733
1  3 121969965
7  24 606244936
19  8 1085623844
20  27 646079988
19  14 176118455
25  11 836728810
16  22 2062880167
10  29 769212542
22  0 1386809489
4  6 1964237308
22  6 607733974
13  4 286723593
21  27 396595560
7  22 1118295176
29  12 759719578
13  10 1045955133
10  29 2115581207
21  4 274944903
13  22 1342075296
6  10 446526868
19  13 1876647978
3  9 1857735108
12  15 849654418
2  21 1237626953
7  28 1244092973
18  19 1348379351
0  19 1868154862
5  22 478527875
9  22 115009354
13  10 1357664025
9  28 950381244
28  15 1334208319
8  27 104375230
0  18 2112428190
0  3 1383186037
18  20 603856416
9  6 1319340979
0  9 84987895
9  21 1315512154
28  19 621071907
3  15 1224990058
7  23 25810732
17  6 1559497100
13  16 238348073
4  0 789710463
5  16 567934444
11  19 1038391725
27  6 2072109654
15  2 1223852391
5  14 633851656
0  6 301368425
29  4 1807378353
6  28 1796434660
8  17 1114685103
17  5 1538799854
14  24 1441778395
18  13 371025502
21  20 1265522113
29  9 1261215238
16  11 1137813343
25  17 456446860
2  11 1779995805
5  4 1063677038
9  13 1990681295
15  23 2089391713
23  13 1702470620
8  17 544533005
19  18 1581207506
19  11 1043202158
28  0 1760904825
21  3 790836893
7  6 1170089243
15  29 1219455722
23  4 342165808
7  6 1921042620
20  24 2076215047
2  17 1675653883
28  5 864347200
21  20 1573080174
22  2 395255367
16  18 298135767
14  1 577413422
28  16 1783023251
17  8 766531103
27  22 1782514797
4  14 240595569
12  3 1424611414
1  23 968835533
25  3 675906981
11  23 2041999599
18  28 559973272
3  1 550378166
11  2 1937751754
24  7 80216064
15  21 930690209
22  11 1141366295
9  12 1219975831
21  24 1937006553
25  18 1003751002
13  27 245689308
1  15 1440239123
25  27 918959021
20  29 2043495688
13  26 228536333
14  27 1244716847
3  22 1406779593
28  27 238765811
3  16 1934510758
17  24 420711226
9  15 1321710515
14  3 822586462
28  3 939766715
17  0 1372356419
10  1 1935654442
20  7 1040162182
1  25 1168419341
10  16 196086531
18  5 825015385
14  27 998973846
15  17 1780836194
17  14 1143697843
5  21 474408824
29  4 1607740585
25  21 323579958
6  18 839071078
23  29 610513825
5  19 421916345
2  25 931551702
14  10 640359680
29  2 1483023344
7  23 268208173
26  25 1011281080
3  25 1671402968
18  19 511302479
4  12 474438439
15  29 902452239
15  29 1833716732
18  3 175453901
8  15 1525876452
13  18 2071999710
13  25 572371886
23  27 1337588261
13  16 792703691
8  13 972214413
7  20 1864005355
1  2 1808862455
26  25 1647065195
11  4 2082691939
10  29 305720329
26  21 1481177800
13  9 2009130071
10  21 1153483316
27  23 686089027
24  18 554616295
26  12 1402614298
22  9 1002811228
25  20 1126779193
25  4 781983254
27  17 1425414515
20  27 1877894356
14  13 1674103837
25  21 659348079
2  22 84666388
20  19 952520839
17  18 1538557904
14  0 1991756337
10  14 1162463645
20  4 1695632096
17  5 551719426
16  4 1762784349
28  12 1580106307
14  12 321391607
18  15 1753048821
12  4 701170907
6  9 1500890763
25  17 1289706179
7  11 1698256808
16  19 258547481
16  21 1368294141
19  12 168629417
29  18 1852690927
7  16 159391702
3  13 339874816
27  0 1852507386
22  23 256384762
1  3 148124905
14  29 1794355226
4  22 302902168
11  5 1253209809
9  19 220326279
20  23 1498766818
28  25 1368538890
12  25 33883639
27  4 658616288
17  5 286536177
14  26 219636966
19  16 1516412991
7  26 1474162874
18  5 1298653890
7  24 2029534550
3  28 1378957248
21  11 794420525
29  9 1919181876
26  1 2034240980
27  25 428581375
27  12 382647925
29  20 204754104
8  21 1888341129
2  13 805285757
24  1 257048307
20  25 489083241
25  15 1373011389
11  0 334470808
12  27 1700579750
23  25 1758028916
23  25 502430045
27  2 774489278
28  7 2144972654
3  11 1628622592
11  17 243213254
2  8 2121505054
21  9 890112099
4  9 1104425662
28  27 1908489903
26  15 1602892946
14  4 497044476
8  23 1065079807
11  6 151985664
24  23 1420785724
17  21 1988013278
25  12 663583482
17  6 335093244
8  5 1991065308
14  26 1475773121
28  8 1589258594
20  5 1531445559
12  21 1643738689
24  0 1055383317
14  17 640431003
13  12 1577649056
25  13 1474565581
26  1 112462388
28  23 40526739
26  2 2008240991
19  14 886973782
6  23 1379900294
6  8 1803281369
6  2 328013895
24  3 847434674
25  18 737002494
23  3 287752023
22  16 1430721578
24  1 1066129054
6  1 1740094303
22  8 1464125907
3  0 1569588278
4  13 1123458953
23  18 1936817891
23  21 1195020954
5  23 233877686
13  16 771673780
0  22 937887525
29  27 317612777
8  9 207228166
17  29 61190007
4  20 1954149046
18  6 1608837773
22  3 95954921
18  7 125848159
28  4 1711059591
24  28 45953411
25  6 1612888705
10  0 842329287
17  23 1440315381
3  20 1710704877
2  27 928201890
14  3 1008495464
5  25 1430849685
0  5 724367349
8  3 1269376542
12  2 877672855
24  22 126787665
4  21 615651698
28  5 1154656222
28  27 371818282
14  6 2122550172
19  4 326027075
12  28 300094772
26  17 449862459
10  22 292517434
20  15 1905723109
1  18 1590175234
17  14 1938705764
18  4 1460215169
20  16 834512495
23  2 1263962482
27  23 355132942
11  17 2111452764
29  1 1254619872
17  8 884829568
16  2 1729815240
15  20 1341506454
19  14 1823489548
26  12 1684813463
3  28 2033802993
20  17 1077639103
5  20 38755725
0  5 1002168247
17  0 1225631851
29  3 822351313
15  5 405285069
27  20 1652209739
12  5 32668167
5  23 783300039
22  26 1631417843
11  25 1857272592
15  5 1842566920
12  7 483272548
22  25 558852362
0  12 1531001312
16  29 259802312
13  6 1250650214
3  25 1284910497
28  0 2006629310
4  21 1048581919
15  25 507495724
29  16 1937010607
21  1 190387934
3  27 1139890942
0  19 1200266422
29  8 1815420600
25  8 83038108
4  16 1479150187
11  4 532994243
29  20 149709350
18  28 1989284130
25  29 1455193719
14  24 1064626823
1  24 1972807340
1  2 791689737
13  26 710305538
15  26 1332338214
1  17 973265145
18  27 1760459938
24  22 2058053907
22  27 606800906
27  8 1619893401
24  4 1001808329
15  27 1195262417
12  22 1481104768
13  15 252876132
8  14 46550803
11  28 1271689873
12  20 1709602886
29  26 816882364
12  8 1641244054
20  16 542411150
28  8 1430154997
25  4 1017933360
12  13 1640455724
16  2 73995682
17  1 1871620750
27  7 705476554
2  15 817689316
10  13 1044700847
2  20 2131497579
15  25 1616896831
9  10 1744102610
10  29 1491647584
26  2 303453746
22  26 1450298184
8  16 2108252789
4  9 328349268
27  24 197968149
17  12 39363247
19  28 1967605981
5  23 1296012213
23  21 2051200328
29  10 438164353
12  26 1670827949
7  28 1593253376
29  11 1273437395
12  16 268586763
8  20 1532865140
2  0 1697113331
21  24 1805000806
27  20 918850075
27  25 585438385
12  20 772972903
13  28 886489204
7  5 2022994015
29  12 701380218
14  8 291193375
14  8 1777964283
14  18 689957854
5  24 566490829
3  16 706075369
24  7 1633468508
5  10 183672730
21  7 1558531487
6  19 924218064
26  5 1029378135
26  11 275031848
4  7 1521117960
21  13 365409796
21  28 1169281167
13  12 121134010
3  1 1608481431
28  9 1018007470
25  2 219397610
7  8 837077348
12  16 1704647240
11  7 298555154
