450 30 9 22
15  28 1403954445
28  11 1097984961
12  15 2137177433
5  12 192814676
24  17 1282824072
12  19 750064618
27  22 823031339
15  17 250964997
15  5 1583652291
4  16 1506483671
12  7 1449331221
21  26 764078639
28  20 1597546094
25  3 541073884
12  11 1679278385
26  15 372465178
29  28 781377995
24  4 812221678
17  26 864534612
11  17 581908548
29  6 1218406582
7  24 300404507
23  13 826868598
14  26 1620500675
26  1 128246590
18  5 2118454244
0  12 1796449272
13  11 1174484275
1  13 1099156189
10  28 1410609631
22  15 298871938
0  4 1027136842
3  5 1766161892
0  16 1016600577
27  9 1403752333
11  6 486805363
16  26 1736990277
22  13 1436932107
25  13 1046753926
4  20 1055226136
7  0 1496065861
14  15 314985148
16  9 1066817242
10  7 1187891460
4  28 1616905512
0  24 1392035841
5  10 1468250308
7  25 1968141376
24  22 727964021
24  20 1912343493
12  20 1774944309
20  0 1767035868
27  15 551131023
17  9 368474685
2  14 1431989706
29  25 409613716
18  26 224562800
14  1 1533332409
21  2 1229852067
6  3 1974267836
1  24 350109269
13  17 1086802142
18  1 549260682
16  25 898480884
22  20 1609461543
17  27 250776033
25  27 209030751
15  20 907318544
10  19 1220156325
23  13 1226448561
10  19 477797648
10  27 247083513
11  5 1280757469
4  23 558091839
22  12 1567914485
3  0 1717473636
0  26 8649709
27  0 999826609
24  11 1814713306
0  29 286268432
21  6 1055061266
15  12 401738805
19  15 287758358
10  0 2093898566
12  11 145593359
10  7 1588645238
9  12 1487188408
29  3 515719009
25  23 1292243385
29  17 126338550
22  26 1476001169
18  27 305487184
0  26 1685016020
7  27 103903698
0  2 204992158
9  29 324902732
21  2 1502149498
26  9 128247956
28  10 1937218770
9  20 1496851003
13  3 962408568
4  25 2125388446
19  28 1845519230
20  7 1291308757
22  12 1038470483
29  21 2045347642
7  26 1301705107
24  14 1817675461
3  14 906097959
27  3 840459923
23  4 1870024768
2  17 1920296655
29  13 1982903815
2  28 61169582
4  2 2044385133
9  23 1098782694
10  28 783268411
3  25 840348052
10  27 696276897
19  8 1649457136
26  15 223800697
28  5 1472066384
15  10 187387722
15  19 612943308
24  26 808701543
2  8 639857043
21  14 1868928404
9  10 2122518924
22  28 590044709
6  7 1211177306
8  5 1785277526
6  25 2025522169
11  5 881111310
11  21 1485577189
2  29 561428316
20  0 534763850
8  21 736920174
9  2 219842946
15  0 1924364195
21  29 975886211
3  20 1769809972
8  15 1705772689
28  3 528807246
14  19 824306125
20  21 1084280217
23  20 1507388834
6  28 221112287
18  15 1273011820
13  11 1011593521
29  24 1701624396
11  28 1595305228
25  8 1096623731
4  25 509025965
5  12 1392265475
4  2 1045080584
23  5 547552989
5  27 1239493340
11  26 1898177479
12  0 1232691866
1  18 856491106
7  22 2121729421
9  0 2036844080
3  4 264932412
25  24 2037025170
26  23 1085710507
12  17 2022869328
7  21 1521394986
28  0 1824471831
0  29 309256825
0  16 1195177444
2  23 922523164
19  13 2140446793
4  8 1907916487
23  20 695432174
20  23 2129114495
6  12 614787367
28  22 1081271312
6  16 1149823262
13  12 1703164443
18  28 1500266539
18  9 1269838252
17  9 2137547093
19  12 766068916
15  16 2051257004
8  29 1062192984
22  28 1631754664
10  24 873166687
25  22 870791420
20  27 1246680266
11  20 1787577180
2  23 410939265
19  23 1120118707
0  24 1891979454
16  15 1764501393
7  17 71023259
21  15 1639759421
4  26 1648898693
17  12 35640967
23  4 1249189435
29  3 1214234254
19  28 1853277303
1  28 284163566
3  12 814378649
10  16 32129433
17  18 131504768
3  21 1408145897
0  21 2121828797
24  26 207483979
1  14 377427229
22  15 1918625422
21  0 460629210
24  10 1443896808
3  25 384505421
4  0 1871092676
20  7 1734292993
0  21 1742717389
20  9 341257081
7  16 1055267608
7  1 1764914191
9  12 1562407178
23  28 1517006802
0  12 464910140
0  3 1367410388
4  13 1275416208
6  20 339748777
17  0 756244174
22  5 1306979146
2  29 17278794
26  22 443115606
15  3 100958008
26  6 157443043
2  19 1088103400
0  19 1723102322
0  4 2002250359
24  15 1141792851
13  5 760767396
21  6 609971885
19  9 1997783013
5  18 477503751
2  12 1139520356
27  16 1728899847
24  20 692505209
17  5 1777571719
17  21 1540392554
11  5 1299038833
5  0 81134261
3  19 621535568
1  4 1825937326
21  12 477309623
3  20 1159387300
13  0 892298920
0  26 559522587
3  0 1523492092
27  17 1118774208
19  7 198748723
3  8 884873179
14  10 491785072
8  1 1959488915
15  13 136017434
25  11 1942263131
17  27 1650469268
9  11 186647494
21  23 1716573090
5  16 1703166659
19  16 1480250326
26  13 797330133
20  21 2147444217
4  24 353231219
13  24 771780218
15  26 356756620
19  26 818463798
8  4 1490204170
1  24 1544368360
24  3 463795306
10  22 2117270254
23  13 388821414
7  4 284244245
19  10 601353847
16  20 212886767
4  1 492630707
25  23 78385091
24  23 916536237
25  5 1944079008
11  23 1026194988
1  26 1517522182
5  12 2109549350
29  16 465769960
21  14 1726404351
27  14 419645055
23  14 306845709
13  25 2034046218
25  22 1754688812
20  18 1210011557
29  13 968307234
18  8 1885438428
18  26 1759635723
20  19 1656235850
9  7 810439559
25  5 590210009
11  17 1739070081
28  6 1392788050
27  3 1736843565
13  10 226953622
7  12 723627005
3  6 1335718988
13  4 146705670
27  8 716171601
17  19 1256508065
7  2 1991315606
14  19 926354596
21  18 1966245799
17  3 300409843
20  7 1314466177
10  13 1870283827
18  23 102228378
21  18 485669003
1  29 1290760886
12  28 764297697
0  19 636240704
26  1 2094484191
5  1 1510422277
23  2 1440683722
24  25 1001931120
2  26 205058726
7  17 1707493497
9  11 37075650
27  3 1683329757
6  23 1473658156
6  19 1822415046
21  17 1993399782
9  5 1200049002
12  14 1443884810
12  11 2041053843
2  5 400243088
23  25 760293801
19  0 399124041
26  29 377062226
21  13 1208136585
11  15 1316680651
18  7 1096430460
8  0 309248913
9  2 806909352
3  1 798554524
25  19 1430578711
5  0 1305084850
25  13 996399830
20  10 152815646
13  26 464126099
7  14 897262893
10  27 20194078
11  18 1279588556
13  27 1861626810
8  25 1834684406
14  3 284778392
2  18 457126332
7  19 2124794586
18  17 1844897400
0  27 15926046
8  9 1052914477
2  22 1739572219
15  19 1813003103
14  18 1964101126
10  4 1523704734
19  16 388398877
11  26 728355534
16  2 1096108866
11  28 1778163746
23  8 496271157
16  26 641232251
13  26 931725653
5  9 24698768
2  17 1222991897
3  15 306347881
29  8 1133029050
18  28 113102369
27  18 1611272058
22  28 535500272
24  25 165779979
21  16 1143852091
26  3 52046523
3  24 1333469389
8  19 1662122671
9  4 594408553
28  29 1549697638
18  12 1261906206
18  2 330338223
22  14 1482712659
20  4 533520913
27  21 812069275
18  27 1829463103
29  27 1756928145
5  11 957879872
7  23 1749231954
27  22 1865228623
21  6 1559557040
9  10 752675284
2  8 319345785
14  15 584923217
17  26 72265764
19  27 1361511120
4  16 1947286947
11  7 313064688
26  18 848275653
4  21 1179150826
27  16 452854998
26  24 439025159
15  5 513119955
6  17 287173351
0  18 1558857111
19  11 137363150
16  22 839370698
15  29 985343414
22  21 1185013445
13  18 251274496
5  0 1069126203
7  2 1139336741
17  0 692509870
2  27 205796656
22  8 171453720
10  9 1379156753
3  29 1274414491
12  29 249178099
20  1 1737076059
4  14 1114337099
26  13 141356154
7  11 304259799
16  22 2016828870
0  20 377052933
24  5 245445782
4  6 1434763231
3  7 1723688410
9  13 344833384
22  5 867016641
12  16 203306049
13  22 1895588930
12  5 169123517
15  17 1945755562
8  9 279573585
14  16 1103789956
6  29 418136661
13  16 1898235741
7  19 1493944046
6  4 1252748786
24  19 839877372
24  18 2000691366
18  20 1379877233
10  9 158566051
5  7 491020191
8  21 1475302666
13  18 1336021689
