450 30 1 6
6  21 366042414
13  3 1978997195
2  16 73541597
26  13 502209742
28  29 2013705919
11  13 1068358395
19  7 434834155
24  9 1336558647
21  28 773628321
8  6 1804251327
2  21 1068252807
11  5 998884116
16  3 1742485827
22  29 520364799
28  13 257776263
8  29 222271650
28  15 316810562
28  20 1073232721
5  18 1141872386
26  8 1543535775
17  28 925375063
13  26 7959441
17  20 51659632
8  11 2118897880
11  8 2115564365
27  7 892238483
29  27 2119139502
7  8 777871617
1  5 1894638285
9  13 1764310056
29  4 993394320
27  22 1149479641
24  21 534873099
5  19 2051866794
16  6 15374393
10  26 515713811
27  13 135156441
15  1 1823464177
20  25 1034242469
23  17 409672944
9  17 1509099985
7  23 1280066236
9  20 1523264891
26  20 160905171
10  0 2075872688
25  13 1171819075
25  26 648190220
2  7 2118010408
14  13 83435734
9  15 129286750
8  5 1327087169
28  25 75011631
2  8 994927000
17  4 927945436
6  15 1794032223
23  21 446417409
1  14 1484957394
8  25 1072380084
12  8 832790698
14  12 1350971035
20  18 33269428
26  6 1631289988
25  1 1592838317
7  14 1533652574
26  23 1987093344
12  16 1466161169
10  24 1092749306
23  2 1120692057
23  26 1989135244
25  14 554333796
12  27 1550960596
10  5 1639917191
14  10 722727843
4  23 1420567206
16  21 294256709
4  19 116328612
3  16 1544239512
11  18 956027833
12  11 157777660
15  8 614853926
6  27 1017353923
24  26 723063951
20  17 1771683344
4  13 546808753
15  12 605953959
28  2 344957232
8  9 288989199
28  29 1374892837
9  8 216519906
26  19 1548600580
8  29 2104216619
25  17 637783736
4  26 1008303237
15  16 1375562184
15  10 1542280475
20  5 2015985299
2  24 349692827
24  14 1880673645
23  19 592563049
25  17 1468121338
27  0 1106499797
14  15 1146934575
28  11 303915610
16  22 1946175471
10  26 1622975087
0  10 2071442652
7  13 414430516
21  11 152752368
4  18 658166832
6  24 1954812308
19  23 503705563
17  4 34685139
21  19 1628870914
7  20 2038597102
1  19 715691149
1  28 693189348
24  11 770799923
1  14 1383078970
26  6 2072161638
0  25 1721072963
17  12 400044447
6  29 2104361599
18  5 1191223092
12  8 1863207655
19  8 48072108
29  0 1866080391
1  23 1460944318
5  18 997282612
15  20 1877042295
13  2 1027854324
20  15 722617689
4  8 1456280272
25  27 1675734249
7  28 1122486128
5  25 1224517943
20  26 1302960089
4  27 1589239258
23  2 1640201064
6  22 356550925
12  6 802193811
6  28 1807093198
17  14 655109701
4  6 1736597489
28  25 634584320
11  25 1051773338
24  19 405825377
11  17 69206173
2  13 683658164
27  7 486485183
11  29 1868501121
19  8 408575055
13  9 1753895377
21  9 1202879868
10  13 158514737
16  12 1076373235
15  14 1851647504
13  18 366787013
17  13 1687330796
15  3 180696999
8  19 1822663892
9  24 1348604454
15  13 1207803147
14  4 1968382240
5  14 749812440
25  1 437989641
6  15 1725419386
12  25 634514907
18  1 1565471190
23  7 198232078
0  14 381392605
20  28 2005359904
21  26 228054855
28  20 2007615185
26  13 1885239415
14  20 1081492667
5  23 1960396643
4  6 897353985
18  20 730906377
4  10 1292631183
29  18 1002409810
13  29 1178469325
14  29 1484301732
28  11 1427749812
14  12 386151314
24  8 1986537412
28  27 148301287
12  21 46055569
24  3 770234091
25  14 1095921757
1  10 689564239
24  22 2105031327
5  13 1995635364
19  17 642205590
3  24 2109036900
29  2 731197515
11  14 2045492276
23  6 1612683241
26  12 572104553
23  6 340238007
24  29 152921117
3  11 1653798147
19  24 178420084
26  13 146077122
16  0 515719340
0  29 1549325305
24  16 1057662035
0  23 1568919370
9  19 1820083093
19  4 809378930
4  8 1993764885
1  12 1123686622
10  12 496721369
23  20 1305928029
22  5 1586351232
16  18 946251143
9  7 857245786
24  25 1575120265
29  9 178624963
0  22 553182582
1  28 1697431616
14  8 356153761
5  18 909267627
21  24 756394198
18  27 1647244327
10  15 324440926
12  22 2014148957
5  7 1913382382
21  6 939498272
21  26 118118452
5  18 1991734647
4  25 915449207
8  29 1509669053
24  10 1982897696
24  1 366186909
27  11 1174470380
18  20 1672214722
2  24 1003925800
27  16 1218903992
11  26 1697245519
29  14 1199222384
22  17 845281228
26  1 1007655970
8  9 294808185
4  11 495922007
24  26 1109788922
21  16 1834381478
25  6 1775466062
0  9 1263003171
1  20 276772586
17  12 1015049856
24  5 1380282980
11  22 836471802
22  23 285202648
20  10 2139590392
1  22 930168888
17  7 1834985728
7  19 563779517
11  27 1230962554
19  15 1624984640
4  8 1205422882
19  14 1969112534
11  24 1643279289
11  15 1449661304
24  19 90294923
11  24 277572435
6  2 414351265
2  3 1570946769
24  2 1514981037
10  2 387375269
0  19 1820519360
10  23 107633252
14  13 1930672778
9  20 1842485795
25  19 74692626
26  25 2091055335
19  24 1000350936
17  4 1315220937
15  17 1143973099
6  20 754326910
28  26 649581727
20  8 337173638
21  10 18713610
3  29 2089867044
20  10 113913127
17  9 308595574
7  2 60523854
9  29 1119894957
23  3 638697037
9  26 1855733243
17  9 2109231099
26  4 1994875425
24  12 1512296556
20  7 1931485692
9  2 728377038
13  15 2135686113
21  0 1254995255
23  7 726143650
20  27 857430639
11  5 1216004237
4  12 1958321751
1  28 83710087
27  18 1655599808
9  11 9081156
13  6 170382069
2  18 1940460064
29  0 1930548794
2  17 1671723666
7  25 2135963891
26  5 62959646
9  25 890957731
19  13 78818022
19  29 1505344313
20  0 1039676816
11  2 2013572827
20  29 43998802
15  29 495594272
13  1 1290325948
2  8 1121342989
6  18 1198086615
26  11 1547617334
28  22 620749766
25  21 1024218787
22  19 2064163075
6  21 2116483746
2  21 114079087
27  7 1801100450
6  25 501663936
4  25 2067544563
10  28 1889212647
28  20 524231482
3  16 1665993425
17  25 467941288
16  12 1658175290
20  15 2017023615
12  25 1891711859
0  4 64041136
18  19 1953092436
15  2 2003625480
26  3 959433833
25  24 1991062586
25  16 1007642489
1  2 1286293339
18  5 2135285107
29  13 1500131311
17  14 1514256509
7  15 1530175612
17  22 24187429
11  3 958957851
11  23 57238410
23  6 1086513105
25  14 1507165597
8  12 1592006531
12  26 1544592083
21  16 634029917
20  5 1494945628
16  21 1341734570
26  21 32464980
14  28 1986067209
22  27 1664921144
16  23 882209773
19  29 181811036
14  19 2081242294
26  0 370138724
24  7 1160653813
3  22 1807458603
4  9 866572583
8  28 316099319
23  27 1253408061
21  13 880415908
27  12 749148289
25  16 1080115947
19  26 2082241105
7  22 2025504544
23  4 907795055
16  18 2105586790
17  25 1559517524
17  18 1901705843
23  3 1453252137
6  29 674158837
25  8 636754088
1  19 306924569
12  10 865950113
6  15 204302184
12  1 987403905
9  19 641241191
14  4 813385981
17  10 250229572
22  13 1666180852
23  3 616225184
27  4 115218540
0  7 840986859
11  3 1049051488
22  26 1335422410
19  12 487481698
10  28 55550097
25  23 1086158362
4  7 166967779
21  17 370189515
19  29 2131039848
6  23 138555846
11  28 891578959
24  14 1384304665
5  21 619065089
17  10 1315084429
9  8 1211071052
19  10 1775979154
22  15 823232019
27  28 19046887
17  4 578694514
19  5 875957602
25  24 2121863188
8  13 439255171
27  2 1638498658
24  12 185806443
27  23 1286867331
3  14 529344749
12  20 784553379
3  21 507688221
11  15 1517972951
19  12 1555261068
21  7 1219457861
22  29 1166140859
29  23 682030601
1  9 1024650152
0  3 893384743
14  7 1809618397
9  2 218655316
7  13 1701286083
26  25 398066981
17  18 151012631
21  29 2146925217
20  1 2135413172
4  2 1380580701
9  3 734193032
5  7 88765890
11  8 1686259517
7  23 545130206
2  18 881798272
23  28 675664314
1  18 1212694598
3  28 1418410694
10  22 1237136279
5  27 677434651
19  26 715059578
18  28 1401181146
20  3 189338445
21  0 486544362
12  19 730151432
23  10 1959457790
11  4 776826331
