450 30 27 17
29  24 511412298
23  5 242115591
23  10 1330149841
10  5 760416132
11  25 1542859693
20  19 927900333
7  25 589310946
29  9 822870166
11  0 1717300129
27  19 2034084191
2  16 123902581
0  25 1730205018
14  18 1416116237
13  10 1776989045
1  16 1472400948
14  26 139326263
16  22 1128047024
19  10 522102015
29  7 1301615569
8  25 1478901611
13  3 1448379264
4  11 476782022
0  19 432272478
26  3 1494159061
0  26 203107156
29  13 1363002830
16  12 1603359870
18  20 1914699924
20  0 1749513668
12  0 938764626
18  3 831511980
20  5 1751162772
11  25 1515123798
12  29 4917035
12  3 474566671
18  16 1614555637
0  13 940767865
0  25 841049834
10  6 1202294231
26  2 232332777
3  26 2048560706
18  21 752103247
27  4 514250722
19  10 367821804
12  11 1347500330
18  19 1752019052
8  18 2046870381
24  4 973386343
0  11 1729322961
19  21 1591085901
8  11 1703881615
8  6 1515367105
23  20 2111158291
23  5 1664970886
10  17 97507259
6  7 157571416
17  19 2055904326
17  21 1011384980
26  9 1067782774
16  25 1510079067
10  25 803221828
11  25 725006487
19  8 325120734
28  14 32746967
13  22 949505909
21  10 810463901
27  0 1890505125
15  13 829387363
8  9 42294489
23  13 980035577
17  18 469224404
27  1 172300887
22  15 1328527073
19  10 22172287
8  11 889671031
0  4 1767378615
23  17 1875710302
13  28 769722789
7  4 1718725988
19  23 691942662
11  23 1692546465
13  6 1950259955
3  12 1296683606
23  24 1266775477
22  21 531480787
15  2 334396236
29  21 1523193438
27  12 704707651
23  22 2070152527
29  6 1376461653
2  12 1057651317
23  4 2115780973
15  22 106316554
15  28 152052234
11  8 366366050
4  29 1140376217
23  24 1073454416
13  19 1433121857
27  26 1557933608
27  8 149903990
22  18 1540576443
20  26 856147490
15  14 90220696
23  3 1158337259
4  2 919084934
23  12 1477826230
6  19 147333619
18  10 508575676
12  14 472819920
10  3 1371941810
4  7 1413417530
23  3 1925974298
13  0 59734573
20  5 335796833
1  3 882191100
29  22 77853130
10  16 2046203568
24  29 41418160
5  2 798769972
21  26 1981893922
4  23 1936036000
27  6 787298189
22  6 90014304
23  27 1832761563
25  10 1747423283
8  4 1714672062
10  13 1932563633
5  27 1418830507
23  14 89078849
12  25 1995226569
7  28 238062233
25  20 492288945
3  27 1817004528
4  14 1154314885
15  12 1140106295
2  22 958989513
22  16 2124676488
15  2 949717733
9  10 1778650739
26  2 917282026
14  19 334994623
6  3 1310214991
27  13 74734787
27  13 610820946
20  11 1958719778
27  25 241352329
18  1 1688445977
8  4 1062172169
28  14 580570008
10  4 339685961
9  8 460302196
15  19 842665869
27  0 1459456563
21  20 1461313020
25  16 1580171958
28  12 152103218
26  1 2055364084
21  26 1476143309
20  11 1977831140
26  21 928186830
20  14 474278708
9  8 1968299114
1  17 482755303
10  27 1180357450
8  23 2095091778
27  22 825457946
6  7 1328978865
23  19 707387262
20  23 277572405
20  5 1953837733
0  14 1475115591
22  29 2018585709
17  28 171600551
1  15 853667313
6  28 1295060267
1  9 148015742
11  24 1730841851
24  1 1048163858
18  1 1846066336
21  17 782950409
15  6 1429054506
18  4 334843971
18  25 1610911301
26  15 32377315
15  14 1584689612
17  11 1854286776
17  15 2035958420
26  6 1544910092
20  3 875555329
25  7 356536433
9  1 1739521482
19  24 1955535121
10  15 1932670371
25  10 1642010508
22  16 1352617615
23  22 1442524533
14  26 678267755
1  12 381548032
1  21 1278512427
8  23 417766309
5  2 698476824
12  29 1095211
17  26 1833278703
11  4 684677899
3  12 1977976886
10  2 105989091
7  0 1367677819
6  12 502813185
20  8 1056050986
0  13 552464781
10  19 531532737
18  12 928242978
10  6 1979948050
16  8 1110204769
29  14 1691039066
5  22 1905713638
2  20 757753230
12  3 1367846010
25  9 615317853
9  6 2039894113
26  17 1471206942
24  23 1176631690
10  26 421493507
12  3 1681467697
3  29 681989961
29  3 845901969
18  24 1979552623
17  2 948909860
7  26 196827357
18  2 267329826
3  23 2117425356
27  2 2068715177
25  19 766585590
6  20 724402245
23  25 2084402695
6  26 293529171
0  22 93900561
13  2 1394701509
9  5 1053711051
25  7 1830565846
5  15 1868042095
18  13 1895664963
9  27 85711100
0  15 730917975
11  1 853971174
10  17 1613059350
16  7 671394437
7  9 1095155475
11  7 2049021286
15  11 1874752583
11  26 970928117
16  28 625828441
24  1 1746666245
25  8 2027493400
19  21 1428827215
9  15 797598452
7  25 1428127447
11  19 966389412
16  6 1680216029
6  21 1753729850
16  11 766001868
29  8 1324384095
4  11 226404358
24  14 951489743
27  7 1045267820
19  26 433990942
17  22 1652640744
15  1 1090292543
24  5 488658576
3  22 211909701
12  19 1729120345
13  29 542359280
25  10 511355821
16  29 1182908172
16  6 1206846497
11  16 349542912
7  22 1183575590
28  16 704935866
19  5 822827120
19  13 1733893389
11  8 534408969
25  4 1502412726
2  19 1533589978
6  7 812743192
22  3 1196751919
8  19 165048561
4  27 830377602
20  23 585377728
4  19 1500424695
26  4 527981094
18  20 1725702818
13  4 1913514245
12  26 148107062
12  29 1653903859
6  5 1808710831
4  11 130934958
20  23 1997882039
28  7 129052337
0  16 758419050
20  2 1962466964
19  10 1477264794
6  10 1254966816
11  29 1567072346
13  8 2025427955
22  13 1119499522
26  11 844279050
24  28 335615153
28  10 652970640
15  28 1574219293
22  11 1975748173
14  10 1968704628
18  25 1475582735
8  13 309152969
2  7 455402564
11  19 766894020
14  5 228930743
11  25 1605818405
8  7 440190639
22  28 789519836
12  28 521171908
12  28 1661211860
20  22 438654688
5  11 24072195
25  13 1944932895
8  22 1034841422
10  21 2017012084
4  28 1942366394
27  10 247317987
20  24 1411115811
9  3 212451203
16  20 177061042
19  0 1425354583
16  26 2054784019
15  14 1248131192
29  5 1383366609
6  11 1835484569
7  19 83156191
7  2 1503888249
1  10 626481998
13  12 1777905623
25  21 1075493023
27  13 559651440
2  10 176270811
24  13 300740250
0  29 1897676262
21  26 1482034955
6  16 1421395649
9  13 158154187
8  1 1521336458
23  29 18043880
21  2 834922147
20  17 363010177
12  16 1174612958
25  5 965099712
28  23 1936953876
1  0 1112945776
5  29 25434838
0  24 1739170216
9  3 517686914
21  22 2116034780
8  5 1165872651
1  6 1284920194
14  23 220705191
16  2 1822597330
10  15 770694917
12  11 539182678
1  29 583714364
0  8 1498061420
6  4 399044133
11  28 876355368
7  23 924375634
28  24 2034883395
11  29 512768603
25  15 325122420
28  13 1681408675
27  6 946556359
25  4 427846400
27  10 1738810253
11  17 1206554342
8  13 93254432
22  15 2043996597
2  13 868944481
9  28 1210407376
23  21 100460712
22  0 697565119
4  17 1256922607
24  21 1430969639
26  27 178598012
3  10 11579278
23  22 1807431539
0  26 288116386
6  28 507693570
4  21 607428567
2  21 1756772208
24  22 729320285
2  13 1443878933
21  2 1989490980
28  26 695978103
20  15 1607404459
19  9 97874496
8  20 942193302
21  4 442007382
5  19 867101803
2  29 2103253398
7  18 799827567
9  22 1027722274
18  25 1778169747
1  3 2035352199
12  26 1017919454
17  4 1168502049
23  26 927848261
16  7 1730543414
11  2 1115875650
19  21 1874146205
4  20 449022520
20  24 77742225
5  11 1077083313
17  3 68044014
8  1 184321117
1  28 1752632702
14  27 1583243232
24  0 677364233
7  24 830565528
28  2 1800242542
0  9 674836106
2  14 1413503183
2  6 1556690695
25  27 1112431486
0  16 766390295
16  20 304618243
10  3 514933175
2  28 1265189704
7  18 1027790381
12  17 1779073741
6  22 114879009
20  7 1910647890
13  9 210847198
0  4 1729911546
26  2 1669441890
27  0 1539174696
13  5 630351151
20  3 434727239
26  1 404321257
8  7 1704816977
13  0 1072679290
2  10 668231885
1  26 1232060444
25  17 79268797
27  12 1107651297
28  14 1568600701
