450 30 19 7
27  4 265608471
8  28 344941663
0  9 1111290925
16  9 2006382639
6  15 1894755451
5  25 1857778542
23  7 961196013
8  11 974344939
22  21 734070258
10  19 937748246
11  6 115335159
16  21 1419838936
27  11 1013134462
19  14 741570189
2  24 934421606
3  24 496854712
3  7 132577263
14  22 869894550
15  12 963623704
3  27 89797349
16  27 1720065839
0  17 395516162
18  24 530467533
2  20 343362328
2  12 540262599
12  18 1582452054
22  25 554700404
3  27 18414372
23  12 1866244122
27  10 21983351
3  22 1667369145
23  26 378990772
4  25 1548655597
12  2 1771180941
24  7 62636658
1  20 1589397622
14  8 112636336
3  8 853158069
10  22 1083238344
11  3 267275216
19  0 115681391
23  14 1656607206
15  11 2052760567
2  29 1276915247
12  1 1700807242
17  24 2047426293
14  23 1714373073
0  13 279320365
13  19 1300562968
9  1 1009498251
6  3 996120800
0  23 2128864431
1  9 1846521454
16  14 573934622
6  29 17089595
2  18 375696468
18  5 634314294
9  0 1847700646
23  17 73003154
16  23 2084346489
19  29 1646841815
29  2 481374734
8  3 1735969883
5  27 1399322214
12  7 597868030
26  24 86752881
15  4 2091070847
3  27 1132874424
24  20 415179857
20  9 1646648670
25  0 227594925
11  17 642002528
9  28 836160375
8  12 387236624
9  28 1385349514
19  15 857695548
28  12 300000936
12  6 919735242
20  23 706993835
24  0 577401635
29  21 72457831
26  17 858277104
9  12 1385310504
5  27 739332503
24  15 1890924967
11  5 972794188
4  25 1482659843
13  26 601841410
12  2 362447533
26  21 150509742
16  21 564356659
24  22 1256737594
11  2 984286144
3  13 1491152806
15  14 1030781977
27  22 525414475
8  4 1935991683
8  20 1158725825
21  16 1366954614
15  23 974732997
0  28 1495434791
16  25 370472759
16  13 2024852687
11  13 1463987296
10  15 816724030
24  17 1296587417
11  16 1429084139
17  26 2062884843
16  4 723916621
4  28 1659827092
3  14 1296724744
8  12 606042216
28  21 2123948110
20  21 975166604
12  16 2071392112
21  22 1078867791
27  16 834161010
21  17 2120448000
0  28 99951478
13  11 617072106
10  8 2112145652
24  3 376360381
14  17 1614912924
12  16 686531315
20  10 1449417767
9  16 1905261539
23  2 1265027876
20  1 655135545
5  20 987402511
6  21 417745029
2  14 2110715119
15  3 88809519
24  12 1522552934
22  21 1864498645
11  17 1668233852
6  4 2061813621
7  10 953359048
9  19 899457751
7  24 1161048398
5  8 628587121
5  29 744234643
11  19 1970647235
7  25 1025995815
14  18 1439437354
17  25 1879890414
9  23 94364780
2  21 1517191491
11  22 440825103
20  22 2078760587
19  7 892928315
10  17 595105100
13  17 1260348971
14  27 2147404324
7  12 1145568897
8  17 186450162
27  24 933836123
14  11 1067589801
17  29 1196042115
2  6 2041862115
15  2 198272400
2  20 394421730
1  7 1422080207
11  28 121838696
20  22 422015313
5  27 1077408308
17  8 776450173
10  22 1407335917
9  20 6303024
0  26 224611308
25  20 516011904
6  14 257456657
19  17 1867888648
8  28 1110231292
2  11 916950071
5  6 1171170356
19  15 1572190310
11  23 618100300
10  24 1330931528
12  4 567851304
0  17 1182860697
19  1 1768133110
27  17 1184274172
3  19 667711776
15  11 1139688326
17  8 557263415
11  9 70807617
13  8 276814379
18  28 287345892
26  0 1303308184
22  12 1414433461
3  1 1658505451
28  4 1748960189
20  24 1305557895
21  26 1260018110
18  9 123196261
15  2 493587359
25  29 1095758988
24  20 234392401
15  23 1045451227
22  9 1612885278
23  26 100784437
1  8 801691070
7  6 1424363587
9  2 9453397
18  16 2006543918
17  29 380951556
21  13 1160116674
18  12 1203632192
0  26 767498655
6  13 1552461644
26  24 1380337696
21  25 627741003
15  12 1720312947
6  1 1684274744
0  7 257088610
7  22 223445884
25  15 912508412
21  4 927973820
21  4 969915201
12  29 2074998714
10  6 253580039
20  13 1198306066
23  0 1751718010
29  20 176047835
4  29 328172292
10  17 1539919588
22  2 59218983
3  28 439430705
6  5 1964847171
5  17 949424137
12  21 2128986627
28  19 968063102
9  12 1402537725
21  29 1729625560
13  11 582249745
20  9 1729664515
11  24 1178084708
0  20 536750160
26  27 1326776821
1  4 927443482
24  23 1976771727
9  20 1923113364
14  29 1616681860
9  21 778795417
10  3 2089842811
7  13 207242186
22  14 934654771
28  20 1987164394
16  18 1477511665
14  25 1758185716
22  20 1212055523
2  10 2039593614
12  21 1895109338
9  7 1147167068
15  19 409124994
11  1 447380268
5  27 355519704
2  20 977044131
5  19 1248421335
8  23 583062920
7  8 2002919126
22  5 1188623665
10  23 745928936
24  18 608562688
5  18 1832566655
29  9 1546971128
12  13 1907428944
17  18 1521181218
13  15 1529554781
13  3 1508974738
17  29 1542641940
25  9 1330474856
10  18 1296669449
0  5 1419452727
22  14 946909026
15  29 902163841
27  3 629874574
17  20 386242194
2  21 641505317
22  4 542977899
21  14 1682973776
8  23 1530035405
29  15 52075774
25  26 1858001862
3  15 1250821167
22  16 376576020
12  9 1931543747
0  12 1850333660
1  3 1020978281
16  9 663452385
17  9 286113577
2  6 1319670816
14  19 2116871294
18  7 1323173639
15  11 472294587
29  13 1551584335
13  26 869928805
29  4 335227098
17  5 481879160
17  13 228680681
8  5 1441130862
26  8 1151592605
26  19 474253412
19  7 1704660165
13  27 1752032334
18  26 1952036594
7  20 1168235656
14  8 1656752180
13  7 1783802469
6  17 1883866638
13  12 161717532
19  17 1707184881
12  23 1219369044
6  22 221127455
27  19 1117635785
0  29 1319647014
3  26 126714435
4  16 962491514
12  7 1092954555
15  23 142913060
25  22 56986717
16  12 330404827
3  16 352925122
18  28 227991919
13  18 1016467191
4  25 1763006300
25  11 690347322
4  24 2079191561
22  3 618190724
17  18 1983874984
25  8 967264638
21  6 2124460040
24  12 1941934604
2  28 966672497
6  10 2059246455
9  3 671845266
10  7 986386253
6  20 1198846691
26  18 1336492149
14  12 187277513
17  27 1028053122
14  7 2013820387
7  28 282877791
23  7 1198257950
4  10 927232849
11  23 782024448
26  20 1513073420
0  26 100397213
17  16 916611218
14  2 494971156
0  1 2142407123
27  1 2093646437
17  15 1819884672
7  23 1460688150
22  20 763785809
8  21 632451375
19  17 1094064963
27  1 1286830507
16  4 1093317588
8  18 1384223147
17  7 266786203
10  18 1854197064
5  6 718081854
29  7 1484115542
0  6 7183912
6  3 1247680102
18  15 2146293186
26  16 1296122590
15  6 1032488957
20  12 1637518872
8  1 1164293701
22  23 1291052166
10  29 1488212686
22  24 845657165
5  19 168701818
17  3 2088692205
1  23 1486043250
16  18 1309831706
14  1 2077860052
8  20 1910644228
14  10 1154897429
29  4 2038280112
11  27 1370642175
4  18 896545963
26  28 807945120
26  12 1862561697
8  18 1357866400
1  7 218337271
2  19 1061269480
23  28 1894606952
3  0 1374893202
17  29 493313812
20  10 861535072
13  26 1762725868
29  15 648325628
22  13 1556195237
18  26 81762254
5  20 1035730809
9  25 685006709
23  19 529561405
19  29 246541506
5  26 912126067
9  25 1799448395
24  21 122414246
0  22 621404202
0  1 1724548212
0  14 1438977692
4  3 320459839
15  17 2085681521
5  6 725203954
17  24 848064819
23  16 283185054
9  20 133771760
13  1 2000956165
11  13 770245911
16  25 45809711
29  14 1770618890
5  9 1216616966
28  0 1307535217
6  29 1457327175
9  13 1741865706
26  11 676732259
14  18 952999024
7  5 877450428
0  13 340125110
19  11 1344034259
18  5 2022591314
10  20 502710445
22  19 69245904
3  18 655278932
2  25 1264191039
13  15 550774154
5  13 584357543
7  12 522433106
29  14 1621681397
29  3 1194806373
9  15 496766610
21  1 1686625735
25  19 391780759
14  18 524672217
3  0 1156344431
14  16 2021209799
28  24 614414277
17  2 687333389
29  21 238401450
27  11 1259615215
11  1 1682418897
27  7 784507486
19  0 955589265
21  10 1938689521
