450 30 17 0
0  18 1281646891
23  29 1185396534
21  10 1535988190
4  9 849442756
21  25 516234781
4  15 392268339
22  12 1045103776
12  16 848471218
24  10 1518300317
12  4 1230492242
17  28 1906135469
1  14 765206574
15  7 1790552262
15  7 2019514592
7  25 874647801
25  7 1623635683
3  8 1774653438
13  4 1853946014
21  2 395215854
20  24 1203879274
0  16 16308033
18  12 1100611662
0  26 1696834915
17  2 2122379827
13  4 352248844
28  24 1323883242
14  27 387287944
9  6 556137428
8  14 918389037
24  26 1050870827
0  26 1384604119
10  19 773850529
10  9 532191676
17  29 308340095
7  8 1232238539
5  9 1883272433
24  19 1680246413
22  17 1990949731
21  26 1773519222
6  25 107386728
18  0 1828421850
16  3 1156230496
24  25 1138010145
1  29 1534687496
23  6 583595215
14  4 944403134
19  13 1064278526
13  24 1103559060
2  16 1949442227
23  24 2042068947
10  15 2070394713
3  0 519572761
5  14 1754862574
21  4 2006538682
14  2 1390952885
23  21 421811278
29  27 502540449
9  20 320515025
20  3 64228232
21  2 175188772
21  11 1354582254
10  22 2053809941
20  11 1629123700
19  5 1864922540
11  5 159972139
12  25 1969568587
28  1 600426066
17  19 459459761
2  23 238007637
1  20 1872909690
7  1 274084356
27  28 471551263
26  12 37866617
26  0 593130080
21  10 243293820
6  17 121746785
3  18 1280888051
9  3 733365100
26  13 2081613142
17  14 1500780984
16  7 634502867
8  16 165845775
7  6 349375234
14  3 1123812550
27  0 1517855783
29  23 436287498
3  2 1865940165
27  14 2121809800
0  2 1789773131
12  11 1190779770
0  23 1314413006
20  5 29557806
5  19 1090508650
14  7 1874657561
0  28 1749108132
24  6 260349520
7  18 2045841359
9  19 277601111
12  13 1544369418
8  22 1186805852
25  22 1800451288
9  25 1147631744
9  7 736955861
6  11 1770726997
28  13 636766822
1  22 2125779647
24  22 250346742
16  24 1586815511
22  25 596998063
22  25 565076141
26  7 2113502070
12  24 1604339379
11  25 638780336
11  20 1399847542
15  4 1857402076
9  19 1257904583
9  13 1388677424
10  3 680372260
11  29 153957927
2  0 1192245132
19  29 1019744756
17  1 782463680
21  28 1783968513
0  27 221955698
16  12 1880615684
29  15 1995042103
15  2 1146874073
12  1 734865297
3  25 1464995560
8  26 2132109799
24  14 540966813
19  4 316113027
13  26 133408016
18  11 334574163
16  18 982349822
10  21 537720579
18  3 621711793
8  21 1990842939
25  8 880944681
1  25 2125332639
19  27 1645583273
16  9 1355820053
9  13 1138044174
24  12 33682840
7  23 2112075517
6  8 1425861508
10  19 1775487700
15  10 1406970071
15  27 1481581097
6  20 723044594
14  9 1567600808
0  24 760102773
18  24 1618928425
21  11 1271115654
22  23 384448443
0  10 1843438820
27  5 1579908002
5  22 448304538
25  3 2081754923
3  22 1170655236
12  24 1494074131
26  0 235531194
14  21 683508784
6  14 2119523722
27  19 1618701358
20  27 1804553069
24  19 284439898
24  28 966225719
19  25 59135139
7  15 1421896652
21  25 1594058474
11  8 450221983
3  22 1378520027
7  16 846036450
26  7 1336347774
2  19 516359480
16  7 195635221
15  22 2145489548
7  9 186535931
19  16 313586909
6  3 1743541271
4  24 102100457
11  22 1661344624
6  17 609067580
20  25 2025785766
12  23 805524796
3  19 1528729660
16  21 29893845
28  24 22595609
26  7 1141032771
20  14 1856595602
1  3 1453784341
24  5 1795121942
11  9 1593854852
25  3 240879595
3  8 1715186177
27  6 1737032610
6  2 1788755481
24  8 356778452
6  2 739259969
24  8 1874085822
11  25 849493730
29  25 894249887
18  15 2118025830
19  15 650413493
14  29 459650842
19  14 632833993
2  20 536794701
4  28 858129974
12  0 1307437616
16  8 1799191813
22  7 1578934058
19  0 2116382654
13  2 1881241956
5  28 863041777
1  28 261099366
18  11 155635907
17  0 2113920837
22  4 582338997
11  13 1144304621
2  21 1417785479
19  18 925390679
18  27 154298909
2  24 847603809
17  19 2142706232
2  10 911798040
25  5 1257473165
8  6 1800758731
23  29 1027935688
2  12 1519901129
1  26 1836352854
6  21 326548675
6  3 1648499781
13  14 2094865051
9  28 557808400
6  12 183973233
24  2 465961899
8  27 799454470
26  11 843281229
13  25 1999216526
5  4 1510508828
13  18 870514637
26  5 238930952
19  15 2090601540
16  15 2023766748
27  28 2086812632
13  5 794680439
28  21 1918265696
24  10 2105235441
9  17 1921546043
7  1 134594665
14  2 1545393652
17  28 1350713839
3  23 2090664889
19  18 2112611421
28  25 857197669
3  15 1573197902
16  22 1580766068
19  21 924622150
6  15 182747804
1  28 106543813
0  24 438785127
22  2 1227999241
10  3 2025789122
20  12 1884106215
0  12 761866259
9  26 228507607
6  23 2070693014
17  10 484914785
19  7 1655338740
13  22 712612932
11  9 1139691239
13  16 590162118
3  11 1477439781
0  1 919131796
11  22 893774661
21  18 968572136
27  3 2006070247
1  6 1150121289
16  25 856582176
13  15 1386313206
16  14 1934401152
24  26 11293996
16  0 1677778985
25  5 575762697
19  20 81166253
4  21 684310584
24  14 819170939
1  6 620987804
27  29 1406100324
6  15 956726303
19  4 251823760
16  24 1422250208
10  9 938604911
10  7 88792181
28  29 1337199745
10  7 1973451190
10  0 1716649866
9  16 597326259
13  0 826710484
9  22 1809516481
22  7 54878414
9  24 1134070298
21  7 2093272888
23  21 398058718
5  11 1382498806
6  24 1166349057
4  11 847175622
0  20 1758900825
27  16 1329154912
27  13 1219895311
2  5 1998577918
15  21 715802544
6  13 1556034517
7  20 631337113
25  21 802820381
0  10 1321076407
28  19 1915011148
8  28 808582859
24  19 45239333
7  18 1714036199
11  6 1757010348
26  14 1363276033
12  5 1019240112
9  6 2131555107
22  20 1928349522
15  11 771465685
10  25 722989152
7  21 181216494
2  14 1548550828
1  29 1552380712
5  13 857444488
2  21 1735410707
23  16 1539237096
15  23 1408769161
24  25 822317557
28  19 719059872
23  0 518455153
5  18 1403585710
2  12 1897394242
9  2 400305846
28  26 1849486429
17  13 1388961065
4  13 739397324
13  17 1798091436
19  8 1190158564
3  14 2047746946
22  19 408499857
14  12 290176652
24  27 1505786056
15  7 404714455
10  13 1631407711
19  24 1204105665
28  12 1086075926
3  28 1099922100
26  3 32718940
19  24 402522925
6  4 256474657
7  22 1359687543
15  11 84000183
18  9 1942395724
5  9 247610018
13  24 2043341062
10  15 1232766267
22  5 1462038429
17  19 876191361
1  6 303477846
13  15 42039971
5  12 1211638286
29  10 1603471052
27  2 1363803923
29  4 1877363867
14  4 290967031
26  12 237154296
25  20 1305025665
28  6 167705957
27  4 504183889
21  28 666403183
16  15 737908710
27  1 1702808329
6  19 1197709978
7  1 1227069617
0  14 89265405
27  14 1568878992
11  7 1860965949
11  27 2074158152
17  0 1722649257
5  19 1798160920
0  29 1233818259
22  29 1762619882
11  14 1170116107
13  17 492357728
26  27 548293870
27  0 665689828
2  16 1537416408
19  22 919828826
4  2 402296420
20  10 63544727
24  27 253830232
14  26 1298322979
21  15 925878123
9  20 437805814
1  8 1582458225
6  17 562722198
28  6 401166529
4  26 1042277246
2  6 1815000466
21  24 186128788
2  18 975878199
10  28 1907384195
9  23 251069179
2  25 995107974
16  23 1675406668
29  1 793224242
4  8 1705364263
25  9 1174332547
2  17 176333866
2  3 7689555
15  3 539929783
1  17 1818665865
20  29 2067622775
21  1 472939991
12  3 949677282
22  1 2076682832
19  7 956164562
1  3 572639072
11  5 725973957
17  20 1768689822
26  10 1331715709
15  27 2006563400
13  3 2007533590
13  0 2111041192
29  6 606277836
26  13 144743132
15  18 1485577036
27  21 452870564
19  14 278569451
19  26 774827029
22  9 1599914134
7  0 1943241030
29  23 835570861
9  19 2051876545
16  4 1220181439
0  7 226857601
20  4 1263203786
22  15 283245664
21  15 2040496259
19  0 209930675
19  28 93787377
14  10 2103623875
