450 30 24 5
13  19 871476157
21  15 266849076
6  27 563570889
15  14 974958258
25  16 667848007
12  29 1254652671
2  29 530880881
8  3 1549809353
15  5 1290245350
9  22 1671429532
9  15 140686130
4  25 143896319
13  20 1650507495
9  3 1573977533
5  1 1501979579
20  7 1931133055
22  10 1469260405
22  5 1440950558
17  8 1733072205
27  7 1202297398
15  25 584995806
28  12 1590745039
6  13 2105318384
2  25 300435603
22  5 2117722679
25  23 381539420
29  2 555761242
7  18 1163035905
29  16 1232797338
15  27 1739938611
23  8 418995579
17  13 1334368923
7  20 142076193
8  16 760752055
9  18 49918203
26  13 1122243576
5  3 1908574065
27  4 2133985599
3  21 1730145066
18  8 1024726681
4  5 970092742
15  22 2078714370
1  11 1571086492
11  18 1587241323
3  12 2096248598
28  25 224273504
17  28 1999315559
13  5 1903895999
5  2 1812904104
22  7 1652163681
10  23 2118363752
7  18 1811224157
2  26 1925067379
29  5 1277297421
24  16 748748573
4  0 1692536966
1  4 953898313
5  18 440994174
0  27 541525766
29  15 2118205161
10  16 1067851876
26  11 1160068804
5  9 2065004793
8  12 145684641
4  10 1212789678
21  12 1375198537
5  20 1991277201
16  24 814441449
28  7 1987741136
17  28 1349184800
3  13 1326076139
8  20 877237369
11  1 460358331
4  23 669895012
2  7 1316958371
4  14 1298717213
14  12 517685729
4  13 1870011154
29  24 567233183
14  5 1316506446
25  8 841808458
14  3 1837040232
0  5 1763012560
25  15 305146477
9  3 112618787
20  10 2073264585
26  19 243842343
19  1 1644329306
3  29 1149277793
9  14 338797095
27  16 385788471
9  7 673767988
9  23 818295064
11  14 1167593983
23  10 1269693953
24  19 1926689382
19  8 684964875
19  26 238863753
12  14 194437235
11  9 1159277071
17  20 1534360099
16  5 2066586509
13  26 530783229
16  2 1047703272
14  3 53756687
25  3 607578197
25  27 1212806897
4  8 221151765
20  29 816675374
21  24 35130171
22  21 60327941
5  2 1970141833
3  25 103785625
4  24 1043704157
6  23 818052317
5  26 1480708679
27  21 552176337
15  17 1991931878
24  12 1568861543
10  19 15641668
8  1 550623928
2  6 1216549606
24  8 1148089925
15  26 2041097546
13  15 517709604
0  20 1949913798
22  12 1473257813
9  19 456027702
16  1 1795976589
13  19 483463820
13  19 1511077089
27  21 299422591
5  22 950934682
29  20 2081754742
15  12 1963903861
9  20 297218077
27  22 1409246490
12  6 828651634
24  9 679467596
11  5 1405837860
7  1 1482820980
29  28 327199561
9  6 2145245422
17  13 1978942505
14  19 113144800
28  6 889014381
17  7 639929898
6  19 2064301964
10  13 696966935
15  17 866129245
11  10 331422280
25  2 1087256787
7  0 353459290
24  7 897645404
0  7 917624245
15  7 1139811222
2  18 1285713873
26  18 1234091419
14  1 783522807
16  0 1884036896
21  19 1545267199
9  11 181608555
2  11 659451073
29  26 52997080
18  3 1138123746
27  29 228312095
26  25 1042317765
10  17 1398914069
25  1 343326453
7  0 196386214
20  12 766225943
5  10 866854009
10  5 2021375427
2  12 486032751
20  2 1730109785
16  13 1199323748
29  17 782588318
28  4 1743272130
26  5 866341813
14  12 502194535
11  20 1801390532
28  17 1257474539
11  22 1436216215
6  12 86141537
6  23 2141680262
1  5 1248420869
9  26 1980057240
19  5 145253753
14  23 1121846127
25  26 2046766818
23  17 898602796
13  12 1025828411
13  27 2117004509
12  2 1780357256
22  13 2024276369
21  28 1744221548
22  12 277593208
16  24 1778470883
23  20 1817840130
7  10 622010292
17  8 1189017614
15  19 1214381990
18  4 1122799234
23  16 1401886907
25  11 860911870
18  14 961971256
24  26 235078373
28  10 1763137574
22  2 1229110741
15  2 848806932
12  10 1015009942
7  17 1904795190
13  25 2021627217
28  12 619366872
23  6 1512345979
13  10 111929636
10  5 1753666747
5  20 1845555524
23  13 1379537683
2  9 1278756364
0  8 2129999849
23  28 600957339
22  9 391819006
23  3 552917273
9  20 818314199
11  9 1532117065
20  25 1522595546
26  18 980074094
6  4 145828462
15  2 743045861
27  26 1108488657
11  22 361042674
17  1 1101270735
24  25 1960629387
15  9 1474890662
8  1 900679548
19  0 824515739
9  22 1155657327
9  21 1829074312
25  0 2106793817
0  26 361853668
23  5 1973192684
16  26 1947270069
13  11 93571864
7  15 481378128
3  25 1138677295
7  18 111475245
26  20 506730322
17  25 1556597132
15  13 1136206480
15  11 1586797611
21  7 695735956
10  22 1404817634
14  2 78724225
11  19 1596117910
11  12 427727725
3  7 528656354
10  19 48713665
12  19 2074179890
12  9 497708327
27  6 1211588479
20  9 1952644593
13  3 471196108
22  8 1322313163
26  11 198233033
10  8 1893979377
19  8 1193123352
16  25 386806077
5  29 1042914431
10  22 198535229
9  26 1021250296
29  9 761908991
11  29 1574353153
6  26 238675972
29  26 1229587809
23  14 1763168543
13  17 1770625146
18  9 476810070
9  12 269981767
14  9 1039567611
26  19 2119198702
16  29 391584843
13  21 1969476109
16  1 951328987
7  21 2138053085
24  15 2026335243
0  19 921464820
22  5 1138534590
15  24 1938375929
21  28 1600065353
26  13 221126374
16  17 212616202
0  11 211497878
0  27 253392256
14  0 400606388
19  29 1628215701
7  13 1254029066
8  25 1589266070
4  17 1061394326
9  7 346905810
28  21 302589680
15  7 2132079152
12  3 977537948
1  2 1358078266
4  12 271365185
11  28 1870943943
25  16 561605120
3  12 1604286978
7  24 476967488
25  17 1416355221
3  9 2119415949
18  16 1662798345
24  23 756688987
12  8 267980487
18  4 727945014
6  24 1260320510
29  24 1012586312
7  26 1541084851
21  26 1191485959
26  25 1054308842
14  12 1587452159
24  8 1852712402
14  10 882786648
18  22 660127737
4  17 477263544
12  0 310384975
26  19 1406580045
7  9 908745715
11  28 266603663
23  16 1563212791
5  7 653789577
4  10 1881630457
12  4 857858328
13  6 585276057
29  15 977189397
6  4 931921118
28  2 930371276
26  6 2011254721
13  9 833433045
7  26 330759606
13  20 230093787
20  0 675231284
28  9 542524082
24  0 2009137900
18  7 615847677
11  23 550446474
17  10 117875205
9  23 1734760120
21  0 1468683560
11  20 1551587098
0  23 897671793
27  22 2012883334
24  23 1954004850
18  15 529731808
24  4 759618694
20  12 343577105
10  25 1051211104
15  27 496415790
18  14 1715984807
19  7 994209891
29  7 554425873
15  25 1939192933
6  18 782656298
1  3 1157626908
0  16 169118044
26  29 539438687
1  17 588736814
22  13 1353241512
18  12 484787047
15  17 1154248858
6  18 711543814
2  17 1248810765
24  15 1877565315
6  7 1207366351
18  17 1593088904
23  14 1073534085
24  22 364855096
14  21 682581825
2  23 68620004
2  28 1082301989
12  2 2115871021
6  4 491910682
12  7 796041042
15  23 258402771
3  11 1347192769
6  0 1202214262
3  21 1403455447
4  25 92738689
12  29 1218603368
27  5 664878853
17  24 1585555461
23  19 1269762469
6  28 260764385
12  5 203982759
21  28 271898891
1  25 462596574
18  10 800344170
20  1 331708254
26  22 2016615311
27  5 416042901
4  8 1712863500
29  15 384547856
11  10 895832559
14  17 1337343071
11  20 1926164557
20  26 1598825182
18  27 1613397752
12  14 511538809
11  5 971153451
3  11 3408765
27  19 1701927524
1  23 612179676
5  25 1271176458
3  21 378722841
18  5 441307616
29  9 188474770
9  16 45223709
10  19 450323360
21  11 1446083071
1  28 19963863
17  8 687470487
20  0 1827235760
14  27 1156044058
24  10 2049275134
15  2 1863350427
2  23 1980162912
15  16 869596025
22  3 1436049996
21  23 1822725831
29  13 2051659800
27  24 162095221
9  11 482136072
25  23 855081160
29  0 2027455959
8  17 1877739255
13  22 397033075
5  20 84386911
0  2 46811347
9  2 558760137
6  20 1768076537
15  11 1286630953
22  12 1790801708
12  18 983888505
27  25 2127957468
12  4 1381257695
23  10 2130288602
0  1 1109959937
20  11 740317847
13  7 1031277199
3  20 61471859
