450 30 1 9
2  20 2142032851
7  0 435540536
18  0 1056691000
13  16 721635088
0  24 351547650
16  24 2126090929
0  16 117713806
14  21 62668445
19  25 405108089
24  6 498399142
12  1 1174849897
27  13 1005407145
13  19 228919462
28  25 1026495861
5  1 1431316392
4  18 624986333
27  22 1714751880
10  12 1580233141
12  20 1450524494
11  14 636946947
0  1 1293187901
10  14 929957515
27  19 546350304
21  28 1148206776
15  0 327980643
5  9 1261636187
4  21 1995911945
20  13 945359222
4  22 177977010
1  5 1633479077
18  14 2059755888
1  18 2002862730
6  29 579678098
19  20 173743149
29  23 1870929219
0  24 1670753951
28  21 421724929
18  11 2068257161
11  16 132602461
29  4 751697914
1  20 1040237371
4  17 497894004
8  15 541614738
2  16 318751310
2  13 541572119
1  16 1384258027
28  3 347715586
0  22 1436851725
4  2 1078327259
0  10 2022007900
20  9 1688908378
1  22 563363336
29  17 1095574035
8  0 1239335844
20  27 1751880302
14  25 1157029807
24  5 1757006946
1  10 591167082
10  24 365348106
3  23 1084825412
17  15 447957440
25  4 1447818768
11  2 1873866621
20  25 726200917
18  2 105729723
3  10 1299674171
22  10 277275934
7  6 2067088563
8  21 851105111
5  29 1052575958
0  11 1348482821
26  16 237624860
23  15 494205982
4  26 1229488563
28  16 1124527878
10  16 505392069
25  1 171249045
13  23 1337062643
25  20 519601037
6  3 61855123
27  9 93588691
10  28 1826508738
22  16 720991355
21  12 1604739472
5  24 625978375
29  25 1837968784
24  22 83787257
1  12 1567020715
8  1 2041289821
6  13 2060132663
20  29 1459830046
20  29 441114168
1  11 1961208791
10  19 815134482
3  6 261724058
24  11 2106077477
29  19 1992599369
27  3 103219968
20  4 914869042
8  15 1357575566
4  27 689592218
23  24 1537683479
0  27 1283806563
4  20 1270390193
28  13 1916329596
9  24 981309955
11  2 1573628811
28  29 1421868152
6  19 1957050778
8  0 607169909
10  23 363811921
22  16 823589653
16  13 696355040
25  0 1221344069
18  29 1347417516
17  27 1201609373
3  8 388867729
13  8 1969177153
29  9 1587764632
25  28 1703089510
28  21 828238799
2  18 1816204549
24  12 688545297
28  25 1057954431
29  14 143956815
29  16 1335834049
20  18 859175306
10  1 1797220315
5  23 1127118464
28  18 1894788383
4  16 687148525
9  21 975268466
23  20 796011313
9  29 145414174
19  14 193613884
23  7 1285761411
25  10 1409401061
19  8 2005588181
16  4 727689662
20  29 774730220
15  16 814466543
12  13 1784344624
29  27 1212457985
22  10 712060179
11  27 1402747007
16  1 1385708723
19  17 445068963
20  21 490061744
20  27 1989178133
7  4 1936999546
13  19 1020792584
10  24 1396309683
10  29 794068802
13  5 1496626545
4  18 854852235
14  3 94987426
5  10 1501329940
8  27 2078188566
5  6 965974206
18  24 800802496
15  4 456909668
7  26 303088799
12  3 1947189188
25  19 1433464605
1  7 1093344251
17  11 1210767879
1  17 2134042268
26  18 1266085015
6  5 106256403
4  28 611898545
29  2 1511719080
20  6 751869557
12  15 862394384
3  12 107089744
15  18 555810641
18  1 1624222908
16  12 1038709279
11  15 275797957
24  29 2059649584
10  9 700131924
1  13 1566996493
17  11 73524579
8  11 1124637739
5  21 1944778331
14  18 1515845519
25  4 1619341688
6  19 977180918
9  27 308454320
9  19 662849163
5  16 1940699977
2  20 1491920721
21  1 429341814
26  22 1203232759
12  9 180898281
23  1 344957353
28  15 1559729958
25  7 1434802072
20  15 710366790
27  19 547807297
17  16 1868843181
26  8 663113644
23  14 1806638725
25  11 1338992259
16  4 1052559350
8  10 468185614
0  11 381003647
19  7 1679724628
26  28 1107276917
14  20 300513366
8  27 1084826957
9  26 1303848020
12  1 948507539
1  20 1874936889
9  1 147564811
19  8 78865859
7  2 1152604195
20  13 258566166
2  21 1862989870
26  21 81823097
6  25 1511213646
18  10 1664330758
17  7 429025828
2  8 333241294
13  26 1929807798
16  22 835448997
29  23 1600819400
26  7 1668390648
14  26 301237972
19  24 1707341426
10  16 684034066
11  13 2051819816
20  18 1980857181
21  20 1557570717
18  13 528140655
18  1 1357919862
24  15 1039148128
13  24 834012673
13  12 1313538785
24  15 1835921180
16  28 1934723254
5  29 2145891302
7  3 713273478
26  8 1688298275
8  12 309690515
10  2 1520310019
21  12 1971355925
10  15 2011787263
7  6 970740243
29  27 2104802724
11  14 1303615001
18  23 600557503
24  19 2088946541
15  16 285545442
24  13 360161806
7  11 1647822952
22  3 1016775653
23  24 1948239883
18  26 393505728
20  7 1715187017
5  26 29650498
20  11 1988011946
14  17 781764918
10  8 594034767
16  15 1825043294
11  10 956084595
19  18 1790192959
17  16 324300210
15  11 293132872
21  13 293915173
2  18 955253097
28  21 1286906914
0  24 381192417
17  25 2072725695
18  25 1311683299
13  24 1028596559
24  11 1268141593
27  17 1425210744
29  23 515595314
25  27 631262649
0  11 84399585
12  24 1536357973
24  8 1560856585
3  12 722942624
2  13 86007279
0  15 1132536880
2  24 891029815
17  10 1679506816
10  8 1479205474
28  8 1753028122
26  6 1335039104
14  7 127673568
18  12 101588275
7  28 774249788
5  2 661866015
0  25 1276286993
25  20 1580341549
29  20 198547810
9  8 907575497
28  25 195862919
5  3 834389215
4  22 1401780590
8  7 986581649
19  1 1684467923
16  29 1325861949
1  26 135180526
17  10 445938847
18  29 1933200303
27  17 1409629401
18  21 1336340495
18  17 1042994867
0  25 2128788746
6  27 953818860
11  3 970956432
27  16 43971598
28  19 1930727667
6  24 2045706155
25  6 211692817
1  3 1173718929
18  6 1883591206
19  21 1907059381
13  19 689395599
11  13 1339158595
0  15 797755508
12  24 672516610
20  28 298505477
3  14 1012988330
6  24 799852920
0  16 486391530
4  27 1016320307
7  28 154081867
16  9 487332644
8  3 380375244
26  3 403868570
13  4 2085450436
14  4 221379403
6  10 856939749
9  0 772734430
7  2 1561281398
3  4 1670086457
11  14 1052237083
21  0 521609324
23  17 644702055
29  7 1001805098
3  28 643633616
29  19 861218797
11  0 1769782891
20  8 1892739646
7  0 738126385
16  19 1008122968
10  16 1378073029
18  20 22405003
1  28 1769801518
7  24 830389710
13  14 1812076308
10  5 822453538
13  2 1103040549
1  9 546060289
2  6 1730705963
21  8 1620845189
28  26 629291418
27  23 1279770530
13  12 1234849549
18  20 581494325
5  8 1228515095
2  7 34444937
13  11 209788766
3  20 120492155
21  28 1430231002
22  13 1321768281
7  14 1260025212
9  8 720361960
27  15 1586732594
27  5 1482957702
7  9 1619849697
14  13 1506729929
2  13 1537196072
29  7 1041960340
5  16 1669755399
24  0 916967676
0  9 106129300
2  29 2087594201
27  13 629937085
14  8 13699670
21  5 490874803
28  29 1943141335
22  3 1978105607
24  8 1600221868
14  22 1537742695
16  28 383927259
14  21 2026304301
22  1 821871386
22  23 123778854
12  20 1734408090
25  10 1431191390
28  24 685805299
6  8 1610979915
29  3 1725476307
1  11 1570952083
13  27 850415239
2  15 1831036596
1  7 197314027
5  20 559545923
6  11 814733928
23  2 1095506052
3  4 1273711784
12  16 158227802
4  10 694646426
0  8 1835910986
9  28 554414459
21  7 1356894156
16  6 1396515620
9  29 1718012519
4  17 618483824
26  18 1710040194
2  10 908878182
23  27 1301565913
25  2 1091192336
15  24 1826843404
8  29 2004686095
25  17 1819477813
14  21 208269178
3  10 260584583
3  23 1122796130
27  1 2124531946
21  17 329636114
20  18 1125395369
16  23 2084198071
12  18 979337110
18  20 762605850
7  27 1786694723
3  27 78458646
11  29 1407939502
12  8 731944996
7  25 1085004507
11  20 237699919
12  28 805347537
0  25 1454339777
9  6 1588038741
17  0 1419140173
10  8 1943098636
14  2 1014743039
14  12 93688498
11  28 730660917
13  6 1151459528
12  15 1217247982
13  14 1374349605
16  11 264296661
14  2 1067872048
20  16 43317477
11  3 2026061836
