450 30 24 7
7  14 1664102122
4  28 1906271417
27  15 1739395776
24  13 1717944723
21  3 1716845906
8  23 1567123749
3  13 1650963815
26  23 1069202982
17  7 238995154
26  12 952066737
25  14 974629164
5  15 889656593
26  28 940447343
0  23 1897160570
14  28 915356232
11  19 361223707
16  13 1716705614
23  25 1331214997
1  2 1657485184
23  6 1158633181
14  16 2026510060
8  1 1089853003
23  1 50868679
4  15 1380280699
5  27 2128509279
19  12 1538216563
29  6 1050110123
25  10 2120582978
27  23 2081118981
17  8 50092357
14  7 146144789
25  11 1552253241
0  3 121895930
11  13 1423480087
23  11 213676153
21  0 519854099
0  4 376095810
11  23 1032276455
23  11 1594398567
28  4 74747485
18  12 1097847016
20  5 2098906718
16  15 1877220739
2  11 199589623
27  28 2129172655
20  9 54812707
0  5 747238783
23  27 324998917
7  3 1439563874
18  6 363503574
21  25 1607038688
14  0 2052525724
25  12 1317280912
27  18 83319501
12  9 882408834
8  17 924357369
8  12 83690967
7  14 1474844015
3  26 942118721
6  23 1843384721
6  19 875073818
5  2 1109101946
5  7 961211685
2  9 2133010704
13  18 1941491483
24  20 1512326403
28  0 551052920
3  7 1149650108
17  13 531089229
18  16 1783823199
9  21 391695366
15  2 1079350611
10  28 1143098504
19  1 1565921406
4  26 871781312
22  12 639242172
19  2 244258750
11  27 665016077
3  11 871388476
21  6 1281074693
9  26 1249233000
5  8 155725270
28  26 2115561288
9  8 1593184544
12  26 1800773853
14  16 906649846
1  18 1470883432
8  7 494756340
18  3 1386433776
24  28 1419751843
22  7 1538778666
18  19 1209379302
26  15 1210635097
4  25 1727985550
0  3 1595465182
18  25 9119181
29  9 1161690325
11  29 1884820344
16  26 1940374595
28  11 663898095
16  3 255909642
26  2 1369093768
24  15 1667811014
5  12 2005662431
18  1 1280653052
13  25 955980985
3  1 1707220035
19  5 1326053337
24  9 1199229906
5  17 1412292121
5  0 349012807
4  7 51674766
13  10 1836383471
2  27 997347436
27  5 1445798259
26  3 1255462466
15  4 1133796702
28  21 94306679
1  11 85940014
6  19 152329956
10  2 1139893236
14  16 406755176
8  11 1848510176
11  27 525642860
6  20 112843504
10  18 1562537277
28  9 1310722732
19  22 43051186
17  5 1815728719
0  3 1891435902
29  9 160431657
14  12 1506362648
25  18 2099656088
28  16 1929849326
11  2 739267459
29  13 212522007
9  29 996710258
22  6 680191038
20  9 1851555204
14  3 155556685
24  14 569323995
29  22 809754805
17  0 986010987
25  1 684698845
17  25 2044226090
20  5 206776073
4  15 150529003
12  13 295206037
28  6 73417933
6  9 623626055
15  26 787021609
14  20 1529630196
1  28 382482935
27  22 1165526900
8  19 793639520
11  28 622918020
1  19 1501097027
13  16 630882020
4  29 660184246
11  23 1827862244
14  11 994601968
24  22 1677580916
24  12 787315718
10  26 324127712
24  14 581379746
10  14 209807981
18  29 725290622
0  22 504954466
26  13 1289573806
21  26 566814523
27  3 2020362221
0  15 728268585
7  0 1797631497
20  0 1869690495
12  0 1543695195
12  27 1803073199
2  3 65191707
28  27 2018541409
19  6 770885627
12  19 2078489866
1  2 670968058
9  6 668995490
14  10 486518004
26  17 1956640676
15  29 1851853383
7  6 728429101
4  0 1460270297
24  18 154081323
6  27 1700426445
16  18 1754777091
19  5 2059791148
12  1 379781050
22  15 481431685
13  14 1286045342
16  19 809681343
20  29 552149485
16  2 325841689
12  11 1843051993
1  28 1227907499
19  18 59612371
7  12 775181945
1  27 1334426491
16  10 1055570345
0  29 715848199
8  0 185403434
20  17 2014300279
20  12 736270135
19  28 692701605
13  4 2085549543
28  1 1743329379
12  26 445166315
6  21 2105942097
26  1 228938329
0  26 1115748945
11  28 1547054186
7  17 564676856
22  5 1242099658
19  3 516529750
13  7 291593295
26  2 141703716
13  19 850714387
18  21 255333019
1  15 1365023599
2  23 1854381639
7  21 281062710
28  27 1069907087
5  18 846393275
5  22 444113411
21  18 108124216
11  28 1113301721
16  8 1354680012
10  5 1054599456
22  5 2075247728
3  15 1769167947
14  15 1534498004
1  23 1219996247
24  10 22466818
25  3 1276770146
26  29 1931769313
6  25 526582862
27  1 1878454139
23  3 1630650060
28  1 2042723940
19  12 305604952
5  21 1987225175
0  3 442959297
1  23 1008657484
27  15 1889545033
11  29 469451404
23  24 1015540210
15  7 846843825
0  23 2071277500
24  22 104539592
19  15 1107220352
3  23 1826651905
2  1 2016527964
18  22 2059377567
9  24 909172703
20  22 1071480697
2  18 1492028732
29  27 342608024
13  12 1402794338
4  20 579427758
19  15 361958437
0  1 1305031399
10  18 965855056
27  11 477522844
24  25 1742967961
18  10 1472603893
28  6 1641419959
0  17 1719967982
11  12 1745958247
12  27 852345221
12  16 814274400
27  26 313345893
16  7 2036428760
21  2 2112336761
2  12 2057263421
17  6 1185869203
21  23 111389681
13  11 1327663019
28  11 400578158
9  21 1686813947
17  23 699820123
23  8 1830396429
0  23 211233999
11  27 1500269378
27  4 1708160285
0  22 54563752
25  6 1344581423
11  8 1190740285
20  18 865834438
24  13 442995819
12  27 241064606
5  2 797173576
4  17 1523512085
1  0 161066318
27  15 949053035
1  4 210242583
23  13 325939195
2  20 1368525725
17  0 1464895898
0  11 1281113455
29  21 1501992444
10  4 1050055637
7  19 665717961
11  5 1118565422
28  5 1200303895
22  9 672611819
5  7 22541944
11  16 2014753241
23  24 957375313
14  9 723415427
27  29 939986559
24  14 1430687840
25  0 1077863425
15  8 1956158471
14  8 1452642877
16  9 1818236848
5  16 138788746
4  17 1736780225
6  8 1905824938
24  11 449394882
16  21 330307934
6  22 127778038
8  15 2000714421
15  7 1785358909
10  19 979635439
8  17 986349604
27  12 600546854
26  2 1372920469
9  7 1951510226
2  12 557630547
15  19 1042472691
17  15 264744187
21  23 1363637009
19  8 1061354411
7  16 768891870
17  1 413668689
13  15 1091246591
10  8 1828947677
7  18 883721532
16  4 502464363
15  2 1930745339
13  14 1551278621
0  14 625762532
2  0 1299408572
4  15 989927951
15  3 1441556600
12  28 273347232
13  12 853394647
2  9 951834376
21  12 1882774407
17  20 1022241704
10  2 2122665219
13  20 1268670662
7  27 1600994606
27  26 1778795240
10  25 1246265410
23  8 1769285625
3  12 1877081697
4  12 1945609043
14  7 130339645
25  2 1628222467
2  10 1249241027
8  5 1520716575
4  17 867320757
18  11 1048142820
1  13 1058520387
6  9 1953497961
25  26 371686926
17  25 1132315489
2  23 2109316529
8  28 1609647741
1  12 1913998275
5  13 2005992734
17  29 1694876499
23  27 124912849
19  7 1623699446
7  10 356315623
9  15 454520051
10  0 729676371
16  1 1876655858
9  4 816307066
15  24 1709985632
23  9 882243389
11  10 1734684357
5  16 845176402
17  0 1384475776
26  17 1641546747
18  9 654726883
15  19 1336497125
26  13 971958778
16  1 1066251765
27  13 23001442
12  15 1519187131
23  8 236783372
29  20 9375354
4  3 579498264
8  10 80237335
4  19 1284969801
7  11 1959236511
25  13 1372083929
15  13 109023665
5  23 346212864
9  14 1459838961
27  28 1895678494
17  20 1632462328
11  0 150438320
20  1 1915570505
29  6 1202296065
24  28 245093813
1  29 1689833334
29  28 122653895
0  24 2023792783
28  16 11510006
18  7 1308002822
10  4 1939795557
12  27 948657457
21  7 437900325
21  11 336720203
7  27 1732094146
27  14 1679207282
14  0 339595912
28  27 1585678731
27  26 1123220658
25  17 1280344258
9  26 608731807
18  7 484275386
23  1 1159272567
14  23 1435848281
15  19 1541262020
28  14 186279097
9  12 860056175
1  7 1919427204
12  8 2055072968
12  10 242586450
29  10 2036619778
7  4 2077645010
0  2 311464752
15  4 867930234
25  8 2125201625
19  24 1909763950
29  22 1816112192
27  24 920456562
1  20 105917758
3  28 1558743175
5  11 242046411
7  9 136698000
5  8 910827579
