450 30 26 13
4  12 1940073289
3  19 170272768
26  8 1291257173
3  4 1012986273
23  6 2084503634
12  20 1936380198
15  4 1394092688
22  6 2019937044
20  17 1552534752
3  1 712330378
29  11 440528216
26  25 1061773445
23  3 1515889575
17  13 1448326952
18  4 433156152
6  28 1126384531
8  20 931448804
27  29 2104845291
20  13 831972389
9  10 2025276715
10  24 1395331779
6  7 1318825466
28  4 1740387634
16  12 555245312
23  29 1595084921
12  4 1899007662
29  11 1216809666
25  27 433314728
25  2 1166177844
22  20 44569212
0  18 199549106
18  24 645976873
24  10 256447737
10  23 1528544186
6  1 1591674401
18  3 1347768339
26  6 1241488803
23  25 1804838241
15  12 910193233
23  22 1383479416
0  11 1530266739
19  18 1417364216
7  4 1604515563
1  24 2037658392
23  10 1366496350
10  20 2117692740
27  26 413264956
12  20 992009020
21  10 87276667
1  9 975866359
4  8 655205548
5  17 2088957808
18  12 1235913446
9  26 1927334205
4  20 1485998242
15  17 644601597
19  1 1024850052
27  19 1407163670
10  1 1976455626
23  13 412938461
0  15 807532209
20  15 956614670
23  11 1229848000
11  3 313849086
19  11 433723515
9  25 1493122410
23  6 1045216843
4  0 1953516046
9  22 1876635142
4  19 404330742
8  2 84839285
17  6 1188480109
10  17 792295543
19  27 413023923
23  27 652325399
7  27 2010276065
25  15 1590605475
10  23 1681061014
18  15 1674660687
11  22 261197904
10  12 1214806674
10  15 1849122180
19  27 1441959900
8  4 282432446
22  1 598668436
18  6 1968929419
14  1 813436442
7  6 698733160
19  3 1770586996
8  25 635837149
27  17 1074961354
25  1 1666085477
17  3 1291182335
15  11 70781347
17  20 1255355733
16  6 621418701
26  19 1541146125
8  19 807908122
5  0 752141868
12  10 1089080364
23  6 1405182143
5  23 272378761
21  19 500072541
26  12 1957269796
24  5 982757805
10  0 1837374743
18  29 2040278011
23  22 1214270300
20  23 1139341507
1  23 1037681539
12  21 899278268
2  24 1408076844
1  16 1615920410
6  10 1665604765
6  28 810654600
5  29 1472109413
29  27 408140050
0  10 784936724
9  22 247448881
24  22 395411231
11  5 1783072131
27  9 599619849
22  3 1229745274
23  12 1620803779
6  21 1820178877
19  1 888174021
17  4 1689025130
28  7 1511289151
14  3 666779110
4  2 1812195101
21  9 612936498
29  28 947438717
14  21 1144199464
1  20 257431084
29  19 391153598
27  14 2002125379
9  26 1008763496
26  18 1960236981
27  28 410336434
1  16 1728474040
29  21 854378734
2  15 1609149954
24  10 163818984
6  20 1206370324
29  24 1906921452
22  12 1905723580
14  26 442902623
25  0 1066696114
3  2 1856194640
12  9 1836149175
27  14 941542435
25  16 1408630099
0  2 1692304913
21  3 1049808553
26  25 1939230731
1  13 1279311900
25  27 2077169447
17  16 1624520327
25  29 1764817330
9  29 1290751377
5  1 1211075363
26  11 748609744
16  23 368525535
9  5 681840552
21  9 657399640
16  29 1853893882
25  28 1037869595
25  6 1899937721
25  4 256416514
17  16 1470231410
2  17 933381494
9  10 1812633299
0  7 1654498765
12  24 358513966
17  13 1036658852
19  1 1073334165
11  27 737934989
14  9 1856658988
3  22 2110617163
18  28 1742680677
12  8 625736212
19  25 1290595252
19  11 1203547218
5  10 1231107960
21  18 1233516828
20  19 1767605558
14  25 1396117437
18  27 1407494695
0  29 1722050669
23  3 229244657
1  22 639446321
27  20 826797020
15  28 1645519023
26  12 1722261138
2  6 1849728711
29  18 352768640
15  2 1328451283
8  22 1927810757
26  20 1012693287
11  10 163683074
28  11 380031612
13  24 1156345088
8  14 1609856519
24  6 611346231
22  9 742320323
26  16 1844196752
12  9 737856098
11  1 213264238
29  24 1309215371
6  7 570422663
16  6 1970162921
21  9 1334038208
1  0 1575714317
27  10 867122474
22  1 1491967677
18  9 2043141312
17  2 996215004
6  7 1825309164
18  29 622911192
2  9 1965972437
0  18 168562133
15  19 486321561
21  4 485820115
26  25 1033968622
10  1 1190048756
23  1 1544042827
12  21 989418205
7  29 1057369970
9  25 1605405131
12  0 1171925176
18  4 1535343529
29  12 1485736933
0  23 995086791
4  5 1105949168
17  26 269720462
10  1 293932482
9  14 798892857
0  5 695429264
29  0 969781511
11  27 336013773
5  19 112310867
2  26 1093965674
20  11 2016304812
23  12 125979169
12  0 576834559
4  8 1730067430
21  2 1282547364
25  17 1472376951
23  8 1788220843
25  20 1236847404
15  25 458970009
16  4 1593150612
24  4 1173977120
9  17 1495973801
20  22 6105399
1  15 1695846189
20  6 957697959
6  25 868091973
11  0 731379859
11  17 482698902
29  17 2026199471
11  5 162174679
14  28 1896293853
3  17 724284294
22  15 289278454
29  2 258753040
4  15 275773551
12  7 925510000
1  22 1785185395
28  29 1222427833
12  7 1533120078
1  3 2064306200
20  5 1267186836
4  0 1279629568
3  16 1613900629
4  17 186975786
2  20 1548219297
21  5 1676383566
14  16 1954659838
0  28 1545137223
20  14 1152269093
1  19 1362795732
17  3 990576662
7  21 971581986
23  27 30468807
29  14 997306711
16  11 39888744
22  15 1387392489
10  22 1562070709
8  12 626882540
17  5 234447624
7  0 835907174
20  29 1144949764
13  11 1073724391
2  10 910730630
23  12 1038933307
9  3 1491671933
5  28 1291092797
27  15 1668291090
27  14 1470403068
7  6 1267505552
24  12 228343783
27  2 862895145
14  1 1129332603
17  4 2039780024
9  12 147753545
20  1 477217684
26  20 302349533
8  12 1671039568
29  8 912518497
16  7 132047210
10  21 386195442
11  25 426435131
12  10 824419585
1  18 1263599772
7  15 49774913
22  11 1670345479
8  18 1434155183
17  6 580093367
22  13 1787256975
0  15 1372454152
17  0 1564796672
24  10 1065522428
18  16 2037893025
3  22 707451371
8  7 754105354
28  27 686988258
4  18 1496535933
29  27 1606399528
28  24 535630623
14  5 2098306229
25  29 1045520459
5  21 1843643043
16  11 860003365
24  1 133290623
10  22 1342451750
28  8 924563924
28  27 642341523
8  22 158685190
22  14 1049147835
27  6 32593797
0  12 1437200924
11  28 1684083022
6  22 1629818347
23  22 797372710
19  27 261242695
28  4 361941449
15  18 603044025
9  4 1668233155
23  10 1931192049
14  6 1035620399
27  10 2044766232
14  17 112969998
22  24 1556412770
24  5 229820718
15  29 1569516435
3  11 674133600
19  20 716804280
17  25 31222643
23  28 1629022569
4  10 1885281191
1  11 318248181
9  17 1908627714
9  15 1022763543
10  26 1202315675
1  18 103366228
3  24 1123812014
28  9 1984154040
15  10 236943131
21  4 247830628
1  18 1769524794
10  19 250512476
10  24 2091351407
5  11 114334464
21  10 737753031
22  24 1644602643
9  15 1772355793
26  6 1712818085
14  15 69637964
23  2 175307330
8  21 537218010
29  16 1549945733
16  13 1282736480
8  27 1540861399
14  20 652252234
27  0 398921057
13  11 1306319762
11  8 2003067752
19  22 279672675
2  10 54127751
3  10 1615673325
17  29 939465877
28  10 514170612
13  15 2032519356
20  5 1776318811
20  9 866860724
26  18 631996949
25  19 582619822
29  24 1500906222
28  12 1430310732
7  2 921025877
20  9 1564452062
11  22 2099766175
6  16 2088710001
8  3 501615911
1  0 1400440867
23  5 782345144
1  10 1908388044
29  26 884259480
15  19 893053980
9  2 1580146807
20  7 1185992770
19  7 2102594520
3  17 127342750
2  8 1020165273
21  1 1542142950
27  12 1588513712
14  18 1265925188
14  7 1497615183
13  24 685636458
15  6 1807272051
5  15 2033390366
16  10 1249288388
29  22 181446270
16  28 1688529029
4  22 493403857
23  10 989528333
18  19 1740456457
17  23 1126114045
15  21 834921683
13  8 41475559
28  8 939154835
29  16 1667112034
5  12 1469769034
19  18 1551108717
13  5 1526669771
13  5 1425381003
15  26 671273092
18  9 2023802841
16  12 1645939156
3  27 122797263
16  23 683860951
3  9 1814996898
4  7 947546293
6  1 2110589391
4  17 434100344
15  29 643648615
18  3 2082210520
21  26 524288829
7  15 2079530763
