450 30 18 3
0  24 286659965
25  16 43749210
20  23 337502786
5  7 1697118405
25  3 817564853
4  23 2035083381
3  12 1807802091
22  11 199990885
14  22 1511582956
25  28 16984998
20  9 1181370406
2  12 865385710
2  10 1301877830
9  4 639304068
6  16 2091627245
5  4 1912718380
9  0 817881510
5  22 1420956748
3  22 528540749
19  6 1862330302
5  15 2040384929
9  7 762765507
23  22 1917868115
15  18 1794680068
19  24 953346170
22  11 598947585
6  13 1459700122
4  10 1647086503
11  16 840829368
24  17 491006297
25  9 1451336227
23  2 770973985
25  13 203690818
18  0 1648037212
7  2 2085746560
8  1 1115289240
4  10 746305904
4  1 1347964868
1  19 858987045
24  23 1153234250
17  1 2023325743
20  21 1433611308
22  12 2017672189
25  14 604276019
2  9 783170056
26  0 1855275598
23  5 1759906683
6  11 1859859060
4  9 1437279261
8  10 1457978822
8  25 1624764528
10  15 859453566
23  17 1904318045
0  2 419985044
10  25 63157321
20  7 299343216
28  9 1993846630
29  5 1606270383
23  1 1981757850
21  12 1141532300
5  1 574523166
4  12 639537078
9  16 1003443546
26  24 166592413
29  13 1757297640
8  24 1515082245
9  2 520756712
9  17 580108811
22  20 1736488292
25  15 1671868859
15  7 1029015874
13  20 1293422703
12  14 512775162
7  21 724415656
21  16 2028486269
1  21 23853246
15  27 2063491190
3  7 1817035418
29  22 23461892
18  16 779658304
9  1 372344759
13  14 1848849222
1  23 239790522
17  0 2122685872
10  27 1529893324
28  29 755154485
23  27 1809833770
4  12 898334090
23  24 1269758613
0  23 62325496
19  13 2107178782
12  7 498377719
10  27 278191414
9  18 248449252
14  25 1714208743
2  10 1757101403
9  5 1167532816
21  20 151992269
9  28 1869450221
0  15 1919161375
14  13 1688237845
18  14 47603122
5  28 1272425420
28  11 880945712
2  17 56418553
17  6 58067466
1  12 18436709
19  2 1262582803
16  25 707230155
10  0 1739648427
26  16 682266579
12  23 936642534
5  3 643492801
25  11 1322861718
29  24 1015318031
10  22 2043278500
27  24 1827623883
4  5 935279704
28  4 1179477387
28  11 1484080168
2  0 1934200183
4  16 419971229
4  21 1628085583
16  29 623789962
20  17 1535140450
5  12 1914661295
16  12 243950830
26  15 789743638
29  14 322395420
15  22 389068087
21  7 160256123
13  9 1237937206
3  13 988136653
13  14 1383365873
15  12 894577966
1  11 467634060
25  5 1134421984
2  18 574013076
6  3 717662626
24  29 1738369378
11  22 18727233
19  17 148324934
17  7 37151161
19  10 1540913537
21  1 1344377392
0  4 2139339
2  29 484386099
7  2 370761252
7  17 1814430629
15  9 474152170
22  2 1157916336
25  17 683651321
14  20 792140189
3  18 2136439349
1  10 705083703
19  28 1167007682
14  15 1367156170
19  10 652830955
29  19 1415122819
6  9 846375238
27  26 259646276
0  17 1772988896
9  0 853441723
4  27 777650679
24  2 1517320091
25  12 1895537899
15  14 74558189
22  8 235600033
25  7 829391433
13  24 1351424419
27  0 866063863
25  28 908388986
0  12 666947178
2  11 1095570469
12  1 1561876749
17  4 455294779
4  7 1426475614
8  22 193634463
2  6 393383723
3  25 227246773
6  15 1436720530
20  3 447167822
6  28 1614406119
25  2 855554475
10  6 1605110763
27  15 1134890195
16  17 1255742484
27  28 331048941
23  10 205302483
13  11 1552977800
25  6 409624253
19  22 1641426426
6  4 43366540
18  11 979069166
21  10 1241191727
8  13 50433690
15  21 1777949688
19  6 1442963396
22  27 2027799019
15  0 1581805691
10  14 347521642
25  4 119074594
26  18 156031070
5  3 1467227671
13  17 309875330
11  16 1537096991
18  8 749769207
8  19 1312531036
17  5 105619052
8  24 105201500
2  28 582479720
7  17 1002300000
11  18 809121650
10  29 1680830518
17  21 670961312
7  8 1068839454
20  14 1815363025
0  12 119366275
27  3 1273053873
9  28 1727870833
23  15 1361551584
0  12 1075135377
16  20 1418316505
26  3 1773003932
13  28 1648842118
9  25 1982803472
23  6 1751217828
29  20 1624280953
3  26 1741964023
17  12 1468716132
2  15 134716208
17  10 1295748369
15  20 1258610747
2  8 1487003036
23  5 2142002205
1  5 1487260862
12  21 1924358706
14  17 1792649101
7  20 1882480435
15  7 1956127297
14  20 1614295004
1  4 1365417340
20  9 11833406
3  26 1619860264
17  26 1177687178
8  18 16534395
27  17 1500003718
28  20 342504625
1  28 1278804249
17  25 957390726
1  20 1226250523
15  2 1797677607
14  23 49376759
25  26 897311038
12  29 533243310
6  5 1294883330
22  18 162906368
7  23 180070765
5  7 1073271891
25  10 1574200995
0  29 712037344
19  13 1268294902
15  3 598062382
14  28 1372926730
19  14 860223987
14  23 121323235
7  20 485457172
14  6 1038172474
2  16 2010230427
8  24 1504024693
14  20 1225110721
6  3 258033011
15  6 1767365063
23  19 1494924606
13  12 706672550
10  3 2016681904
0  15 1075618781
11  12 674926754
9  14 149843215
22  15 1300280811
25  3 1015459669
21  9 593625229
28  11 1852985539
21  4 1862917895
25  18 1270041732
21  23 1766954929
29  7 986346111
25  29 722148871
27  22 2047524985
14  22 1486656817
19  9 1169748315
24  12 794335521
25  6 877476478
16  27 978380437
3  1 721065799
15  20 1875856401
0  10 1133697819
26  29 345519100
16  3 252885256
27  14 586732963
5  7 1464341888
9  23 1181771730
6  14 908661731
16  13 1995671168
18  10 2063348934
8  28 467201106
18  10 1724992598
6  2 499223513
15  26 1369247685
10  5 1115495774
19  14 1987577057
20  10 93149620
3  10 1545650366
21  4 1456423092
1  29 1387641649
3  23 2007164200
22  5 1015688453
5  6 1955399210
16  2 875730866
17  29 1903840480
27  7 2025598289
26  4 1202779159
21  25 1905645105
22  6 379688386
24  22 1453190787
27  15 1787754296
13  3 1767449629
5  18 234853296
1  5 1208145896
15  11 323491016
29  20 2046263960
22  12 183437955
4  27 1169588472
10  7 965661183
7  18 793699976
28  4 2096725872
1  22 1900767041
0  23 438876590
29  6 31675178
4  9 1050232627
3  23 1985838998
27  24 1521252104
24  27 779992698
6  1 1839208024
13  2 1940704711
17  18 1339595488
17  24 74104467
19  11 735133608
14  21 1416603308
16  23 338365802
3  28 1442059218
22  21 1750669565
19  3 124058098
21  28 1159512061
1  19 1764893128
27  20 254993594
2  13 186534165
13  16 406731830
28  14 1608115444
22  18 1545547244
19  8 964894091
16  11 1810905830
23  9 1324646209
4  2 555286641
19  23 1612576339
6  17 417283584
21  22 645864266
21  9 143991845
6  12 1628477216
29  27 2117544355
12  1 424516944
26  20 961262792
5  22 614453245
1  24 768914597
17  14 1953582826
26  10 2101801356
12  3 949842549
16  5 197851504
8  22 870399151
25  14 172725276
8  17 1681463883
15  19 1959024322
4  12 1176128250
15  10 159176150
15  0 647222899
20  16 192400710
0  5 186095642
3  0 1041771242
25  5 1244724666
11  7 181979071
11  7 955554907
27  13 107274565
28  19 757027400
0  8 541013990
15  3 642015230
24  0 2466018
13  28 1356542368
26  3 1999944671
12  23 216929536
2  22 1350455945
5  28 1841863631
23  12 2013855980
15  23 184075208
9  15 1726587411
15  1 615239904
15  10 729613211
18  27 728887305
3  28 208693404
19  10 1142582646
26  6 535609418
0  23 1544350459
11  22 1762201140
10  0 967819172
15  18 658419609
22  17 1399628553
12  3 1886908147
6  25 1670409870
23  3 1992601108
27  9 1618044760
29  8 1083905223
19  1 1802929885
19  4 1014845138
14  22 1880534272
21  18 1851013456
18  3 1267904446
6  4 2109832524
7  5 583212959
28  1 662712674
3  25 1810689206
29  17 1773851889
3  14 1770019236
5  0 1489443130
0  29 1343207990
6  28 617097884
23  29 92806934
21  5 611490580
7  14 1541502278
5  19 1210513514
16  21 2080826067
23  14 1004356923
20  4 1076665350
26  7 1951436013
7  15 1929760621
14  19 603952664
21  25 300184754
9  13 49509557
8  0 1517951888
11  1 1739780980
4  1 172605301
3  8 1554558328
