450 30 0 26
27  28 285691840
26  27 1687234016
26  1 1349303758
21  8 1585188513
5  9 1423045429
13  23 754210368
20  18 597416936
4  7 761692743
19  4 828213206
11  28 1348025999
1  8 1622098534
13  29 1509865929
28  8 1872609813
7  6 957527368
27  3 421140691
15  16 610187806
12  1 448903166
16  18 1880468279
4  19 1580774742
20  27 1083612847
23  18 803794333
18  1 2137730941
4  18 33940875
22  18 1578038567
8  12 256233736
10  4 2096828937
23  26 1056657429
25  29 134379098
29  11 1584164253
15  10 1867114626
6  0 655386430
29  19 366810015
2  7 457428863
5  16 387836848
6  7 434756200
2  24 716008343
19  28 1773469353
11  23 201450856
18  27 1610578347
20  25 552243151
2  15 885216526
6  23 1061296753
5  25 1223850866
0  21 583920371
27  0 294386882
7  18 1471038431
20  1 1132461857
18  19 2089172660
0  4 1944304276
1  21 677347013
21  22 888481463
21  16 1021886538
1  9 2013180620
14  4 189401085
21  25 1964081263
0  29 1477201561
23  12 2029733633
10  25 1339669691
0  27 186977648
21  5 905924927
18  9 1223821118
8  15 130061821
6  3 833786346
11  3 974709335
13  9 1023057659
2  26 998111413
29  26 1736032344
24  25 1914909837
25  27 712042685
11  1 1297022820
19  27 2018085956
18  9 42168104
14  21 280014912
20  7 432627435
17  8 1619313593
14  8 1561943378
19  3 961217079
20  27 1179139855
23  27 1320506696
13  25 434781674
22  2 875977398
18  26 611911523
8  3 219784498
12  3 86180162
28  23 1625031251
0  23 337123868
20  18 1021715716
18  6 1746328421
17  9 1241469330
10  6 1783229654
0  5 1554724458
28  18 505705147
11  27 400661156
27  15 119076255
22  15 1549011199
19  10 110173884
25  3 1536237404
8  28 1644321566
25  8 261966242
9  27 225266931
18  9 1568934781
28  21 2093792079
8  7 2110765855
12  13 1873347718
24  11 600703742
6  5 2008947551
25  4 1799613753
28  19 1926405918
28  23 1787375451
22  29 1374333780
27  10 871203743
24  1 658431311
13  17 1718571091
1  0 523721260
3  0 367400120
6  28 1423269523
0  25 976537598
9  14 1830088588
0  21 634138843
21  6 1309287039
25  4 650851223
9  16 1635219101
16  21 1515630724
19  10 1554436007
15  22 237928606
4  24 422433816
5  18 259980516
10  0 1318290167
24  14 1076442658
8  22 714643306
26  12 1240189184
26  14 2075055084
28  29 1104161950
3  19 1465406713
15  24 1402662197
24  25 1103192240
10  18 702358877
11  27 960137094
10  6 1605990856
15  28 263118205
28  26 614878509
19  18 1502735112
19  9 1847086255
15  24 401440979
28  6 1008753676
7  16 1984323475
2  22 165542148
10  4 2046951688
10  2 298512256
0  24 853174029
14  15 1322319352
13  15 1645042084
12  24 596492454
21  29 216593667
18  13 286548658
11  2 1386836489
25  29 1343242272
18  17 1919166023
14  18 1217627840
7  10 1653044565
9  0 364563640
2  0 1942133277
16  21 1659200421
3  1 232527771
19  8 434989123
9  21 1541942310
6  24 1812492471
3  20 1595806161
8  15 1277996430
21  0 737160621
11  2 1226712995
2  4 1594784819
10  23 916310168
17  4 482930751
26  14 1017659914
19  20 731075105
4  2 1131920453
11  3 2004910858
24  22 992286965
26  17 1190917238
18  8 317588878
16  2 646050977
8  18 1312777924
12  2 717702839
27  12 902268084
4  26 1436378521
9  18 2102309852
22  28 1809518637
11  4 352721924
19  14 1945635793
20  15 1267958868
16  21 1157142712
6  7 179121129
11  27 961062666
21  11 1558933697
14  8 1587717432
9  5 1640634218
2  14 275164800
29  19 1922319212
3  16 484992675
29  6 540762027
16  17 2029750726
11  12 386503606
25  1 1014080475
2  26 1013810773
24  19 1105363016
5  24 1802733590
17  18 2135968169
26  10 1450074348
17  25 641159007
1  26 2009925785
11  10 531161582
16  12 161520315
20  3 779928774
17  7 1317646862
14  21 1824315579
17  10 180086685
12  29 1530716781
16  12 1508433719
17  16 2116128967
12  26 1811030806
14  28 1598884840
18  5 2048842419
2  22 271800692
26  8 1884493269
8  11 2089681272
14  18 1899854744
0  28 144447869
29  27 280964591
3  6 748978286
10  20 1699918556
24  8 1808221185
27  24 1099678338
1  18 760905630
7  9 256861970
29  2 465769711
14  7 1275766918
13  24 1485326319
16  9 531547387
9  28 1674708452
27  15 1249276370
23  22 1845011143
24  0 800952407
23  21 1092972737
12  13 532921876
12  0 2127078401
27  3 1908735341
4  22 437338076
16  4 1034499280
4  26 926146472
15  10 532665800
5  10 2047326356
0  16 564865736
20  7 2058065077
14  0 2102606008
13  5 916988930
5  28 67329
8  19 1668356308
19  1 545897414
2  27 1555802278
25  18 863420091
2  7 1302922742
0  9 748958790
2  9 1499398697
6  15 216323066
14  28 1456346444
27  16 674946757
12  24 81967022
7  17 1971508262
25  16 1365610136
16  3 2022441248
22  20 458992531
13  10 2143838771
7  12 1033247223
13  10 1627696841
2  29 1045553299
5  1 858564852
5  0 946007160
11  15 1065900363
26  17 570068542
14  5 677496787
14  26 1179874988
9  10 702654766
6  29 135956780
9  4 2076320940
9  1 1969582690
2  23 779538446
29  6 814333012
0  15 758630698
10  29 1386027352
4  12 817324373
12  22 24560426
7  10 57655178
17  27 1998492602
17  28 2115305473
28  20 888882079
4  7 1760635854
4  16 2047993854
8  14 1216762654
19  17 226194037
21  10 1388048722
5  3 390145941
14  3 650772626
8  28 1644877226
1  29 1151224426
2  20 1178239051
27  0 1202274984
12  19 231658889
16  19 1025481469
22  8 1976478379
10  11 563374867
18  28 1637683343
5  6 206324366
12  11 987379676
2  11 770042485
6  12 755218647
20  24 748216368
27  25 1212502812
1  8 585974163
28  26 1594045735
15  24 56354090
8  11 71371260
2  6 454392826
11  10 1652755441
20  12 18790319
28  19 1069917682
5  18 555662128
20  7 1796969450
10  1 858880882
28  24 1042586940
8  19 1143736206
9  26 255594750
13  19 396361648
14  27 1558112287
13  21 1707296999
2  7 1932305322
25  29 115808435
6  19 343222706
7  27 1568509769
23  19 912596607
14  18 1133700794
12  16 157991310
14  9 672069626
1  17 1511749629
13  19 726655399
8  29 437342905
6  16 1732128410
28  2 583961319
16  3 115850566
17  15 2049773531
9  26 1905998372
1  0 1337980343
20  25 783361502
15  23 1926986177
24  12 738672260
16  18 746874365
15  5 990105650
18  16 1241054803
5  2 1175294503
21  5 2131351660
16  7 628580588
3  18 444961663
14  2 210537190
10  13 1846786558
22  16 1495440228
17  5 600965275
11  12 1376736591
21  6 1897993569
29  26 426388420
25  16 1791278104
2  18 1153903769
24  19 837113453
2  28 1908849986
25  14 786748661
8  6 1419143150
22  3 1058909643
14  27 536266416
0  11 1632559877
22  17 637143680
22  14 779757980
22  25 1476821773
27  11 506938485
7  1 1280293056
3  19 1055087114
21  7 196737849
19  22 1228065017
12  9 1087254473
23  14 1849583477
4  1 549976979
23  5 2033294235
17  15 850693951
12  4 855359634
7  10 421419859
23  2 234519458
9  1 236103400
25  15 1634922990
11  27 1816117174
4  24 1681199786
13  26 1606690353
23  27 360069738
22  10 1481912470
5  11 1854797583
25  13 1430151673
21  23 403006088
27  25 955465036
3  22 724045643
24  26 57002868
4  15 1483074465
17  9 636685944
2  20 772086178
19  13 738864318
0  11 1784348431
11  26 1209031169
15  7 194499570
15  20 1677462145
9  24 551991019
7  17 921198967
0  19 1979155828
5  3 1745846086
16  11 1515013885
19  6 1755623179
17  26 18614293
13  29 66053893
8  4 1360868554
3  11 1830731218
29  20 927403158
22  16 202623357
1  11 1060507966
21  15 1350876008
27  22 1135681978
15  0 1802594286
29  3 2129945396
2  7 817099965
29  21 1267214316
27  13 677587463
20  11 2114895767
24  2 1150531765
8  14 1160734897
22  18 1661021626
16  29 1863616515
4  9 1819801397
8  15 2013531807
17  7 607101186
17  26 1046529014
12  22 1165200633
19  27 1070960630
28  18 1807341653
4  14 267481795
16  20 1371020345
2  27 771640930
