450 30 9 20
22  14 659414340
15  21 1692135797
24  9 510236038
28  29 760956195
21  8 1713839228
28  9 1372114362
12  4 1934970619
10  5 643869921
23  15 464555851
10  29 778214001
16  25 254651330
20  7 1888220388
26  1 47651240
22  20 2017516092
1  24 1207116989
3  16 99817535
21  25 1869395787
13  20 1678612425
6  15 2048235450
27  21 2009442906
19  7 560006090
22  0 1996204593
4  14 668585355
10  15 296475599
13  0 1114396270
29  3 33775904
15  0 84923104
21  12 1033162934
13  19 169009533
21  16 595119855
25  22 1730187474
27  1 1366701171
25  3 700841252
2  8 1832972067
12  22 1892596680
17  24 379062412
15  8 1744869665
15  10 1560015030
9  18 1768163984
15  11 166246724
3  11 569598170
4  21 1585271376
18  10 1363359357
10  7 971502922
25  11 495427424
1  7 1418632680
15  9 115653537
11  2 1408309185
6  14 1998379479
11  9 729181682
0  1 427940540
23  22 1475371712
22  15 1777946701
11  3 1984564285
14  9 1816858709
19  3 750616809
28  10 895366434
23  19 1527922204
22  7 1897916434
21  24 921115650
10  23 366752193
28  29 1910207762
18  12 1054325077
6  11 2064886890
8  10 859779294
22  19 1099018444
14  26 1617945553
1  21 331629340
11  17 1064864869
23  2 546642317
21  27 1626400454
3  13 393755315
10  29 1116150906
1  25 1312555792
8  29 92625285
0  16 493281463
5  28 2051136908
17  21 1064616689
12  28 190637934
8  24 34147761
9  28 483808494
3  9 482912261
22  15 492161890
9  10 1894158890
16  10 1646916609
7  20 1112243918
26  6 1448607030
23  26 1767904083
23  16 414093386
0  25 1287804868
27  28 1126042474
19  8 1702116327
9  2 1861715575
4  10 1017431490
25  27 312534560
13  3 881403586
17  16 1131977122
21  10 631172518
25  27 991735338
24  10 1160935578
24  8 948489663
11  27 1462499446
6  10 252602652
10  2 1274589895
11  14 1211772442
12  27 1229688612
5  4 1755559500
4  15 1015237774
8  27 657654610
8  4 139881772
22  10 262682960
2  29 1897335905
22  0 595752751
19  23 167577995
4  19 1280033930
18  11 217218216
8  6 1982344342
17  0 1226355156
14  1 2084139913
21  8 2060415069
16  12 735880012
5  11 1309278740
22  11 2141492733
19  18 1070497226
0  20 751041488
11  19 1386459375
26  23 1653151340
19  29 1276550496
25  28 86879708
23  12 193547180
18  24 2142634678
22  0 358943858
9  13 1102674809
28  20 67176400
28  5 849849690
12  2 1435268140
8  19 1108673408
19  15 921005713
18  23 641796457
22  16 49815407
27  25 39154444
19  16 1747005753
23  2 1108593997
13  3 1922842655
16  12 532635097
9  1 221603076
10  3 1715918780
3  9 674606164
25  4 1640051212
8  5 216271833
22  12 1225249203
15  11 2027421052
9  10 69139734
25  7 766338983
10  11 1013218788
18  12 2049759297
22  21 1015879293
13  3 1234883850
18  20 2004197574
28  2 1889783628
21  15 76931988
17  1 1102537054
22  29 988846440
23  6 2098314849
23  4 992041996
15  14 1301496095
26  1 1465996533
8  28 399909763
2  10 1082545132
6  1 2105113309
16  2 2087975660
9  18 1439838333
1  10 705745134
26  16 908669959
3  0 1148356255
24  21 639361158
5  0 682493955
28  10 872296963
29  25 2024308944
14  1 228076576
8  5 1456265913
23  28 259148387
16  20 1446043909
8  6 1349142408
18  21 358764292
19  27 1638847660
15  14 199278845
2  23 1928720760
7  8 2004177232
2  11 1551206672
9  20 1801100847
8  22 642972242
3  25 755568634
0  7 606171314
5  2 2049456382
16  25 60982237
17  28 613306558
15  9 2050712099
11  2 212984548
11  12 1978821069
12  9 335253625
4  24 163722567
11  6 981338612
9  22 941576271
25  21 466454411
21  13 1131965087
9  29 621181442
1  13 206903589
2  22 465020834
2  28 538925890
15  2 1318571878
18  2 357019831
14  19 1218848827
17  27 1959554135
25  14 1091651379
13  21 1374054900
1  3 1459258816
19  5 589061527
27  9 1254872683
5  26 1790535813
7  23 1128434476
12  15 1797845327
28  0 517496418
9  22 1472878659
25  26 1477096891
28  3 368296069
9  24 1223101909
12  24 562085938
29  21 1537141707
25  5 968254936
2  27 184249453
21  25 766666142
2  5 236161706
27  8 2023614723
3  23 1386580871
5  0 790086757
16  9 446888335
16  5 860012070
10  18 933487760
0  12 927566074
1  5 465634689
11  29 645461696
7  23 657796331
18  4 1525598152
26  23 1291395189
15  29 1688588877
5  17 2092350909
13  20 596464113
19  17 1745970427
25  5 8481736
7  3 26136042
18  8 1994751449
26  28 1142070966
26  0 1830906704
27  22 1477298786
28  23 163344925
4  3 1037127374
10  28 348342685
13  1 1854326362
28  11 1628572837
3  24 1579994290
17  27 491013480
7  15 127553851
5  0 1739242829
2  24 1912455791
3  11 1113708459
17  2 1727253981
25  18 1201652190
25  15 273802879
4  12 2145773520
16  6 1468896574
29  10 1695803760
25  3 72300879
12  8 1499712482
16  10 534964258
3  5 524525700
0  5 1182299953
25  9 1922129474
24  29 312366858
29  18 276649517
5  0 1459372379
3  18 1745848627
13  16 2058469849
14  15 1907687279
19  10 250792145
7  0 270432487
11  14 128429220
20  9 371875859
7  22 33604962
2  0 674975795
29  0 900817933
14  1 22272650
29  19 1706484464
11  18 313674709
28  22 159310989
3  24 1124413905
18  10 626554112
28  16 619251259
27  3 739027787
0  15 1228438559
22  21 337185272
16  15 1839243453
29  3 1384675140
15  19 1816306319
13  12 2125101021
11  16 2026424448
23  29 1250582915
23  14 1703018778
29  16 2089302020
25  11 1727402028
24  15 799948760
21  18 643400959
29  14 1001534937
18  12 774402687
22  13 1838722407
15  3 414040009
9  3 226390913
9  29 1193152772
18  23 171948553
5  23 1368521249
26  2 92539502
18  5 1529547655
28  19 214247003
1  19 118106303
8  17 1676898575
26  8 738405925
9  29 2026395894
12  6 502963977
22  13 1620788070
3  14 829838753
22  8 35704788
29  21 216263987
10  15 193237735
24  22 291067537
4  1 851642624
8  4 601727930
8  27 396076994
13  10 1745893953
0  8 1541478611
21  13 161805020
4  23 392679046
18  12 555947152
26  24 2068048120
25  23 1084954096
10  11 1457806998
9  26 1480570484
2  16 629492671
16  0 1956150480
27  13 1035087481
14  2 906486907
5  28 625035275
12  5 1708475682
25  11 1194459477
8  5 1797306167
28  15 672793352
14  16 1621048546
20  18 1586325213
16  18 681010902
1  22 854830476
21  0 394373107
17  26 721524239
26  25 1757853133
4  15 2121859738
13  1 1039160439
16  20 237108107
4  3 789341878
5  1 1403840342
24  10 835346184
5  28 1811754995
1  28 780455747
18  0 554477884
0  20 1307212895
10  4 1989344960
14  3 807964897
12  27 1989249829
19  6 1408887386
29  14 101262186
10  5 885382912
25  6 264478795
7  29 1502367313
2  26 1688324551
26  16 496309094
24  1 793496829
2  23 989330270
20  29 1112603212
0  16 1053693471
5  26 201621374
11  1 287156068
9  28 961718742
29  7 508691031
20  14 1449397839
19  11 363710947
7  18 1917325112
27  17 459022679
14  24 1705307434
20  29 355694607
13  20 1100014443
28  10 1131846817
23  29 1653116919
7  11 93139412
28  0 271633011
24  16 2066468543
5  27 129217287
18  24 565746750
5  13 2108189367
26  10 129990761
16  6 389762071
10  3 62176859
1  27 796199480
3  21 442557643
29  4 1809418631
18  17 211236060
3  25 898421002
10  12 370565642
26  24 682773249
14  16 34866815
0  29 1163820406
15  1 733048174
16  29 663566312
23  5 650153666
13  2 126377864
0  8 1066081856
12  11 223890425
19  21 664799949
10  3 300837030
11  8 812524763
6  11 939987992
26  24 1485506055
5  29 1871379604
15  1 1062988916
21  2 356661831
3  19 1163039256
11  25 1762842471
28  29 585953678
25  28 751160043
29  26 269674050
7  9 787653351
12  8 744268329
2  17 1635682957
10  6 448284160
10  27 1091959761
28  29 164607613
9  11 1001956171
12  28 303758298
16  11 1490288987
27  7 2142867057
3  9 1178775310
1  15 1321794282
2  19 270982453
7  28 1858791330
