450 30 16 26
19  17 998262561
23  22 1059453750
8  19 241106236
5  20 1443589789
27  2 435311370
4  0 1663958937
19  11 454945160
24  6 875221149
24  29 1042291749
1  21 2012791782
25  7 809865505
29  18 1275947786
15  6 1849604230
12  5 991984053
28  16 78629236
29  23 105852190
24  27 264586316
10  7 1248917172
12  7 489737480
12  6 531711838
1  11 509938155
23  6 167545046
17  4 304268306
7  18 127583336
19  10 1770019669
3  26 1091530761
7  9 120856462
15  9 287087875
18  13 1618883460
20  8 750037728
15  10 78245768
24  14 1380716992
25  24 1551114267
25  6 911821125
15  26 1576589514
27  16 305668525
15  12 1081621240
20  17 340645405
1  13 141212938
20  15 1752043012
3  6 858704236
24  2 1422860107
19  14 439535322
29  11 1673297533
17  2 1085250584
24  8 1638433681
24  7 1807271159
7  23 1150773847
4  17 1201320901
10  25 1247851473
5  24 4444211
11  5 1182025164
22  18 1600459207
15  3 1829485385
0  17 1244788175
6  20 51973217
7  17 698015862
12  15 833258106
14  5 1876302870
8  11 1888096950
4  18 83222077
23  0 937061990
7  6 76589068
4  13 166665358
11  17 2016209914
28  18 2078737396
24  10 844248809
1  27 1268871666
4  14 1009083977
24  8 1211614740
12  25 1639426851
25  9 92228746
11  21 1428567155
23  16 1518491456
9  11 290936455
17  3 1995956382
3  15 2081491965
8  10 176318322
6  11 1053886790
14  26 22681272
19  27 1553676482
18  29 773590793
2  24 1019557216
20  9 1938829810
3  6 915375400
17  19 2136267981
9  1 697768253
27  25 528043100
20  7 1878409221
22  11 210997078
0  8 2108352222
23  1 425310710
8  21 931972043
8  22 34003390
19  26 1014068587
0  3 687121819
2  19 1477584790
2  15 946783703
26  14 1071635936
24  29 204477399
25  5 1385975842
8  5 1509273824
15  2 1094307953
24  14 272324594
3  15 1027749555
17  18 984026988
24  14 911875697
11  20 629750341
2  5 1824112576
24  13 1373475325
18  9 793845072
22  1 1036380053
10  19 1536107389
26  6 2091037448
19  8 587653049
8  15 1300084585
15  21 626212042
24  9 1512499860
16  8 226550250
16  17 700386123
2  22 12728443
20  28 245510165
26  8 198015964
7  12 562093189
11  4 1983152264
22  20 1036044510
25  15 643461748
4  19 661856047
17  16 1694803416
8  28 1154195394
14  6 36601842
17  3 1026971725
3  24 1144176016
7  0 589351943
1  28 786774502
10  8 125842246
5  6 1224437119
28  23 1133413520
23  27 1548597879
27  18 1237547380
10  2 83306974
11  17 1012006570
14  7 898270916
2  22 1464976733
10  3 2120160679
29  27 36838965
3  9 213413518
22  17 631769702
27  5 1176855490
14  5 1659908847
10  15 1073866619
11  26 527582137
6  14 1582660480
7  3 515405297
29  28 1092596099
11  2 867187072
9  25 1662922043
4  24 256881656
16  12 227047772
2  3 2099349243
13  7 1892555954
3  23 2016351423
17  5 342186537
12  21 896684643
10  5 1133710012
22  17 1238599776
2  18 1706992441
2  10 2004729088
13  15 1363323088
22  13 1218181757
24  8 773901632
19  9 498770804
18  9 477555486
9  4 863799802
7  0 1088646512
3  20 908634117
29  25 1295445515
8  16 1512252277
27  26 73931564
11  1 1971786838
3  18 1502817695
11  26 536231063
19  23 1771927479
13  2 2101052534
25  11 1786076530
7  10 1447158153
3  17 1561167692
3  5 519393038
8  5 1267926742
19  25 216590738
27  0 1787596127
4  11 445240011
27  3 2141989993
16  24 751599618
28  24 958187826
12  17 2108864655
25  0 1175843553
12  17 248934298
16  5 1900152236
18  8 1727176954
18  6 616872788
21  0 1404058433
28  26 771897652
9  29 23507204
18  25 289996447
17  6 1468166527
4  6 1218033856
27  1 521359966
9  27 1744373508
18  15 475799864
20  16 149374616
23  4 1735343744
22  15 785802898
9  7 154067867
17  10 320081383
25  22 153273678
8  11 1273860691
4  2 144457493
9  3 1815165275
15  21 1975783298
11  26 553473602
3  26 1889567417
10  9 1832908038
16  24 1341401852
19  2 1504125525
19  17 290397162
6  9 1530579293
6  27 1850634371
24  7 746425840
23  13 231628725
4  10 339988184
28  22 2029213999
23  18 103925178
22  7 1668224795
6  24 618722517
14  18 884483843
28  22 1957853319
12  20 1273859133
28  15 1877601131
10  29 1198032482
9  7 1793443824
7  25 249340031
13  15 488645699
27  20 356494847
16  29 275952677
13  11 651210401
5  15 1053013095
24  3 708785304
17  18 877445151
22  17 173769711
11  12 747300353
17  1 567090243
27  28 1360587571
24  3 1339175484
3  1 1645361105
7  3 1077268059
24  14 591116277
3  29 38460307
18  8 866329851
4  29 472834506
27  1 773467381
19  12 575834606
7  17 2145259196
1  21 1042732219
24  13 1064286012
11  2 177214080
5  22 476205692
27  8 301031373
18  26 328845512
6  20 1994109629
29  1 1629331961
17  5 1220787739
10  17 1933716895
25  29 1389695474
3  13 892571478
20  18 1502128400
0  21 1414775959
11  0 114273609
2  9 535813624
17  21 1736837943
1  3 334294187
8  1 212448949
2  4 678947134
7  4 278159888
6  11 2145186356
12  28 1815819192
27  9 2007699180
11  7 1619382685
10  3 306270428
25  4 12306400
3  26 1032370885
21  9 488083552
20  27 379904183
11  9 1422673542
16  21 2132758081
27  17 689875875
26  24 1980361067
6  15 1563724391
3  1 1909788402
9  16 1571351988
8  9 1787501329
16  11 1337707178
27  1 3762717
22  5 450388909
18  15 2028814545
20  7 2138797998
13  15 1504426315
3  4 901846384
4  3 1764134056
15  21 1205546102
23  4 1299439285
13  25 30168063
5  9 639073403
17  8 858234411
22  6 1246169665
6  20 724261368
29  1 1728655757
6  18 1773479190
23  19 1124267363
8  29 716976289
13  25 1193214282
19  20 733720576
7  18 504405510
17  20 990229401
27  24 1755359601
1  24 1748693808
25  27 1446474417
11  9 2026630880
6  24 478739788
11  18 1860183884
9  11 115345404
28  13 1553104437
12  18 1946997707
21  16 533483067
25  24 605141283
6  14 1213011205
11  10 1766453771
16  8 1800365233
12  4 1411333614
26  20 1415210895
3  14 44629601
24  2 1223761359
10  27 1749625222
21  23 780486860
10  11 412765911
2  27 1353691628
14  28 16810868
1  23 885832324
10  14 1543799733
4  9 1882515338
4  10 7138831
10  8 1198702287
12  27 2051513641
13  10 1624255497
5  19 1658950695
25  10 1676008404
15  7 476624867
15  8 1113817253
24  20 1752596512
7  14 1118199720
13  2 1314095933
5  23 1553805954
8  27 1013332261
5  10 639469718
3  13 778692950
8  29 1336648027
0  4 587763547
23  24 2081287749
6  22 1748647961
9  10 276214732
20  29 1231941437
10  0 394372419
26  27 1521887580
8  18 1981364297
13  21 1746985066
26  16 1255806062
9  1 2066175247
25  20 605461624
12  6 1870422544
27  5 1709712652
25  2 412545022
4  14 453773917
9  12 1157538521
24  15 1379248574
6  28 2137557585
16  19 1751414503
0  15 1137460126
7  17 655318279
2  26 656332706
18  27 1585604077
16  0 578178636
24  20 74086048
2  15 662602998
19  7 1682560604
19  5 1157456342
13  20 1087925495
29  0 2139936019
0  6 1343540568
2  19 244964915
1  8 1196727125
10  14 327545312
15  21 680958061
3  19 1995147263
24  3 1117783380
9  14 1765961504
22  20 1786223186
20  8 1244766536
9  5 1081043147
14  18 1176754548
27  11 387254366
20  26 264423317
0  16 1781690984
23  2 869346734
2  0 2024308234
26  29 594085911
3  26 560911758
29  18 603871792
23  0 355189772
9  18 1258176663
12  17 1147232303
2  17 403178983
11  6 364166635
1  29 1248550963
17  25 1475488608
4  9 679218388
4  6 1386518388
20  10 1561826750
23  19 1029262738
26  19 1113420072
19  7 1100742993
23  18 1611909037
5  10 413287295
22  7 1454118546
23  19 827859104
5  28 2052466266
10  4 1360677405
6  19 1869976909
29  14 234645962
28  17 153851032
28  0 2028086837
18  1 1580633166
12  22 2058075757
0  8 898844720
15  1 38492413
15  13 2006105815
28  1 1358951961
22  10 2120674659
14  24 1952012360
5  27 95732531
24  9 1736345599
