450 30 27 2
2  0 1508590191
25  23 603969809
11  28 1425726556
29  22 687104996
7  12 853535258
8  16 723319790
17  24 1045225078
29  2 127623106
13  19 1965394924
22  9 1626832539
5  12 478888104
1  0 427505159
25  7 216532456
3  19 2087214944
26  14 858434291
21  4 832731097
20  18 202987482
22  7 1795477002
11  26 888209480
15  11 107056891
15  6 327821711
25  7 107504539
0  23 352050002
26  17 1837387806
10  19 142738552
5  17 451573449
1  8 1498068229
18  27 1509480527
12  7 2099590317
5  11 1884870235
20  2 1085709993
24  2 478061704
27  18 1387866264
4  28 496568522
24  13 1434794911
22  2 1273213854
5  17 613037526
11  20 1090582323
16  2 2033616086
24  8 561379748
7  17 1528116579
23  20 1173473273
4  24 1429190014
16  7 579695453
23  7 1314657767
22  4 674265579
0  4 927636397
13  18 1393879239
5  19 1278281296
29  23 860678004
26  21 912881411
24  12 1154139520
23  25 580913901
17  9 1436536690
25  22 1090652843
20  13 1536356860
6  12 601876720
15  8 1142499173
25  12 1466738510
25  12 14950737
21  23 2016515354
9  28 506419469
23  19 261036784
23  20 1954804550
28  26 1412639410
28  7 1396548983
20  3 1443207419
26  14 1830783329
18  26 1481895410
15  3 506067445
14  0 747481663
18  2 830864274
13  2 808301239
1  18 1085322903
16  10 1809823026
3  11 673298223
21  23 840424809
12  11 419739958
26  22 1965394470
18  24 359803314
0  11 1462065181
4  6 1920925268
29  11 2085124954
20  28 802796568
13  3 91288552
4  26 715178005
16  15 471590898
18  0 1345299593
28  17 1688446563
12  5 665907334
7  29 1171420516
27  20 701268930
6  22 792495229
15  9 1648629527
8  23 659143495
11  10 1989571257
5  15 278217689
14  26 1750822747
6  24 438715358
10  11 1552091852
19  9 858076320
23  10 740453758
0  12 1362517486
28  10 1150527428
28  25 1950104911
20  10 1367460879
11  20 680428727
28  17 1416179239
24  14 629093016
2  3 1970188249
20  22 1573193665
8  28 370165258
11  10 990120642
12  21 2083885360
5  20 591997043
1  12 33873263
0  12 345675814
10  17 1073233509
0  6 1144314575
13  29 1014100157
4  25 1355862209
5  15 1799229782
7  8 2057522668
0  27 1564616505
19  29 245459417
17  14 1714122218
13  1 272466217
14  16 2038453304
22  24 2123622609
18  19 1501324462
1  12 1481435529
12  14 375251658
7  2 130693641
2  16 272720970
4  11 1837760618
2  6 564293382
20  9 1440490553
29  11 106040828
16  26 1012294285
11  15 299322948
5  12 2137440338
18  7 563649324
0  3 1870035618
5  28 626719373
24  27 327606904
20  0 1413821910
12  28 1194891302
7  8 1883306024
10  16 424161284
9  20 1269671651
10  11 171095170
7  17 363188503
13  20 962815552
0  22 2133933362
10  7 18618852
25  14 1282128903
16  12 771371707
10  8 1099051095
24  6 1311571554
4  11 2042681394
23  27 830947395
3  12 651039808
11  27 100930276
29  0 727498175
12  17 1305754946
23  4 763931335
8  4 573338638
9  8 396814332
26  4 223250389
1  25 1072764429
27  21 81627208
17  21 861519407
1  2 1065666540
10  11 1187006397
0  6 1867402413
14  13 104608710
23  29 487541055
10  26 1973588139
19  28 1102768734
3  6 1296586850
16  26 2105403276
12  9 1293534201
24  20 1819019956
5  1 102490425
24  6 126920332
17  21 519418806
18  1 431383144
20  8 1493896400
9  11 411284578
18  5 1796326026
3  11 1672228125
0  3 94441680
1  8 267676654
7  24 1421224634
1  7 755111910
0  28 586653249
15  7 1897431877
16  5 455458408
18  22 1686721966
18  29 1872155072
3  21 1737480348
6  11 454011824
11  18 769221499
12  9 1310905854
7  18 2129487262
17  4 796859263
8  18 947118389
9  16 24817373
23  27 1640446157
18  10 875858582
19  15 561701488
26  16 2062314343
13  0 1590865728
6  21 2011523794
2  4 2048048771
10  20 1746252868
23  12 2047325996
29  23 2049030996
3  6 733238544
18  27 720283537
4  5 965651743
25  23 153824518
15  17 286512637
27  3 1912495342
16  21 1839769132
16  14 978014104
27  18 81873654
8  11 10278491
25  15 697841766
17  12 325993823
23  28 7290645
25  21 981696625
18  22 1892888497
0  18 831933965
14  21 952652463
19  12 1216536373
7  24 1217419858
7  20 798462804
2  29 699042900
9  15 1120836582
10  26 675876757
27  3 870941435
4  8 1899257111
19  18 417169119
7  17 1550308527
10  13 1673230701
0  15 2136843123
21  8 48168099
1  19 498176879
13  7 1365302882
9  22 508983498
26  22 411078284
12  17 96320152
7  0 370161102
10  20 1597502594
17  0 257598712
16  20 1331817721
17  18 253484641
12  27 1328728533
7  5 968266203
19  23 2074885074
12  3 1394498065
10  24 731285516
23  0 134591813
7  12 1005150613
10  16 1880776172
14  1 227643088
27  13 1618365740
26  12 2116861316
0  4 1179373006
15  13 868586240
29  7 457040907
17  22 853294706
7  2 1130335258
16  5 978270229
15  9 265508176
25  9 596688670
28  13 981030778
23  21 1391221357
1  10 1910114357
29  6 577974762
10  27 90553206
23  12 912849758
13  20 1370003287
12  0 1737688990
12  14 652162638
2  19 1238103081
23  24 249472449
20  27 606647229
17  20 217068834
21  11 1901243878
18  17 1718742909
25  8 1987223062
3  22 1898013480
4  3 2140645152
18  23 347143328
2  6 699078655
20  26 1013275976
25  13 185404945
8  26 1239524963
0  6 771820453
26  8 256960690
14  28 1082041632
11  10 916565670
15  22 2023471259
2  4 1673855745
9  12 1158161033
8  29 1522277649
27  4 332648313
13  2 503074408
18  17 1595602146
3  21 928941715
17  23 271345205
12  20 567091366
21  19 1200042037
4  20 86720609
11  10 1382828576
25  15 1731994675
19  5 232876853
16  28 286188768
25  21 1357553636
3  5 65445686
8  29 505392795
23  25 2045445254
9  2 683859162
28  9 904071820
21  1 1775168789
7  3 1479785006
9  26 1503164630
12  7 1272477568
5  19 201736228
5  23 1216135779
2  20 1307851096
16  5 1297749716
21  16 592497215
5  6 1493183072
13  8 1716759739
7  28 1775988381
27  24 201908686
22  2 1369814170
27  1 1007272068
6  0 555417584
14  20 346546874
21  1 1503970739
12  23 1012158608
6  3 860645970
18  8 131358017
19  22 634816093
0  3 351007358
12  3 1677609845
5  8 760615169
20  7 1410329043
17  20 1206710310
14  17 64789844
4  1 1875811459
8  24 165705333
25  20 2051879877
23  7 1113081394
21  10 2061201546
4  14 1676850286
3  28 431550654
18  6 1735445529
19  28 1816154467
8  27 1172056307
12  0 287645739
24  6 1485612883
4  7 1915193362
2  4 1049773607
10  20 1502726085
24  1 2065692972
12  14 1230536421
25  28 2109501100
11  13 2079925225
28  13 735429089
16  15 828669033
12  16 540521856
4  21 929743903
2  29 2028671424
9  2 133917828
7  29 928266826
19  2 1571201401
21  4 745274343
17  8 413333926
10  21 964089406
16  5 291779919
5  19 990086008
21  1 561932534
15  17 1900276801
25  1 1343744885
16  11 430143757
26  9 737678985
6  28 530644913
27  28 567562029
5  11 825673040
29  4 425040638
11  24 1439808723
14  17 991695078
10  16 1975359803
9  1 1784740216
0  28 1459299661
21  12 541899244
23  3 1896652247
11  7 1489141793
17  10 695917203
6  28 1958356236
22  17 722319434
3  18 759648624
11  27 1099030726
25  27 112400283
28  9 1322219016
7  29 660558323
13  7 789276953
12  23 1357176614
27  11 1167393383
1  0 1804282832
18  7 1679175268
24  25 292816706
23  24 802861810
22  1 1112207237
20  28 316451989
11  16 879360153
12  4 731781117
29  14 1880716084
12  2 1368270624
18  21 852095194
3  1 717415570
27  1 31381158
17  26 1103567253
24  18 767048257
6  20 498719621
21  5 965164258
28  16 284548633
18  22 1766427225
9  29 1991016686
14  16 576357620
22  24 1749626349
28  10 1118039558
8  14 2021322843
9  17 1694440419
29  9 680160120
20  4 1798544172
14  20 1928389298
22  14 1238593406
29  12 49494077
3  8 1653074517
19  4 198443758
1  14 40099687
29  6 654843567
10  4 246552119
5  27 740082816
