450 30 18 9
18  22 746942726
15  10 1391578151
12  23 1463232545
7  14 1074547935
16  3 1800436146
14  4 800442398
20  25 392674013
24  28 423478134
18  14 1293574794
20  22 1330999885
22  0 1366396356
25  18 146046757
9  24 703395713
23  10 801448791
3  6 1997770965
6  20 1010859952
2  13 846374661
4  15 1620629151
17  29 1915466161
21  10 1068900017
13  15 1548641942
0  15 1677507288
5  11 473047760
10  19 1052777170
23  6 192583687
26  21 46672186
4  19 1175509934
6  21 1513144553
16  8 964214249
17  10 1001261185
13  16 1543826362
4  28 1025328250
16  26 538308493
11  27 1055198512
7  5 994017380
23  2 715127009
5  3 156615310
28  0 579563363
14  17 1650309571
26  8 114096116
26  4 63176576
16  4 375264406
17  4 2105748573
25  29 1313340277
11  4 926907333
0  24 565676699
0  14 1075030396
9  6 306388056
26  19 1801109297
15  20 67180542
24  11 1663018131
29  20 1342957592
11  21 561889209
2  17 728192377
25  16 2043623778
26  28 742282307
6  22 455312659
17  0 997160052
23  19 1384109886
11  27 1333817029
19  22 2122518283
17  2 1231924611
28  7 1647083787
1  22 1602198010
13  28 1962685853
0  14 1953466359
12  3 25883157
24  3 571268326
17  18 49086255
27  8 2138772382
26  19 1253290519
23  17 1164027736
6  29 573917829
9  19 1528549280
12  9 209135482
26  21 806512281
29  3 970546877
7  0 765167055
11  17 1368228079
17  26 1462337574
25  27 815467833
12  17 616554138
17  19 2118051806
24  20 742829025
2  19 130721545
7  22 455918201
1  9 1500887075
24  5 1215400083
28  17 1171556332
4  11 1140131324
14  2 1124910500
18  29 983964039
1  9 1287584202
16  2 1587468940
7  5 1482307421
18  14 1485645560
29  7 1583749225
26  15 293693729
2  6 922626844
29  7 1982046432
28  6 239760628
2  3 1955096257
28  6 87273467
6  25 925387268
13  14 14133882
0  22 1200252125
27  25 126740078
13  7 455179774
17  11 1460970931
8  12 1008022544
5  19 600870178
23  21 1768343973
1  15 1563082878
16  17 576320233
18  16 2023942840
11  12 847510794
5  16 728046720
28  0 1161159790
25  9 804249699
20  9 1921263784
8  28 774928173
22  15 716231755
18  28 355452071
13  15 372275127
5  19 771766237
12  5 1175334843
15  7 476863958
16  3 773700297
1  29 27191159
2  8 1738186493
13  6 1689466832
1  25 1817062285
20  18 272588984
9  6 656509223
15  12 1854647442
24  4 259589213
7  2 1240059108
22  21 695245356
16  7 124215241
24  5 1373430276
13  14 39515238
26  25 1769909093
19  27 1244793803
2  1 890266015
10  20 1189843757
2  29 924454149
20  24 1638592724
4  8 1626974655
3  5 2093567587
26  12 2099299752
9  27 1986766264
7  5 405333458
9  6 591973986
2  9 419237201
3  25 1484048313
7  11 1951962140
14  22 1733626486
8  17 1412246110
14  20 666831542
4  12 447377997
8  9 1242959807
9  4 278167307
4  3 453360957
27  3 2110022646
10  27 1830374231
18  9 1426700048
18  0 1918204005
24  3 1055693102
18  3 1447018176
8  5 1483765859
18  14 447673300
13  22 675267649
28  23 1164169951
27  28 1048467606
26  7 1958988405
28  1 182872177
18  20 4699254
27  12 1628951414
13  14 23524852
8  17 706171587
27  13 2038158125
16  13 1843266013
20  8 191247091
17  7 1657766375
5  21 1786050679
6  18 1551570817
21  11 1191317482
19  5 1232209740
10  15 737823069
16  27 1316891319
8  25 26163845
22  27 1241640637
17  24 1089937926
11  21 131912043
1  26 658351274
20  10 1099472383
28  7 685369668
3  7 1500592171
25  22 1396557834
21  4 1698018273
19  9 300204580
4  27 820086424
28  18 670588419
27  0 2024207029
1  6 1862223712
29  20 323938229
24  29 1095581527
5  7 798647710
23  15 412330902
25  8 469907559
27  0 1809731154
26  19 327733816
18  6 1129925621
28  25 950897105
20  18 300584993
21  18 723420359
4  24 1246707504
25  26 1153696519
2  20 907525663
1  14 304811343
3  29 571181887
2  21 475987458
25  6 1026639801
12  8 95998716
28  23 133081788
21  13 1248388685
19  11 1267089375
24  10 47893401
0  3 1403759844
8  4 534804860
19  14 282226345
22  10 1209987552
6  9 315906417
17  19 561284926
23  11 313729265
6  25 6133941
19  17 1051407548
11  22 275440893
1  17 1345574847
6  2 1178462109
20  14 1723043249
16  27 1946888078
10  14 1335885502
9  2 1925019957
26  1 1682571982
4  0 1101332142
26  20 2123477438
17  0 777870241
12  21 224508752
24  14 1669033407
26  23 845723012
29  17 1470617397
13  29 1316401016
10  28 1821522534
22  11 539032970
1  15 129178948
25  24 543324572
24  9 53773665
24  8 861654185
5  14 1695490585
12  13 138731818
27  7 211163333
12  20 2139974855
28  4 1133355315
22  5 48539081
8  7 681407506
14  17 1755806979
26  2 898493966
29  12 1130557439
15  22 998467562
29  17 346362191
15  2 683121035
2  25 80283273
3  11 158046488
16  0 496229240
23  18 345076978
12  16 751673789
18  0 240924526
0  26 94810070
4  23 1840764866
23  1 1347791163
11  15 1178928574
6  8 421946340
4  29 1520535683
19  16 1165025192
2  28 1292193766
15  21 1484050222
12  22 1666978079
6  9 1009230505
16  14 986671881
26  14 706766852
28  13 1867808119
16  3 582997431
16  8 1254825463
0  18 2131521163
12  6 961063786
16  24 1882774246
8  12 567586249
18  16 584535375
10  17 199799284
16  6 1548039354
24  16 278160780
24  3 1261594779
18  19 1735594162
13  16 475196147
6  18 1626808558
6  24 1139590603
13  0 1863212953
17  16 765075535
25  0 1698743808
5  6 686889858
6  10 532249244
1  24 993436497
4  25 707517764
17  6 1997945132
23  29 1801627850
19  14 1555452334
14  8 66698442
27  21 1315604761
0  27 1840971782
19  23 145078489
4  1 287799315
17  16 140908124
1  20 1424412814
27  21 1894304391
12  9 1726682847
26  21 1008844030
7  26 936079315
11  3 771587364
18  8 516289534
21  10 475587570
18  24 1856992095
27  23 367946181
13  28 967336644
0  16 456107121
25  10 61957484
20  26 1647904930
9  11 177786650
8  20 479288606
9  12 1953502876
7  4 1026390597
15  4 179640027
25  3 748275145
15  11 1336239484
9  12 1331163561
10  27 1057436316
18  12 1765025977
21  15 1693098362
12  7 774190534
15  18 1848043504
26  14 797065245
29  4 1835973069
21  25 316419577
17  16 386830296
12  22 693376634
19  4 1234809251
28  4 114182070
12  27 1234029503
25  7 641597564
16  12 493900749
12  0 942936175
10  1 41048362
3  27 29261512
9  23 1831875272
16  0 13190099
15  12 48827993
9  13 1504731001
23  27 762622500
21  29 284345160
29  20 100771028
9  19 1760314281
20  29 1564398328
14  12 1718929438
7  19 148754522
18  22 1373497427
23  16 995903649
18  2 1045807601
12  11 1668022333
20  21 1494006246
4  23 1597853112
16  20 1527941858
25  9 129799396
21  15 1737070338
3  19 682839573
0  22 43853544
4  1 362102569
29  23 1640862101
20  12 563703102
15  17 2109774396
7  18 754035502
7  8 351295849
5  14 1662712218
0  12 860214412
0  10 91172906
13  5 534670582
28  9 435551120
4  9 742376403
20  26 831195982
19  25 420883630
20  12 1940495165
9  11 2012600007
4  9 1692679256
5  15 1317863537
3  0 1428835694
26  23 1800952628
13  26 9890313
29  10 518017821
26  24 25631352
24  15 1175088471
20  29 337490412
17  12 997188017
25  10 1191110399
12  17 765893251
19  26 491101735
6  11 410461637
12  8 1168088036
3  4 2100260409
11  10 1620997291
15  0 623148193
19  11 1161964232
4  24 1130981468
2  19 972218140
5  26 1847275589
24  13 1737804844
5  27 426694885
12  5 1848145782
23  12 558549022
28  20 1139832679
11  23 884426907
13  0 764880795
18  6 1548255872
8  9 195909233
23  24 276617996
24  28 396378157
28  6 1954038178
24  2 1502481594
4  18 899796580
25  8 1873192703
2  10 1928219858
17  3 1741733370
2  26 15616101
0  1 90471895
12  6 1065331957
26  13 1962410340
10  12 469604835
7  22 1331893541
12  18 228466835
8  15 486239511
13  2 1987670622
14  3 526208852
