450 30 5 1
28  21 227985166
0  13 86094889
18  1 307778653
2  16 2087842936
29  0 1449688741
3  11 2076585353
4  29 408869059
11  23 191846921
26  20 216205454
9  20 1500586051
5  20 1784516257
3  21 1760137139
1  16 2007051751
13  28 881645623
13  4 475429484
28  5 1088597554
22  9 2146117620
6  14 1048058408
11  2 734868596
3  27 1099513035
9  14 1290879658
11  29 116888913
21  6 855105907
12  6 243593375
16  11 1599838614
7  29 2141354195
8  4 1621439503
6  28 1800199380
18  4 1858976930
13  22 737701118
9  19 1769089863
17  28 1819521881
10  23 314685596
13  6 544280102
27  1 266797726
24  2 61259299
8  9 1478177114
8  11 2055859875
22  1 1475114602
4  6 1011016898
15  19 234791795
25  29 1482532777
17  2 1317140573
2  16 1811616578
24  16 1021066331
12  3 1696682560
23  21 585345693
24  29 1385737085
22  23 845876613
1  7 1849912569
21  4 2043428087
2  23 1310389348
17  29 2097658572
7  2 1132589093
14  19 238879720
7  22 362658896
17  28 692342094
25  8 1564034159
10  8 535248091
14  21 390558425
22  17 1410778125
9  12 1736966369
9  27 1636184552
20  21 256789611
7  2 935497729
3  25 256511911
5  7 1859370813
24  16 1234350738
20  12 1635873368
28  19 879842009
26  10 1501399784
7  23 467431066
18  5 207966448
25  7 1875446405
11  13 952798477
7  20 1377130322
25  20 304467280
20  12 156944972
11  15 1960078665
6  28 753837288
23  18 614892432
24  13 1762794360
10  3 1986465638
26  27 583083098
10  28 1479776116
3  0 320216420
20  23 948592080
2  16 288077851
28  15 874608913
27  6 451930834
11  9 965515960
9  22 771953034
19  9 1312036278
7  12 1232711533
10  1 233556628
13  25 377223570
22  26 399467718
21  0 1123759371
23  2 220856078
15  1 552718351
15  25 1954043408
19  29 2129806268
16  6 1381036846
7  2 238366471
14  21 2097472334
16  14 583610815
20  0 583768641
4  5 1623775985
21  1 1653316665
11  1 1877830545
19  14 1078950115
24  27 1692440150
20  5 829796668
6  10 1281593090
18  26 763102692
18  2 689850403
2  0 782414360
0  18 1311233714
29  10 1725181174
4  23 993198055
28  23 259203157
14  8 663639864
8  12 327984650
6  7 1452242956
7  9 2001399026
23  0 162106086
2  0 1911548262
0  10 877371458
26  17 221022507
4  20 1786903703
26  21 560174119
25  0 798434313
20  27 391961581
2  8 1112999626
16  11 1500615958
26  24 1281939400
13  20 1199037835
8  5 739880981
17  28 1351367694
18  12 1235229816
13  8 169934920
26  1 490599803
16  5 1840045035
5  3 820694764
27  6 1036775958
24  2 1539479702
29  27 1103023548
20  29 982033986
28  5 1098994265
12  24 680843388
13  19 1801925535
14  26 1515790550
3  29 25351441
18  12 260099661
0  10 355505940
9  21 1275650752
0  26 1577617686
18  27 1868529048
19  27 256082718
11  15 717769321
6  8 199133285
20  5 1289940637
15  26 616377781
26  23 1514773705
21  29 1176902820
24  27 1604398815
22  11 456515646
8  22 301010264
9  1 705325658
7  22 790710436
1  28 465553403
17  20 1111577179
24  28 855105903
24  10 1987465489
23  20 1860295990
5  9 2030863691
17  9 1649404488
12  18 2073852353
3  14 1685849274
5  20 2058539379
25  10 1168440862
23  24 738722863
17  4 84311423
8  0 8900979
24  29 1117234679
25  5 1333955395
26  11 1418346992
19  13 480733143
15  6 846426876
25  9 1778180057
8  9 625758790
18  4 1371869559
23  8 1235572462
13  24 2027226075
25  15 1699180506
27  20 1429236665
12  9 321127294
28  29 2098834686
8  0 1433254074
12  25 1379522868
11  8 1935516735
1  16 658880702
8  23 750131116
8  6 1823681433
24  16 453138708
19  13 1673830593
17  19 1746828180
2  3 1522856540
4  9 908186215
22  26 384747593
23  25 1982891567
20  5 2136393770
14  2 529200359
7  10 1239910364
19  15 1067804739
8  28 924306937
7  18 1295917459
14  10 167769345
13  26 957809691
27  2 1328586056
19  26 1719055552
21  20 1922183088
21  3 2075992887
27  5 349819087
24  20 2066973378
17  0 933786399
21  17 1136591324
6  7 159428311
27  19 94636991
0  20 1763595674
14  8 372308026
27  15 759228619
20  4 1518899752
17  28 1299726498
13  4 609925497
10  25 1003438185
20  23 1461846976
29  1 1997520525
19  8 1738189778
6  12 1156256960
7  28 1558116476
17  25 787776211
19  3 1439495471
29  21 264811539
24  7 816462202
15  23 1359736745
27  6 2099122095
13  18 1025966781
11  29 1799589510
24  22 9779704
25  5 1972027233
0  18 1725173346
15  17 1077739549
23  11 953281247
13  22 335222306
28  1 91757850
25  9 742313314
10  16 1086139133
4  15 594668373
15  6 1618424719
22  5 1229831246
20  6 1320240791
29  12 1261626321
29  21 925747644
8  29 859399256
2  29 46238527
13  17 1290680013
16  26 307425572
20  0 796523375
25  10 2010123595
4  14 188446879
0  10 499022362
21  1 2108046085
26  19 1632118546
0  4 1724659797
25  26 1947695280
22  23 507489018
11  13 2083220344
8  23 37368034
29  21 666177830
3  24 1508593387
17  14 857158972
1  19 1945472333
4  8 369754810
26  16 1507179361
16  8 128405603
22  19 365437322
20  0 810905041
24  0 99341524
2  26 1139939951
19  15 1348220235
9  1 344157765
14  10 1144714544
11  2 2127195702
8  21 454684795
13  1 830871614
17  15 599246162
18  7 1353583109
25  12 1291792523
15  6 599795807
13  9 1540852109
10  21 1022723982
26  27 279089345
7  14 713431984
6  22 338793883
28  2 341864121
1  12 930894780
11  21 1043595920
0  16 1500309692
13  16 468827507
24  27 1448239905
23  20 1897262490
8  26 1643234389
20  9 1132041919
1  20 839109707
6  24 2019037417
18  26 1103940281
1  23 489910581
5  7 509004912
3  27 420070740
7  24 844891745
17  1 646706630
26  2 1824505975
10  7 788706112
15  17 596374058
0  5 69024145
28  15 6525745
28  20 1760282763
7  22 953372317
14  24 668037173
10  21 670890419
6  22 1278698010
1  14 846573630
13  22 1837775492
4  7 603565467
28  0 1762035824
27  6 516174564
29  0 1750275510
9  29 93523395
29  25 1229114441
8  21 1472692536
17  0 1814640275
28  21 453693763
24  29 2126984418
13  4 405083053
16  9 807673290
11  17 1733660438
20  3 1941981531
4  20 1041910241
18  4 718050
15  18 850169681
11  20 1195401306
6  13 2128940891
15  27 672297065
1  5 2125630342
4  21 1687019571
23  24 1917788814
16  28 1435557136
12  4 2029415666
23  9 1138362570
28  15 1959956382
23  0 155427424
27  2 476990098
10  7 1148043570
26  0 863704609
14  9 1880192909
13  23 1839740115
4  16 2050100105
8  19 2103748741
24  11 838835068
7  26 323383093
11  5 934368848
8  28 1142955654
26  21 1373853117
29  4 156502486
0  21 864440313
13  6 10380955
14  1 664304141
7  14 1215530278
23  24 1555201444
10  28 1894904373
23  24 1197317321
10  6 903385559
15  22 800297845
20  24 1302501445
29  20 674606575
9  11 1096443028
23  0 908037521
1  4 605945590
28  1 1760118091
22  3 749186569
8  3 467446888
12  25 919956524
2  16 796364123
22  12 160698398
0  17 1784069182
19  1 1636055015
29  5 1848273899
29  24 175779965
6  15 718029852
8  24 1947513323
29  2 684088447
3  6 159892275
11  19 768940032
5  6 1069116847
8  5 1281854916
25  16 302931047
18  6 1563764345
26  4 252235741
6  8 126145978
1  7 524245501
14  22 277383108
12  13 1756832296
1  25 1857404169
4  2 1617085355
1  27 497103141
14  11 43797552
5  26 597309112
20  28 1369303897
2  27 298972403
20  3 1494166774
27  3 191342711
20  1 1233055987
3  7 1188117656
12  11 953198971
25  2 1917020014
17  0 1769428022
6  9 857342359
10  19 1539287142
19  14 1801884467
13  6 2140162884
20  24 429303648
24  3 2082945276
8  28 737252608
5  3 1551183152
21  18 153029313
16  7 1723483749
6  24 1912929564
3  27 356771270
28  22 1640860285
16  24 1720583168
10  3 406028078
7  2 270511964
27  1 380250526
21  16 1514892682
10  24 1250675951
27  10 1744441188
25  1 236976899
24  12 533530182
18  16 629266965
