450 30 2 17
6  23 1477025681
16  4 1109552804
15  26 123815032
7  2 1858262372
7  0 1736810156
7  2 1478245905
18  5 1586903423
11  26 1839004575
11  7 139997535
20  1 564485105
5  25 119214061
5  9 2097469157
14  19 2000104570
1  27 2051199693
21  10 1523426885
28  3 1371309598
8  13 166843443
0  7 2057983069
28  20 188277185
16  18 713026280
9  21 2102721159
17  16 634384889
17  6 194334618
3  18 207593628
1  22 853149223
6  27 592923921
28  24 1961620338
12  18 555584127
2  1 1191090136
9  24 552756062
6  10 2111925835
6  22 1887084667
10  13 470396153
9  15 437957995
9  22 96087122
27  17 402672981
5  4 747335599
5  12 927731683
19  1 1751277572
13  2 1251670811
20  6 1569611028
22  7 2126199495
4  12 1033425077
28  7 93371578
20  13 77912500
17  11 1489957868
28  27 1680178611
2  6 945454407
10  18 1674114459
21  22 1271192201
6  4 1874718074
6  26 1236853907
2  24 112609688
8  15 294619440
6  19 1527716765
9  5 677523135
8  15 420081812
20  3 2036705281
6  7 1774030663
12  11 2107872752
1  29 937034902
3  22 1189593429
13  15 378823652
1  7 1147067764
20  8 1477772299
25  24 1333430098
29  12 1161035429
5  15 1715765353
25  4 1418530859
23  5 17200138
0  6 1567115435
3  12 1023873289
6  13 1321191244
17  23 1044454432
7  18 1093142597
25  22 1715702059
27  26 570197412
4  12 1098397895
24  2 973062530
2  11 388324622
1  3 2097595355
6  11 17502954
11  29 809639019
26  22 219812816
25  8 1292140759
4  14 901651408
14  16 1478975526
1  28 1633259624
26  29 368687935
24  20 265006375
28  3 1177607303
6  19 535988921
16  15 135168290
25  17 1509873175
17  14 1764932327
11  19 1022713645
6  26 396283190
23  25 971046251
21  8 896844388
18  0 1578106619
13  14 1497576580
16  29 1372233419
24  27 443761410
14  15 1425301288
28  2 96078013
3  2 59268746
23  12 2069103598
23  12 635577797
26  14 1876041105
25  22 382407517
24  16 259612588
0  4 700967421
8  29 696164599
14  7 812096085
2  5 880546332
10  12 511851655
23  16 420398203
26  10 2000226689
20  17 62602137
14  29 1313875369
0  9 1370093448
20  24 605265566
4  25 415217199
10  27 124658037
11  2 635037797
9  28 1813244036
7  8 1112460645
17  19 1878903993
12  29 649112904
18  15 681319424
21  8 92848368
21  18 1197276183
23  0 2100796705
7  28 1565322111
17  22 1605887762
7  18 376399493
28  1 982468548
27  19 735626734
2  23 450456324
17  28 625117568
14  28 562747709
26  22 614236780
2  24 1881101626
25  9 1927297854
13  1 1141205356
18  29 91318541
2  27 1446402980
0  22 1169685143
18  10 1231883410
3  27 2019278215
21  3 1347181000
20  5 48228799
12  14 2083983904
15  29 1736710242
19  15 2063026336
21  12 1979533430
13  22 121485170
15  10 1700443298
1  15 1229036617
27  18 1219131113
16  20 1265158819
20  13 1179639204
3  10 1458575054
10  13 1374865448
5  9 1885921678
6  4 1119887433
24  21 1918019286
18  27 1384053909
12  13 385253634
11  8 216223485
7  29 1898507177
6  2 1650278706
27  9 1169618081
0  3 637976646
2  16 809332204
3  28 1258175217
10  23 503343203
22  8 356300355
1  22 320728621
25  11 1204648376
14  13 565797073
14  28 1076229662
29  4 1562739893
11  12 1004723050
12  13 182026112
13  4 1849710636
22  29 962621405
9  21 1150643691
16  12 1473320750
4  17 530757048
28  15 631654051
5  28 891677672
27  21 523462584
25  14 710431226
13  2 1257992774
16  7 70797780
2  4 101638151
2  19 1062266219
23  2 1286867808
22  9 1572986450
23  24 1608476015
22  16 1787431300
22  15 275819100
28  29 271655452
9  27 301635930
5  11 218132816
28  9 894871787
15  14 953952358
8  10 576377123
28  18 1947043132
25  26 676382112
7  12 214311988
4  11 1555857111
5  26 2047789112
27  29 1844568253
11  26 705745903
0  5 1170301776
8  1 269718689
8  23 1537176111
16  12 1048592258
21  19 262728751
25  21 1116077866
23  15 501396873
12  1 1443760601
8  27 493497292
13  3 619997387
2  9 2127419472
18  23 207925035
16  28 1897574191
27  29 278498891
17  23 1696421004
4  5 1647912120
0  14 486655846
4  0 274801004
11  18 1232172588
4  1 1496754477
25  18 1647906916
5  13 1628421746
22  4 1051951645
26  16 1528903671
20  6 1588520162
15  11 368511295
21  25 1714394945
21  22 2134428813
12  4 1843105854
28  21 2012741198
8  9 565504159
15  16 358539661
0  6 1166391830
19  16 2048216087
11  14 60607410
23  20 1722174788
12  3 946850152
24  12 945511860
6  20 1261960256
6  11 1422142355
9  27 1768562800
0  10 1800431167
6  24 804090528
14  7 1971641255
15  10 1748350147
12  25 1743370654
16  19 429833210
23  16 514851146
25  26 1575186105
16  2 2090436626
8  2 2019194607
27  13 47991383
24  23 2068948980
15  6 925066097
9  2 1092375491
2  13 1481790588
0  12 1835834990
16  28 2090206559
7  21 124237084
27  22 1680113752
21  16 875702747
8  16 1354936443
8  21 1506970397
8  9 1277827836
2  7 1832521250
23  28 1979645588
11  2 442397349
5  2 1889545608
3  11 50790769
20  9 594285047
10  22 1615218676
13  2 1659044110
25  0 344575329
18  3 1392565377
25  5 1753956069
27  10 318037596
10  5 1875027810
25  11 532835364
10  22 611994056
13  23 52143743
28  6 422826871
19  8 1129335538
26  1 527556666
26  19 103394734
27  0 588935917
23  2 1524265405
20  7 399201908
14  24 737341464
26  15 2123534506
0  8 1719226961
2  17 83609006
24  28 43729087
10  29 648688739
13  24 546186107
5  7 549523412
4  29 29628023
15  16 1367359576
2  8 926645804
4  2 2079788842
4  26 675801742
4  21 1622489419
10  24 2023716795
18  7 94225433
4  5 1578103788
12  23 1420907385
25  7 1495143050
17  4 1306298434
6  0 1557455050
3  2 1905044350
15  4 1496945734
6  27 1626526917
24  6 364035753
9  27 1925457529
1  0 1541791998
15  7 553410273
23  21 1919954805
26  5 919609184
9  18 204719177
17  8 1992571684
5  18 1350029405
27  8 1995832536
21  15 125967111
10  24 2142138857
29  10 1366789964
11  9 66117414
22  15 1315724066
17  4 1414574225
26  16 1240860662
25  26 843735798
9  17 313924139
28  0 1109853798
17  13 61839238
19  1 1677977264
12  19 217444890
1  8 1262624687
5  16 957805070
9  21 992408375
7  8 1149352376
26  2 478336659
14  10 1945657157
3  11 1738017199
12  3 2076393251
25  0 803079473
29  0 401182602
18  0 970007659
3  21 691389271
14  3 339216714
3  13 974272391
4  17 1782885654
3  23 46338323
28  1 710558434
18  28 11656570
2  27 552896467
9  26 1861251358
1  27 1300049408
29  8 2002048357
8  14 603220486
2  15 1285911155
26  2 507085723
6  24 1993516291
12  6 1835188101
18  10 2099904493
22  15 105588828
17  11 402458131
22  2 1334518977
0  25 910118477
14  17 1506225728
15  16 749186371
12  23 156370732
5  9 1995753817
19  9 1456354342
4  1 148692442
10  1 892712725
23  20 1192617691
16  21 83939545
18  7 1873414722
16  28 2107701084
28  24 1408217196
19  25 2086155711
19  14 645351633
24  11 667570667
16  17 576220218
11  15 247845900
1  17 2055048686
17  25 1586580134
12  0 1916399820
19  23 1543943569
23  25 11691482
20  24 80955841
12  19 651896592
1  25 66644675
14  0 2134249280
16  18 1124093000
25  16 1748000936
21  17 165417265
2  21 38515937
18  27 844362015
4  11 175152764
6  18 1677134065
18  7 1422790383
6  8 548757158
20  15 481909946
16  14 1465687689
22  14 741843857
9  1 587896877
10  6 1574932415
11  25 789933626
17  13 963874530
27  12 270082333
21  7 1324085861
13  22 247099311
15  10 885329277
24  12 219747086
15  1 1384027764
26  6 979188475
12  22 2062693137
15  7 1901153395
8  6 1060018141
22  21 2133460936
5  7 222873626
25  27 719326909
2  6 865233568
14  21 625241926
21  22 1473717746
10  15 1871195176
15  25 51536921
18  14 673117578
18  17 1957692833
5  7 143333376
21  3 1699744692
0  25 1998418419
28  4 452252309
3  18 207090177
7  29 119038353
