450 30 14 21
20  10 8113574
10  15 1851791
7  11 1034901577
5  18 2094852801
11  8 675750731
15  23 1937497360
27  15 767221208
29  17 156361025
19  11 1055293453
3  4 1255852059
16  2 876616401
3  6 1304647297
3  14 1219902095
2  15 1418560929
9  22 1929500075
25  8 1799470249
3  1 799379225
14  21 759265278
0  18 1922059637
7  26 1598399521
26  0 2050349038
16  0 1650745576
9  21 999539040
21  14 422645299
3  5 217199808
26  25 115588976
2  11 1013265179
11  9 1840442552
1  26 1773426268
8  20 1367708540
20  25 949146655
25  19 837333969
20  17 88641006
11  5 1465667014
8  9 605094971
8  0 680883003
21  28 721887790
20  14 1515931124
16  9 1966710357
14  3 1894982746
26  7 166801923
18  12 2147367279
5  12 194338372
24  26 1801716156
9  21 1337927354
23  9 811635146
23  3 463481958
8  19 63977598
29  7 1631346126
20  8 69840137
20  28 1694417949
22  15 69007662
17  4 219371371
14  28 963077336
25  12 193087351
20  12 592270423
6  11 308293130
1  20 1380317031
8  12 362339560
17  18 1957935178
18  29 482865901
21  0 885332804
3  15 1850504555
2  28 958219472
2  10 885872086
11  5 321932008
8  22 1397750389
26  5 231659625
12  5 1927450601
9  20 702799424
2  17 304524637
14  1 371364680
22  25 1193162640
24  11 526963807
3  17 1287899731
1  3 305451317
1  19 1647065116
5  12 799904192
24  8 101882466
11  13 366891237
20  0 871991968
13  9 1558320909
14  2 1786533778
9  18 1393017797
15  27 381797700
2  20 1897669184
2  10 1017997018
29  27 735484736
3  28 2065341936
8  19 720424319
15  25 1723446401
8  28 1615173812
29  6 911900347
19  29 1192291702
26  21 1622790966
15  7 2132274230
23  20 501387851
26  22 1691138887
11  28 201570591
28  29 1250459404
19  23 2115837110
22  10 673515422
1  3 2140031060
27  2 2053693861
10  17 406778214
20  10 1964590707
3  13 1699015946
24  2 1256150584
12  11 1087500721
13  25 763645781
16  11 1140872494
25  29 1807059804
14  20 1425978025
1  28 89849836
14  24 1860981866
16  29 1419043949
29  22 821169615
18  22 684749792
11  9 269684123
20  13 903711548
27  13 1826952985
9  4 1036367794
25  18 1411491482
12  3 403976222
9  14 1630200086
15  25 1811653868
20  23 575644200
6  26 1508443675
28  10 191436205
5  20 550311244
0  13 1693658015
10  12 285576553
5  6 1179563955
8  7 625092778
15  29 402680983
29  25 910808487
10  6 2128615456
12  26 239803376
9  4 136102577
23  10 214591825
11  21 478253523
16  22 1129479788
3  13 839886509
6  16 466993755
24  10 1604950383
0  1 1315355515
5  10 97220173
20  27 1638656027
21  7 834917785
3  4 635528398
14  10 1755551790
8  13 1060245216
1  8 352414076
8  1 1310096084
1  12 685490928
6  4 1652677447
5  25 1507743505
24  13 271172982
20  26 292497342
9  1 1015006709
0  26 1358780037
5  29 585315610
15  26 155841468
13  4 1875729833
3  10 676093456
27  10 912072947
7  18 1596405565
9  18 1748327933
4  27 562040313
29  18 722089314
18  28 459451572
9  22 876669429
28  2 874387241
12  6 1173080153
16  9 1939403382
26  6 1355851895
27  2 680102604
2  24 548338986
22  4 327409844
2  14 301734982
19  17 899068377
25  6 1676619349
7  3 1635713208
25  28 1078687666
11  13 1186514115
18  11 1249864113
5  27 1864562884
20  13 1931543383
29  0 1408069500
19  9 1476906508
0  23 2021589554
9  24 1877035934
7  1 693969442
12  27 1683736086
12  1 1883028009
13  12 247217946
22  9 2070338077
4  12 640988364
20  7 872758980
25  11 2118157604
23  8 59898386
26  28 283155217
17  21 1063427208
0  10 2081631493
2  17 1874638925
27  17 128881051
9  0 49847766
17  0 1361783583
1  8 1320241324
1  7 473280399
19  23 400030102
4  1 1753030846
0  9 878010057
27  23 394036404
8  1 808429785
16  12 1394658912
5  12 855059588
22  13 1430331158
9  1 65509131
5  23 2029055654
2  14 801563577
14  19 187312930
8  23 705352622
17  15 729633322
23  10 1168408113
10  14 1765720506
12  26 693240719
4  6 1760705172
16  18 673971096
14  22 859673284
3  28 2055827096
10  0 1880274847
0  28 1529397177
3  9 1001656242
14  5 1510188516
0  17 449496118
4  5 830631034
26  15 666255616
22  28 1945819643
19  23 1364884577
5  17 1951014213
10  11 1436759907
12  14 1214917518
11  23 857984068
14  8 1290336299
3  19 556241859
14  19 1557557901
23  6 1890872016
28  12 1736997222
25  27 1990947274
15  6 1539454146
28  20 656828674
0  8 365505201
6  10 1038396870
1  21 761080425
19  10 455756709
18  15 677107106
12  27 2098879442
13  12 37046485
15  28 428137282
25  9 1559433951
18  17 970890965
6  0 854126072
25  4 443937908
29  2 1271403544
21  13 358053542
15  19 1782099863
14  12 1897718758
0  24 1850505212
13  9 2013889089
9  29 1699195892
24  26 1877097280
20  3 1781538359
12  2 1962873706
13  1 2067723672
19  10 1542176925
10  27 2086091560
21  2 823197094
10  2 2048540654
1  6 169982285
18  7 1333525914
24  17 1411466992
18  5 2032334872
11  22 1370354278
24  29 1657824373
4  0 230907123
17  1 1715092100
1  18 414194741
20  8 905080002
7  10 106183332
26  9 134049850
20  11 2004675901
6  14 437271579
25  4 1263361125
18  27 1894591833
24  14 1886003302
8  2 266342060
5  28 183572216
28  20 608962911
14  29 326748618
29  18 1490242670
2  8 1360877508
11  29 2006687211
10  24 1601468532
14  15 1171750588
8  13 887549903
23  1 161275371
6  25 1950229127
21  5 1132461976
0  27 692936471
1  21 1588233870
19  25 160828026
24  13 617557247
16  17 486460050
13  18 909150532
18  24 1622722718
16  8 130335010
8  27 2054142580
9  18 35760210
8  18 259899411
4  16 85436169
13  7 1561379627
8  13 1135623680
15  16 1855535061
7  22 1703167849
19  21 2005529859
23  21 151175265
2  6 1689514906
5  29 1098237352
6  10 756269774
11  23 713986808
25  4 240212434
25  18 1259104824
8  2 652100251
7  10 1234286037
13  26 753178081
11  18 1577146449
25  13 1551598104
6  2 1051820328
21  3 2004262866
22  17 144526158
0  21 21336250
26  28 1942627541
2  8 302823116
22  13 1154330004
19  18 298291960
25  21 514005114
28  0 972642185
5  11 1918987055
29  0 32506603
12  24 701173111
4  29 1946358135
8  26 1689958679
17  27 2116172705
3  21 1536819905
16  15 1818547242
13  11 1877088942
2  4 1160558306
3  12 1685232912
14  15 1879058655
18  25 65899111
17  19 1614426608
14  24 1391158087
3  21 296669609
2  21 882693948
6  21 234406991
16  6 984629369
27  22 1732511525
8  17 88438151
21  29 2077474235
26  5 786939563
6  11 853601500
6  23 500322061
0  3 1543288247
3  11 396236764
21  11 682404793
20  3 540182438
0  3 1906845007
23  22 488868913
12  18 747581911
5  17 841379489
21  23 2040076250
6  28 675033426
21  6 1731587736
6  11 1421532459
19  14 879571126
15  6 82461100
6  27 897986686
16  12 839301216
4  11 583882794
23  4 1631875108
0  14 715437785
12  17 724007327
21  3 171816738
11  21 485928938
16  3 1420195479
29  2 497433082
23  19 1131528423
22  15 1132103817
8  17 1340907937
0  8 1067203374
23  25 1452728054
8  26 1425146476
26  3 19930623
0  5 1354637894
21  4 1888700223
11  29 1424672960
27  19 1831845189
6  9 174698637
8  17 1390344256
10  23 110432029
17  8 1209515487
16  3 227476971
6  29 1348642971
8  20 1407827743
1  0 7344731
11  8 151243984
26  4 777337454
23  14 1817348670
21  7 496735291
22  20 102253068
29  2 308257792
8  27 1921954877
11  24 213663822
20  16 791203254
28  17 839621150
7  25 1514742442
6  10 1423457182
18  1 700333653
5  0 1962450755
29  24 218797291
26  24 121993569
0  10 985169024
5  7 1305411922
27  16 1546473065
11  24 1523676798
10  29 885462743
19  14 265226754
8  2 75347850
27  19 2078307846
2  7 2090797165
10  21 1704612572
21  7 564520404
16  2 1572740988
17  25 230897343
14  13 1506448296
7  21 1490901394
2  7 344924657
29  18 1148336951
13  8 1722524292
