450 30 19 20
7  10 2054244807
17  16 96141313
21  17 414812948
25  29 1753066716
1  19 1045692683
12  18 1114043447
19  3 1558551041
15  11 1654238363
22  23 1770235502
28  27 1367486232
26  21 1240947499
12  1 240700146
25  1 957227068
6  15 1756012401
23  4 1712122268
14  22 2073308166
16  6 1919809422
22  21 543836478
5  22 1653369748
7  18 766242217
26  1 389220145
28  1 1203865722
2  9 1756428268
3  15 1831098861
26  17 1208709886
23  24 1273596178
22  12 931149699
24  20 950396629
2  16 1365515578
28  15 361408773
16  27 1195430197
26  23 883438307
22  20 937556500
15  11 182989611
15  26 593393962
5  28 1426989554
14  20 1607985080
12  9 1979589891
21  24 731733456
18  0 1015987744
28  22 111032820
20  28 137861380
23  9 619035091
9  29 1567394093
10  3 202140768
21  5 159602713
21  4 141466980
23  21 1056869178
12  5 1558720361
8  4 1228471037
10  4 207386629
20  28 1384024588
12  28 526576110
11  4 960139331
15  10 232390603
11  6 174425226
4  21 538725326
6  21 399431625
22  18 1934917581
28  24 59719021
0  28 596208792
12  29 677020831
21  3 1741412715
23  6 1361701763
2  7 2075623650
27  16 202506735
15  16 1387245948
12  18 1138580269
8  3 1985006843
26  2 1437212587
12  0 363789097
1  5 1983984099
6  29 1137478984
25  17 1207352706
22  5 1840657358
28  8 1099243594
23  2 604662241
20  27 475485244
8  22 182479894
9  22 1188561554
9  14 1355343488
23  12 1105627012
29  8 1011947007
7  11 213434426
3  9 358921904
16  21 1630348162
13  21 1267833065
9  24 486898906
25  19 1173187562
6  8 795059951
2  10 291402393
29  9 1381142694
2  29 1052356494
28  16 2096802753
10  1 1407280969
13  7 236149295
8  2 1484810163
25  5 609350278
8  23 818604781
23  24 1179681358
14  28 1437827590
22  15 395664602
20  5 1317907740
23  16 91298864
19  22 1956965378
19  3 1462485489
18  17 1911481263
22  24 432877145
22  24 1336703570
4  12 1497505881
11  13 243680403
9  17 698846926
8  10 631300525
13  4 1183942548
5  29 464046640
28  23 1207978661
28  14 428600299
12  21 1046978023
26  27 2109585290
5  10 595507984
21  4 864384125
10  8 2040929552
22  4 61721169
1  18 377827220
14  7 430277561
9  4 2043258058
18  26 26152623
3  12 384391589
21  7 797357641
8  29 1913359098
23  21 654787824
4  20 86254212
2  28 572290650
19  22 384840710
12  25 1754205899
16  0 1509170637
0  18 1678508638
23  14 127197088
25  2 2049561034
1  3 2102860472
23  3 1361271287
5  20 8077072
1  12 247827112
29  11 1033808883
8  2 1162522935
11  25 837985422
7  6 2098717628
8  27 1950428356
13  9 1805464730
23  26 289185296
16  2 1440506929
12  17 1440740453
19  11 1950645515
2  21 230860462
6  23 1699760871
19  17 1425779178
25  9 1520415927
27  10 1059067169
1  27 1452898769
19  21 705197696
14  2 1437187291
25  8 726039935
22  29 1445583945
3  7 1139855056
20  1 1670200048
27  11 198630715
0  20 2122873350
28  26 1217053968
25  5 1731123414
24  29 242770919
6  16 128323055
13  3 1919895224
12  19 57271370
4  16 632740870
2  19 987986370
2  24 2012689448
11  7 412880166
18  8 643718800
13  18 607445910
10  5 314185287
19  22 2090157231
21  1 1701631303
6  7 2053277888
15  3 1283243073
4  20 700396537
12  23 1258392590
26  25 788853661
22  19 732654406
23  11 278192779
21  1 494141230
18  8 2137291789
2  14 106834315
15  13 430729077
17  2 178817000
13  15 1175494415
12  21 1745772847
11  26 261914942
25  3 940771459
10  1 440601199
5  1 5383205
9  26 1349895920
8  26 882955780
24  9 2094566356
25  9 1790578881
5  9 1734387835
0  24 89180400
5  3 588127547
18  14 1023025536
3  29 1048165903
9  21 219269942
19  0 73893228
9  1 636383081
10  9 1648540191
7  27 399912473
28  17 1527097909
1  22 1213608784
17  11 817036370
15  17 1082121006
1  8 1933747852
21  8 39263288
5  21 1236517817
24  14 1118067463
12  19 789559687
7  21 146830181
25  16 899285292
23  12 1409843416
9  24 1845094070
9  19 276861456
16  18 387770693
25  5 10874945
28  2 155844821
26  12 189693964
28  2 697096262
24  21 2002069159
20  1 348439338
2  18 76472571
19  12 1068749571
11  19 2072042686
23  8 1708064389
26  8 1443552222
25  0 1535949043
23  0 2074477167
9  12 78463937
1  7 412368866
19  27 71133247
15  16 1149713193
17  11 1381113899
0  20 1863792365
25  16 1451283450
24  18 165260583
18  17 1501897599
14  26 1856590820
13  19 1246158271
14  16 1817700150
24  5 1490682646
19  10 90024106
12  27 767926756
10  5 597810839
15  22 1397564980
29  23 157232110
16  13 439282743
12  20 1159183940
9  7 714138583
29  13 614575738
19  17 1730044253
20  11 1902522623
29  2 22746871
24  17 1037676154
20  21 420774142
27  19 1050603289
7  18 1783543933
20  19 23058061
14  4 1596153332
4  18 492289854
23  19 370187015
0  26 124861891
26  27 1429597813
11  21 953756184
9  27 871879667
3  27 308142241
20  18 1562689730
17  15 141579570
11  16 1823843431
24  27 909569085
3  20 1588622247
11  19 1945068143
8  29 1992034643
10  17 2146256866
21  19 1584391666
28  20 924796737
20  28 1849902212
27  6 915459539
6  2 989915729
11  21 1330575312
17  16 220294861
17  12 1004363317
13  25 1736066291
20  27 1447491596
7  4 1740320972
16  28 1287959496
4  7 1438570700
23  1 1344983799
0  4 2089563212
4  19 16311023
9  8 141349537
10  27 1458462671
18  0 528421941
2  22 154041932
24  26 1253053879
12  10 1578866117
24  20 2063806927
24  6 660380900
23  7 848272982
27  16 2113723587
8  22 338471725
13  1 1813568720
3  5 683812887
7  22 1790503153
0  12 1276374314
0  3 140626895
1  8 1909632813
8  0 1880172561
6  9 981666959
18  19 1282824911
11  16 2088198916
21  3 1902947540
25  13 1851018746
20  2 39271171
19  27 624817883
17  2 1712206791
20  3 233061880
27  19 1619239592
8  3 1375433143
17  11 1780809437
22  5 17465417
3  8 232787535
5  25 1318645369
9  4 1887061259
19  16 1539460184
8  1 1993958031
19  29 1162470592
1  26 1699842014
29  4 786615556
2  19 1293234386
5  28 539035
17  12 1474436563
19  2 1003270458
26  29 39120094
23  15 1633183928
25  1 1743920732
16  28 1538586963
4  28 688921586
0  15 1101562170
10  11 1828661378
15  27 1521674155
20  19 113674168
4  18 1245048662
0  23 1891721791
28  27 444470246
8  23 275001967
5  23 134086371
26  8 817675147
21  13 997090096
27  14 1439615236
29  0 968660038
22  8 1808948843
20  1 634012075
1  3 1194997115
25  11 28439732
22  5 1680976437
17  7 1636992084
1  17 93315376
4  24 222467309
20  4 261710557
22  27 234924903
19  26 1726076698
20  9 1843011821
26  6 665143144
16  13 1674054060
23  16 816464146
14  24 467941930
15  11 675050975
27  8 2050094958
4  23 2068796739
3  14 5993883
11  2 1431076890
9  19 723284123
16  13 1436112925
22  18 1810296583
28  3 504373160
26  12 1783719631
7  25 971012473
10  24 1829370111
26  20 1408461625
29  21 1603055356
1  7 1245991005
23  25 1172361673
22  10 948154518
22  16 1246531108
1  17 530156243
1  17 987129339
4  22 779189193
14  11 1206746953
22  7 943942371
5  20 206456095
11  20 1055010289
11  15 729810555
27  22 2055534191
16  27 1261076532
7  20 706169818
0  12 2048532774
17  2 802751168
29  22 270016900
8  24 1858396080
16  25 1121327560
22  7 1232247473
15  16 502627499
19  29 93282540
3  18 1762575280
3  13 1614854833
1  16 1998949104
15  11 853618761
24  10 1892313132
21  8 614545292
22  9 260440361
6  18 1594208765
5  23 76314014
28  17 800479864
26  16 1126691177
5  18 1777194505
15  0 2028598536
13  18 557210290
11  23 1181925642
28  17 1105679345
15  7 1348313841
16  20 205153463
14  11 1531684160
28  11 1043074901
5  24 838067829
8  4 1833777910
9  25 409799895
17  10 1771775640
6  23 1815459117
3  15 1950858672
18  24 1149311305
17  2 766426171
7  27 830101944
23  3 1397857263
28  21 1889936696
25  12 329448588
