450 30 12 2
21  19 788831617
13  4 1294326099
27  23 1224433290
19  12 2029344049
23  15 518009323
19  11 1470109685
15  29 1700853044
18  25 343106431
14  7 71885631
24  21 49302613
6  2 314638580
7  6 1059056071
4  16 174088508
17  16 1205652623
27  28 31737119
9  24 1131188289
10  19 1801581044
14  8 1277325780
23  6 667011914
27  9 279595825
16  22 814959334
5  4 102013865
14  10 341719672
17  21 1099513258
20  12 190767175
9  0 1898759539
18  1 173105093
8  22 871574796
11  4 988546362
12  10 1472203476
12  19 346527838
20  4 15028155
14  27 331880100
29  23 2063020760
20  4 404710479
21  17 1418045595
22  16 1607954567
9  10 94139220
14  24 1750222507
22  26 401640887
20  25 824231545
21  6 1055665553
23  7 518250222
22  3 1879238755
6  10 2109880402
25  20 2081436126
8  19 656269658
2  5 409943672
19  11 143902731
1  15 392281880
29  11 329880992
23  17 1597001896
16  12 41943708
26  8 670616936
25  24 756491451
27  12 426537236
0  18 972788121
10  19 579748969
7  20 830149205
13  27 1210512571
28  2 82012283
19  27 2140228386
23  27 539333766
2  13 80720084
17  12 1369511182
28  27 668166772
16  3 153872860
24  9 2140474258
20  17 1383779211
8  10 445899
20  1 296311922
18  14 699828121
10  23 1100658902
17  22 663526557
22  7 559268229
9  5 511192234
26  0 389506697
0  7 689792464
25  1 974182289
14  12 1693297522
23  8 47468883
11  1 925143566
9  22 1795100146
20  11 202260841
14  23 533538753
1  23 1908011412
21  6 886285439
15  18 131283029
10  27 1181826117
13  21 674332861
17  11 371636505
2  6 25444087
2  27 1178138130
3  25 1326784983
4  27 1842551797
22  12 1836937173
9  12 4768197
5  3 935585633
3  24 1273347926
2  20 187143965
25  28 210023431
26  28 714751267
19  25 2137983183
2  1 780101372
7  21 1628139002
7  23 1122866185
14  18 2143860559
3  11 1021873304
5  19 537773167
4  0 1644090794
29  28 612924493
5  17 794573614
18  0 2004161803
5  13 41878265
26  16 932729583
29  21 2144131135
23  12 1453781337
1  24 1137509004
8  3 170372147
24  14 1448106126
14  3 201305812
22  4 1493675454
21  25 1921328660
26  15 705014835
3  2 947351313
29  4 1101553701
26  28 647584392
2  12 397653293
0  1 296226960
0  15 1626243721
11  0 2064139362
20  16 730343375
17  21 281551793
24  8 1747302570
29  24 857918035
21  5 1226623628
5  8 1184395717
11  25 329328551
20  9 2063128403
11  18 11942916
27  28 590588586
19  10 742206700
20  23 756239199
10  13 256058170
8  21 1603690016
0  14 1820022364
12  6 137364461
23  26 1386703415
29  28 22520388
3  1 1161627806
23  18 1462845903
5  21 581164491
5  0 525121699
1  10 1677564090
1  22 594788247
4  14 627438561
0  9 1933136455
26  3 765307241
19  0 466805117
2  8 1587034817
16  22 1426276846
5  6 1538664128
19  8 1325935011
13  17 2039637232
16  21 407463411
8  20 860072612
3  24 1707891176
5  19 1812982489
20  6 980707826
23  29 1836202366
15  28 458732310
27  22 2089459536
22  7 379819364
11  10 219346733
11  18 352897279
7  25 1323048626
28  17 1939467781
21  1 205423540
7  24 2095403162
15  25 631033623
17  29 1281369982
5  14 840810831
28  5 977013340
8  7 141126664
6  15 1010802576
4  28 358463936
25  18 118738283
15  27 901952199
6  8 930513714
16  19 1519681975
1  16 1822609579
8  4 2136352188
21  10 260731960
6  18 954132828
21  8 720646678
1  5 530112596
16  7 546936113
15  7 1264809227
22  9 632359872
29  15 1167140484
4  1 2052852985
22  25 1984179857
7  19 1343955806
8  20 215515226
4  23 1128030891
29  22 1708217473
29  8 1733142938
15  21 1966187777
24  4 1124162260
12  11 1857282329
0  17 1364157893
27  15 1382563306
6  23 162460501
4  11 836757264
4  7 1504350185
12  3 1049436856
5  28 447461859
29  25 1060995632
23  13 2093360063
7  26 1303538948
8  9 54194101
9  16 1680240298
10  8 984580137
9  29 156701226
18  9 882251464
14  13 972851102
10  29 573000057
14  25 777659734
6  18 955148168
3  27 997615834
12  4 1944593412
28  16 1407254829
1  14 543228142
1  29 1359030385
2  10 1206141648
26  13 449399050
24  20 1336028276
14  0 139762275
2  7 647381296
26  1 1290655002
2  24 1138535840
18  24 538820343
3  5 170823702
3  18 851573751
26  29 979714778
29  8 1183993848
7  3 1168814190
10  22 1910668684
1  3 1172348892
22  17 897606170
13  3 754718768
15  11 1943845463
8  28 28895462
0  22 740541119
25  27 236505377
24  18 390110202
17  2 1515199811
4  24 844103794
10  14 2095807571
29  18 1834788281
28  20 754460978
22  13 478191084
17  21 188964441
26  7 36061644
3  14 2070736755
28  17 591781804
1  20 1334416750
25  4 24062940
16  9 1482842115
18  7 1432515796
25  16 1825608571
16  0 1604217176
5  15 123910757
22  12 962842764
23  10 1057604280
0  13 2054070413
9  25 2068563399
22  11 1202156035
10  2 1264469331
8  28 2116647522
5  6 11965895
8  24 1688532609
14  19 1897890459
5  28 450960552
3  15 1260277463
7  22 1535823498
17  15 1100532380
18  12 1709587533
14  27 1384318707
12  17 935280545
19  14 1889221386
17  2 2034932144
6  9 2098181323
3  23 409153137
17  16 1649365607
19  9 1448089823
21  14 1146425899
15  29 1282998374
11  3 401610053
6  7 324969807
28  2 883031000
1  3 789505982
12  17 483353888
21  10 941989274
23  3 2013017878
5  12 2109220173
13  25 761267253
2  8 1833376356
3  22 1071615690
3  22 674418944
18  11 338041593
19  17 1687756583
22  4 1458802227
7  0 360572564
10  25 1795108962
18  21 744630375
11  1 1338126060
8  13 1221834404
4  23 1095901766
11  29 2124411133
9  6 1179496445
10  6 1534499136
16  17 155319395
21  0 1944982018
25  9 985226604
13  23 1064116150
25  4 1305938320
1  5 119794219
27  15 1973067162
23  20 1871887460
3  4 1518349637
19  4 598559108
17  3 1006718219
29  20 742013505
21  11 1062369493
21  11 1739752989
0  6 1698917653
18  3 1408625644
0  21 246919236
16  19 1013128637
28  11 691520100
14  24 888510394
23  25 118422708
21  3 921465123
0  3 1237058915
15  26 9734323
14  22 1699825437
12  13 1811552845
1  3 581205678
7  25 834794340
26  8 1886481337
0  4 2140606068
27  14 1549829550
2  18 457824698
10  14 1281637747
9  25 1730424628
2  21 140974069
23  26 999648744
25  22 2098909047
3  23 553255484
28  3 848198910
17  9 1678901168
14  0 1967342624
4  28 581715172
18  23 86177209
29  23 1963777777
27  7 1848321796
6  0 1110721074
0  4 2046446279
7  6 562832871
14  18 346664042
29  2 1300156445
21  29 1937677088
26  13 744375920
22  26 510823611
29  28 818087976
4  28 41660628
14  27 1321763858
3  2 1418246022
22  23 742405086
18  27 1684739235
26  13 1508012584
25  4 1080711902
10  0 669846766
18  16 1790111552
29  11 1600188725
2  4 306207050
4  18 1882242841
5  15 1142481774
16  22 1703096915
18  11 1449662380
11  28 1430923725
8  20 390080567
14  21 562722569
15  3 1513729861
16  26 939656930
0  25 597014629
1  17 394191182
5  12 1859514265
2  27 1805428579
6  28 835705826
20  3 428799837
19  13 517473977
24  29 106869283
18  11 855100842
23  6 382498526
20  24 1103659593
23  29 22242378
27  8 965554856
20  23 1106024194
26  4 1320689942
10  28 682864505
10  28 662876622
19  1 693158234
18  14 609704063
8  17 2014920589
18  11 1771756582
22  11 983918803
1  0 173414198
17  25 1348592667
27  16 1058476198
17  19 1738560515
22  20 60617834
12  4 1109316527
5  1 943193012
4  0 1692214621
25  21 708340218
17  8 1984066806
16  10 1146920557
28  3 77270159
22  24 1838916202
3  10 1180232961
19  27 1539141404
24  25 1916272644
22  8 1002711842
0  14 212455933
16  4 1362473096
4  0 1667702654
22  10 2020609948
5  22 952902461
3  13 1324101937
27  1 2016240468
10  7 782953689
21  22 438465344
18  26 1132878632
19  21 2006599266
23  14 57381346
11  20 1254889904
22  6 888304339
12  11 1772361583
