450 30 19 2
22  13 1754662791
8  13 1130855487
20  5 204583609
27  8 583526725
27  17 914630421
10  6 1285944517
8  4 828841024
23  7 1658897869
14  20 1189548176
14  19 652313348
12  2 475961425
25  7 1868091590
19  25 1762368301
13  0 532529233
29  26 2041732506
2  27 513493314
0  14 895777000
13  16 1458953738
5  4 313447743
14  9 1409258003
2  22 1955425166
6  16 1761819301
3  20 942624092
21  27 299661519
25  7 790739974
2  28 413629141
3  2 194449849
20  1 1178086958
9  14 1870414948
25  13 374332787
0  17 1253826240
14  0 1355001997
0  25 718969713
25  3 97438446
13  20 218064193
26  4 1360675934
6  28 1362630915
3  0 2116540657
14  18 1478605593
1  8 1922543425
17  7 1986969483
22  10 1920294124
14  25 986561889
13  28 656492690
24  6 1355830608
20  27 622268864
19  0 1627813653
7  1 353492603
15  0 183145025
20  29 199005862
20  7 378269089
28  27 1643775158
7  26 1642089381
13  15 1559312575
13  18 1521627082
26  29 1347317205
8  3 118689790
25  12 388105221
17  26 238201607
3  28 1720371336
2  25 1377641141
28  15 1678013526
29  0 273793243
29  16 639210057
9  27 1714452781
12  2 1405549425
20  1 956640256
17  1 1816153423
12  11 784112624
22  5 627386038
11  5 737327794
15  28 427949457
2  25 682088080
5  6 2018959761
11  7 1728681638
9  11 1097373461
27  13 1010839006
16  10 923348112
18  12 1414466361
4  5 947125339
10  12 236581915
12  19 1243836578
5  6 1191530286
11  25 1060503314
4  24 1384080637
27  26 1686655238
23  26 751662088
22  12 813671760
17  6 1622385060
11  7 773963899
1  0 1459848374
5  9 1207044667
5  27 635879683
4  12 689092286
28  25 402089972
1  23 1379057308
20  7 230734257
25  14 712295999
12  6 1726021104
16  6 93498159
3  9 1955814348
13  3 1484504904
12  22 289643193
29  27 723495018
14  1 1021220786
13  27 1993192699
19  25 127897174
0  12 1471037383
13  21 930412168
7  17 497117761
1  2 1229455662
13  22 731780862
11  3 1049405832
1  19 402803608
20  2 2115781868
3  2 2109061027
1  15 1854331805
13  15 1466456355
20  15 1100802948
8  24 1469682635
16  23 1943226395
20  6 859044704
9  20 1134330700
2  3 222461437
26  15 67492567
20  16 419698176
13  16 1892126609
6  5 1768617731
27  20 774661303
24  27 1966524959
18  2 1961283650
5  23 911590951
20  27 1052536917
29  3 1521518930
7  9 703517844
27  28 1405552754
29  22 230675282
1  26 783177973
24  19 1923278669
28  20 2094562796
14  21 184183947
10  8 1454456793
15  18 242553910
29  10 1680345746
0  14 2092988321
6  18 856275099
13  18 292001928
18  3 1830862610
8  29 1749933858
19  1 1238657282
28  6 2123595178
24  13 1492348287
19  4 1656738252
9  5 699698646
24  19 340153982
14  7 454804858
27  3 892711206
6  7 797780478
23  2 164810363
11  26 976263968
22  7 275021160
20  3 71398976
13  17 132393992
29  18 944922105
17  5 564462786
15  21 741111714
12  11 940316155
5  25 642675174
13  27 861797733
16  29 667039110
8  4 1312064676
25  12 2034729026
6  26 1651926733
2  1 1744387470
4  5 270437555
12  29 1299291347
21  25 1566284750
15  21 438696829
19  1 1629717628
2  12 799559640
11  12 1984078897
8  19 2034817843
18  22 460727384
19  17 499077359
3  29 1600421432
7  27 1452035935
7  0 1153355449
11  29 772332837
29  27 922541271
29  26 1769372745
6  21 419183991
20  13 759417857
12  2 96440847
0  23 9056683
29  19 1114557583
29  17 82880687
20  3 136153329
27  2 367810150
18  2 1368886358
26  20 2068366039
18  1 769405641
13  1 221929667
29  12 1318609944
15  1 1996453570
22  14 987965826
21  1 1418924074
12  13 1664864385
8  6 1181988240
19  15 1938898213
21  4 103097732
29  9 686947246
25  15 1640459743
18  27 339758199
19  1 412359601
24  8 1282602271
18  21 440291676
27  28 850781625
26  12 1563541096
11  29 279827976
6  9 520625874
27  1 73901752
14  9 149977193
22  23 1359395436
5  28 1372316409
14  20 1778737578
14  28 332998646
17  21 151550501
25  11 1056211074
18  2 851707299
24  13 1750742214
16  8 1167177238
7  14 2092607570
17  22 450307408
3  28 535545527
1  29 1288309696
13  16 1783272099
24  1 1900908756
16  29 1630906691
1  27 669228096
12  26 347881293
26  1 1054293636
19  14 861664798
6  24 1065891773
0  2 1118836870
0  10 1112933746
23  15 402041067
25  11 37747016
21  8 1293448023
20  17 2090210988
1  9 2130849093
14  28 1794642498
4  10 866167290
7  10 1626061804
8  5 693879276
23  18 950203195
18  0 1857898593
5  13 707583359
24  20 838225562
2  27 1106786378
25  4 67605656
26  24 1427446795
23  5 242749522
7  27 637149287
17  22 2039132531
13  16 705865366
28  17 1480686621
26  16 1715037885
27  26 1122889589
12  22 402451924
28  1 994336574
21  13 1818884808
17  29 935453962
10  28 1643467303
25  0 482066804
8  13 1312063256
11  4 1734245872
20  19 1001332891
20  17 1015807763
15  21 525460314
5  14 667653419
11  14 2076124853
19  26 1505334492
2  23 1188727955
16  27 264123639
16  27 705688600
12  7 1329359013
22  29 1409688820
28  25 199225878
10  23 959585553
3  10 264788646
10  16 1472614202
21  2 1728270945
29  8 2104994902
24  21 1605506944
19  3 608237156
27  22 447498450
23  6 1082404545
1  2 1094953679
10  15 727024758
5  25 35054474
18  10 2033121545
6  11 922125106
26  18 1897006814
12  4 1722161839
21  14 896889068
22  4 1123926970
1  13 815884528
7  0 58148842
20  1 1064141158
28  10 393060411
0  14 756645940
28  29 1797700119
12  21 390094898
1  26 686496313
5  6 198945948
11  21 1287836212
19  7 352188946
8  9 2140867654
25  20 1779488135
2  28 1859328972
26  29 13818344
10  9 1623436578
24  6 205385898
8  29 692522883
29  17 1134272995
27  2 1614830889
6  28 1759156200
0  19 420818332
28  19 528094235
12  11 1335314722
25  11 1065820061
12  16 416184078
15  27 661011246
3  18 39714916
18  27 979166309
23  20 96100962
13  21 376899049
13  27 1518947775
6  18 101862600
29  23 1970887523
26  12 1348478436
24  9 1690398371
28  12 1154125074
29  2 728299477
28  17 1884378915
29  8 318046687
1  18 64676531
23  27 352191234
23  17 1472329106
10  24 1212932916
7  28 318657840
14  18 1931705890
19  22 609494278
12  4 559071810
12  14 1079248925
26  27 1171225472
8  20 1047621509
18  26 1757462613
18  12 417336993
10  9 444064096
7  29 1929188475
20  29 1228957422
3  20 1052897214
21  17 573136876
16  28 1076612460
6  21 340726553
17  24 150887600
1  6 788977403
3  16 1239177676
27  25 2063321719
4  13 1755865265
14  24 42524432
18  22 571450510
25  7 743952960
7  19 526851160
21  4 2031870719
5  19 1629381345
2  15 260299788
8  15 428866292
6  8 2133344572
26  27 1172552834
25  19 1251426950
16  0 588791646
23  4 876022592
6  19 2111866402
17  4 162121779
17  16 1289023758
12  11 42989839
4  21 900390745
27  9 582063065
21  18 519597544
8  0 1010632489
2  10 712182370
26  24 1726943765
13  7 778168788
7  11 1324029248
23  17 1550388516
19  5 929421665
19  21 906462548
13  25 2025379754
15  13 752050521
6  18 334182459
2  29 995095082
10  12 1467216993
8  4 1936190774
7  15 1896521048
19  23 1237669091
14  24 58455807
11  3 1399290670
6  15 1209540129
8  15 1555770584
29  12 360179415
15  23 1088297338
15  5 1725872229
9  22 1713891934
0  27 888371182
29  6 1092323240
23  17 1563992390
18  10 192034120
20  1 1066238197
0  10 1956759153
17  28 378908422
17  20 464554914
26  5 231762192
24  27 544368903
14  16 1669491788
12  28 631434730
7  18 1731566575
6  27 1381014190
7  8 1806878304
7  17 1117526654
16  11 38673724
23  19 257788500
20  14 186505528
22  26 927952970
4  11 2107183346
8  0 105722246
16  8 1020249909
29  3 251351742
9  14 1442305519
28  23 1176409102
26  4 1620849944
0  4 1933838321
22  12 1735808417
3  11 1434128063
1  24 320917504
2  21 333721033
16  9 249710704
5  17 569670796
14  28 668530223
