450 30 2 4
4  20 1386252212
28  14 1126931086
17  27 83478676
27  20 1009573232
4  11 38512361
0  26 1096005456
0  16 1542593335
26  15 1731324189
5  19 1002220252
6  18 1992554998
10  23 1100406387
25  0 1512536744
6  9 935466001
9  20 1763708151
3  19 1905685079
5  27 1924015564
24  15 1723425046
13  1 692609060
26  27 1973383409
29  19 998047698
29  9 363854851
3  12 1852619690
20  14 73866048
15  29 1899829783
24  25 487581361
2  13 1699670918
20  23 919157278
1  23 1052991303
21  14 805796871
10  27 242184876
10  1 1373140547
26  28 1933102587
6  2 2009218481
23  9 1286596282
25  4 1323270696
24  2 1128987303
1  13 1957214180
29  11 2111800653
22  27 124958436
27  7 1705495778
3  29 1847865919
7  19 778957854
11  2 727618272
16  2 1455767209
16  1 223411864
17  14 1133630160
9  16 620893238
28  23 634137359
5  2 1791584101
17  5 566574188
16  22 1257341084
3  7 1793856946
15  28 1554822280
5  27 736224098
16  21 298423724
23  19 1642543878
15  12 956701134
24  13 1671717947
17  6 1658755868
26  2 122180691
29  9 716171512
12  18 893071560
23  2 894198366
29  25 1362225620
19  25 1000793196
24  5 252474522
1  25 274792922
18  11 1660736164
14  19 1838534285
9  20 237332275
7  13 1900848182
18  25 1531319883
26  29 911045586
16  24 1624700521
14  3 1240819038
10  24 1304388737
15  0 803269294
22  3 756220433
10  23 929268171
24  22 408119128
26  28 566375741
20  18 527664264
19  9 1479155664
29  22 539514981
3  14 100891363
18  8 1527304744
19  29 363873601
27  13 1507099403
22  23 811978405
24  29 11463788
19  24 1975270638
4  29 1099342338
22  16 362185071
9  6 818849543
26  22 1956220780
3  28 1661462496
8  0 1499233454
12  25 869538083
7  1 1372203199
1  25 1343597381
19  14 1541236716
17  9 963301377
7  9 1546292119
8  28 543423747
12  18 1259371304
26  7 2121167037
4  16 599424323
19  3 1737833677
12  14 734202403
5  26 504400857
8  21 1306970050
1  22 563263764
26  25 941708000
1  6 2008606153
25  6 588632027
20  19 1146289755
10  11 2042512533
28  4 1548104040
20  22 1058299993
19  15 1632799079
5  11 125029871
8  2 862626295
25  12 501015265
13  8 1016808563
28  13 404702454
10  5 346708682
8  3 87365480
4  28 430684125
29  20 808196083
10  18 604869397
4  16 1789004979
17  24 1683765367
1  15 790060378
23  18 307602331
20  2 1232983822
15  29 174699029
12  22 873552993
10  8 644209721
16  10 108659284
22  18 226904000
15  4 1708029548
24  7 743290759
20  1 1415436760
29  27 806635877
29  15 1493408772
12  24 207070914
28  2 711711810
3  4 863632987
6  28 1378311157
27  16 628015790
18  7 2124240475
14  24 927071279
11  27 483156381
10  20 651191217
19  2 776210693
6  28 545713503
29  10 1222715518
1  0 2130491602
3  13 1210811009
4  28 375955250
21  15 2072815645
18  4 1124010760
25  21 162747224
18  10 457843446
20  14 1468111997
11  25 491330868
24  8 1544651231
6  10 1504013349
18  25 2107685677
28  13 1765571357
9  24 1807745627
17  19 1744391566
22  13 346405742
29  20 1640992765
26  9 1539478044
29  3 457814632
9  7 404304306
9  13 1869242911
0  23 346206987
19  4 77499653
1  8 2120745767
9  26 2109847933
11  27 433648411
5  10 836083990
5  27 1589085316
20  19 432487038
8  20 1498289865
27  24 973078528
19  25 362694249
8  5 946860597
5  17 1044164084
19  14 1626718814
28  14 1573801934
26  24 1001456409
23  4 1953130506
19  17 1538932110
24  1 961233133
16  21 320973533
27  9 151752376
17  8 549066285
28  15 1493079270
21  7 978790521
9  4 101238841
12  3 1018374438
16  2 822900866
11  15 2040842397
27  0 1283667464
27  22 428828241
16  11 814025200
25  20 534955794
2  20 1627855846
8  6 126508341
20  1 1789756354
21  29 1275984819
25  8 784192628
23  3 619462093
18  4 808550607
14  9 398428863
15  8 1380473771
15  28 1657575145
16  13 239099940
27  10 1976798329
15  22 1096520282
1  0 1738754669
14  15 576317370
16  12 137477185
24  8 541160437
4  25 310453429
22  19 115792718
29  3 1996015128
9  25 2121412963
18  13 376115671
29  7 2124030487
4  7 544285934
7  23 1016570413
20  10 1207829782
5  23 49893898
25  21 393361133
3  27 1345688969
0  26 1574149581
17  23 212933208
28  0 166455898
9  16 203893641
5  8 1861106758
22  13 406656792
21  28 1958245293
24  14 1256614643
4  17 206230712
8  2 1329416482
8  11 1119189383
24  15 982162968
1  13 1681078878
10  29 939731144
6  2 1998909302
27  10 1189627715
2  17 2056034456
12  13 1491629450
29  25 1281647204
25  15 1161884418
4  0 949584044
24  3 1119954156
10  8 103257525
20  9 249670738
6  18 846965204
8  3 803793469
19  10 238191582
9  21 1786398911
1  0 223676642
27  23 1611250366
10  6 1326543500
25  17 758674494
5  6 1576072478
7  22 2096338278
20  23 1933546423
0  9 1921282926
23  26 743976750
23  15 380414446
3  5 1646654082
24  21 804264579
23  9 1264227816
22  0 773156413
16  9 1221429100
0  15 165628965
25  1 136996504
13  17 1736568784
17  5 2073617118
2  6 1692606120
1  16 731587979
20  7 1565276083
29  26 416039644
6  20 1643802836
20  24 875504399
21  9 1359311929
0  10 46956081
10  23 1188893088
5  13 1723386169
26  1 660608282
7  19 29614119
12  9 2040792985
6  20 1886351404
12  3 1404258558
18  9 1703149065
24  7 410768290
23  18 2024790794
18  17 1687040278
8  22 1975632798
23  11 1439773511
26  22 1148362647
29  20 1924533401
4  27 1449076420
1  23 2111956166
5  24 1624117795
16  1 1911688601
12  6 534150160
16  5 1818078353
4  17 1701634261
25  19 1735866108
17  2 232897312
27  18 1550054601
2  3 1858883514
3  5 711795582
26  13 218441730
2  11 768809723
17  8 453869930
3  4 1705098967
11  5 2011564115
18  26 713895062
22  16 2132691711
3  16 855668630
17  26 1499513348
28  2 2051704083
10  3 217586303
2  21 1311271543
18  8 1351785774
2  28 1541144257
25  7 121148824
12  3 1088423588
27  21 631789672
19  23 959434491
2  5 1543969692
16  26 1478176387
6  21 1373232044
6  10 377900220
27  15 615209875
18  16 333177074
9  19 1258953858
28  19 1401336439
13  28 1665408525
24  6 73735518
25  1 804815757
11  8 272689674
19  3 227719390
28  29 41357277
4  7 1203237379
12  17 1843959364
19  27 501840284
28  7 860983525
29  15 1931502306
26  1 182506701
19  0 2012767344
2  4 975309113
19  22 2111626365
4  9 1152751068
1  6 832782207
14  10 2056548433
22  1 1621512097
29  25 876879236
25  11 2390747
0  21 1325107754
22  5 779596708
28  25 434757093
1  23 1299505649
4  16 1606663525
13  23 1395789399
16  10 1572062488
26  25 1055928736
23  13 1689105236
23  10 945154697
6  29 1215731791
8  19 1738633803
8  0 1954113138
9  27 1133617426
20  29 1622741808
25  23 1513690681
0  23 710480836
21  17 2067284892
4  11 2065735531
3  17 725856404
29  9 955858376
2  21 1235271478
7  21 1718401715
26  21 703806025
8  7 290095236
4  12 1823998980
11  2 1889325090
17  18 432393378
25  28 380043082
0  15 1954691383
17  3 1505564320
8  19 1171181862
29  21 106806466
15  7 973799019
22  13 718760425
6  27 300523658
14  23 682725587
4  19 660269223
16  19 889545388
1  2 1070188281
28  10 268768483
5  4 238617693
22  9 956925383
17  9 951054879
10  14 972894990
6  15 2010346885
12  25 1613865184
26  6 679723375
22  18 175292203
27  0 48755097
6  28 202946422
7  21 349490052
22  11 65715629
28  16 1307708157
24  2 1440504805
8  29 425313630
15  14 1660913045
21  6 1897745330
7  20 796085921
16  18 439360805
16  13 2075615742
3  15 1210799274
24  8 2086015122
29  17 1788174004
19  0 456259289
20  2 56939181
1  8 1968179044
14  21 971535794
11  0 1624343945
16  15 1690799975
0  22 1330963
14  21 1406507106
29  8 1350431561
8  13 324238652
4  14 273361364
3  4 1628904345
6  0 1242855147
14  2 51383949
25  11 1033930917
24  3 1779358059
5  0 35976676
28  10 241639779
