450 30 22 0
24  21 346337067
26  16 2099936091
28  4 1306005499
7  18 530613625
19  10 1630405730
1  9 725856997
15  28 1749294729
23  1 1242396885
5  18 1202327464
11  16 979901007
15  20 886070367
28  15 62185048
17  8 443006295
27  15 1869461968
2  1 1977289813
22  9 1499285898
13  4 871473523
8  5 1341199948
24  16 508919987
12  3 634396086
10  19 1813670603
14  23 1258298357
17  21 1061512468
10  19 1649625580
11  19 1331847990
17  16 1463776502
22  21 754929529
24  23 808013262
4  18 1897120067
2  6 60711785
24  7 1394970536
10  8 260747347
7  29 1455822108
11  6 1783649081
0  8 105183784
19  17 932822357
19  22 204183263
6  11 1494373229
17  21 1788476046
24  9 953520483
25  15 1624743141
14  21 2084848334
26  17 2059977239
23  3 1480982967
9  29 401302089
24  2 974065069
8  17 2080589204
8  3 1486146606
17  19 833005700
24  10 2114737900
22  7 1837637093
19  25 1790710589
11  0 975450087
4  7 1787952440
4  15 1822772311
0  18 1706944414
14  28 1826983145
22  21 1761716865
1  0 1461208082
12  9 716035283
0  3 1004642759
6  15 1285236180
12  7 1032510480
23  4 1710738540
0  20 1296693994
12  6 233062094
20  27 936079881
0  11 289640891
14  18 1864405949
28  10 2129308087
25  3 1156673780
13  14 792586458
13  1 520677685
14  17 294477018
23  7 1226619686
21  6 1303447512
5  8 150551392
0  6 1530549043
1  18 1761979656
22  23 1541831537
3  28 70077260
11  18 1847964328
10  11 1738391139
21  5 907253716
7  22 1752347485
24  17 246826738
22  6 941059015
18  13 1517512389
15  11 1393024789
9  15 785071933
0  2 1307941490
5  3 655397733
4  5 672486675
25  21 2122071913
12  10 138741955
29  2 737627451
11  29 1211754185
12  10 1395227771
0  11 1843242359
21  17 1362061340
14  23 1669269960
16  14 529719924
26  16 1903490814
23  4 58329788
3  13 108025325
25  1 42437833
8  21 1183122354
4  12 911212866
9  26 894218588
27  21 288299519
13  22 855281191
8  3 341948507
18  4 2025697910
15  12 1002955679
18  9 837400665
3  5 857211980
19  15 364644862
1  23 1454443441
25  9 81091147
1  17 1176009235
5  13 372388025
3  2 1547533716
24  4 95421697
21  27 1716520595
24  5 1806060447
12  18 545039965
24  13 1139597370
17  13 1264089300
27  5 1343272493
13  14 662914751
18  20 210032311
1  24 763222358
14  7 1400790913
4  8 1976665375
2  12 895849256
14  26 276901730
14  22 1047648530
18  20 1264181550
16  8 290298091
12  14 1150968901
4  0 314710620
0  23 1579304159
17  11 561446780
20  29 2089178
28  27 1655471999
20  21 1829296726
19  29 123561435
5  17 1087419895
29  21 994225447
6  16 67138564
17  13 1574058147
21  25 2065410814
1  15 872666619
8  26 266544129
14  26 345832631
26  1 261993962
10  3 1387580483
18  26 1580607593
29  27 1110259693
11  29 1490422648
6  5 1408274411
9  12 628712639
19  10 756337085
4  5 415153031
3  28 1874332261
5  15 1964548589
10  24 1399838675
4  0 1060607804
13  17 105376530
24  20 939585208
25  5 1613956002
12  17 1417137004
11  12 1673087537
27  13 1062456458
9  15 837741471
15  2 688318655
21  16 2093184677
16  23 995493364
5  10 1370765510
27  26 1217346386
22  17 1765267322
18  2 1507396199
4  18 1150407567
11  0 418291204
21  8 859132485
5  15 1929806911
15  18 1466803125
20  10 1495250932
6  15 598241704
20  10 145348711
14  1 1359601686
24  22 1608910520
15  1 1936448833
6  14 1028213345
21  0 444485448
2  22 1630763444
19  16 1894399424
11  16 825438902
3  9 1035475889
4  23 1818302193
18  28 1942467706
19  29 1362440290
14  1 47365320
18  12 2126490556
17  2 2049576624
26  12 280529882
5  24 1141177447
13  8 1512765124
16  13 1424188941
10  17 530437092
11  0 473749909
3  19 1757363595
2  19 1246496541
5  26 856767829
15  14 1445651250
10  15 1333185969
26  0 733942952
5  25 1598616663
17  2 367795621
17  24 2002545088
7  0 1433272772
17  9 811066189
8  25 149941322
15  29 1410290596
3  23 814464270
16  14 493939231
27  26 1428796691
20  15 1131937217
4  25 571407845
8  1 69063117
17  7 309267444
28  12 1525762466
7  16 1699351038
17  13 1506935036
25  11 1596314222
7  25 1660115527
3  24 103263249
29  1 783162563
17  1 352507150
4  8 669442648
19  10 748914481
16  14 1541529565
2  8 427658140
4  6 1947297950
4  25 788824698
10  15 959052788
15  9 1243241762
12  2 1438600444
15  1 14186
7  13 16067866
25  5 1903318327
26  27 68784707
8  7 35427080
2  1 1948232047
15  7 24035574
4  20 605849642
9  13 1430370911
0  14 706410655
17  4 290298180
16  4 1538103715
22  8 600989926
28  14 1224759873
13  0 57283563
18  19 772384893
23  13 1404011337
23  5 1791037723
21  7 1510158329
14  24 1194856547
17  9 2141570563
23  7 880862377
7  5 1195922938
5  11 1276881159
22  26 2006016703
1  20 1897815764
2  27 796585885
4  22 1523313924
15  27 1178212682
20  18 169598879
29  1 1643543811
7  11 2103928278
26  0 1667836624
9  7 964768516
29  0 754341593
18  5 756289339
8  26 1713502866
21  8 879825847
5  12 1351366719
0  21 119394238
28  9 75469588
7  15 2133222494
1  22 1615628835
19  26 29362728
13  16 768469689
19  4 159622794
21  6 1965416504
22  29 197803864
19  10 1574076040
29  17 1000104749
11  1 1383130262
26  17 449768812
23  11 942125573
6  19 1863645095
1  3 1691979335
5  12 219407905
25  6 954751811
13  24 1736858338
21  28 79802989
13  11 1940974469
21  20 815902233
5  27 1460228680
1  19 1428760490
25  5 413037463
6  22 1564502892
18  13 763486483
10  26 1403032069
0  11 815251368
28  25 1592187225
8  0 581630036
7  5 142112805
26  10 981222865
9  13 1729920481
26  17 573686330
13  23 470001997
17  16 261152963
9  28 255250966
8  10 302540907
10  13 2040378438
4  29 1957900817
26  4 470140290
14  0 1435758525
23  19 1721997098
2  15 1100435888
23  20 439014321
11  12 331404328
10  12 475779810
23  25 302839916
8  27 1360626420
13  20 442666372
17  7 191289409
11  2 1505096870
1  12 1263289950
20  24 2027579659
11  20 982497097
9  23 1402392723
12  15 2085654853
6  21 72582864
20  28 1546228605
0  1 2103533
16  17 57205467
25  14 612082949
1  24 1556444033
11  2 1461142942
25  3 1020526300
14  24 1363797870
7  17 1025786990
7  26 725567092
12  23 1344430159
14  3 2002316161
23  20 1121566996
8  29 195641325
26  29 861145914
26  3 728348836
23  12 2140884882
25  9 1063468075
20  5 1605247980
29  11 126905649
11  0 1040576246
26  28 357452676
18  24 812776097
11  13 1376085885
10  3 1820989398
8  28 1439856902
7  19 368402039
26  25 773578248
28  3 437561618
2  12 1848770874
8  20 1822555430
19  23 647522848
4  24 1293706846
11  28 1181877604
10  13 902236054
2  20 1361478576
1  15 46502806
19  3 918529228
0  3 1804733390
8  27 313802769
12  24 763512826
24  13 894457730
2  29 1369295443
2  15 1566036613
6  11 480112951
2  29 1241334944
5  6 1596359199
24  19 1217233572
6  27 1386527819
17  28 858232066
14  29 583656665
28  19 464902354
9  21 690165984
16  4 1905584614
7  3 1147111287
19  5 946497641
7  9 2091004843
28  18 1325688371
8  21 2059262265
16  10 329415295
7  22 442208856
15  20 1250625737
24  5 630041056
24  11 81376873
17  3 312069628
6  2 2037852347
28  4 1689226029
7  23 832710329
28  24 1541554665
10  25 805186315
19  2 491907264
26  16 1935930228
4  20 540501868
3  6 2139644478
17  0 406465236
17  20 661154165
21  5 2066983214
8  27 757065729
0  23 1931852948
11  20 1779173179
13  11 1403040565
23  19 1619729677
20  9 84124901
16  11 1117926894
2  10 2016672663
15  0 1281008546
24  18 892197658
26  28 1628495304
1  27 366565852
18  28 1003620133
15  10 754680807
15  3 59267397
1  26 2053795783
26  6 1232747567
8  6 1990131474
8  29 16649769
5  10 469651866
10  12 2021757769
29  7 44527066
11  12 901326992
6  8 191074897
19  7 2125152
21  20 1825786201
16  22 70476428
