450 30 18 3
17  13 842999703
7  5 2098087958
7  5 1186616507
29  7 439167774
14  13 638175804
21  22 1099031951
28  10 169437457
25  17 1490843909
28  18 1016895544
0  21 1566201935
16  13 636426308
17  24 1637683363
14  9 174855404
8  9 1567699908
27  24 131952554
28  2 1056933374
4  14 2022900306
7  28 2021116662
7  1 1438883092
6  29 1668704600
8  21 1998716661
29  28 597171983
0  24 430307816
5  20 1687259474
0  24 1431986189
17  26 1370810962
3  5 833640392
11  28 1623716620
5  22 2054168676
12  24 214150102
6  14 144759376
12  23 779249468
17  8 1887068962
0  5 697559567
1  23 429349402
10  29 2123917882
12  8 689321547
15  26 110613704
18  24 214553534
26  21 1354050532
6  24 102191360
22  27 378898879
9  5 673374247
8  3 1596517211
19  1 2032420181
16  21 51466408
13  10 823869984
28  8 1700978594
28  7 1915685556
8  4 1539431366
28  4 986463028
6  22 2095269083
3  21 1585081757
8  15 825703247
28  4 447414728
6  3 1291915984
27  28 1647637829
4  26 1143400612
28  26 1296187399
4  0 510508655
6  28 223420861
21  0 1530517824
3  13 636662535
12  26 167855681
28  29 221921988
6  26 1723655496
24  18 768591486
17  4 2001718716
20  10 1770869363
1  20 913019212
28  18 1019607956
16  20 2052138321
1  11 475073457
28  13 1852193133
22  28 258686361
13  14 2041678162
11  4 78336223
8  2 1064689894
25  2 1108860647
22  12 1788732271
23  17 989430336
9  12 1624562614
8  25 1694289228
12  26 794047713
22  10 1543911640
16  9 1362439122
8  1 836592147
27  18 1865500816
1  14 499744098
29  10 517119262
4  27 1761883773
3  10 699468822
5  4 1944215876
22  13 1871952922
14  9 729709869
29  17 384761214
21  22 658999412
5  24 626043706
20  0 518866481
20  21 117868312
6  12 1746414981
1  20 285251123
7  13 1552158564
14  0 1192358194
5  27 767123252
22  16 2010352014
5  24 486875719
29  26 1623053875
21  4 976349803
18  4 711560636
4  11 705634540
27  21 988192115
6  18 1220250574
18  4 545286075
25  19 854368949
12  29 1687833753
26  11 2117492361
16  0 1499569410
14  28 874088271
18  3 1564515292
24  16 842205338
7  22 1465271482
5  12 294400753
8  12 450618649
6  23 1638490060
5  28 1490800023
29  26 720222142
7  26 38882260
21  4 1539238668
20  29 430703474
8  2 32461738
27  9 744285573
27  2 1682569839
7  14 462216135
6  26 1307406729
28  25 61923472
15  21 616616947
13  1 1652043867
5  3 1905623437
17  27 1179744722
27  21 2089618492
18  28 750182134
27  0 1611824544
5  29 602212940
24  23 1793351397
27  23 2043585605
3  0 1717515269
10  23 1352085016
20  13 134951961
1  19 1124396203
20  9 437767205
11  22 20773676
19  8 1344960420
16  12 1233044913
13  19 1594946542
15  20 128382382
24  23 947242837
28  27 1743704102
28  18 2112181609
12  6 1643046648
1  4 1887945185
7  6 709381667
21  8 680277097
29  8 1977403725
24  14 200634879
15  6 1801959331
10  15 1011238490
21  16 1194169517
9  16 1412999208
29  21 1614101669
27  21 80864144
6  1 1188986111
26  29 439398563
21  13 96379516
18  17 1931064597
14  20 382760540
25  8 1029890233
9  11 747505589
5  28 674014182
25  9 1655950585
8  11 1415773846
7  29 1500199572
29  23 1462609820
4  10 1623106596
23  29 1905916270
8  23 1137180599
26  27 1929871004
4  23 751508550
20  8 1561659326
13  18 1620085008
8  17 732863561
23  8 1259627265
7  3 328306718
0  26 782124845
21  9 1788441136
25  27 2024877709
24  15 1375900823
0  14 490158622
27  20 954792858
24  25 496225941
2  19 1617811073
23  1 434679278
27  9 1722755122
24  8 79617938
22  25 1701737733
21  23 765664783
6  9 135840480
22  14 1311308304
3  28 1551573785
20  1 1136737383
3  1 2099004503
8  14 1631321744
14  23 745322995
22  15 262110572
16  22 939121100
28  15 1805882886
12  16 734065516
28  6 967958267
9  16 1622392976
20  19 2024504690
16  13 1012018520
15  18 1943270427
11  18 1204995265
6  28 1737686116
25  26 633897475
17  25 1144283383
28  1 1205334015
18  10 944858578
25  26 1765133021
6  0 620036666
24  5 1414609727
25  16 568520095
8  24 714641772
20  24 1649057707
0  3 1812433650
5  28 470897902
8  6 892930598
18  14 354016568
12  25 1948590642
20  0 1936048345
5  16 434650605
5  25 1394527513
12  28 2096989142
14  29 1842505384
28  15 903793547
5  20 85481962
26  1 71414367
11  1 342608664
12  6 1779303571
13  20 1024954432
17  3 175722083
19  20 1321166235
23  14 1689577028
19  15 1985299875
8  26 1479490017
13  28 1962040153
9  7 440616192
7  16 1218141592
1  28 355052213
1  6 1036145170
15  9 1976335592
4  17 1092028632
13  10 591029962
1  21 1515721436
23  4 399821111
21  20 202476390
3  23 330539121
20  24 2036893384
10  27 667041880
27  21 1769851258
26  13 991968364
17  22 1037598059
6  15 665749704
28  24 185369436
15  17 1703962339
24  15 568693566
22  6 1777355211
12  27 225226997
1  7 27099213
2  17 295925284
22  29 1758533093
4  24 300488460
29  14 393170197
5  25 315610538
21  13 900593049
18  7 968164847
4  1 1221398990
18  0 2116560275
26  19 1370240484
14  19 637476799
20  24 1827880363
15  23 231513876
23  28 143245649
19  27 44183643
9  17 191843661
4  3 1009855209
27  12 426077375
0  20 1304105299
18  2 428260948
9  0 1686446534
25  6 1611136503
24  7 668909744
12  16 549886446
27  2 1463503035
22  15 299831594
6  17 1280244334
16  25 1833667234
13  8 426455462
13  29 1318096888
26  12 2133094391
22  29 1573065823
24  14 1938378121
1  15 5061833
19  0 810298245
10  28 712506652
7  19 691975315
0  17 1808949759
11  14 816819621
15  25 646323883
0  13 1704634363
11  16 1830403659
29  0 1705629608
4  19 247835123
11  15 2033258345
22  19 555820330
15  21 942437359
3  18 1558407553
18  24 633939134
24  14 1124237566
28  16 423932360
10  0 89302230
18  9 2014242304
7  24 660391838
28  6 1794598660
29  24 845015315
8  4 1438240917
12  14 159341940
23  6 2017737665
24  5 159009319
15  4 358293790
23  24 878344079
2  9 1305701972
21  15 1205829281
2  10 1193711266
13  1 1706121529
5  3 1130374259
2  0 2113177828
15  19 349067978
1  19 586107741
15  29 1763434889
10  12 973737134
28  3 1330293673
14  4 1159623116
0  28 758119629
19  7 2103291819
4  5 139587426
1  13 1345529527
7  15 772744781
21  27 1499326949
27  3 222993580
11  26 1286373475
13  3 1016776287
9  3 1234389141
26  4 1052609286
25  28 713268970
5  13 1759824398
11  20 660719755
10  18 753946557
25  20 1638663770
16  15 1556605735
25  9 798690305
28  3 1297993716
17  24 104379634
26  28 2147136169
28  12 355233949
22  28 2032203583
20  3 555451148
11  25 520126344
3  16 5076220
3  20 560810305
18  25 721308918
9  13 907269841
24  20 693544042
21  7 1342974057
24  10 233131480
6  9 2112013405
1  7 981081405
4  8 1809749257
27  16 2078277662
21  29 627482380
17  22 1285211794
10  14 738159022
20  16 510679913
25  8 1719130469
24  19 2092551792
27  14 2020575472
1  14 1849625997
24  1 200406877
23  1 377144268
27  28 2051009201
5  1 472990591
22  3 1503541498
7  12 682906613
29  15 1245326418
16  7 2107724723
8  9 129988418
11  10 313256131
19  26 463002656
17  21 1252664210
15  26 443953390
20  4 2005820154
18  6 319356330
6  29 805789578
24  18 1879065036
5  2 433316844
27  8 482764736
10  2 961980179
25  27 1504385174
14  10 473505025
6  20 456766914
5  0 526476121
25  24 1043962401
17  28 1296435197
9  29 1792988834
11  9 508040701
17  24 76525749
21  17 1888869488
6  10 212761654
26  28 568137749
4  21 123043275
10  3 2075049567
26  20 1537379856
5  19 147215718
6  28 1373388137
13  9 1051483356
1  9 1891292097
7  9 296046790
0  19 1239936462
6  16 321435486
13  19 1088666350
19  9 49268914
25  2 1864039024
17  3 2007429702
28  26 2131558668
6  5 171233265
21  23 1979757448
6  26 2022221712
10  23 159924525
20  0 1144884622
1  0 200014096
