450 30 27 12
25  4 1881756853
4  25 582837328
6  22 967705336
27  10 1998860428
2  16 2018918152
10  0 1269851097
25  26 1872028835
9  22 463066437
2  25 1985066172
3  7 512891051
6  13 157477453
25  17 590467017
6  25 800521425
19  21 984723208
29  24 440726812
21  24 586368248
0  10 1103158496
9  10 957477103
15  14 1729302382
7  8 1380984843
5  24 976878524
7  14 2051461595
2  26 1065250024
0  20 574059096
22  27 1135082889
27  22 893059361
5  24 2059545435
2  14 1596146012
6  1 2104363708
3  21 115599752
14  22 957802367
6  17 2042826493
6  27 376270637
25  22 599722840
12  25 779266189
11  0 1992857581
11  7 1513025710
1  20 1852332820
7  24 1178523575
13  20 438915628
3  10 1092579593
27  15 1531217666
23  13 46338801
29  20 1048906944
28  2 1288199627
22  28 1261754465
15  27 1846899862
15  8 814931544
25  13 1988627917
6  25 44896671
12  13 329452105
7  10 1111848654
16  8 565198618
23  25 813820882
14  28 1500240719
22  18 1291987214
27  11 1160006386
28  22 1899151614
23  9 834093774
25  2 552778664
23  19 873641990
10  9 597401468
16  27 496972844
17  23 1499365791
28  18 1870557961
27  6 1321905148
12  13 9667092
4  18 2050845863
21  6 1650464673
24  18 1396846636
21  5 325512262
6  23 692541174
15  12 857278053
2  1 1431376321
24  3 948894825
10  28 1907375257
5  10 1928505325
23  13 1998499152
22  11 579573441
2  8 811740188
17  1 213488806
27  6 371736984
0  2 482234869
26  12 687045018
17  16 2122379042
1  24 1251904791
12  26 1331570802
18  1 1471700527
24  17 463401459
11  21 1165631494
11  3 413805998
24  13 929926456
20  16 404940363
0  8 1667929706
10  22 63060074
7  14 16037028
0  7 1601602503
15  5 338957169
3  22 1901945983
15  2 1755767933
18  8 749455564
2  28 804688843
21  4 1915655467
17  4 1447563530
27  20 2040017505
29  23 1106974228
29  11 1952742219
21  28 208717956
6  29 1380639285
17  5 172477825
12  19 1070726353
10  27 1640950345
12  27 294960612
28  23 1057067426
1  7 1131271063
11  28 1611819551
10  5 792172190
28  16 2124071149
2  25 2026363216
13  7 500551535
12  7 1556351308
14  18 1529722792
13  15 240928797
28  1 759086537
7  4 1914271719
15  7 517780555
15  12 1228859123
25  12 1715804617
25  17 1350325394
29  28 1895569754
22  16 597326383
26  10 1484801213
18  19 1502798120
9  3 468267910
17  22 549585308
9  10 918872893
1  9 350551724
1  9 1192480294
21  22 1209563019
21  9 1140767244
20  5 806032623
14  0 1399273818
15  11 1029450821
7  27 924240465
7  1 2115657256
12  8 1026308079
1  29 2141925479
12  17 286126768
12  7 678565529
26  10 1821208735
10  12 893590789
2  24 850584084
5  14 1804130309
14  10 1932272006
3  25 761436375
12  22 1522479066
19  7 190542564
1  12 27518606
18  22 2086129068
21  17 1667450843
7  4 97226876
9  25 292844408
0  23 203602211
3  13 1156114498
8  25 215789121
23  27 2123588918
27  11 2041855969
2  18 1172620485
24  16 69931296
29  12 199475916
28  4 2006696963
17  5 1345211434
12  17 1981942352
24  13 96558929
29  27 1687000889
10  26 1367084400
7  12 712571795
3  8 1199966796
11  21 1934921575
3  27 1785207453
0  3 1614909778
2  13 1933397960
8  10 1341608847
15  0 1395282801
0  20 620666497
9  13 235835029
2  21 1405045823
26  10 806883700
15  16 896153005
17  15 425545753
25  2 580698142
23  12 2141613483
23  9 1170809833
22  7 1741855574
24  13 1400182906
10  26 656072178
2  24 1589768310
21  20 599457808
7  4 382029238
16  19 717427105
26  6 1612724487
8  24 1340470119
12  18 889568037
21  20 1956919054
4  18 249188581
9  18 1406335170
10  2 2026167568
9  27 1858198627
18  14 1639665691
26  12 1626280307
5  11 833028058
9  16 1464349315
10  8 1254792831
22  9 986247877
0  29 779394067
11  5 757888684
12  19 838890319
1  12 1248158081
3  25 278208491
3  0 663611419
29  7 1811730056
29  27 1843647745
23  13 1736482423
21  5 726416806
16  23 1555881932
19  13 85358696
2  6 1401017603
10  2 1877070628
28  15 609858354
15  2 915872298
25  11 222672741
9  0 240734578
28  8 1538368009
18  17 1144733007
8  16 1206207182
1  4 237201720
5  10 459548198
3  12 1387212753
15  10 2051476118
2  10 718300024
5  0 1566852926
5  7 206703585
14  21 992970816
15  26 2047698568
11  19 756538746
20  8 316290117
22  25 71346334
14  15 1073359241
23  15 1881148317
9  10 158991251
27  13 164445866
19  9 1970397611
23  24 2122929274
28  1 886758350
19  15 1800849912
9  27 1901221887
9  13 546318958
12  17 1142279188
5  9 346183323
16  15 1902658323
6  14 1377446170
6  21 2085392702
16  27 805122443
1  4 465177996
15  11 1456430469
10  13 1550575616
13  11 1741518007
25  13 325796936
24  6 70864788
2  13 1848131560
2  21 987168091
25  22 1113074777
4  1 422023180
27  16 1241099160
12  26 1633132649
3  15 1646257554
9  2 773381851
25  0 795418269
12  6 1369454127
4  21 146124684
0  4 963515601
14  17 99345880
8  25 1515529627
16  17 1285780742
28  27 915760271
18  21 1136984462
5  12 943403913
0  25 679286462
23  16 1626365524
20  10 2132873621
29  14 757262586
21  9 12557174
8  11 1543267110
4  9 1369364849
11  29 1866875787
2  26 1931153250
6  21 296166425
3  13 1167698813
16  9 187971269
19  7 178478103
28  10 143554166
1  16 75638257
28  13 1643042375
17  26 905105964
3  9 1188519137
27  1 1759787153
16  20 1776916059
23  2 1961171996
25  13 1764524724
0  7 168910167
23  22 1291777970
5  10 2016222090
13  23 1458995068
26  0 11103234
23  7 502831300
15  26 2099380276
23  15 1082964586
24  20 2082257684
16  10 80676754
27  24 1578307033
2  20 112650317
11  24 1634226890
29  13 517951508
23  21 697458673
16  15 2035292030
2  12 373815430
27  10 658895056
27  29 1254222776
6  28 692993604
17  25 1591587043
1  3 127084099
12  1 150098523
27  15 1453969883
4  10 165089908
19  16 886867149
27  25 1505366349
27  2 343628630
20  13 1851160669
23  0 494165119
6  1 1499133008
10  21 625447060
2  5 765925805
19  21 2086728012
13  14 372950994
3  11 1951084101
25  20 892367943
18  17 1773134501
28  24 776265780
29  28 1173101206
25  7 716818731
6  19 592958443
15  27 1287636502
13  11 1548502840
27  1 1050993179
0  12 1211497887
28  6 264488565
19  11 2019576850
26  9 625522164
11  27 1252758069
14  16 232814551
24  21 8588576
24  0 889785273
21  1 2079190651
5  8 1669581821
17  13 831274699
8  10 1465351739
5  14 2028721376
2  1 204885804
26  13 427008954
7  20 1631011081
14  8 1536431609
24  0 1035846584
18  16 1927805175
27  1 1727127806
8  17 740212111
10  13 1534086412
19  22 1783818641
10  21 999611696
28  6 1578559677
0  2 2012242042
9  29 1283046452
14  13 1830397464
12  24 979570605
19  20 1598539999
7  16 867264630
21  26 1984204273
5  11 1549276933
0  19 1570744959
3  17 1415290414
7  8 2065829003
1  7 715564940
20  16 215665578
14  10 273610664
16  10 2121104390
9  20 766093710
22  24 429503830
1  14 717636222
11  2 924977235
13  17 1671772640
25  15 1212268558
2  3 1541111963
28  10 1210178575
21  14 293304943
19  7 1887585137
11  9 1809334879
9  25 987388131
12  16 421578990
23  2 1101004819
2  22 509256845
23  8 272258434
0  29 732066968
15  22 878273835
8  27 1832784110
25  2 289240299
19  9 814509043
19  2 1741425340
22  7 1856750873
12  16 127875536
0  14 1842714280
28  21 1750314318
4  20 2064911219
3  6 1059307658
0  26 159851849
14  21 2032392394
28  2 1023342554
14  18 1265139066
0  15 1619030969
21  14 363230788
13  17 1192710331
2  18 1825375280
21  28 398312762
16  28 576818740
2  10 1709846768
8  10 1209152256
22  17 153111919
6  23 61784447
15  10 1661095495
2  13 649650114
20  28 1973778625
3  7 1027666206
3  9 1995470220
22  26 502027740
19  6 250694037
1  21 119712653
7  8 412742546
19  16 61733108
0  12 682067433
6  2 936335065
8  25 874906739
26  0 340064438
