450 30 2 13
12  6 748268145
4  20 1218471074
1  10 221763724
27  20 2076615553
8  26 2026225776
20  23 902772899
24  28 849468643
28  10 2057263143
16  15 687612600
1  24 1467138497
11  6 1333779047
22  3 10553080
8  17 579569386
16  4 2045214633
14  18 628983778
29  6 1413266796
17  0 1729638560
23  10 1277127639
18  4 404561663
13  8 1266045039
5  15 1056701334
9  28 2057671908
23  4 1099389379
18  16 2071292593
8  2 757994067
1  12 938097522
16  29 638553628
14  10 2049807957
26  0 1351988045
21  14 263815739
21  20 1199891132
15  9 335792731
5  13 1675685078
25  6 1380574189
21  15 1387478072
29  11 572282768
26  4 1712486452
14  5 461632885
10  23 81487693
3  28 1896957468
8  2 958110702
15  28 379529280
17  14 1203683103
13  14 2073550494
7  8 1793362941
1  23 629811340
27  10 1005561525
14  27 339727868
14  9 20886256
18  16 1677372734
28  6 1800646322
1  9 258953993
14  1 2010993154
18  17 2100258366
7  19 2069945652
5  17 570079758
19  1 991309686
20  27 2115261253
15  23 1701936749
2  15 892715171
16  11 266181551
12  4 703590036
12  27 154241559
17  3 69412482
24  15 348584156
16  9 1215433008
24  20 896413021
21  1 441069015
28  12 40461843
1  29 1357822157
2  7 372075865
19  23 237728768
8  24 1783014028
5  1 1272863341
20  26 1544115543
0  18 1667049539
24  11 558495652
18  21 2081074717
3  14 1575564699
16  23 1249999647
16  9 1215984774
23  27 1136041529
15  1 1405411788
10  18 507437018
7  26 632410234
29  26 1314954535
28  27 1490240123
22  26 1225794475
11  19 971114001
15  18 336417295
4  27 1432354704
22  5 1839611374
11  20 1268141761
18  13 1682111948
8  2 213299009
0  11 344916708
27  13 56243742
29  26 1315792218
4  5 1991116987
23  7 1019150570
7  22 46610753
11  25 224619546
12  27 914109397
0  7 193190970
13  26 763429399
11  10 637821300
7  23 2092963355
13  2 1784071877
3  27 142061071
26  28 851040609
26  21 1470648499
1  15 1740615927
23  5 1028897826
3  18 1228166661
5  0 213867495
25  17 694853211
7  24 1353296858
25  1 750397642
10  26 2060457205
3  20 380462936
27  22 1962717478
3  14 1730145083
8  1 1576555281
21  29 82448416
28  27 1483859862
2  29 1334234579
14  0 1927839864
5  25 1132924397
21  18 2007234750
1  13 1228728573
1  3 471351460
3  25 23433765
12  0 915109589
27  22 1752643778
11  4 1380957083
16  3 603233560
18  15 1944369131
3  23 1862344271
25  19 1788715560
2  16 1753321784
22  5 123454337
8  19 229128662
12  17 1050481655
12  9 725814787
11  1 1926694407
5  3 77897085
16  8 1211753964
26  16 1518047156
16  27 2019807925
1  24 1658098176
18  13 1550337799
11  20 1035990424
16  0 1801483850
27  6 970438872
24  14 148162843
0  1 366696938
27  22 238906567
24  25 474807751
7  21 1320442458
26  10 658963343
10  25 850004474
4  9 2082108829
0  23 705196727
18  22 1251879707
4  25 1376741937
2  17 1697425298
10  1 221040830
23  7 2017999025
3  21 1918764402
1  3 1979668535
29  19 306203683
21  6 2070026008
6  14 1215984370
6  29 1996391832
6  10 894921171
11  1 1992612125
17  5 44632563
17  21 189144762
15  6 1893292365
18  3 272583457
10  9 1005384571
28  29 1161203089
19  1 48400439
15  23 712963679
17  2 1171662101
19  11 1888405204
17  29 1439898847
21  16 119105911
10  28 1904640508
10  12 1017011482
23  20 364789436
11  7 891445330
12  24 503948356
18  26 1304187652
12  2 598724567
4  2 494442767
16  12 533507733
20  26 1559213738
4  15 458877165
11  15 439052675
9  19 1741525597
2  13 327483347
0  5 1156321078
8  0 778955487
22  14 108372651
21  5 1523985800
27  29 1217079857
5  9 2095005720
25  16 1918233089
11  2 390572932
20  0 82222537
24  2 1214012878
0  25 251016212
11  29 527247991
11  17 40062955
9  6 318789650
3  8 873281693
28  10 56476274
0  9 126171004
2  9 2085132162
28  29 1542765993
7  2 1749489707
12  3 905492227
13  21 2092252823
16  15 587977738
24  0 949389718
25  27 1547921699
23  2 1732483166
10  16 786506898
17  23 1520633918
13  3 1560084375
27  16 494024105
4  2 152400984
15  21 874091542
22  2 1979264691
28  18 1219649728
16  17 1389390375
13  19 1158813916
12  11 303001619
11  23 1471728216
21  7 702767538
6  26 1055494082
24  6 1033321798
2  20 851514710
2  8 860708026
1  7 1691838588
29  22 1173148252
4  10 1958486333
6  10 1837514663
27  23 1944516409
6  16 2040803848
12  3 424688568
19  15 2087318853
10  7 2106941639
28  2 2079480577
21  23 2059795479
0  17 223390328
18  19 1328234264
16  13 1058508155
13  25 1999975736
29  5 1439110653
19  28 1359179203
6  20 2083773008
19  11 383322397
15  22 183677088
27  6 479280228
29  14 427692320
25  19 1993460610
10  20 23083305
28  5 1560412875
13  18 1852596838
25  23 99534585
18  14 1289501970
24  20 2040457054
17  9 1384019424
24  5 602615330
16  21 429494357
6  14 1730317724
8  24 108410767
28  23 429123310
13  16 626587552
29  16 1549094455
19  0 1018448877
10  27 134030369
29  24 1947705081
18  28 505495694
25  29 28279552
19  14 108867722
16  18 1495299355
7  14 1743245463
27  3 1921462205
18  3 987164938
9  0 816290881
26  20 1817317715
20  21 1094802998
28  20 1004491404
10  11 1030407224
1  28 1866242529
29  9 113027957
21  6 1160813218
8  24 599525096
16  21 675379234
13  23 456062450
9  21 1428629644
23  11 2093822244
20  8 1804098936
25  27 85169339
25  26 443342330
13  22 1380041574
27  12 1143455274
15  5 709180381
4  22 94421154
20  26 475911335
16  18 352447434
25  22 1614709412
12  9 1924178661
11  5 1831611226
17  25 1973768893
19  15 2059790228
19  13 1207610419
1  20 1894551588
1  19 1721742761
12  22 62809071
28  8 1287400202
11  17 296252101
6  20 701779952
5  21 10281126
15  29 797847457
9  1 1046040605
14  8 1389559239
21  7 255524747
12  17 623156602
16  25 143383508
20  23 1619967877
14  1 1323208259
29  6 1715538471
23  8 179820591
13  11 1126501039
24  16 1329434682
11  20 98433931
0  22 170412238
6  12 1869693963
2  9 842912208
19  28 531221483
19  8 458521745
6  19 63181714
23  29 1831739246
9  1 789144047
25  10 1502688399
10  0 39829206
25  4 1071218709
0  12 8888451
8  26 1212052900
28  16 776689049
3  24 348723907
15  6 247950810
8  27 1229157797
9  15 381209381
29  11 1367967869
9  29 7080389
12  5 1420758024
16  3 1295707248
24  12 1393650189
7  13 152289454
7  14 459373053
22  19 1046909361
21  17 1749480701
9  26 771675494
13  17 540736215
11  1 1576721251
2  5 1300650811
4  12 1843492639
15  6 802230091
12  26 666827289
21  28 1048629409
16  23 1245535900
19  2 2026636495
1  14 386154494
23  8 1552292134
6  5 803021448
3  19 1798232542
13  6 1803076680
22  0 1991648593
7  23 1621695873
21  1 875989060
18  13 866030605
5  25 1640595547
20  19 1344707728
13  27 679900951
20  18 535013629
24  28 121180488
14  0 1175733565
2  1 1233132832
8  23 1019301926
15  14 465677550
27  5 1310596501
14  17 218881554
9  18 1632853109
20  26 1309101042
18  25 669851811
14  17 307574497
6  28 2045029523
27  11 1095755379
4  22 318429833
17  5 457473171
23  0 2075951768
14  25 35150672
13  16 1603720754
13  23 831089027
8  0 766103648
2  17 868656559
17  3 422210691
28  19 1842580969
13  29 1089016116
29  2 1393114494
25  2 522422445
0  21 89994331
25  0 514046388
0  20 195722006
5  19 585880929
25  17 542383841
14  18 1370518312
5  16 141593703
1  26 1726743932
14  10 341925704
6  17 73674126
17  2 1471807086
0  20 290595547
6  1 1534956562
24  9 852226943
14  28 1639335354
24  16 23365349
26  7 288476259
22  9 1898548523
6  4 1968230508
7  27 806128777
11  24 1272139924
21  11 1923137118
17  21 1842201163
20  26 585816922
10  25 1924070102
11  25 916611705
11  6 1325475460
6  17 1755676894
4  2 657147119
24  0 1592608894
17  23 793114074
7  20 1718473997
4  17 505267885
21  15 644368932
