450 30 4 27
1  6 1998671559
23  16 998941417
19  28 808896484
22  18 1379057630
16  27 1402981008
29  9 372312277
21  25 1157728885
25  2 410147240
1  21 1794479110
14  6 766867296
24  8 1080881483
18  23 818473843
27  14 1112736873
21  5 2041101072
16  12 1109414171
4  26 554538911
19  1 702039187
22  29 344427275
12  13 474110097
12  19 1398805539
27  3 1124885179
8  20 1416310052
12  9 818114547
0  14 1825956168
2  10 1849603287
4  22 524291810
3  18 949354359
2  4 1677970625
24  20 796731845
26  7 150792982
7  10 532684741
5  10 277767400
14  19 319516639
9  19 961046547
2  17 351267639
17  3 943928295
22  19 1628292313
0  5 71232160
6  9 883130006
27  5 1354207507
17  4 1311151781
29  4 1716329182
21  26 712896575
23  25 466171960
10  3 2141462097
11  22 1743436462
27  16 1810903814
0  16 987231201
27  1 2117233428
23  3 1542952802
7  24 249481084
25  27 1373984074
23  2 1904521685
5  25 103474022
4  2 1068190510
26  29 127467143
28  8 1195673646
4  0 1977094828
21  29 1759068593
15  26 842003110
23  8 245836272
2  0 1404895386
5  19 463046322
22  6 596705486
14  5 1248386411
15  27 1707296543
15  11 1222796707
26  14 1924589336
25  10 1266960095
2  1 458379678
12  13 473154967
1  13 1871950537
2  27 1668832751
7  14 1934627254
24  16 90598993
0  16 1952180773
8  15 1953731207
7  22 486788273
7  2 1068092623
7  22 1802270045
10  16 394914663
24  20 437547423
6  11 631895296
7  4 1179747670
27  16 291111808
20  17 679621244
13  20 1068794128
24  15 876377453
23  10 1553167236
15  25 244890853
16  29 77194342
18  15 371900042
2  26 999958769
27  28 898066189
9  28 1105384650
18  20 204319468
3  2 41157072
0  13 590875605
8  19 2007166626
21  7 1800216595
0  2 1857527484
8  12 1004288631
9  8 689770374
11  26 2132608609
2  24 1163051781
18  7 850811941
22  21 1144013872
28  13 963096823
8  19 600981632
23  7 1043439596
4  24 1454837200
1  15 930697673
8  20 730669737
24  13 1662691190
24  25 197908245
1  26 953341889
23  18 1126435728
7  28 2003204988
8  17 1977492522
19  14 15545486
6  29 23822098
20  27 593631622
25  23 893237628
1  14 1411166965
17  10 1118841143
5  13 512130425
26  13 1967701580
10  22 200809154
4  22 1979605330
9  20 712221269
8  20 294995699
19  17 1560484495
21  3 1994672153
28  19 1599054838
0  29 599363527
15  13 427089521
14  13 1215644604
14  9 387641445
5  1 1386492527
27  0 1912938431
27  5 1917492275
20  5 2123489161
7  22 1416918299
20  17 461956348
24  14 340848353
5  8 629729647
5  11 287331356
17  19 1474282552
14  28 1912589378
25  19 923916631
1  14 464126934
8  22 17085386
1  8 92502290
27  4 1345814530
15  5 1620444832
4  17 1994377994
6  29 139738583
19  1 316491915
8  10 1837249865
24  21 960011309
6  4 1664254000
10  12 2015368068
0  7 2025616749
25  1 472294612
12  4 1489605036
22  17 399194582
9  0 1157628119
27  3 833176587
1  11 486973479
20  28 589763098
24  26 549353048
26  14 1155348604
25  12 1056570261
24  13 905939555
5  15 1075270597
10  26 415009393
9  25 18185235
0  6 1219706873
12  1 637392245
27  7 1284884025
21  25 433068555
28  23 896319670
9  3 2112963959
29  11 933559587
16  15 1506272400
29  1 204678212
27  26 1267221909
22  11 1656374668
24  12 1019305438
9  28 1954780159
17  1 73293365
29  13 1507227794
5  1 72395990
27  0 716864311
3  23 463266496
20  9 1023785128
4  3 1697681242
13  2 1539974274
3  8 340030361
2  17 1600638977
0  26 1467678083
12  27 942291894
27  28 1941094276
21  17 1489112536
23  5 62160587
27  3 173715406
14  9 825745460
10  15 2119886805
9  27 2019112271
25  23 1912415062
1  8 241181515
7  5 1902763702
1  7 1085489429
2  26 1658203113
6  24 342546335
5  4 1132923056
24  6 1957036062
26  27 818428200
11  24 668311860
10  19 885894462
12  2 756596171
5  6 1254699216
2  19 1521693897
23  27 1820431081
20  22 1288160796
27  0 551500226
2  12 80157597
13  0 187491161
25  0 158829774
1  5 2016494971
18  2 1337866900
2  5 1993263062
8  9 776440361
17  11 1201507724
10  0 678098496
20  7 1853874019
22  19 380093199
19  23 1691939626
1  10 1191941508
4  1 1441826301
16  1 868165572
20  25 2125717254
3  4 1905158725
0  18 358980755
25  20 1792041838
17  21 1936114159
18  28 671729445
25  27 475635710
13  23 1286476340
3  18 1368848048
18  10 1088681094
24  10 674752383
20  0 1411267538
12  10 1937460632
14  6 106692458
26  24 1346602964
26  21 375724097
3  13 2041403260
18  25 1884882079
6  29 1453470618
2  7 1497918361
15  11 515477512
13  17 1890903062
22  18 2135975075
9  10 602893637
11  19 1381618849
2  11 1043952277
24  11 1744270572
15  3 422007554
7  17 81855856
2  15 1806041085
17  20 1104674927
22  25 633297428
9  18 925538640
8  21 1732512585
5  4 1058311667
1  21 1399235200
8  15 1245510682
7  16 631257664
6  4 2146642853
23  5 1660861290
29  19 1428418135
29  16 1426502850
13  20 1769747682
23  2 526343426
25  6 1635082575
10  6 1627562261
13  17 1398610570
4  1 220096172
24  17 1742269933
10  25 2059795526
5  1 169046893
4  14 181987736
19  15 2145250918
19  18 154546744
4  29 1364838928
27  19 650773630
22  11 1986554491
13  12 1965730234
22  1 373858582
15  0 156598767
26  24 1607356880
19  10 1051430021
9  5 1472480469
28  2 2102100123
29  10 183237757
5  2 838328009
17  29 1042084193
4  8 1433857006
3  0 229967540
23  20 2046217471
29  4 883231543
6  7 676067992
3  0 1315018193
3  23 371199344
5  6 903220417
7  21 306969957
27  17 260428848
3  20 912567439
29  5 1517151549
27  28 676724719
22  21 2001500513
16  22 1469242377
18  5 972070888
27  29 837790514
14  4 137322226
12  2 747772173
1  20 831597647
26  21 1782812367
0  2 680361486
27  9 956921411
20  16 1411756799
3  11 826358093
2  5 949456941
9  12 266873075
21  23 856773207
13  15 422889213
23  26 486865395
27  18 1138394144
12  21 1240066262
25  28 666896043
9  3 814705823
16  12 1414762931
2  26 747646304
28  10 933196790
2  0 905996286
21  22 760004524
27  7 2001675467
14  2 4895047
12  26 2047843615
17  4 1951695538
5  3 1690390679
19  4 1109210098
1  8 114058503
28  0 1074055548
16  28 854408403
19  20 341728498
24  5 2095459140
13  29 822070697
26  29 2122435956
20  27 760542128
2  24 442189756
10  28 2018506557
26  15 1298936070
21  18 2010994011
29  22 1890635070
14  17 347920810
6  10 784280695
28  15 1804643112
11  14 297187487
27  25 1578724663
13  22 1521675182
23  5 204121310
1  9 672810711
12  26 1174666872
6  9 1683116563
10  11 789712243
27  7 1839408536
4  24 830641828
4  9 2111103399
10  11 314535993
3  24 2022961545
23  14 1023051973
29  27 82342518
4  0 558084124
19  4 674520017
14  22 698459563
6  20 376331366
3  19 1974794507
2  23 784616328
24  19 1948437169
29  6 974600630
4  22 388997049
24  4 830418134
14  12 1597397173
9  17 55295157
5  19 345178392
9  5 2041894872
19  16 1994814841
17  12 1666998851
9  22 1189475953
15  10 947243418
5  4 714814540
22  2 2037029286
20  5 225498830
24  23 1929554581
22  6 459829653
19  4 277435222
27  22 1420959389
8  6 1984553614
10  12 578029041
13  2 828348550
6  8 1704238085
20  15 1405925466
4  11 855020892
20  15 1868646105
12  3 1020725538
10  12 378152170
0  10 675536467
26  15 882552812
8  17 1308183337
26  25 1272085644
13  21 1819520569
13  21 181482075
2  28 1190418362
26  29 1089275619
25  12 1322982953
0  21 1968254672
15  25 424042919
16  17 1589218328
6  7 192341111
9  24 560243288
4  2 2096669342
9  6 1992944755
16  22 172147383
11  7 1470014949
17  8 1304246830
27  20 1095686507
23  24 1293955944
27  3 2091530330
23  16 2095306420
20  28 92076202
5  17 1442004378
20  18 253768811
16  28 1856267472
14  29 1913749126
21  20 1849084820
24  17 1646190524
26  25 1396899104
5  4 1322799576
