450 30 11 17
5  16 1058976424
8  4 559543087
12  6 1780659094
5  9 1408519338
18  25 85320368
10  7 1220185553
0  18 1508064911
28  26 414669640
10  27 2117796000
16  29 1758922528
7  15 1305027701
11  6 4352670
9  24 1070686435
21  11 1376159082
4  17 749867745
17  3 881212053
6  23 100868857
12  24 221291344
7  20 1348719052
5  17 772927886
16  26 1617917168
25  5 1346441909
1  23 1403552199
23  11 1822679892
2  19 2084188941
24  8 1067726025
13  0 1482934250
11  3 406985002
9  22 1177739292
5  3 563117328
8  27 795346197
24  9 2044274462
1  24 810621194
10  2 593071917
28  18 1336842440
1  8 738702772
2  17 1485654246
13  16 957927788
29  23 1805683200
20  29 194822640
13  2 242844906
14  7 1941606498
19  28 349498975
7  6 8975118
7  16 1101991781
0  24 42861478
15  8 1911526165
6  18 1640774317
13  11 127437951
2  17 273990349
9  1 1019196369
16  1 891703174
18  12 583544493
5  17 431326747
18  29 886410664
15  5 15299177
15  9 1701649682
5  16 667894635
12  22 1853850342
21  27 89471812
16  26 234120361
19  10 632495032
28  8 1419199373
28  2 101446274
7  29 2091326893
10  20 1431567244
8  5 52622076
8  14 939137585
25  26 165710802
3  12 1000149737
14  2 756501574
22  6 114469224
25  14 1570937218
26  0 1464375667
26  10 1663515702
25  28 152004390
9  1 2130192035
20  22 1576188196
1  14 1246113665
6  24 1872955579
11  4 314915027
17  4 235104585
26  7 242549462
9  18 1626023007
5  14 502481974
26  5 320981310
14  20 1932470058
8  28 344012579
3  5 1123471140
12  20 611248948
29  28 350335658
27  3 1320317627
17  16 1237274249
27  28 971372110
11  16 2106076036
28  16 497169885
15  2 1791311118
0  23 49491726
15  21 1684209577
8  13 2037292293
24  10 436782996
14  4 265316612
16  18 1970410079
0  25 1915791951
3  17 391531691
6  0 1668514490
13  28 2086193507
19  9 1772409162
16  6 966804683
9  21 2085363834
18  16 1155709487
12  22 191822550
8  4 1019763768
28  9 456317933
2  29 1476233106
29  16 1616552930
8  21 655936792
28  23 1476139021
24  19 519986077
6  8 1371052434
10  22 1759373720
29  12 966970366
15  17 2023052814
4  1 312308464
29  13 712083901
29  14 1417821881
2  6 15677024
16  3 350100772
10  2 2120010037
6  20 1588005473
3  18 834708563
17  15 861357022
6  22 1353583201
3  7 677654933
12  5 1694352437
27  13 1430751868
19  9 263151497
25  2 967464655
22  16 786974952
14  18 1083553513
15  11 1594404034
0  5 1593673686
0  23 1896818344
3  10 1580319028
27  0 889718449
28  4 746670049
11  1 1186773765
18  17 1812989752
15  1 1395370425
26  5 1022974254
3  26 900984601
23  5 652799876
14  25 773483270
6  0 2099136764
9  17 1463951789
29  3 1834408193
12  5 724908666
29  21 1451010208
12  9 624127851
28  8 307537877
1  12 810797919
18  17 1480651615
12  20 359048045
10  7 743106516
1  17 1213259710
4  0 1697574808
3  13 996290569
22  8 285651681
25  6 1817390133
15  12 1959671899
14  9 18873671
20  1 1894841812
23  13 222359995
14  27 401022250
14  21 691288218
6  8 1753943496
24  18 1244299355
15  5 1258010084
0  9 2078906483
24  4 58633442
12  4 2092076198
7  8 1360115590
7  20 1433703211
9  22 203116799
5  7 1632894800
12  22 1047309049
2  10 2127157871
17  15 958824864
27  14 876669964
0  10 1235291610
6  1 1124909463
1  25 1525970355
4  24 704646399
23  0 294318741
20  24 1809069192
26  13 1033900988
22  25 992539492
2  21 273690361
26  28 817848513
8  7 355021563
3  7 1142869026
13  11 990544598
17  24 2000112740
7  28 1903086985
17  9 1154963222
9  14 1766243571
8  1 1182319820
6  5 1918724712
17  6 433893148
7  25 1580912367
29  14 1987719552
19  8 408034948
12  10 826885152
13  1 135349650
4  10 1752097437
18  0 613097613
29  28 1328200198
29  23 1620209886
8  21 777783804
29  13 801297613
3  4 336687418
11  16 2136506336
16  2 2006674079
25  14 368702019
25  24 1705691064
4  28 1835564112
6  25 497962794
15  28 983429665
20  29 1707647440
19  14 1717710522
23  28 1136636451
12  27 1636656814
28  18 134855351
21  2 2013142937
26  14 1838913802
27  9 958777890
11  28 1559305074
24  9 1425974183
24  8 1159887985
25  20 1377063920
15  23 1784894834
27  26 959833306
4  1 465106631
15  28 1694518077
29  0 346151962
5  2 1358616914
13  10 733895942
6  0 75257763
19  17 665414789
6  28 256227871
18  16 1669130988
26  19 196852816
12  17 276738305
6  25 369051807
7  3 388202082
13  1 873607375
25  5 844635467
3  13 397076267
15  20 510170720
5  14 1830613248
20  25 737077981
20  9 1492134021
25  11 678290334
7  3 745678428
1  2 699013587
23  12 1070436126
12  22 758992019
17  11 360406066
10  26 287258857
18  22 894276968
12  18 441264339
27  8 649445995
27  22 2014153455
20  18 126088160
18  4 1567643010
14  18 429477439
21  20 820999380
10  13 719343978
11  27 1682798307
6  10 2027505206
0  7 1266785139
16  14 624663785
26  4 1451162496
7  1 823856005
26  19 491745063
29  28 555129180
17  5 1822832884
7  6 587656904
3  24 2058444068
25  0 638912803
16  15 332785012
23  26 1343724863
14  17 1486552066
25  11 1186508072
22  25 703707015
9  11 1255606716
22  28 1019955595
13  2 1136152989
3  18 1123099801
21  19 1172021441
24  27 1446840329
26  25 2147337598
15  6 289522566
18  7 851885798
5  22 318522543
5  26 1927678430
3  0 959518849
29  0 2011940711
3  2 1357840903
15  9 1388741682
28  17 764648723
7  28 1914326742
25  22 1136810104
19  13 1965281248
12  27 539295143
21  16 2023672249
4  19 1939428151
25  21 945953946
19  25 594226374
15  6 1970734627
18  10 2036735755
27  13 1133453073
10  8 140665839
25  1 438756760
24  25 930977911
1  5 1434362715
4  22 923085459
29  9 1974103703
4  15 1759567760
12  11 2073816341
19  8 1347902845
15  25 1767007659
11  10 1998331455
29  4 505613693
25  9 1175580885
4  26 599442652
9  23 1711481879
16  25 1968142090
20  2 492000884
16  2 1585792611
19  4 962902189
6  11 1654491420
1  10 462636677
16  19 1999122823
9  14 639212220
27  15 410319287
22  29 1312273218
7  28 49363192
20  10 445112032
19  27 1012690145
8  14 1982511240
9  4 1985169442
13  15 1510646074
27  16 697113595
19  1 978293944
7  25 858958685
20  17 506013730
5  9 1704096529
18  19 309455981
9  18 1499796698
4  3 1773814220
29  26 417967860
28  27 1618752952
3  11 392698752
21  3 2064470107
23  29 1126450602
11  26 1151224049
24  25 743481635
8  0 1816788697
2  3 1283643240
14  7 1608960086
10  18 610374897
29  24 510174349
22  10 1319074245
17  16 1684235542
23  6 936313717
18  20 886416078
13  9 684922856
8  19 1615305596
13  3 1292448
23  16 787242907
5  20 502641723
7  28 918548848
2  22 1872699576
25  22 1527818766
1  12 1015083591
19  14 202213183
17  6 588039782
0  12 1769067213
20  19 75984911
13  2 1351080418
15  0 717951705
25  9 1575775255
20  24 1727462863
1  0 1124638983
14  4 1767973237
9  16 2069325441
24  14 1504214308
6  24 216163441
21  11 770524505
12  0 826620195
28  6 236855299
28  23 740024677
2  21 75080514
14  16 1692893705
20  11 1316167435
24  25 397921566
19  11 1236566778
22  26 259095673
9  8 2071795595
9  3 1724364492
20  16 1595638577
4  7 1086411832
6  9 2039813812
0  15 558993031
10  29 824293728
12  5 1460452566
19  9 1255225438
8  15 1724722653
15  1 963699451
0  21 1090569870
21  27 126604475
10  12 1025547859
16  26 465399179
14  21 1877018966
8  3 796217043
0  3 1533039006
20  19 775772066
29  6 9154724
15  18 1715622001
23  16 1816599525
2  11 253690916
6  15 1680229388
5  28 125814673
1  5 1516019383
15  2 9051800
23  27 1055631881
7  1 944012718
9  13 1220835722
24  29 1917288051
2  11 607793319
0  26 861838317
13  2 544094624
7  20 1712521064
5  13 2061358888
20  23 903325193
7  12 308648607
28  16 211956319
10  16 311728002
10  3 1293028798
