1250 50 28 3
49  11 1245065442
17  28 1666837850
22  28 503027566
2  28 59990631
46  5 1703172030
39  29 1560547983
35  36 823023974
43  13 1440916335
39  44 1499112545
20  35 1899852939
40  38 1744022724
4  14 1853649373
33  4 587052923
5  38 1911662499
20  36 583914537
29  31 744682434
28  11 1371487741
20  32 1837004659
15  24 1485625291
21  39 388476982
17  11 239681896
33  38 936166806
24  40 1387989359
18  44 33124478
41  43 1161325433
15  33 269172688
35  14 552623124
10  15 900589934
34  41 1839583261
35  21 914443403
45  12 1959707536
18  28 916153211
37  14 369531623
4  48 1517752975
32  31 396140139
31  18 1673420678
41  32 1096005939
27  25 278415434
48  23 417927061
4  49 88595688
42  16 1346580721
44  6 1222121300
11  8 553950567
3  19 635506587
36  28 766445588
4  6 1909575977
32  44 322038963
16  35 2126318363
29  16 1141961298
20  49 1943067460
48  18 1374355794
6  22 266269139
25  40 1457937047
10  6 952356384
27  23 1327426781
31  8 538577829
32  35 726232983
0  22 230845704
21  10 1328326058
46  9 799127774
12  0 910366890
31  14 725395914
10  9 544173894
35  4 1572049415
3  21 1030288679
1  26 1748793058
30  36 502179596
30  12 1632963507
45  7 266538738
0  8 1999824625
20  28 728105008
38  16 1864139225
48  38 2116953122
12  43 662939311
27  19 933970247
45  19 1425861303
49  46 397657351
4  27 28372014
16  18 1322816033
8  0 203700827
36  13 55325529
28  6 1883735971
6  17 723997308
42  21 491604298
13  30 1541716212
43  48 1386952760
49  17 1269823564
37  29 808245018
2  32 218588191
44  1 727259264
2  24 143529581
36  20 966855751
13  21 838349543
3  0 1538216018
45  44 239095835
34  9 1098432241
5  12 119721934
5  45 1859288040
43  13 849864175
18  15 2081892820
7  2 247898365
44  9 1173899688
19  9 1893660719
36  38 123305605
20  45 1144721267
33  30 1894179762
11  12 1456804133
33  45 1713682238
17  28 1232244781
34  28 1380221477
43  44 866271170
8  45 517582781
47  30 495068914
7  5 477597999
24  20 1616542889
6  48 1273061520
42  9 1853586564
8  15 1806447660
41  9 2147363921
27  40 1808162622
47  24 1225587130
17  4 1786663697
20  7 1181235448
15  40 226280208
19  29 900619327
38  18 646261027
28  4 724713229
0  7 692018399
36  43 1579354574
14  48 1230776211
9  43 1889230907
15  0 385514208
30  0 1056183674
33  36 1737029825
12  30 472273034
25  31 337594454
42  8 1583033389
37  41 187906248
11  4 1861410468
6  36 718298406
12  4 2117037542
7  6 604072118
10  46 1971972197
30  37 34734905
28  20 962222898
33  2 486319595
44  46 1078620582
40  48 371073852
28  8 1969414438
3  9 611267585
28  26 2132347380
31  47 559954550
3  17 1549480684
0  4 1114663225
20  3 1804667266
41  22 784023801
34  3 1707107820
17  4 817164274
20  43 1063294269
3  47 971999597
31  12 918438108
28  33 180155092
5  41 607549600
3  1 1477170184
19  48 1408744424
25  10 1851655879
23  19 772180252
32  31 1683725284
44  8 173128766
46  14 1057850554
32  4 727541688
9  8 1863626710
48  2 789643963
47  48 473508505
31  33 1179623769
1  5 1844176831
32  15 1515171591
41  39 1903900318
32  31 1431952295
8  21 1576631099
45  39 1252447080
27  41 1544476497
23  41 550218866
37  24 442357490
13  34 1453835762
31  19 1878524921
35  16 1525579774
5  29 370534371
4  14 1949996391
6  45 709473636
48  37 866210547
39  9 1755663035
17  13 1534122843
0  23 697997243
36  49 563012120
43  45 236921171
37  38 47669736
39  48 622321507
32  21 120626615
27  31 666668369
33  16 37265074
48  7 1797537760
22  21 1189603205
40  34 1132950362
30  14 971192077
4  38 1630850375
25  1 1828365860
4  33 1670482052
33  4 301244311
7  40 1879825921
47  35 660063865
6  43 414231234
20  5 31753590
49  2 1760184998
4  12 682651529
26  32 1031902803
15  25 683962663
47  14 650434234
36  22 1549076928
6  8 1973456044
48  12 895115870
37  31 1569387669
10  5 256529106
13  31 1888622658
19  45 481980095
49  17 1473047719
33  42 1736101333
1  6 1933185435
1  43 1995375993
11  19 1979715324
35  29 2031769898
32  6 177351150
36  40 1905373302
16  26 255210716
49  40 1701047005
6  10 894551544
22  36 667776739
40  12 951577005
4  20 1836375538
38  3 1237916999
5  10 1725346698
25  20 926761054
33  38 748190404
8  10 2005053022
32  48 1181782622
8  27 98410401
8  17 969076396
25  48 1298673274
24  45 85357970
12  3 1718453625
2  29 925619377
24  5 992496719
20  32 1210317484
21  47 955836890
19  13 366439800
13  17 95499394
33  13 319099449
8  7 704034968
13  25 1884331484
26  12 1003258300
19  28 708844984
34  32 2037084848
28  24 152960167
42  23 1105675530
49  42 107256043
22  24 726963589
1  39 406898377
12  0 1065458875
0  1 1689875366
27  15 1127200111
44  27 555433091
29  42 11823071
23  14 1991245579
49  24 1409705846
19  27 969178197
49  46 501626640
46  25 1230483271
42  9 1138019004
38  17 305192591
12  4 1422692076
17  13 729383478
1  16 1400585046
29  5 917133287
31  33 2042966763
16  37 1093683766
25  4 940494170
26  32 2027277222
29  37 944323726
47  41 487576115
32  28 622922966
35  38 1471550416
6  12 1516160750
38  5 443515124
2  25 1294797028
44  22 1908007622
19  1 1842903529
48  3 1444955143
46  30 801817686
24  0 337591223
32  23 979694750
4  47 2026418182
29  34 1338837624
16  32 842413448
0  33 194035405
11  30 952313730
2  23 1838883902
31  16 24948166
39  28 953836043
3  10 21740058
46  0 28887788
36  21 407334960
49  7 932899009
8  22 486188663
19  34 1152304618
36  34 528689192
27  21 1581532240
19  43 602947150
49  5 945327450
25  41 821750951
18  24 601731870
9  44 640651117
19  26 532015783
23  24 2082685409
18  4 694104210
42  19 29776443
14  23 449618918
19  21 359155938
45  13 1872453497
10  20 1747165318
41  18 985665654
41  39 1582130948
35  45 1697325835
8  14 1442929462
27  5 1316066483
34  45 401499290
15  2 1472730218
40  44 1865084246
47  35 310864083
5  16 119064231
34  28 1715908448
3  17 1431812748
43  19 864358253
26  34 2005617514
39  11 79520802
46  37 379595242
31  19 1895474467
31  24 113145447
21  29 1809780599
47  1 813526134
44  22 1193192625
0  33 276640083
14  28 1328749653
11  4 1501320422
2  9 29159772
7  27 446097210
3  0 1074401143
40  21 1038192291
35  44 242361110
34  21 1187851918
42  2 1805848525
31  28 673179280
12  37 168946886
44  19 905773504
19  36 2110550446
40  3 1797710720
25  27 1000966259
24  14 1817755108
14  12 1189127901
47  48 1046309287
25  40 875096986
18  2 1979522534
9  0 250592737
26  21 1648777916
13  18 942464339
10  16 1619710284
13  6 2021041417
16  15 988088546
9  25 787226448
6  1 284104570
36  18 1858925568
48  38 830919483
33  25 1760857266
49  16 418070407
20  2 833633745
23  49 1507092155
30  47 1905999650
23  7 163626790
16  26 2044699432
7  3 991775113
38  49 1210027448
36  27 1547886224
23  16 2022507271
48  9 346970125
25  22 565975066
31  38 261772336
15  17 1314378401
33  16 1252112629
20  43 1989536373
34  3 1912039008
49  38 980854464
29  40 606119210
35  49 224880561
31  33 764833122
40  19 130135586
16  29 192523649
2  39 1156287595
46  30 597779529
21  31 2129795178
27  23 1951819860
35  44 1760199973
41  24 880096237
9  5 2058068996
47  7 1597131972
3  14 354974429
41  21 1280103551
8  46 319070316
41  8 412605236
22  46 1958157624
38  2 1010099561
31  34 1205766468
16  12 545089172
8  22 1089518496
45  0 1702984573
37  35 38967098
33  34 865296452
3  28 576925447
4  17 337043688
6  32 705326476
0  6 474321761
26  36 1408545037
9  30 1404657579
41  23 464014116
0  21 1984754333
45  48 1415279272
32  14 1706114971
12  9 136798194
25  19 226081372
22  26 2127233054
14  47 374117539
43  2 2104281863
48  14 485043004
27  16 1426173172
33  49 1389086103
30  40 1725489606
19  23 970647279
8  36 1852759748
24  48 899349910
17  8 1713631110
7  4 1991880109
8  15 1729801850
35  22 1345284557
18  10 1390018490
5  32 1689856750
18  8 1106683550
37  27 2060256874
32  11 541925586
25  23 2035949132
5  47 300087128
44  49 511018777
5  40 1809632577
38  42 1111642814
36  24 919327499
38  40 1683116007
1  35 366820558
30  33 557211151
19  16 1356715345
25  16 969230374
20  39 640646955
6  41 1474547598
7  30 1457553575
1  19 960401125
24  14 747317005
28  1 1944010382
20  40 2005641636
44  19 2015525654
25  1 1060520008
13  47 409477184
31  44 487692673
47  3 1900836352
1  47 1972675331
26  23 1499627942
9  12 273662782
42  40 611896040
45  43 1580777218
17  48 684700402
37  39 1529224262
12  17 1527008093
5  7 65926506
44  27 122664024
18  19 2045237639
28  13 1725372670
2  11 1024668645
46  24 946190276
42  17 681007441
6  44 346237938
42  14 1797651174
0  5 141573359
23  39 475896782
3  26 1771000125
37  35 436140399
5  15 1732145671
48  4 1886677156
22  28 405570294
34  37 1046665438
24  18 217803540
30  34 1582843619
36  15 1900747582
5  0 445704384
43  32 1109898559
10  42 371700105
22  43 129590458
23  32 1557939063
10  48 1245548693
19  26 412948201
20  29 220098306
31  1 2041632041
16  9 1548876147
4  24 824833501
32  19 2019830752
15  48 1417483758
34  12 1830396443
11  15 1008512076
35  26 1754276381
18  40 1694539194
46  26 464783763
4  39 1284532301
31  36 46346666
26  2 199815796
32  47 996942456
30  43 268917604
2  43 1093248338
0  36 845231890
42  20 1405110680
15  39 1028166281
23  12 1948324881
4  32 929575674
35  3 1357183451
7  28 20648169
7  6 6475104
4  45 1076718383
14  7 530940764
30  47 2030444498
15  10 1339058386
23  10 1578502800
20  6 1698107171
45  23 926840548
23  0 404613638
37  18 1193653921
26  23 1180475208
0  14 852048962
42  48 292742207
14  3 1383917421
8  21 420596261
6  0 1690355477
5  29 1137934493
39  36 1517401360
37  23 1465053371
7  28 308584526
42  1 358998644
3  34 1319473517
21  35 64455612
46  17 1828615653
42  32 1640301134
16  49 1703551568
2  16 1831075223
45  0 1583008909
33  24 1920756387
26  12 2073853686
28  15 1071986759
4  6 1670965822
2  34 1201563490
15  7 2141934504
11  9 1010933257
24  25 546420146
46  2 704949178
21  31 100954694
43  36 1020288269
5  10 1663828000
32  43 1873580808
4  0 928490534
13  33 643145386
38  40 1253673467
12  18 1551687596
15  5 1511830752
11  1 1067899391
12  45 1064483729
19  46 1734559321
0  17 842195136
48  26 601927004
35  22 1954790176
21  36 907352747
24  35 1206814106
28  15 2132195082
29  30 188548398
38  27 1878011914
35  27 1167927818
31  43 707657419
25  21 2066822320
16  35 780346094
46  29 1775376181
43  21 1524261897
6  16 249105489
5  26 891128464
20  13 789790490
31  9 1613185750
13  35 734269552
49  34 1735939491
42  34 615160384
13  49 1559990167
6  49 208918413
40  22 1845784710
48  24 974803937
44  38 981872895
12  46 1545625346
6  33 1613255968
34  29 36921769
33  6 2134900434
17  30 820331640
15  13 515581592
0  37 1335353687
47  29 854159485
23  22 397828733
8  10 805572264
45  4 1426323841
25  48 1883112808
31  1 942220202
9  27 1012018658
15  1 244809869
41  19 1051135524
23  1 984834769
14  29 8759909
11  15 1759846437
4  41 1592182375
32  19 1300264117
5  8 227588362
22  40 366896167
15  25 517003957
10  23 1863137486
28  2 1652406481
39  12 1567978640
30  23 1113480217
8  9 38056835
45  46 1750426511
4  2 965158265
46  11 464283519
5  9 1574308569
46  33 230188086
36  37 276841669
19  43 1028699201
18  26 1270238254
32  2 1942838446
39  25 750045119
29  23 957761836
14  18 1980793921
13  31 69613859
46  21 120163910
10  15 153546925
47  2 286451879
38  19 925052425
43  13 2129357327
19  8 862153501
37  4 573496285
33  49 1015015261
19  35 1392308124
10  20 1321146155
15  17 527483101
16  43 1794554180
11  21 1485635267
17  28 2079798791
3  40 498050489
43  9 1400195797
34  8 2093589822
9  30 1718964492
31  27 1867192288
9  28 1674538742
27  32 1093776005
26  18 1298113071
22  5 663809687
2  20 1605846574
32  42 307098241
31  44 1062230993
30  45 712901674
23  37 1409669077
20  14 1488389711
20  11 542237490
34  31 1381846849
29  6 1941927069
45  9 1726181617
49  20 1319254071
31  41 1038426512
1  9 897119502
38  3 139911554
1  23 977072774
9  24 119004778
48  32 1254090766
42  31 562850547
3  8 1273398050
24  12 1569755481
37  13 2144803903
4  38 1961145567
37  12 423630702
27  41 164586466
23  19 1899973199
0  10 1639558432
10  16 16623735
12  9 1939525242
36  15 1898712429
12  32 1704706309
40  39 844971893
34  24 1833118776
36  20 1629390437
16  1 1461278752
11  29 1097374421
14  21 552292915
42  32 120307312
7  0 343507716
26  40 736928807
47  36 557912912
10  29 837689433
25  38 1404084775
5  43 605352942
49  0 1021192845
5  21 231277647
4  38 530523152
33  37 1798685910
10  0 564363501
27  21 1886142284
30  20 1253365228
11  21 827487700
15  24 672976873
25  15 1241773324
36  2 1523975961
30  34 1647590201
40  41 572077056
30  32 682116799
49  43 1345977583
14  11 1432029390
29  11 2044651078
49  12 539283810
32  30 1872067128
43  31 1339848067
6  15 477561753
40  35 826052144
32  17 1621160721
19  4 749405565
9  8 1211230779
4  27 257274106
15  13 34143053
11  5 173294555
35  38 191471552
21  31 1188767629
49  20 2033707358
32  22 843427700
16  1 1733929693
39  24 1105240117
5  4 341942197
45  29 400725806
6  22 1840399502
42  48 1536355821
48  10 1434560994
1  46 261467421
47  14 1708483269
23  24 1062594968
7  1 1127790987
26  32 573652775
24  40 504121376
8  15 1992947779
30  42 1296918195
15  38 81587703
38  16 1842027467
4  44 966838351
38  2 1253531891
48  28 1257311763
9  10 1655951919
26  21 129094454
48  40 2005928267
25  43 1749357882
44  2 1662089735
18  46 1352483268
30  15 452218841
12  19 1733984100
33  9 782052210
42  15 889519118
14  5 1963154756
25  15 357341001
23  11 1451336490
14  16 665660081
30  31 146051740
26  36 1189525622
42  47 1882726564
12  37 1514298948
34  47 2144807523
19  18 1956507977
33  32 15697924
19  31 690298714
47  11 943481511
37  13 2052873337
33  25 603212612
0  36 420591274
15  21 1709580055
28  11 858618218
14  12 493799731
24  28 43164978
20  15 2024724642
25  47 1270072127
19  26 97140982
8  34 1126087939
30  9 1054238009
40  19 2088586640
29  30 711776777
34  17 1120116163
37  38 493076427
3  11 632212201
33  6 1442028432
49  27 626540112
27  25 491893994
27  32 2139426799
46  9 1149110293
43  40 325650571
22  14 2077606070
1  15 682438085
18  25 1778379900
2  10 2017809073
45  48 1880677051
23  33 155146367
19  30 2087005558
13  10 1755132494
42  5 1561976676
15  42 839428603
10  4 1895371109
3  46 644819965
5  28 1761005271
6  47 1606350354
28  41 17211986
24  21 266128921
26  44 2086470143
23  20 224083687
48  37 780565118
30  15 1787956383
49  1 1228460750
41  30 952671923
21  8 1259676387
13  39 1152240041
36  40 1650140560
31  41 1045454342
48  4 36547464
40  5 1148367149
43  1 1897260880
47  10 1215007986
2  17 758971920
0  19 94372566
10  6 207297247
33  5 1816063107
18  4 1446756045
49  7 898985979
4  6 734969626
25  23 177076110
28  19 1883540803
45  13 375480676
18  26 1622695069
49  44 1894495669
31  40 143583363
34  16 1866253025
2  39 1763504195
2  21 505242687
45  1 524641500
23  44 399016624
31  9 506615868
31  34 1428011671
8  49 615294433
18  7 380028998
9  23 775503221
14  15 2098510830
38  43 338728301
6  17 1423194887
45  15 1790227879
30  28 513942054
45  23 1419426461
49  47 287051819
47  10 993905675
28  46 1344228551
48  37 1877307971
7  33 664600602
31  19 242571679
26  10 882200028
22  42 1985654566
21  13 742540993
28  12 1968347868
32  47 697362298
28  8 1446993222
46  27 222381894
1  6 923521010
39  42 1859795591
47  8 1504172077
26  0 372307325
16  30 1215423100
12  37 2110128176
20  33 1216337189
29  26 641359741
37  44 1506314111
23  13 806190862
29  34 1922805269
19  23 729049759
22  19 238534569
13  22 1140324404
42  13 174626165
47  49 545107313
45  41 1609665129
11  45 1822138853
26  10 620442824
49  35 2121197699
49  1 1881429574
6  2 1129060723
27  4 1656149873
5  19 2145585139
12  25 206727248
49  37 2087560902
21  37 1732345318
42  31 1213881712
34  13 1316310378
2  10 1916197338
33  11 1749515020
21  27 538721264
22  32 958258404
14  21 1856904923
44  27 1231679277
11  1 975463385
15  7 817661205
26  41 995397352
6  9 353586458
17  35 1474900544
45  25 1020637289
36  24 393812695
12  26 1126896419
8  38 220558374
43  24 661023054
37  7 160702494
42  21 1044466617
26  33 941558216
47  39 1660763375
15  9 1401665296
36  17 2099002615
14  23 1434613795
48  11 858847164
22  26 226927274
35  6 1628235779
39  17 2031683110
43  33 482180739
1  22 325291327
24  11 14542948
39  20 1645325549
8  14 1862471990
35  10 639756916
39  42 1763168738
24  7 1242202048
13  37 54872702
16  40 988149097
31  26 2126198120
42  39 209125725
48  27 2107478978
13  40 562290413
7  18 1240825379
34  33 2037687324
22  21 653628042
10  48 1082160600
47  26 588438723
43  2 1958743479
34  35 623711339
30  9 1204145357
13  30 982196625
49  40 67190413
47  20 664094349
43  41 1353475432
23  27 536095826
42  29 365477195
4  23 559762873
47  29 1508284729
46  39 1556104466
20  34 1160417588
21  48 845976263
6  14 393213322
27  47 154145561
49  3 468333249
27  3 1756903887
48  11 172672309
29  25 1373744523
0  46 1996924962
30  19 1947078985
47  6 1624047092
13  37 532441467
44  46 1780427903
7  37 1900629704
38  4 1920087751
36  10 451590156
12  25 2010706630
16  27 1125098623
26  12 747142159
48  12 1209250598
32  31 1592002117
46  19 1025519166
47  2 582393868
45  16 834904767
3  24 1133554775
17  27 608681083
48  8 512346124
14  35 303750343
47  42 30774868
5  41 1455274135
7  25 1102009398
12  30 1843613403
4  33 2034203114
30  2 310440213
36  41 1556718548
15  31 949720667
29  6 1630956697
18  10 1676953544
31  27 1367965627
4  7 244944856
13  40 1943151023
46  36 568122241
26  33 1976185770
7  33 1094474072
18  5 1875263721
0  42 721552502
5  2 796786906
22  18 1402637612
35  28 361979653
14  40 1791548153
10  38 987183416
35  27 332874831
10  30 346898836
17  5 201412128
7  22 1702752913
36  37 186153398
16  9 920258555
1  8 927716734
23  47 115759896
44  3 77150878
13  25 500366449
18  34 278005861
18  20 1084472881
5  31 1670789539
49  42 903197168
46  47 457488418
18  21 924330002
18  12 295710420
44  24 346556867
46  4 516710475
43  49 391262510
12  34 311301936
25  27 870037663
0  13 1419886046
12  3 237600168
28  42 442725985
41  7 567699232
32  23 1964758436
4  49 873832732
27  13 943686236
31  42 1300956998
26  2 824637227
47  29 1870640992
9  17 1354758284
44  36 1513001526
9  24 198095095
0  32 1973726339
22  15 1367520127
41  4 1632239713
35  49 17267336
5  26 1079466435
3  13 1597220349
31  3 1816632610
41  25 1772026437
17  45 782454833
17  47 1359833709
42  14 18519158
10  31 975621351
33  2 632070545
20  9 439691665
27  22 1003646998
41  39 1241399343
20  13 2087022342
48  1 2027527326
46  33 1784024278
20  13 1320203303
2  30 1838893239
26  38 1504051177
16  19 698553197
3  30 980519458
25  10 2027736578
6  12 854637990
8  15 1862742331
20  45 10149012
3  19 1955268695
34  10 1613596059
8  48 850415725
18  48 421555426
0  41 592653603
33  24 1550069293
19  31 1290011898
45  27 1429119812
17  25 750447648
37  21 1764616826
38  3 260851288
23  45 1276313592
43  28 108672063
45  5 1941567462
19  1 268296902
30  10 359784474
7  47 1177485120
22  10 228813205
44  4 739482999
37  46 1735205137
22  37 1365738906
45  12 909431750
40  46 1069221380
13  49 41316345
10  44 972365144
9  0 1836280859
6  29 2040594640
37  26 541369958
43  28 396697422
46  13 704119357
3  21 1154178118
39  6 740238742
14  15 138564603
43  21 679615538
23  45 1934410343
32  35 1723146748
20  13 324444612
48  42 93593321
23  45 10919830
19  20 1064843367
20  46 1771742481
26  27 553057572
48  15 2058454003
1  40 159270416
28  31 1139896225
39  1 1500981437
11  26 2121620616
35  0 1771043316
45  39 561836825
39  31 882597708
20  25 1610760997
38  23 1126962590
46  25 595792473
27  4 1833579978
28  19 600542193
5  2 1939742967
15  25 338844683
12  48 1719345768
15  41 1009120495
15  38 2140318764
30  19 254478375
48  33 1507893298
30  24 2105498495
1  11 1356420356
23  32 1075048346
9  19 1818588589
17  29 547671937
34  18 967682979
28  7 660360089
4  15 1683637136
21  47 378015806
23  4 1423999794
1  45 1135691205
35  6 1578704674
44  46 604425308
22  18 391550774
7  8 48403442
4  49 627932124
41  5 2017431803
36  20 1460790163
30  34 131768778
49  15 1272600474
28  27 378944789
20  22 501668777
1  15 487461590
24  11 536156603
11  29 871734475
6  45 2008071850
37  26 459892767
38  31 511870169
4  10 710880053
0  17 1747208798
43  0 1620438427
45  34 1982903684
5  34 390601326
2  21 679383613
12  41 1064335907
5  26 730487249
45  36 1372439580
38  28 779924070
4  3 267789181
41  3 646664417
47  28 1485645694
39  29 1627835966
6  26 1401020397
19  10 51874281
22  33 299451845
38  40 713278516
48  0 1828870852
25  8 1251705384
42  14 1611071576
37  17 969237369
47  6 2020490301
24  46 1579166714
45  3 1023401249
40  27 1306446055
6  8 878020567
48  11 375850311
39  49 1996963133
49  11 285601253
15  49 1858138653
33  2 417942649
32  24 906429645
3  24 717356939
11  3 2092970210
4  28 691529109
18  44 1450552988
11  40 585711846
25  9 1954397594
14  41 1655582609
44  41 1094107950
2  47 1972294716
7  20 842304223
41  10 1158844239
29  18 1789719163
31  29 293634729
37  42 1778755473
6  12 329790136
27  7 704862465
5  31 979644947
38  49 458442528
38  44 2088444681
34  33 842795022
6  44 1953288410
12  24 687505545
43  2 481678382
46  6 1861698417
49  46 1736331673
26  15 1842577449
8  41 21673249
7  0 2140565742
40  20 1675396345
37  34 1150878964
19  9 954217611
1  7 122715420
48  24 1803974026
11  29 1106426870
13  17 1497522981
