1250 50 13 10
29  45 1177549020
30  41 1893928280
24  44 698153189
20  25 616129133
5  25 238030922
47  25 644805484
27  22 330068025
21  11 819633673
3  9 1449017286
43  31 1289098500
40  39 578452846
14  33 941885779
5  26 66632077
47  40 1540373436
44  17 917101642
45  32 434167256
28  42 1929797210
6  7 1463013126
29  22 1884221476
46  13 1138679191
48  6 1456404716
36  16 1358007317
20  41 1365423186
41  18 1872420008
26  9 2081111631
9  10 1936698879
20  39 1308858416
2  35 1632127490
42  10 875093168
39  22 139272242
11  49 209638098
9  43 463880102
11  16 425092794
21  18 1402671082
29  12 1768343451
22  46 62678395
31  23 749732298
41  42 557439199
45  43 284275437
46  6 1264778636
26  18 1867554013
1  30 340257965
27  9 1966774816
23  11 1380355474
14  47 632869458
48  17 1646507837
21  28 2022690242
45  2 1847590265
23  31 1162828221
14  18 560596017
28  7 1641650553
9  28 1152797781
6  13 1969466834
6  10 984298049
36  23 932556826
19  44 1578728411
9  17 2019066812
13  7 416675529
5  32 62835205
46  14 1501492061
25  35 1438303167
1  28 553642152
26  20 1310882720
3  28 1446040132
24  48 680837455
35  20 445817724
12  30 1686333834
8  24 924777026
45  42 1671609871
18  44 465877542
40  9 2047172894
23  15 87762475
25  7 1372702759
24  35 391296549
31  48 545437353
20  43 1266132472
14  22 638473311
8  13 37883660
47  1 295166343
16  1 826843893
48  34 810060686
19  6 918228798
45  20 1955721366
15  19 82413773
39  5 288883795
48  26 1933689721
29  19 576436353
44  36 495780596
8  11 2122466770
34  33 1198753205
42  32 1682630376
7  35 2059122769
29  23 556412
3  43 217145755
27  23 91492047
23  19 980716630
30  16 820577575
39  14 383235302
29  25 955158671
34  22 424760558
24  8 17856609
9  46 1894314909
29  43 1984516683
17  13 1686128044
40  49 1037012053
19  14 613464168
28  38 1553133080
46  49 740982758
2  31 185160315
26  20 421360846
2  29 742619080
1  40 2063787956
18  46 1823018707
38  21 1215818146
28  46 2025051560
39  49 1095929709
39  8 1181193083
21  37 993627454
36  33 837420588
0  19 1568834249
35  10 2060138071
40  5 355758075
18  20 1793882235
37  9 1943657825
43  19 1589658069
29  30 1042158980
21  25 373591382
36  3 62609739
19  8 599206595
36  29 1893156610
37  7 300129866
20  0 847782119
46  13 445659940
38  28 312188786
23  5 1549357571
17  48 711544499
3  44 379366082
30  8 871262235
5  46 1738383596
14  43 1048684961
23  16 1902403576
5  19 351001340
34  27 61372924
33  29 813605661
18  1 661453714
2  40 1287506284
15  31 1688070968
42  12 2117778824
27  11 1298989013
8  31 2049008016
23  1 883041095
3  13 946382569
33  1 2082681479
31  6 36993595
25  33 1757271208
15  4 1886330801
7  31 1821654780
9  27 200207818
43  19 1814224669
5  46 1000987745
15  24 564253466
5  45 1180848305
27  37 1768229658
5  32 1844374697
23  39 324992943
13  34 1624389699
43  49 1143427481
46  43 1234604170
13  5 2093562875
48  0 803274256
32  3 195548981
48  16 1927925121
35  6 776035855
2  46 1058434336
5  3 2002910051
1  33 1691585377
22  5 833481321
2  42 699999985
20  19 1533102281
45  12 938490278
39  37 1252553140
19  20 94525048
16  38 654918826
31  19 1735156003
42  47 912906046
28  9 1054046749
14  20 1237023341
32  44 374667675
37  30 1597984180
19  5 1513166234
29  5 1161123066
12  16 882502124
24  7 169760415
9  23 107428796
24  2 1848766830
13  14 481297703
37  45 1898233467
47  39 907049140
32  13 1762032390
43  46 414822749
7  36 1156610441
47  9 837125991
46  47 1992020857
4  0 1195936246
27  48 1045152604
22  13 977993405
44  11 926312972
35  31 2116096729
18  44 838050580
39  22 1376046681
4  30 1047413974
8  9 48209877
44  41 1548470868
10  12 117684312
24  14 1467581714
4  17 978093371
21  48 968238989
21  16 792329288
39  5 1926362494
26  41 822899639
34  11 241293231
14  40 1847971376
47  26 1865095525
12  19 1656204939
11  5 1513120201
48  40 99776155
45  35 1437886706
47  43 1628741145
6  8 1701704266
0  2 1396999964
7  11 1984907625
24  18 528709487
34  25 1951074008
6  39 1888544490
27  28 1714477039
20  49 1983705980
43  42 641642138
10  2 218836237
42  33 1089164688
35  40 1541107880
33  14 1498346281
15  37 91102494
34  3 418781389
38  36 1707952952
45  28 263876357
44  41 1808463297
3  31 2042149081
15  20 928769051
44  27 1727256331
31  18 100366793
17  34 722025370
4  43 1971878810
48  25 1582677681
38  49 280966924
26  39 1693767212
4  47 1544642772
20  23 1497000923
45  35 1608159141
4  16 2070949657
0  45 1717612083
1  26 1951547133
3  38 1085904267
19  23 1554829664
21  28 528109220
30  25 992087515
33  36 1087665826
5  48 1844508908
6  5 1961830652
28  9 503533339
34  7 421804610
48  38 1962665121
35  21 267395394
17  21 1843943251
6  11 1889257408
33  40 1387242520
9  11 1638419985
23  14 1178632461
30  26 1464100363
45  7 671143505
24  27 385504578
43  26 1443956454
5  9 1445350995
3  48 2052065994
45  15 1903196854
43  47 970217629
33  23 1680644815
32  1 392748908
4  12 702671384
20  0 1025443867
3  34 1106380645
12  18 2004944664
48  13 519601990
33  39 90220171
16  37 541245319
23  46 879843745
36  24 788188491
21  41 750134046
7  8 1989703936
13  28 1884986189
24  19 1686139465
31  15 957101095
14  48 2048880050
47  21 1363524912
31  6 1789454246
9  25 1654949599
2  21 251780612
18  0 1466279705
7  31 765038599
16  48 1065442479
39  42 1035214120
11  31 2138462993
36  2 1048343229
39  34 813737391
21  31 123108696
14  30 2070793619
29  15 544283611
7  41 884657292
9  7 504815169
25  35 34120427
45  38 740787419
30  32 280885087
47  29 1690973107
8  47 1056670672
27  2 1711687704
32  13 1453884634
29  26 159908019
14  24 1001835858
4  28 1742041703
25  23 748664616
4  12 86811545
43  11 1647710048
37  13 557859999
37  21 1503250935
33  31 1225452340
41  26 392297484
20  9 848394720
38  16 1812059044
44  7 1143696851
10  11 1478930239
24  29 217921706
14  47 885583423
39  27 577228563
11  27 90523622
20  27 158119001
13  0 1853809117
3  18 1100433183
33  43 1478823057
41  39 1683953399
45  17 1161381028
18  29 407939545
38  12 1246441202
37  24 366026760
7  32 704900512
18  34 1002631818
1  42 449105663
2  21 1683112259
49  43 1414038103
34  32 1948062040
32  36 1895583402
31  14 1480946910
18  10 1266044714
34  18 2073803244
24  0 956086056
48  45 1424078170
20  32 1780169504
11  0 94250428
11  6 1445853344
4  18 1972452215
5  41 758856103
27  16 293078501
44  1 1589573627
29  14 1402434368
20  7 1733509199
38  28 2075595978
40  21 2028626388
44  7 384048555
34  42 1188606550
7  20 567112222
29  1 200891822
8  31 1123638073
44  41 484782231
17  23 919562021
35  39 875555848
23  10 1466258431
1  38 1265692112
26  29 1737605742
48  34 464962348
14  46 1777082394
7  4 103529850
25  19 1954489287
48  28 598616195
40  46 1597138558
17  7 1779492919
12  39 249094890
20  6 1166610814
25  17 995539564
41  29 1906618703
21  1 161105049
8  44 1865724250
4  39 1544462839
34  9 1148318817
43  27 1294773007
25  2 831866719
49  5 548519025
8  49 1794506622
35  46 39065174
48  3 1031905681
46  2 1052813679
18  10 1091925916
33  49 1782479173
41  47 879563929
39  8 145855928
22  40 767739995
35  1 1336871043
17  37 997567784
21  9 1877298408
31  41 308317737
48  3 2093605463
1  41 2091356134
2  26 1562518202
0  41 1573339476
39  40 1514100538
37  3 251797567
12  33 139115132
3  15 134962113
33  4 260516942
49  7 620465487
41  21 881174808
3  32 969602429
45  18 1771092972
4  40 1107902551
49  17 649411660
4  1 72281309
28  10 1789764068
11  18 628724127
24  12 1699609493
44  19 1919864051
3  22 954536923
19  26 929227236
43  5 1407379577
17  3 1326923412
1  14 517441510
7  37 107001488
5  16 2129675592
27  31 1025832816
8  33 518068613
13  15 1456810100
4  22 1461043030
8  4 397965043
12  0 600274892
29  6 1682103798
35  23 1076561329
4  17 190076737
28  48 1203611465
47  21 1916323919
15  33 2052630434
16  1 1714127056
5  22 970094824
13  5 92785245
48  6 1932671832
11  31 459792171
18  41 1132426370
49  33 60827310
4  11 522539235
13  20 859090406
41  7 816797185
28  43 1508193048
40  28 1642821184
30  24 1200417268
13  37 1651627919
2  41 1402204378
7  16 2092521943
43  47 1013855544
36  13 1083464155
26  4 358725673
0  26 1293799399
44  43 620965427
26  30 978906233
20  6 886869783
5  6 1924650714
15  9 1119397708
1  18 61287723
39  25 1171273858
0  48 969817360
46  11 880110985
32  43 1160011986
16  24 664762255
20  49 1643090598
11  30 2064424891
47  10 423460934
25  17 1439208011
13  19 76754995
5  0 211845560
42  30 2081761980
39  4 1729711257
28  8 1929483430
5  9 385295446
33  2 837456493
36  41 1772336652
24  34 1625634789
25  32 1218014528
11  22 101852368
5  7 1605137439
31  42 166311432
19  5 588516686
17  48 2041055969
26  30 2062492317
32  37 610669884
40  2 92340060
43  41 22836235
22  32 687283823
46  18 650710084
26  34 2016733459
44  37 2133845235
45  4 330423107
8  38 1466216768
4  43 587361496
43  23 1612418127
13  11 1534253783
44  9 1907529231
14  43 1754554256
7  23 1639546910
35  6 2084947658
12  26 1894351760
38  10 1165251297
10  8 1336700260
36  38 1516509577
14  10 427826658
15  17 510705425
49  44 1413892844
30  43 1602024902
0  15 623796086
25  29 641193341
28  26 257290510
0  32 1482192727
9  30 558527019
37  9 1197265678
2  42 549505941
19  39 1779638158
6  40 2100950632
27  37 495611463
20  21 818365713
4  29 1046403310
34  23 517293203
36  5 1560288133
10  30 1096392811
20  19 1981078993
19  35 1051939760
10  30 1461784170
27  25 576445784
42  18 1784856194
39  11 1628455476
30  0 335282323
30  27 928557741
33  43 791068249
38  0 1791111030
29  0 803547484
39  20 466090679
25  19 428480119
42  33 131597895
20  16 2008355796
10  42 200063230
26  38 1169576735
27  2 627963092
10  6 1795828574
47  48 1937717723
44  22 1978448485
41  27 1168442014
31  40 815219036
37  26 1883891911
23  2 816064494
14  41 825441203
6  40 308387003
0  22 1427965826
32  4 956680962
38  6 764967096
9  0 773752428
2  35 693597853
7  27 250229717
23  1 1522397590
11  42 1381705999
3  17 1008762983
30  24 77455035
26  46 427906264
18  46 1043198562
46  4 1138957916
18  35 875222368
23  35 619436910
25  3 949745895
7  38 990765027
4  31 1782140391
43  44 1778166242
3  47 1421639389
47  44 1948210139
17  21 1384776994
12  38 481100563
14  31 72054942
15  39 714858801
15  25 1869607643
19  43 1234363718
37  0 1016940948
3  47 1205609938
19  15 1617624297
10  46 496058449
33  10 1952310984
9  24 278787242
31  16 2017835730
21  44 1889562804
40  39 750291152
5  36 2092818702
40  15 876819953
36  24 870329270
32  22 1243330379
28  41 2018296704
3  37 1198870258
20  30 100421485
38  31 696239563
36  12 990525944
24  38 217495370
31  22 849035028
38  12 406572979
49  18 1120954377
3  42 1359924111
6  23 653453173
43  27 296866669
34  18 2034307290
47  27 1356128124
13  46 1967143468
3  8 1275437737
28  11 688915917
27  15 952873228
13  18 23008152
6  34 747335388
35  45 943199997
36  34 1125128539
30  41 1891470276
37  31 1476659699
29  42 1530904463
26  3 402460843
30  43 1371725394
7  36 1708779594
27  16 977645732
6  46 1528106970
12  17 1896621182
14  24 2044416736
11  34 1633001327
36  7 1434541215
29  4 2106759826
11  40 2065615053
21  17 2053589713
17  43 2124439777
15  11 338734239
32  26 1273196108
44  26 1731774401
17  49 1098703533
23  5 600467646
27  17 1761020881
19  26 473635884
9  46 1756514198
1  12 1158895585
4  38 1880384493
14  22 1476830119
34  23 1174510700
22  48 1772374296
41  45 1945827561
9  14 178761655
28  6 300965669
8  39 1729384238
25  16 551950038
28  39 1874412245
18  1 1349803388
16  19 695296275
24  13 840986402
1  6 2087658259
48  22 1762017580
26  4 1486143351
16  41 1672658132
11  27 1472008871
34  0 263707093
10  16 1160093350
21  6 1368896816
13  35 1127768647
5  7 232293270
26  35 1199890597
15  30 94358148
41  10 1278051224
49  46 22624870
15  47 1953353265
5  22 1432983292
14  28 1962706447
38  4 1532809578
25  43 575782521
45  7 1837985366
36  32 1735437537
22  21 41295451
33  16 156647277
24  7 1626058449
20  1 1046856900
48  22 1590874611
42  34 1524675215
6  45 846104211
8  1 174133472
14  36 1206210328
44  20 689685065
34  46 1020910958
1  6 15091992
19  37 469376644
3  31 362898367
47  26 197354217
47  13 2028660244
47  44 339156624
16  35 1674922820
10  42 411568735
42  28 1658664588
3  39 2026305463
3  0 414911913
42  0 1108033304
47  19 1150495790
6  22 1143821973
40  16 986019767
27  1 1553966507
17  18 751280036
13  38 785858503
28  31 595138430
46  24 1396282843
37  22 257796243
39  10 402129595
14  30 2037086455
3  12 1301507245
23  9 123123937
41  15 122050021
25  49 1778494015
11  40 164424055
10  8 2119022287
31  42 1711482776
29  28 1709872410
34  4 2009301719
1  3 372382178
13  46 561284428
2  42 1851533525
27  37 969325028
40  33 1234172085
48  11 926337890
26  1 611719650
31  3 1400122241
35  15 1177799536
30  27 297218352
14  18 950383752
19  15 1408878709
42  17 1224708099
17  42 183618933
30  14 275954863
23  43 1576334894
26  49 1286685985
2  39 1437240053
21  20 62566019
22  32 89980234
6  16 461538316
20  18 2093966217
49  12 1305339325
31  42 1278042148
13  14 548463887
32  47 200257940
31  49 1330473163
3  45 2015755453
3  46 1396967528
4  2 507719562
27  42 828096144
0  33 2081420009
7  38 867164499
8  46 360889693
0  13 1930621998
22  10 126063532
2  23 1740592559
5  22 482726260
39  22 1088741441
38  8 2071863462
26  27 742515189
15  17 882442331
25  16 154166570
47  30 1051195327
30  36 1995018200
21  41 1220098352
44  17 835155287
46  19 1653993002
32  19 765013100
19  38 54071446
40  1 1462228161
7  42 491361448
1  19 419054118
15  11 1939452558
2  0 658093622
44  33 838079291
3  26 1796988883
9  13 573065136
4  18 1884454376
41  11 1494384856
14  0 1090613466
32  45 503247464
34  12 606968561
1  37 1302908056
10  8 1961183194
40  36 1327866634
6  25 564181554
22  16 1617126994
46  21 862943216
26  37 34045858
27  21 597188528
25  18 374650883
39  16 1172894256
21  6 639105039
28  37 343131190
26  8 2117712014
26  38 2060079073
15  37 1544010089
31  19 108422884
47  35 1159284926
40  48 1352889687
36  35 1849530649
13  14 353644213
44  9 913758285
10  15 1543123206
35  49 1419725811
19  31 1503457200
47  37 1530588668
44  4 520907921
32  28 680712922
43  36 741864748
38  5 57707984
36  11 553527697
46  34 888665530
9  24 2070582941
19  3 576246519
15  21 71681863
22  14 1057398411
11  2 522847759
14  36 1092070228
8  37 579036023
39  42 1210291134
47  39 964456063
17  13 703799228
32  45 638892361
6  16 1487305867
5  6 771076720
17  15 138192773
0  1 28222843
46  5 1322142653
38  39 1663318866
24  10 282038406
37  42 690769787
40  47 1864647988
37  33 1969728249
7  20 43890073
3  29 170890366
6  1 622578231
16  23 717935755
24  37 1995166
47  11 467735346
25  4 805794968
15  25 1577383035
25  7 1556305377
8  33 1616894556
45  43 1591966634
9  28 1737899766
19  14 1617878030
12  11 901481270
24  38 1880532148
47  8 318916413
41  22 1498817251
48  29 1628825294
44  16 441781171
3  21 412478806
42  47 1100224287
3  44 1714948773
4  22 1055472133
48  40 357822098
11  7 1390695366
40  43 1982408250
45  17 1141570840
18  3 801242311
45  48 839827436
21  11 1892880212
4  46 1085744301
37  11 219243268
49  39 1753047735
39  20 1140740185
14  22 1975029520
48  4 2019691459
41  44 1236786830
40  0 278397771
36  22 766489697
18  37 176307056
6  39 1591380882
3  27 968561502
27  9 802865326
24  47 1246736258
5  20 1331480488
35  40 661776360
18  32 516678605
27  22 347616468
16  40 682118615
39  41 195283187
47  18 1637925192
33  17 955431635
22  5 536593147
7  37 60317894
35  21 940882028
44  15 1264568124
22  21 468225114
17  30 348227428
12  29 2003576041
25  23 1030614323
10  33 1001590499
48  39 1106978785
43  8 1287814096
28  35 131708018
44  21 1613549904
44  40 1886598353
6  5 1760019569
21  37 1354192120
32  36 931473241
7  35 288272030
47  37 1204279287
37  0 1657635028
40  34 1013753436
9  42 1893996236
38  7 1238864582
40  13 2098779161
26  39 1711488012
40  46 1961637999
23  5 735061020
37  1 471329193
9  10 355229078
7  39 1570474926
7  13 2021583663
25  1 586164636
10  1 369331509
10  49 231563709
17  28 904174014
25  10 1296617062
9  18 1454898856
12  9 489105523
39  42 721118400
46  2 799346102
31  15 158691485
37  15 282490285
29  42 1509001240
2  27 1833468480
32  43 2043166549
39  21 1927135475
45  47 956142567
32  41 818167436
13  47 307859588
18  17 1312553348
21  13 169636718
33  49 957257134
4  27 2115305134
4  45 1494282713
29  41 1431591730
10  38 1393133314
23  39 761427799
13  16 1383585851
28  30 416556531
21  24 2115425973
49  11 938291694
15  38 168667315
33  21 1134774063
14  42 976946689
1  16 1775642514
45  46 1181058562
16  9 1767479210
44  25 1773884380
48  32 133522710
11  32 1195410854
43  48 657944311
37  6 1504291190
23  7 1116077059
5  16 434249319
10  3 532944979
5  6 183867953
17  0 860117306
32  47 1063994914
42  3 1306488156
6  12 518814420
30  11 1933084934
13  9 1576027259
4  10 1034518373
15  14 1697263093
28  36 1329734484
0  12 680421423
46  18 1697121602
26  47 2069562477
27  5 531853595
18  2 747512302
32  14 1488428231
16  44 1920503528
16  38 654516284
47  15 444969852
17  33 241070514
38  13 1339757606
14  9 1462310036
36  22 442397605
40  24 1617314140
9  23 1439609984
42  4 2127658338
26  46 2015679413
24  26 820783678
1  13 1554748286
43  19 233506792
28  26 619155208
23  1 2054770448
9  24 1331248048
4  12 464686028
17  30 494274249
34  6 984035528
35  7 1620268924
4  47 1114731799
33  20 309406168
0  20 1702824796
26  21 1735566025
3  34 1351740619
17  30 1030109081
11  34 306603867
22  12 830388718
25  32 1489272307
41  32 152795108
14  5 921492738
37  9 2142056951
33  11 1754956612
22  33 1209448759
9  46 1286915435
14  31 1566920928
36  41 1995800098
40  22 1182608341
46  8 155395332
29  4 798951907
1  33 961796074
22  17 2046776562
37  7 1378684815
47  11 346116322
49  42 1886058077
28  9 730125911
0  45 1746574951
7  41 135701058
20  40 185281402
24  7 1988300426
8  10 575914994
36  41 2011659079
31  40 1376416027
13  40 2084000759
8  28 1675167087
5  20 424754575
32  26 61626450
3  15 1594886255
13  34 136716027
40  8 1643397754
36  0 1122814286
4  13 716143781
11  43 2016945409
37  10 1275882325
37  0 366488572
16  22 1122533472
16  41 1072431082
41  45 1737240089
5  23 1011732509
46  6 955913471
36  5 2061614297
24  48 213208046
49  36 1647851912
24  35 1760585722
24  17 1653718547
48  9 383719191
34  31 1658793100
0  12 1340982015
11  31 1528127442
4  8 1960671479
39  27 933053126
35  49 1441484791
4  37 969190345
49  36 1647253202
11  19 1539189746
17  9 2122976703
3  17 301656756
16  32 861583816
38  21 362286836
14  46 571707970
39  18 1523291858
1  0 1250998548
13  29 1673113499
18  44 1169918699
32  3 2057095122
20  19 212435485
17  24 195159679
6  5 491316332
11  12 1655028996
1  26 1989584406
9  22 1453931163
22  23 805161779
0  29 1484186843
40  43 48541302
0  31 714258093
28  6 441229503
35  33 1805450058
0  25 1842969939
35  32 278125246
25  18 1972237196
16  19 1792839129
8  42 1147874372
3  38 152997759
11  4 1253395946
3  39 696242157
10  9 1387320858
48  15 896801497
0  46 80208640
21  26 1605091499
3  12 709353856
12  10 1950368691
46  29 326311208
26  20 76942466
11  22 1562443401
9  48 2132610880
45  44 1498113494
38  3 1772228841
38  42 430215818
10  28 795326356
44  16 1674684305
43  42 235013528
43  41 1455722573
24  8 1945930390
26  44 1349895646
48  43 423536873
41  13 1846265494
49  21 348697021
11  35 32605924
4  2 1818142349
48  9 1448580188
6  26 71491861
6  40 1049928751
37  31 1309358890
38  16 1570304501
44  23 1182416824
40  49 1478571256
26  29 1315176315
38  20 2088102247
41  0 2017426454
10  34 248875597
48  8 1831324343
0  49 1933447437
30  20 123922392
16  40 18282071
8  36 607986250
15  16 1430457845
30  13 1882308697
3  17 81333195
26  36 1120037749
12  3 1492834406
31  40 811143815
44  2 1148280551
3  9 1295585281
23  47 1433274533
6  1 793359615
28  24 309792298
0  20 1191336399
33  24 1759208073
6  42 811715163
36  46 1410149642
30  6 1360053399
8  43 528691142
17  19 396217970
2  40 1543606160
37  6 594055988
30  9 1435841541
38  6 732276914
26  21 1925195453
46  24 1579771350
31  46 435849158
34  43 134906320
10  49 1250328193
32  8 579036445
38  0 694989282
7  46 1744702994
41  4 820169848
9  49 68227747
26  35 2081336858
39  15 1059138073
9  35 1582672490
41  48 1365826574
49  4 673504841
33  16 248389044
11  40 1039230204
23  6 163236548
32  2 273911493
13  39 258328735
12  17 589807203
36  6 2102881549
7  3 298620969
45  25 682519795
5  2 1031457974
43  38 1213762299
41  28 467187255
6  21 558649446
48  15 381829361
18  17 917116843
26  34 622016458
1  17 1593932095
42  23 446873048
3  15 913338448
2  45 1599427384
5  45 1138208881
15  23 100738410
1  26 488562178
18  40 1161817666
13  21 1145458995
45  7 1544836369
22  12 1440333510
34  43 1028592263
49  4 63496728
20  28 1825085115
26  48 677291296
25  22 639167526
41  6 1189485683
49  37 1778203059
45  8 613124340
33  6 981658212
15  36 238462533
25  13 1541807224
25  44 1268452635
26  14 760370973
26  48 1281652339
42  34 1020624457
42  13 730424650
31  29 125576752
1  4 560038892
2  40 117839609
31  33 73675837
25  10 1193835179
13  49 277496335
26  12 1953706974
19  12 312379784
3  40 523586429
48  45 1837420197
15  36 1247171705
36  49 1158783056
28  2 1138290159
19  8 802545310
0  36 1859723168
23  29 1243710487
45  25 110845038
0  41 1715035616
34  16 1221674756
