1250 50 38 13
3  4 1524188895
39  14 411355873
3  45 1998822649
22  20 221129002
14  45 2006300073
32  15 1209756188
19  12 1606717941
10  18 2051864944
12  8 771470148
4  36 190284365
40  47 1221093427
6  40 1358463396
23  1 541763405
48  24 1541513041
26  30 528641066
34  17 1220849239
8  5 1854318657
6  35 405235314
16  10 1198647328
45  17 1932426940
14  32 1152752835
17  20 821101735
23  26 1523147103
29  44 1761849635
31  38 1134334032
22  0 347277994
0  27 1274685485
19  21 1645280044
40  47 816037175
7  17 1453649318
24  17 610136768
17  16 1909323485
17  21 598529551
22  9 1231231004
20  13 1848056082
17  38 313026363
13  20 881408168
20  7 2083923480
42  22 1427735203
13  40 486663518
9  6 1381823755
3  44 185128311
7  49 56657840
13  6 1126411707
19  43 1936993653
42  0 693004365
14  13 444359553
29  44 939993115
29  11 289873355
26  2 1308569797
10  29 423018358
45  15 1575399631
42  18 596340079
21  35 947169243
13  20 1561991340
6  34 324568708
39  23 1415766209
38  22 1108064575
17  19 851889244
13  44 1689990234
25  40 1374160449
41  8 1522845691
4  42 780315040
36  42 165013538
25  17 313277939
39  47 173498397
6  25 610236872
7  5 1287161100
11  47 470725945
34  28 1857020266
43  39 1721814657
7  18 1975708642
6  22 1231854883
36  16 1888068734
29  47 1655314628
5  46 2097907578
37  38 822534816
14  17 136049369
43  14 1916786665
35  42 909173375
27  33 1313885175
33  14 487866011
28  15 1826188013
40  19 794917732
27  26 1951179342
46  41 1145145628
25  15 1340501226
36  6 383494491
8  32 837499936
36  9 36644101
23  25 1307311059
15  40 1303624570
5  36 394625397
48  11 589497436
34  38 1766971506
10  15 94313795
23  15 1743900756
41  38 244238678
39  11 636203795
0  13 1487903627
18  27 1273227847
1  34 2127715900
11  36 1124849363
4  46 139136368
4  43 1154881127
19  11 379566695
24  11 489439233
26  33 1968485744
22  32 1967777563
34  27 1284901874
34  27 755635094
27  20 92072567
1  31 1149671574
24  32 56003583
16  13 758254724
49  47 1400170871
35  8 1365064577
7  34 371781178
41  39 291521768
0  2 558537369
39  20 1063702625
37  7 1433405064
23  38 1334678964
20  12 652298175
32  5 1230101917
28  47 1385445358
38  13 2140569756
8  12 1922519928
29  8 117062720
4  30 812421794
17  27 2086319396
12  27 54393622
10  19 735257717
34  20 1635602161
42  21 90900360
3  0 397677419
45  30 1749359437
11  32 40536813
41  33 637013874
8  36 1069552063
6  7 247107268
18  23 792439269
9  47 1958124356
24  18 1570896338
45  7 643913003
3  33 1685594126
22  5 1354950678
25  30 1288172853
16  34 1696936962
42  36 1601851852
37  24 2120328619
23  39 554374544
17  2 960816223
28  26 958823898
20  2 1954081452
36  35 60820462
12  1 2028965562
28  25 100363567
9  18 341285657
49  7 1988142587
15  6 1387266036
14  36 1761984859
40  30 1694346401
14  31 1594483310
1  3 1664776862
21  43 1517463755
49  21 1785078607
31  1 881945273
9  7 1503324489
2  23 1133912017
48  19 794576525
35  19 915979557
32  23 1642493998
6  38 974778405
20  29 487047500
27  26 2626196
8  23 240931457
33  9 412672794
46  47 652997654
4  29 67795344
11  23 1700766378
11  7 603595272
29  42 807049509
14  29 854122449
14  43 1606149836
40  16 1394846545
35  38 424232339
29  12 1002532129
44  36 1957244869
36  29 112143357
22  9 682207978
44  34 526447828
35  47 2019365293
7  40 736936822
19  49 41986491
46  17 700671547
6  27 1578387082
12  29 1707075759
39  32 946645521
36  9 1690086521
3  5 1224901736
47  30 1855562281
41  27 1928254676
28  13 288531219
47  49 1318373195
18  39 96734822
8  47 867588476
22  34 798963114
1  44 595434975
4  8 408274236
32  30 1254598285
23  31 1615631786
30  48 1817859254
32  17 1573197589
49  41 723725063
44  5 1996517332
20  25 878438020
21  35 1105480830
26  3 969896257
7  3 1851426171
11  23 1149559063
47  17 1014437268
12  38 469597344
20  9 880591037
12  0 238224889
47  26 109621969
28  5 1569979313
31  44 460747050
47  32 1472658495
28  36 1154979959
18  34 233668970
39  15 1077214786
33  45 968455958
23  29 142998257
45  23 1371881462
14  45 2121843690
5  7 1852922351
8  29 1534524370
45  6 653073488
35  17 638404043
17  4 1148333978
18  36 1320906276
42  44 521521844
12  7 577450549
47  24 208613028
23  38 353816780
8  39 251350709
41  9 1686164823
35  16 2128740415
32  9 1892208504
2  44 1692666797
47  16 816100650
21  25 951081650
14  12 1742717592
23  28 1437854598
20  49 621137927
13  24 1126866401
13  21 1734546586
34  20 736266384
13  24 103981099
44  3 544339499
24  13 137957716
34  17 1030331403
32  36 120924767
25  21 1168871691
46  3 1359769295
0  14 2115351872
42  4 1674507663
30  4 498003767
38  45 609011199
26  12 1504112287
10  28 1253623698
35  22 731196168
2  45 1558072818
42  43 11001464
39  43 725588918
14  34 1766673439
3  45 88969403
27  6 133647056
22  49 973406373
13  18 1536342642
31  27 1214550233
27  43 502537293
22  46 2074460870
38  24 1419731296
49  22 525877186
26  4 2126890680
19  12 282651632
49  34 1811812306
25  39 621124195
29  48 462225409
26  41 291973035
16  37 1500562796
48  10 1324669439
0  39 271808719
31  20 1424135299
47  35 1360784319
18  30 1555947940
35  43 102919566
1  20 1260224950
11  16 1009233318
30  37 40956931
8  22 739021017
31  47 517390344
34  10 1970007602
37  27 320771511
20  6 1229690229
17  7 1583107115
41  32 1546592090
41  28 316578385
35  7 1915570372
45  37 335526675
14  24 2126554039
20  27 52513226
0  28 774628529
45  25 1029850603
8  3 1200118796
37  36 1527757325
11  35 1142422392
34  9 161882712
31  32 327781065
2  43 1647943219
47  49 1427108761
1  16 304333573
3  20 1387669265
32  21 696430464
43  14 2066034076
30  7 357119003
2  3 7903237
23  38 562208993
46  32 1080286800
34  8 1614139146
5  36 382399980
11  12 1964748103
21  48 1641269449
36  25 430321877
35  45 1813799753
19  15 872868032
3  36 1606204458
14  5 1513587528
23  12 1294727893
42  6 1124858937
36  1 936994633
38  21 713626902
30  46 1157761889
8  11 1679100043
24  49 41515981
33  14 1594910676
18  5 1525273676
47  7 1611939280
18  43 606266576
31  44 767792641
7  33 2068754451
40  32 1822204921
11  0 965955313
32  26 927063087
8  3 1467737034
33  35 1273748872
25  23 1876183219
38  2 172485096
9  13 2006625715
29  41 1519879260
42  2 1182330240
21  1 443250846
45  16 98086293
19  30 1486866993
22  17 1439803744
46  14 2107942735
5  32 1287068292
44  5 1128103708
16  26 1965819335
49  22 675378611
17  45 132955240
26  24 2097590739
21  48 168975147
35  2 200642268
12  3 781907489
14  48 55984694
0  34 131593896
12  13 1219952629
13  38 807716663
0  30 482248956
44  39 1708376929
5  0 1811102649
43  21 1787046883
27  4 1983094004
8  5 101537497
28  47 1187684200
29  46 1486582856
46  9 1575425847
3  14 1340754261
41  49 623599063
5  20 1042957156
44  20 2071137013
37  32 1269938139
46  17 707363367
48  36 1347778117
30  2 114080038
22  23 1629753953
2  44 238168717
42  25 1045254133
16  44 749556299
15  22 1677351867
48  42 1416935584
36  6 405690044
40  13 2069784422
32  9 633025591
7  23 958001068
37  41 1116859455
41  2 1128425116
46  49 589462885
24  42 194519218
9  18 176042600
8  15 485680947
45  29 883707900
15  1 1764295939
7  47 2044924940
44  31 1979032545
34  4 1212544379
41  46 421429131
19  49 1241035052
38  43 663819596
28  40 637287438
0  6 448835751
23  1 1187201511
32  46 1011373949
25  44 1101662106
25  14 810194980
8  29 1431148007
39  1 1556206510
43  28 1381014345
25  24 1416692350
1  25 1979169208
28  45 966466823
37  47 554726846
6  8 1969402122
49  16 1206579493
39  37 1631535646
11  12 624593398
39  10 1889686351
12  33 1230153657
33  49 1652001999
34  1 1452034233
3  49 1966732012
13  16 107100063
5  41 84822667
23  48 1023597137
7  2 925840628
49  6 1127325146
2  46 863050714
19  48 1412245407
23  7 2950072
3  25 1490254361
10  33 811410211
38  41 1114978258
37  43 1908595862
13  49 212040957
35  28 1092050289
14  20 1819950609
44  38 714573322
9  38 1639760776
19  1 1024180847
34  14 1453884813
21  7 1900242437
6  48 1126304171
34  28 652022853
2  31 941309790
8  19 1225531843
44  47 1937270864
3  33 644004193
27  2 1314135444
5  22 6863010
3  16 48611375
37  27 672208088
47  2 677668161
43  9 1497170077
37  31 1760029629
29  9 1062740605
6  21 267055558
14  37 1231394197
9  25 1964836622
37  47 534675016
20  32 885275221
47  11 613759688
47  18 1444327176
9  49 1248281397
40  22 1898921575
41  23 1583757494
9  34 745576806
35  39 744346508
20  44 1383708522
24  10 394878110
41  17 2110854292
49  22 107030738
5  23 1047995610
26  4 1128885758
20  43 1014265257
29  7 793645593
32  5 347374710
22  16 818375231
11  33 1639755385
8  37 1432362339
43  0 889539896
46  9 1618642875
1  40 1433250187
36  8 1809535768
28  2 474791952
7  45 579421179
45  20 1322153847
20  48 411697791
0  8 260413636
1  19 1325632680
41  27 390024304
12  3 64749669
29  27 621424697
37  26 1345900068
17  38 1406647538
24  23 737674649
26  28 139589883
34  42 219697337
45  22 1217409274
26  21 470506504
14  42 1566671876
35  16 34448252
29  12 1473149031
33  11 467608619
4  10 934927241
40  21 830535630
13  15 1215115514
41  22 363476645
0  4 233657898
4  41 1883223346
18  46 46601235
0  42 1505478663
5  45 2087221051
36  17 1271908751
16  15 1995727146
38  13 919623884
32  4 1045447930
27  31 2030449743
6  43 1132688553
28  34 1652624780
28  18 1928471223
31  5 62754070
0  5 1775359352
25  21 2080822277
2  32 1023641952
5  39 158774639
47  35 753251353
18  7 619380481
5  33 590858584
11  2 1548534054
34  49 2071826047
10  28 289162331
20  38 1583302811
33  9 319415155
32  24 1074225335
17  6 1084138661
37  35 670799723
41  3 2022140167
13  18 924221516
16  5 1991379560
46  47 567354750
38  6 651767113
10  19 1080308967
22  34 1006488584
11  35 1406710944
48  34 1244949163
11  15 2040986570
6  11 903228086
20  47 1946133400
45  47 1592188156
30  7 654226889
23  3 1699284388
48  17 293825564
40  6 472803360
26  23 1798096333
23  17 2050941140
17  42 65095604
25  19 572936993
13  30 553101748
44  29 1928316082
14  17 235431477
2  8 1311698414
26  10 1457618925
19  43 1101666232
36  31 756914247
5  16 792001924
32  10 1916424207
14  47 902713126
10  1 1369625238
16  36 466460449
24  3 911002609
30  0 705968721
20  13 1794647156
36  13 1302443978
2  40 976580605
25  1 252218278
41  48 318009187
7  15 742613587
14  46 284084075
30  0 2056725045
4  46 178886186
2  0 1560164706
24  30 328610290
6  30 688970853
39  27 993881495
8  28 1782309558
0  8 378427699
22  8 1468126781
29  24 2144284246
38  21 1909008713
16  21 1874872503
2  15 856881667
33  0 1037793040
26  18 34344297
32  28 1371834597
23  20 69954605
2  28 583978172
24  10 1513759436
36  33 144823179
41  25 1990179341
44  26 949136345
42  14 2133757710
18  44 293204653
27  33 1824736208
0  36 82752141
14  25 560539315
2  30 745311558
3  14 423971238
15  40 950330374
23  37 63234386
48  3 2034254049
35  48 1408908438
16  27 700881841
3  19 364620471
19  1 578533430
38  17 471530157
6  4 540613379
29  39 1664600700
25  20 1655589916
24  6 612651606
4  39 1984449403
19  3 1552351876
44  48 1761498706
4  10 2118508689
16  47 982451658
0  26 1957159522
23  30 1533596964
37  1 1351412320
8  42 146750713
38  25 1043192132
31  15 1831565907
20  45 1276026196
33  9 710248256
11  35 1047520608
13  17 572469116
32  3 420129971
34  43 1577432082
13  0 393477623
5  31 1240526553
46  5 730449187
17  6 580486809
25  22 1122293430
30  18 1208272549
6  25 2127178224
46  17 2066092206
21  41 2001925678
46  37 6418590
37  47 1917920158
30  28 1375664853
21  35 384625473
46  21 707244811
12  5 110453826
23  16 350477624
27  35 1041363284
39  33 774254046
28  6 402881392
26  1 1035980907
5  19 1016574849
44  29 1029612546
12  39 1874698236
38  37 307961073
21  27 1642807506
3  24 129705697
48  38 1664454220
10  20 233903725
36  26 1785609786
15  37 791677519
18  6 121825544
37  2 1018548610
10  14 1152290057
10  23 1451160037
29  16 790910580
33  45 1572790196
35  1 1270009423
26  13 1921621979
20  1 232379515
1  35 1078149801
49  2 401775315
28  43 667649348
33  36 447597356
46  21 1293650545
42  2 1113526769
45  8 99250714
14  46 1314167071
13  44 270946387
43  25 376509740
8  28 1820928057
27  0 1932217242
27  21 1691632668
23  33 826660
22  18 104278500
42  30 1539232954
4  9 626197756
11  8 157979019
10  45 2031663019
33  39 1983561716
22  28 683056905
10  3 507946995
1  36 114458713
4  43 739303064
22  24 405052577
9  34 1611935109
23  46 2139803814
19  3 1262157521
24  38 1427377980
36  46 1749390368
10  30 1846907319
6  21 495389075
11  23 1599921311
18  17 1058822770
5  38 1551893526
31  36 143487565
45  20 412291227
39  44 1527022662
37  0 1687786307
1  14 637105281
28  1 684372331
44  38 1621757350
49  17 1921084938
43  0 1581536332
17  28 1544025908
14  33 368000508
4  42 1544886740
47  44 2012885933
21  43 1611485579
0  14 2087491498
28  5 141722565
19  27 1140571123
1  48 327690101
23  13 711136662
1  32 132699745
42  27 2064525311
36  48 1908955554
44  37 1253820409
34  37 1968019613
7  16 1746478554
3  29 1977698598
20  29 541025931
31  42 1012249718
37  39 363395801
26  25 1835152728
14  26 644278909
2  22 659966252
35  13 1105227453
19  38 561620805
26  30 1140711670
23  19 1248444582
26  25 1991078558
17  0 398671862
37  0 2001820365
46  20 330062946
46  4 1694591800
39  42 1281801455
27  9 846961936
44  12 1753000717
36  46 428751742
23  19 1785322089
37  33 368713766
46  19 1571358826
5  17 1907881095
35  23 814680719
40  26 285105063
3  47 739271393
8  43 864471666
36  10 1594859865
47  15 1129776363
2  1 263567885
27  4 241307130
7  33 763551024
9  49 727614956
13  33 2103577370
47  30 1476644584
15  44 1277898052
23  40 303707166
14  8 261917284
13  42 1044591747
10  20 20428313
33  30 1797369157
11  6 1740013993
39  38 341441662
4  7 1678600737
5  45 1662510918
49  3 1867825575
42  39 930579540
36  15 332889473
44  40 1465406817
4  44 1529014871
5  47 202515266
14  45 1046286337
27  12 569170341
40  5 771399456
4  6 1561700446
28  48 995892985
21  10 1084235811
28  16 1344045011
31  43 724872104
8  3 1417870240
11  43 397443919
12  15 554812842
31  11 1712193841
26  44 881350244
43  33 695095776
24  32 1286140797
3  31 1824044438
34  33 1386949517
38  17 1663809574
11  19 529164441
29  21 78749614
0  17 34697399
17  6 140815018
46  47 1697059199
46  21 921002542
28  10 1413698932
37  42 1222010312
40  12 1813878480
18  29 25662154
1  33 2132208878
0  7 345324063
48  49 109739984
39  27 1651783920
15  44 705825436
30  35 623746683
28  8 647335535
42  28 121888180
47  48 315145587
27  34 1554143323
44  47 706317002
30  26 2144667071
8  10 808529912
10  11 177876193
49  33 808123713
28  33 1995471199
1  22 1803949909
45  25 316789385
33  42 1605834127
1  47 175861784
46  43 888436206
11  26 519542287
44  2 1155998356
1  37 431999422
25  0 1741656093
34  13 1320049530
17  48 1142830981
47  2 329574782
3  22 866672144
5  9 314960568
35  47 2006253159
23  18 221660704
8  6 869590735
18  8 92146856
10  13 1667571153
24  6 1414517301
33  8 2068915113
38  15 1438946312
46  18 432623593
31  25 1598185850
5  31 955394680
7  32 837676594
13  39 817460680
36  48 1453144073
35  22 360781732
3  29 34074538
8  43 956101168
13  42 1638460388
38  35 694644152
11  48 1270933300
32  34 354854298
47  41 1842112619
46  0 284301815
45  43 247444102
24  1 1700512348
11  12 1059886870
27  12 962111220
30  1 1494155588
17  39 166218272
39  5 574425482
47  26 1676805277
10  41 843188178
7  25 1661369290
47  5 1282584680
31  15 1005659980
32  10 1019280771
8  12 1362932777
8  33 1014477186
2  38 1078096029
2  26 1361508087
35  11 1359714559
8  0 309432421
23  12 2143286260
23  2 1300762267
10  28 1908987944
16  39 77013869
36  43 260759131
20  15 704015769
28  37 1331868315
11  14 599007457
33  7 2117900526
1  39 344985363
11  46 1400662327
33  42 266942934
15  35 1996420570
35  10 862268491
28  46 1854122776
40  4 1134967882
24  36 1282024114
4  47 312850039
3  25 1664057601
1  49 265449328
32  29 2130172315
18  15 107268071
22  29 61958111
34  21 708088459
10  17 181634292
2  18 810468188
49  26 1178100230
23  27 704403736
46  15 144137799
42  26 1899352948
18  31 1861999176
31  11 781348922
36  44 2137273019
11  6 61725245
8  5 1640946020
17  47 1466545572
35  37 328666612
11  3 2114007118
17  29 1215217507
18  19 806739904
37  11 1350455113
46  9 46490885
37  45 1287014052
8  6 475662371
16  20 165299594
34  21 275960809
13  43 2077909919
8  38 1353864181
8  41 768229404
1  6 995711103
10  5 2129593574
14  28 989498441
5  23 1085473828
12  35 1650818822
10  11 1232326121
48  2 699093327
26  23 965150883
44  18 286707138
7  2 631879253
20  32 602231972
29  31 1163266509
47  41 1828585226
13  39 1273351065
32  33 2009938950
13  45 580144985
26  46 1369450017
30  23 1793154403
2  21 2115982076
6  3 2067135146
24  36 1500707409
19  4 2094103454
18  10 1215825834
11  1 1765378230
18  39 638033983
36  35 1405933049
32  30 1700482600
9  49 1504101907
31  39 79233959
44  27 81259528
44  20 1067639023
18  6 538163502
6  1 2012050648
43  35 153367653
25  44 264729278
36  1 1014271875
7  39 1772809874
1  48 202112900
39  34 503727673
5  48 916102426
27  31 1665655016
40  31 1009272398
38  14 198710978
27  17 900956518
25  14 1589071460
4  23 720583285
16  37 101327984
28  3 1409759344
30  8 1813993305
12  26 861949305
21  48 627880967
2  3 1081455298
24  18 789905564
15  45 409400431
49  30 609953873
1  7 637304669
8  16 948284590
27  32 1853719733
41  4 1370840040
40  11 217725179
7  18 950711443
48  34 1631428390
10  19 310736363
27  14 286368176
46  41 637034210
48  45 489068317
10  25 738068595
5  18 1626319155
21  41 1282222414
17  3 1538227019
19  25 346156063
28  38 705026685
25  46 458897430
37  34 441771346
16  46 795663667
7  4 1375652338
36  45 1442212389
5  45 439674784
43  27 1087406061
24  34 1943435697
9  47 1278778975
10  38 2037186532
28  46 667892669
12  47 1823412417
39  28 1354736725
35  4 1755436146
26  12 215705940
36  14 1162965446
29  41 1068871229
24  38 1892885287
13  49 441996033
25  7 957640547
14  49 283156180
37  42 522135186
28  35 1105376265
15  11 1831645693
30  14 1831524550
19  6 2086169917
15  34 289890732
45  37 775677557
17  47 102395035
19  36 1838411194
10  38 1647139023
43  45 668265240
39  19 132816250
45  48 262797361
9  14 9239309
1  45 640308217
4  3 206441675
23  17 14851794
48  19 1808303580
16  32 1655968865
41  11 299715062
3  38 2093323607
19  40 875580209
4  21 1053387314
45  18 146119524
38  31 737782017
22  8 1994438904
7  24 1210599170
12  46 1925462350
25  38 1998049947
0  42 1507692365
49  12 1149257016
44  30 1001658509
49  33 1424882341
29  21 1999180361
10  42 1008736580
30  15 2132416936
25  15 500116810
43  46 358467168
23  17 906060726
38  47 278501121
32  45 214446859
17  47 1064619131
1  11 467400183
31  10 1415060192
22  43 686666530
12  26 1105377062
6  9 1380167270
16  3 2004367897
13  43 1440923282
38  0 1545230073
23  48 1208006668
46  13 415598876
32  4 1239785020
49  13 2015141631
1  7 1099303517
12  32 1014809418
16  0 591580991
5  42 1142795086
20  2 1162669790
15  46 315649484
25  5 858907627
10  46 1345450899
15  10 77375668
33  34 2016512307
31  47 739138850
28  20 973042003
40  46 1682669303
8  41 584312728
48  34 1736816796
3  1 1238328098
19  3 1350135981
9  21 979942541
35  14 1781046827
30  44 2142447009
37  3 422899626
32  36 1873375904
8  28 241978711
29  6 1054731806
21  34 1700370466
46  13 95630987
22  14 1669976057
24  45 707115966
48  0 43737364
33  13 1526780399
37  48 1336111066
23  2 1451580461
26  44 1154827709
13  4 1090247120
18  36 1572623424
29  5 229984255
25  34 1928370050
11  23 346418775
10  47 1534265652
37  28 1722422452
12  39 1064213596
25  18 1876713311
48  20 131568632
17  49 601320999
30  23 2036883477
32  46 999428712
47  19 656786605
46  33 615740668
23  37 1955674894
16  45 1988155486
30  43 529515267
37  32 1983866827
41  21 302085048
35  43 1235033153
43  9 1679190613
20  46 831747279
24  17 1860253257
9  15 415073793
31  34 516305123
43  28 1611925882
39  12 2103476402
16  42 1458688401
45  6 126108242
46  26 1812338592
25  29 1899161464
13  0 366182947
16  28 433635575
17  36 1368297487
38  32 1467747970
4  16 684318327
47  21 2096813824
41  9 1239819976
9  49 835648557
24  13 1974808423
24  26 395981310
30  19 665649695
46  11 340214837
37  41 504858226
47  20 29091254
35  19 1753219735
10  30 560795540
40  5 921586378
8  38 1474340170
12  19 1475924810
7  27 1490056403
41  38 114718314
9  23 145766310
1  37 2004250866
20  34 1046180323
1  18 1165690515
10  32 1619554433
31  17 429645316
37  16 903120183
4  38 1558617560
26  37 586204545
35  31 876970342
38  24 275489855
17  29 1885519590
1  40 1113501470
47  41 889360738
21  7 523612660
3  25 112620759
31  27 1990430793
40  46 948114127
40  15 1315990623
15  45 1462965666
33  41 1577142529
22  21 768607345
31  20 681398881
40  49 344845325
10  16 712682465
17  25 36011356
28  35 1378205165
16  48 904592845
23  25 1615536902
46  24 1162134805
27  34 598295993
46  8 1514488931
22  17 2020250694
27  17 2142944184
31  37 1088526334
12  30 1629709679
9  15 2014495762
46  21 862031793
37  35 1569902768
12  6 785915540
36  0 134963298
19  10 1521769717
18  22 1797545786
14  43 1046125762
6  14 16181550
29  40 1865596718
13  1 986942896
28  43 796912985
3  10 97216117
35  39 919612920
16  32 2009387193
25  31 1368154588
12  41 1721169162
27  9 422425956
24  7 1521409935
19  33 785240284
29  31 978657363
41  24 1081057404
