1250 50 49 24
38  13 1472775923
34  15 1461687956
18  40 726554398
1  15 1203020315
1  13 1629367030
0  20 1069887110
41  21 2051375468
19  28 1395898997
48  30 1051600341
20  40 260506238
20  21 1559379541
31  45 1770209807
36  23 1088237346
30  32 319696766
24  29 434049998
40  6 668021840
47  20 542812911
45  26 88154657
41  38 1445721244
39  35 702756741
7  46 47791955
8  0 347057592
33  37 1809585097
2  28 121177802
30  35 1388361250
6  21 778381357
18  26 2019812424
32  1 762282525
28  4 928297410
17  23 1135558375
49  27 1264583900
35  32 1374500404
24  23 2100032928
2  38 1558020632
36  32 1120557893
37  7 771381588
8  36 1633356632
1  11 878751561
8  2 845310719
7  49 1838272806
29  27 1104887551
33  34 1990325849
16  42 217689178
28  29 1952000620
31  25 2115584875
12  37 866342478
1  36 1108631825
44  34 208784826
11  39 2130576263
49  29 1442448441
39  1 306157032
21  2 1615683924
8  44 392900238
34  6 230513916
3  18 187794140
16  40 1949968995
11  40 1945154857
2  19 1067374805
13  40 1849183368
48  38 1159034410
23  38 351200285
45  49 1965108651
42  16 1583886468
38  9 231835056
27  10 1674220451
6  9 806850345
13  7 127517470
24  9 1337987129
10  36 1358400126
32  31 1042688414
38  45 1451347849
13  17 1614840160
47  18 702018023
21  33 1298016082
7  38 299387986
3  45 1391889099
31  40 92558387
41  47 1479369093
40  18 1648692215
4  0 481863160
39  37 793581216
27  47 452648070
24  49 1950975122
12  11 1604704445
23  6 440923158
23  5 1818575011
6  5 1529686652
17  35 883639341
18  46 1648816978
47  22 455903611
0  39 1043033584
5  21 1472009567
47  20 450705561
0  9 1600176450
33  20 175261661
34  35 1568719587
9  12 1048249782
38  29 1355377291
11  34 1101653283
24  33 1723171662
44  40 1988795625
13  47 1616004411
5  17 66647886
41  47 659655093
34  6 11915573
33  40 720258217
31  33 750608335
24  27 1155048535
9  48 465179134
34  12 1557586558
10  4 1185540243
47  4 1410511370
25  14 1758809929
39  36 1528749425
47  39 472101734
34  17 1566422864
32  25 1018272170
13  47 490245750
5  8 142017505
29  21 2062462847
31  16 307130699
26  39 357885834
28  22 818756081
43  35 966290470
2  6 2109414095
6  46 781472052
47  28 401670125
9  24 744030304
32  18 1854792690
48  15 80439479
7  29 1498087834
17  21 1128928329
7  3 830308297
33  42 91628893
29  37 2023639739
45  27 945721424
18  38 1651101784
2  13 1179351838
23  46 902332104
3  29 506397625
14  37 1282469941
33  11 2019025119
43  47 292326001
25  29 1289766701
11  0 1141695735
9  6 2130731695
34  15 625962367
27  20 1804822902
8  40 875759419
20  42 94074609
23  11 989200888
1  28 2085028479
9  14 505601825
48  28 3548512
36  39 694220781
37  4 681354377
18  13 687547893
31  28 1745175960
30  12 44121572
48  39 1454098747
8  1 985028727
35  17 383232503
40  12 685949056
4  7 1881245553
15  13 84151801
47  7 395183960
27  49 490945084
35  23 1340605
23  43 1262155115
34  1 1502928224
7  2 1074948691
27  0 78619138
32  7 926498902
20  3 779393171
5  12 1608270924
2  31 1302171372
34  47 1203933125
13  9 1915452087
13  17 1877324608
43  30 1086001191
30  28 1323868228
43  26 108951382
12  18 1538890818
29  9 222975908
20  29 1799718172
23  9 813348067
34  41 1496534271
45  34 321681363
21  18 1633337699
34  41 2016686644
27  48 153486960
25  41 1839901065
23  18 1636654378
31  2 594532240
11  49 496194057
5  47 151405195
11  4 1367677085
8  36 1525383814
40  49 1176541207
43  33 620983469
32  38 980648972
2  6 1148065390
29  17 394480625
21  26 152334968
41  10 1054385564
27  49 265498061
22  28 586059076
42  27 1435483473
28  16 728051961
14  23 2092210602
25  11 2108420879
46  19 1440672844
2  38 1766466525
35  38 701053799
45  46 445288213
43  9 557877912
49  23 1932551141
6  12 1688069690
47  37 252701897
37  47 1268863653
3  7 2042536597
48  8 1727979098
40  28 1224049099
27  44 1333482692
6  42 487155255
5  31 1960524322
29  14 846549160
49  34 1771178213
20  14 1729038100
15  31 34589708
0  45 793807076
19  6 152718293
48  25 2002965104
20  32 2056874439
31  16 1123600097
23  18 800167560
4  32 452768342
14  16 1565368138
14  20 1861636381
42  10 997387147
7  1 263439473
42  41 659505586
41  45 1294489953
17  27 1220293813
37  15 1020784375
19  25 1676948381
0  8 497983964
39  45 613226631
37  44 360623549
18  5 299627379
41  18 1412643873
30  37 506688398
44  24 1027137562
0  15 2056965490
11  17 452170288
33  43 849232734
3  44 767894459
6  27 1758355250
21  15 1047765421
42  18 1922538889
29  41 448831091
36  1 990555683
13  19 1052988978
16  49 995955541
0  14 816227618
5  4 1908075972
36  46 391285246
7  49 966552278
30  18 1697184341
11  41 843167643
38  35 261346138
14  11 184454886
39  48 1563553283
12  41 8575306
24  4 482272177
24  16 126328352
7  39 461191031
37  24 1664274016
17  41 413859539
35  32 1028849497
13  4 831872088
16  48 594908053
17  22 1877482239
33  8 330634688
10  15 1571208998
39  45 683105861
1  49 972317978
42  48 1022374170
41  1 966458233
42  4 423392343
47  36 59233619
15  37 1486100293
18  21 1234022576
8  3 1650251760
19  4 892534363
12  4 1159505550
0  5 1520192635
35  31 2028351503
40  9 1370626320
47  48 1664375407
2  45 348476852
9  10 1803370332
4  33 132619050
30  38 1500721812
43  5 1583329717
26  15 924411654
1  45 410569545
3  49 2066663098
47  44 1176073213
43  22 1378541194
22  27 2021921410
45  28 2031095283
33  23 1001826760
22  27 673960450
26  30 635818609
31  25 1979740816
42  37 319404657
8  15 1380748940
44  34 1727658571
15  49 777697133
31  48 1875941624
31  26 24243332
2  34 1910301515
21  39 2108594290
14  3 81648914
1  47 1677098282
1  42 723714430
9  8 1741885201
28  45 733459725
26  19 1490019873
3  35 1547817504
43  24 280637583
20  0 936503366
8  12 1371175720
9  5 1612845576
2  10 895052130
23  13 87188849
9  19 909289029
18  12 49883292
45  20 669934849
22  29 2111565682
25  40 1773763784
26  16 393748142
27  1 1653388788
37  10 596263656
4  17 1445126423
7  27 983644033
9  26 1658644153
47  39 164164347
24  3 857438661
17  34 2108760580
11  18 1581545806
25  2 987335393
45  11 1318961461
26  11 1642687622
6  1 1498514961
36  9 989634118
2  25 651747693
41  11 198817184
13  26 753093830
5  40 705332931
3  25 691400770
41  2 1612721108
15  43 1214903885
48  39 1551940468
16  26 373147465
3  8 125317688
42  39 639879323
28  4 405016626
35  19 541574611
20  4 194593387
43  20 1843840169
45  16 996707415
49  4 838093308
28  25 1492213535
21  46 1528926719
44  6 860488425
27  45 1099390306
17  40 785102431
0  37 1113576273
29  4 1677457622
29  12 1754768809
30  40 1740830448
1  32 1499938475
23  34 1848458405
5  46 1938586912
25  27 1900729297
6  8 414739095
12  8 876559423
42  32 448101582
15  41 606749758
7  29 878130705
26  35 698637352
1  11 752192853
36  5 1545389595
38  2 1371251154
29  0 1377117781
22  11 286014312
11  6 1265653602
39  33 1373489054
12  3 233805833
4  25 1645684150
33  29 1044309117
23  28 971712856
3  34 1003176382
0  30 629714629
47  46 762593861
40  46 1489549660
45  20 208641431
1  22 1986239488
11  14 1014840963
13  28 478520523
21  31 65326409
21  22 2081914378
17  49 1565713509
13  9 1719431437
13  31 1632252949
34  47 1031391021
13  28 1199223867
7  49 1233487360
35  1 1644580624
30  38 1978713734
35  33 1967330878
24  15 399344822
11  48 1709108664
32  21 1627838904
49  14 1882620298
13  46 781715131
30  15 770187162
12  45 1878655545
47  27 275305702
24  41 780512096
14  29 945798788
19  10 1064537192
46  23 1893193572
32  15 1791142635
38  1 1752818864
48  36 1223248602
22  0 687692649
7  9 281057131
19  5 1076309058
33  35 691929935
15  24 2006688711
25  40 1408527934
4  37 45569606
28  37 3015318
4  43 1547259588
33  11 195258349
5  19 58342814
10  48 860565061
27  6 1339975265
8  40 1780193213
31  41 785589896
25  36 8205040
6  31 675995878
8  6 853901214
39  34 2013411553
2  45 1917817920
40  45 336437171
15  6 1257660620
20  24 1942948369
5  31 2146670083
9  18 1139782553
12  40 1130653909
41  24 177080097
14  21 983321007
0  28 1311835630
21  12 553161948
20  32 153344559
45  39 1339965809
25  29 965383840
29  41 962787117
16  37 85589536
46  40 1037542105
5  14 1873746475
24  44 238466333
35  14 129723444
37  10 105435654
36  34 921818089
45  20 1445520208
2  47 327064807
22  46 608068252
5  23 991904401
5  45 248586934
21  39 2131923395
21  1 1873023421
21  39 1091946278
37  12 1838978916
31  44 1250373922
18  12 1959799897
36  26 1008460986
25  23 964612919
34  24 864489747
1  9 550404220
38  40 1054404089
8  44 415726201
25  13 1034355810
36  41 1987456160
43  38 1049570198
19  2 1520073611
0  10 357193760
22  40 444931552
18  25 1583357993
32  34 1405835803
30  31 1789162482
49  42 256537353
36  17 1127482129
3  46 951188720
26  8 1885401136
22  17 159324286
8  39 629749049
5  22 1174176634
15  42 117388527
6  0 620127903
45  13 1437153491
44  19 365799160
7  2 1588164069
32  43 617472643
26  34 294017724
21  16 876465116
10  3 579007839
7  18 2125730233
45  47 2050702228
46  3 310277937
1  2 649089260
47  46 1053523001
6  40 1655779205
45  0 903529619
32  10 1745699271
42  46 1826799613
20  5 923326881
35  47 1826295019
35  34 1654574940
13  20 134533239
2  30 352176429
40  22 1983829893
22  25 1325884969
22  21 1375947386
34  20 857760201
15  43 2102419959
38  25 718821690
49  35 795241819
8  2 949632956
29  45 666654841
37  47 766949902
42  26 1825658395
3  14 2067553985
23  31 361125617
24  22 483633812
39  24 594018992
10  13 1910417850
5  36 1120101803
5  31 1087369868
4  30 1860505202
13  12 810982470
40  39 428225901
8  40 1911801132
23  18 1399738319
37  32 1453386031
33  18 165088310
0  6 1146777857
8  2 1960053229
1  26 1414745681
15  18 1706065705
8  21 975442244
18  48 968111662
14  41 938814861
17  41 1659753773
25  35 809314377
48  35 825434801
32  27 163626637
35  34 311486189
45  25 363670898
1  33 1546535714
42  19 308196039
33  14 1231201286
18  2 261295447
21  23 1118357560
14  5 1166160295
34  24 1781908038
9  14 238107290
49  39 1370426578
25  37 295640153
49  5 70623326
31  29 1214473404
29  2 1369462900
39  45 881728641
1  10 2079687662
46  11 1060911414
31  20 201135358
0  6 394322920
4  39 963782362
32  9 828022705
21  20 1496391794
14  43 1876956901
39  3 1365120619
3  5 1888886235
15  21 1311353823
15  16 186351789
41  14 1232794837
16  22 1825225236
49  36 543635869
9  13 1282263404
17  0 1412379265
15  7 1882454037
28  32 1632384238
40  23 105160103
7  21 1105202016
44  1 1749135408
30  29 1979395077
1  30 2040083907
22  43 1722321136
34  23 1149092677
14  31 266696252
38  9 590571855
40  16 1396110818
20  45 368480458
41  23 1619459001
46  13 887871615
43  23 1558533956
39  9 796840877
43  25 376393615
19  9 1454382012
26  31 2120131736
49  29 1190445596
2  49 1052423547
3  40 1307681713
37  31 740617725
15  46 678189655
45  29 895580086
23  13 389000207
10  9 642804621
44  45 1685063591
27  20 1640157971
23  6 839629269
46  7 1616785139
22  27 894654978
41  37 1112169991
43  29 304618457
31  13 1691307585
18  30 1341077252
1  34 1784252972
23  35 234894191
0  14 1196388455
18  6 1067696273
31  33 1626936868
15  26 1451593884
26  10 2110738022
4  6 598849570
39  22 1011328011
39  35 1641308199
14  31 1042771914
12  28 1814376214
28  17 1406209499
45  42 1484653617
28  43 637671178
33  14 1967252524
12  34 2020561791
4  21 1177053130
48  34 1667162086
35  33 1394494168
13  45 2090829644
37  32 1819222408
15  8 1207820682
44  9 1963910966
26  14 1666276010
49  22 1064774228
48  37 2071873394
9  40 695636459
46  26 638657570
44  34 1219857796
4  24 422353223
24  7 1781668441
3  13 2109039592
19  12 307627364
8  15 1474365170
30  43 2040500106
29  35 2087968281
29  42 1805896761
17  27 123804677
39  46 205245650
26  15 946634690
43  25 1596340882
34  33 2090699296
23  42 1560814830
5  8 1574199507
19  24 1863341557
20  47 1621751793
48  46 1344352031
32  44 751809949
24  29 1075101182
21  42 1051872993
12  7 1453523823
22  12 1812879570
17  27 1703327664
43  13 1215304168
42  18 2041890864
45  40 1104984950
48  24 449070047
2  12 1052543699
44  48 942292964
39  46 534783986
18  16 2136220005
31  9 1203025137
1  31 947280751
14  36 85349209
12  5 606508909
16  4 1490363213
21  19 1861272794
19  2 1161341215
27  29 1602036297
3  13 1745363343
32  17 588883649
7  48 1480741299
44  26 885806530
34  30 569551991
36  11 1941462042
18  13 1104324568
28  48 756535226
22  45 531966351
32  29 864468624
0  39 1632907522
30  45 108459851
44  10 1974411789
44  27 1437925235
31  3 1458140804
2  5 2128392888
32  6 1951414636
41  17 740936337
16  15 1127003417
17  47 1054596020
31  35 402049530
37  4 1805467687
7  21 794154862
42  32 128571464
30  48 1337685187
13  45 167436569
11  28 158031433
27  34 2099574362
36  39 2022523441
17  18 151199800
29  14 2073533749
23  36 959107394
47  38 104606520
22  6 357996461
44  8 453589961
11  31 985184139
45  20 877176927
29  8 677151396
44  45 1848929328
35  5 11924369
35  29 1073734121
49  27 29790983
42  0 522603799
37  31 2029535632
37  24 782744131
42  48 500445894
21  29 242911635
21  3 909848758
28  35 627784886
14  47 1043516150
19  23 124488146
33  20 926435233
17  18 1080346186
24  25 1791194884
11  43 65639808
45  43 273586801
43  33 201499472
7  9 1160967882
20  22 1959415191
28  36 893477620
33  7 717800070
46  45 1509708739
16  48 80892268
32  38 983073521
14  37 1139116320
47  26 1727578095
45  20 872056970
34  15 416329483
48  18 1945506751
28  45 2106270318
20  36 2028213780
31  26 144376793
45  20 934563639
14  12 369472244
16  20 722808336
28  44 444900020
38  40 1340781217
27  43 1067365407
32  30 88820367
5  13 528272162
30  16 849943089
36  0 2000704283
23  7 118478591
46  2 1528710447
9  48 129378448
13  10 1731008529
31  17 62940948
26  36 1988163139
16  44 1511311823
46  49 571274815
4  16 726431493
15  27 1298790483
41  31 1205243622
11  43 1195982584
29  43 1290266178
45  38 1063147449
25  3 1717905022
42  11 2046977793
29  34 713704235
27  6 1337392512
17  44 873815204
33  5 790333692
9  4 1291079955
26  16 842321891
39  25 1196943448
14  2 1020308522
49  0 940851334
26  31 816912197
36  25 372158633
34  24 880589901
43  34 936421274
31  42 1126407613
31  48 274679202
4  30 1132561950
3  46 1039172046
45  18 426265141
3  5 1649004941
21  20 1536282459
42  36 1052292287
18  0 990011827
48  42 822003757
4  19 671284214
1  29 983305032
4  22 1330587436
18  2 882450839
43  8 1069591177
0  6 1861082670
10  20 1970807672
29  24 1060862999
35  29 432844301
35  1 1175259732
43  49 2086586702
21  36 1772018092
29  47 315172961
41  11 1283593287
49  9 792834976
47  5 73590943
23  2 817004079
34  33 1076387842
42  46 888337600
48  41 1350865347
22  20 1162814449
38  46 1260453585
6  17 83468545
41  45 1899800776
45  4 1260812400
40  44 1787343402
46  42 174381636
30  21 939737149
43  35 718900148
44  6 2047096008
36  44 669925856
18  34 1374480819
38  31 532089559
26  24 1048983054
38  32 1751632514
45  35 1310324263
36  0 2090878299
36  13 461986055
35  25 765258978
13  16 910791951
16  14 1736583425
0  36 852859591
24  27 481601815
38  24 1547618256
1  6 1914271572
14  37 1918804625
11  40 637354395
4  48 1387175435
43  8 1369737732
2  20 2027078572
5  3 1093101408
28  13 2108023893
48  26 609877515
41  0 187549994
8  7 1244101837
0  15 2004503182
13  40 399960610
10  2 1307593796
14  48 1603542866
32  12 1553140212
39  16 984937745
2  8 1809678490
38  16 641765246
22  4 163974538
12  24 1573573022
5  48 1756860647
45  9 376433108
49  34 1762110078
22  15 1386562389
23  9 2057095987
48  31 526503670
42  40 961162681
41  15 1997549139
46  23 1957921735
43  4 1123909999
0  23 497445559
20  34 2011324813
48  38 200178158
46  5 975995944
28  9 120131041
3  10 183065783
10  22 1699619025
17  12 1701007484
49  7 716400978
40  38 487487986
10  19 173536140
49  37 398133074
20  28 1672050625
1  42 337654856
12  21 927408815
29  9 1196653360
31  42 1755537708
36  12 1985474671
43  8 1665851233
41  36 1942290198
25  27 458810338
27  42 1559071193
39  27 1930380847
17  12 1064837137
25  42 2119558407
36  35 1745863160
19  34 1274405052
21  43 544988377
27  35 1798655061
33  21 915138954
47  18 294551159
24  6 1753796219
10  27 1806711634
16  48 2103959032
4  24 364671283
33  11 1208773894
33  34 360945402
45  24 946840273
19  26 83068157
32  1 290162226
22  43 1801758967
17  42 2115680152
17  28 1317586104
10  21 449766332
15  33 1683957979
6  4 1428817717
28  47 135545704
4  30 1682126028
29  2 216835489
34  10 2049793749
3  10 2114685832
34  14 91272780
15  0 1697211010
22  9 403661346
24  5 650636068
1  40 213331293
22  9 1388998412
33  14 318560924
17  0 1819369593
37  45 922028919
19  0 310051897
14  22 631611027
35  43 1106372896
9  11 532101742
2  4 2041131275
28  37 1073627041
31  29 667299410
36  46 1611646159
40  22 828330011
35  10 317690823
45  35 1517109629
29  40 1761433085
26  20 1380463736
10  23 1681721076
33  41 302568836
32  0 1160736364
32  34 708514335
9  49 587480494
21  45 1158247172
2  45 2046080281
49  23 1069559061
16  40 995681768
27  31 937534765
11  38 328048997
3  46 1162533303
10  43 1035474168
49  31 28809760
20  10 564248566
37  24 522729231
48  8 1704469024
0  14 2103719667
7  36 1967371710
36  7 429335440
34  20 10995312
49  38 1352800533
14  39 115836327
7  43 110336001
44  15 1454306102
26  29 1723037528
6  15 236152437
19  13 1525347357
3  40 258404662
5  32 1274196842
12  32 2118534687
40  22 261706573
28  0 599687088
43  41 1124568941
2  43 192736232
17  22 1569736869
44  38 315372839
45  18 216734667
6  46 1589646699
44  35 1981527207
42  13 7983685
45  12 794391970
25  37 36615245
17  16 1563560484
36  16 964356837
34  30 1176747118
11  30 368703468
32  10 941912044
6  47 34500624
45  44 2109550164
46  2 1887894300
41  13 152369849
27  32 416990842
36  42 1061207032
38  34 1089782618
9  42 2133533556
44  20 240297071
36  31 303245056
19  5 1442757660
18  12 897337458
7  23 1614073346
49  34 1931905383
29  12 276622679
45  34 1244372623
45  25 939463833
48  6 607712083
42  37 1002241745
46  1 2121019101
31  49 1700459833
41  25 490601527
30  7 513729288
18  0 1200613915
26  0 1405886116
47  41 682418226
30  46 315507407
37  48 893894235
23  43 1633313515
32  14 1293468672
46  23 1578274297
45  22 847678914
8  6 427979155
3  23 355797508
15  30 262728989
41  36 1507297964
38  43 1207087326
48  25 204215450
1  29 364122858
13  49 865155846
42  47 1565590723
44  25 1992631888
11  5 1781847949
47  9 1989098341
44  47 2091051761
19  13 1117475890
36  30 292889658
23  22 1434320507
27  15 567896925
23  41 742587207
22  29 1276969126
19  8 1303203553
19  49 565976588
19  28 628682639
48  35 1544853774
34  22 1034232148
27  36 1415649963
12  13 895297917
2  6 73303140
12  26 936612140
0  28 381130334
42  21 661936419
30  34 1897986955
19  0 765404602
17  35 1211060670
28  17 641873339
14  18 563927757
15  6 1795168268
46  33 114738565
47  29 1367825151
6  2 986574885
26  30 1516347222
47  37 1786770319
19  5 2028662314
10  23 863085595
28  18 791289321
42  35 138091889
27  5 1240664661
38  23 379276138
26  34 2146862996
26  20 485110386
19  29 978166275
18  38 406116282
28  32 1726230985
43  41 2088737471
30  48 1458908255
17  2 582484264
15  23 1309942298
12  0 1223993821
40  0 314580985
17  10 1912120999
23  13 1626370084
40  36 1374687244
37  14 2041170999
38  2 734448195
13  41 1052229124
8  20 404106346
31  17 292040454
1  8 1275861081
9  48 1429331000
42  40 1200979815
24  40 1471094408
30  12 2017559517
31  17 1333942556
41  25 44292647
21  36 1727972310
0  2 178291100
33  38 504042790
45  9 1494812224
19  24 1229949736
11  20 1978738151
1  6 1356537865
0  39 866009813
36  1 680094698
48  12 1929072336
42  9 108385307
39  0 1941588117
8  7 1995518366
26  44 1199932933
7  10 400884456
20  48 1261873862
23  16 1891122230
10  49 892557728
35  15 1614272161
33  22 846446429
16  15 401605923
32  20 237538225
30  37 31525955
36  16 2114289559
17  45 1595009071
24  38 296603600
39  28 122083212
29  36 795381036
49  23 673333590
14  24 922330320
33  13 1229784206
22  3 1006593090
23  10 1440563026
13  4 102586531
4  26 358065987
25  11 2109598551
5  29 1637885358
32  9 902573432
7  0 343961918
20  3 1675946516
47  19 834836950
15  42 1535701721
48  7 624958190
22  32 713647585
18  24 661310618
5  33 2009721254
1  8 1936490765
4  30 956866501
7  49 844963393
14  1 166337027
48  12 740014126
28  35 586113686
27  16 159855002
42  29 888140432
44  31 605824772
34  19 606858409
5  31 41222385
0  34 2014115290
37  9 1602615674
44  21 113979817
21  22 1919363635
41  44 1133569349
13  44 291939783
22  8 88389006
34  24 531275382
2  38 1405651343
49  8 133226516
17  32 418595517
20  3 1104242785
24  49 631773147
25  49 1841302452
11  41 1946578973
18  31 758533554
42  32 1863321626
33  25 1829064735
10  15 764035598
17  22 2131867673
24  8 1781274934
24  18 705963883
2  21 60874889
22  43 1375928442
32  27 617688714
37  12 1178446307
27  13 1244003324
49  46 566010208
37  19 448045760
35  10 686303561
46  10 1039403464
42  43 1736242285
22  33 732210821
46  8 1321404913
42  27 1724289541
18  5 821811716
12  14 1780086158
25  18 929386975
10  15 1903772414
38  21 1743873046
27  41 689935083
40  31 1025354207
3  41 87569197
36  28 2135108603
26  5 661025438
21  40 1921698382
19  7 1965220929
12  34 1844194626
19  48 2119509123
30  43 634768980
45  18 1909903820
1  32 223532629
9  15 31277328
12  35 252696966
38  31 490616555
17  33 1613419455
26  44 688589985
44  46 1191603361
43  12 709626157
43  38 183481429
