1250 50 5 21
0  48 1182536336
29  8 339858532
30  35 675335180
31  12 89810393
13  46 1069176700
15  18 612367495
47  22 1751178708
14  48 350431738
46  27 647979588
41  44 1149658501
28  49 566245538
41  4 470600880
31  7 289862169
42  31 1234325522
18  38 659354299
28  10 1611117138
27  12 785437836
19  39 1344895464
23  48 739858858
1  9 374540773
12  18 1956418128
15  39 1442880054
5  14 1994008959
5  45 1981741805
29  20 1027399338
31  23 966407435
10  8 948812297
15  22 1558542656
34  5 863301748
15  9 710873889
35  48 1894085073
11  1 590901418
30  36 1075572273
24  7 915307234
36  6 79959696
24  8 2136417338
7  17 1898351563
39  18 674995594
41  29 984931041
49  1 403565061
18  2 1433351438
38  12 801470304
29  37 100903204
36  29 505415436
1  42 482236724
16  45 1770953047
20  32 1049339458
5  11 1022798493
22  26 599264434
21  39 1113796419
13  15 1884447940
10  35 1994054070
16  14 553576061
34  4 363356741
44  46 774190868
12  39 1701377717
37  20 754552106
0  28 1539134625
36  8 919119462
29  21 263749592
7  15 597492181
5  15 629999898
3  42 1156396535
46  9 2065387948
8  0 599615367
7  1 177713606
11  22 202385165
9  37 714822511
32  43 130854362
13  11 1001066775
33  21 510945342
43  31 1839767000
47  41 2072022615
1  14 1509641974
44  36 1419013100
22  14 1206486707
23  15 283679460
5  9 855924528
28  40 1641340103
11  8 1309341362
9  41 1946451168
0  8 1016282819
1  31 1679854004
39  18 490776479
3  27 1918847186
13  26 644997756
22  14 38402136
41  33 1187752295
0  30 1128350884
1  4 1899871430
2  46 911690991
29  14 344078527
24  9 234111801
49  21 1123634370
19  27 1441570853
5  31 302035658
22  8 1241260286
37  18 1668864186
48  16 1307604975
23  47 623414570
14  47 466674653
12  30 987968246
0  31 2128192831
48  19 591285969
19  26 770591089
47  0 1473738237
11  40 807543514
44  16 1254665264
11  5 1994786060
47  20 2074571486
8  49 646652276
27  36 623057940
26  23 1919871688
33  3 1158598573
31  8 523853841
49  46 54024020
41  38 1128166879
42  1 378206723
1  9 1314458564
47  7 746257280
0  17 682191529
4  5 360296987
31  10 757356929
39  33 363185075
17  34 1446712130
10  28 489763131
41  30 1953030924
20  45 341195384
14  37 141477362
7  43 2104263353
17  43 2057725585
26  16 872691554
49  18 682196855
44  7 776170418
18  25 858605719
24  14 534041497
1  26 177283148
49  39 474230919
20  16 119321066
40  48 1755500199
15  42 2017419365
26  37 636435063
17  28 1719933454
42  10 1973376520
19  6 2111912259
12  19 126955954
37  4 123980705
13  29 1762156631
32  21 1750802028
3  49 194545926
44  29 851447041
25  41 271717554
5  46 450202077
2  13 829005076
30  8 1822169929
8  26 965720703
41  45 698834352
25  34 1460311288
44  13 1018730335
23  12 1232465135
31  29 394799326
26  47 567822985
8  22 298110257
2  13 291050937
10  5 137123549
46  33 1951676521
5  27 36182988
17  49 257761010
1  20 1767101752
10  33 1222225879
2  23 845572755
35  32 32825935
29  12 651769139
17  6 1521606241
26  22 953738420
16  36 2043843288
9  43 988326102
6  35 2108306955
7  49 1731347306
37  5 140109570
40  11 653751260
35  30 1275569939
2  20 869407107
38  48 1267204161
28  11 674670452
5  19 1155164654
31  35 1934365288
30  36 452245191
46  16 1978372200
33  34 855480398
26  46 532764495
45  8 1628251538
1  24 1621467746
47  29 1253268537
12  11 1637975703
15  37 1937386992
26  6 989175423
20  1 1185148347
21  39 870876473
3  31 1119764201
14  24 1520996616
14  49 124066181
11  47 315393782
41  48 1103741160
16  44 1061366513
27  33 151399628
14  19 281673695
29  2 1199370370
18  24 249367806
47  3 1718874677
32  4 497627869
29  5 978203602
45  38 1000413957
21  29 257897773
10  45 1634595420
40  39 752150977
42  49 311779380
10  4 2109443490
42  7 1151681890
7  20 1941056128
10  39 548780762
21  22 1400850704
1  14 1335480002
1  35 638542182
35  11 1621639714
34  47 605065279
16  40 2107619218
12  37 1467297590
49  18 1569242822
31  26 62721074
35  47 1860635104
13  39 361952406
42  39 546640582
30  42 53999888
18  35 32531664
43  33 1904053879
16  45 1225408945
39  1 1643414957
30  20 753514096
16  26 1091868151
22  37 904823940
30  7 1503505632
27  48 1607862108
18  15 1202222076
25  40 103239112
28  29 1235539954
29  21 756196445
43  12 1091033497
48  29 686813806
43  11 463563155
44  24 1759953275
24  28 1629971171
1  14 1209166128
0  32 157377557
9  47 713466784
39  24 289012546
0  2 1698783213
39  31 639491389
21  31 568690657
39  34 750855663
26  10 1030388860
49  0 1849821331
13  24 1562703196
47  12 363445551
4  37 1824257002
20  27 490603203
31  35 699450518
0  35 1406058648
40  47 2009826816
5  44 1421643586
31  25 1459854064
2  17 282411898
18  25 916382587
28  37 664971945
5  34 1795986959
8  35 742760479
39  11 2088131609
33  41 1884910739
11  43 2110394629
6  35 1383650903
23  20 822097734
43  13 1888045416
48  42 1775526445
35  7 1084515831
17  15 2129689072
22  48 1543780997
14  12 833606508
7  35 1254953868
28  27 1504361719
19  48 831855352
18  5 1197324925
30  4 1711824478
7  9 464970413
23  2 1168631495
40  2 127733004
9  22 659789113
23  10 150757442
36  20 156628806
42  26 1069220948
6  21 1526608019
30  23 117258351
3  42 232330382
38  47 1044208256
22  26 1130308054
37  29 1063811080
42  34 531338136
14  22 2070237798
37  5 757862953
36  21 1341589564
34  36 910173925
40  48 471863042
34  5 755200801
34  15 346642280
30  2 438280685
24  23 1662510141
33  48 1071194176
39  32 591688154
26  33 876666833
20  37 1070764870
26  15 1214719833
16  3 1755479401
37  6 473331296
5  19 964001380
13  12 1188525392
34  2 2060180940
34  6 511845456
0  39 576066545
41  14 1945282219
20  16 860876563
19  41 1732189496
28  15 268168982
30  21 1930358416
37  48 1415251432
7  11 903091296
10  34 695344364
42  37 1731331223
10  12 2032735198
34  47 921140780
32  48 569432589
5  21 975710514
12  48 1930841821
1  45 1194628217
37  25 301437806
20  15 403527237
5  2 95717291
20  28 511445826
20  35 1613400958
31  15 1554537360
11  6 1088192723
19  27 82758563
8  3 1036298976
7  13 1780562961
40  29 84295614
9  29 799437793
32  5 562520003
26  45 1764564846
46  26 693640181
24  39 968706622
24  7 77735897
49  11 1546450470
14  2 416439255
48  38 915905035
34  27 1646700023
19  30 248186202
14  46 1369119496
42  36 962929199
35  27 1282822521
5  12 1611681600
13  36 131053883
15  31 469054331
10  24 1145030959
45  24 330879102
1  36 1086638975
49  7 1506036483
8  42 430030277
39  4 1856532497
33  39 2057638858
21  26 1649079809
15  12 293671748
21  8 56245433
13  11 428955749
21  6 1851545388
0  42 1099134198
49  31 1914864385
23  43 1039289114
46  31 1256847607
0  25 2048682086
37  6 842585537
13  49 768441605
40  21 892598569
35  47 1736505058
34  39 95371068
32  29 189910404
48  4 490462901
38  23 1829675041
11  9 1029693032
14  47 1775218254
14  24 2019021321
22  48 896247889
2  24 1344477570
3  47 680170348
38  7 605819957
16  9 344447563
16  8 523936500
35  24 863972292
21  40 925757883
45  5 1050728641
35  26 1420753145
48  3 1743917797
12  21 515449074
45  5 374554278
30  9 1074103191
12  16 517968207
38  33 1588102807
34  22 1214845230
6  28 1344563668
49  47 375846973
5  21 1562344358
43  5 47608213
15  21 694915058
22  48 1677980686
41  38 176794946
23  32 1913675371
30  43 1262428798
35  34 2131877793
27  42 2082676610
32  38 1951617697
34  1 1647369712
21  20 562995181
5  49 272607605
33  6 1139676917
0  24 1739946186
4  39 1810508103
11  19 698449105
23  26 56117407
41  27 1917195114
33  17 201280327
47  16 1021131056
26  43 320688086
18  24 585672522
16  7 158991649
36  8 1739098721
29  11 1148576631
41  33 338815052
43  9 127529139
30  8 1399711763
37  46 205880433
1  42 826009132
38  36 346027078
25  23 1412666748
49  16 611724396
5  41 2027921522
33  20 1698221610
42  17 499850248
5  16 1772489233
47  13 1837177696
12  2 1850578610
41  17 1241104782
48  28 1072242275
4  17 1529950942
36  22 793245814
37  28 291008229
48  19 1342568024
12  32 605918172
1  36 1387291570
9  3 947442838
17  10 1384969764
31  44 1094664025
12  47 660653371
34  37 2143388062
8  3 946058023
32  21 1177829863
48  18 1475220098
4  11 1120592432
8  33 337176818
11  5 1394857467
45  18 1560219798
17  35 1173758607
35  33 160580520
4  19 474645691
20  8 1120831246
3  36 75090367
14  26 1790855652
38  27 489339835
37  29 983500818
28  9 1911732521
15  31 1741372390
42  17 261618714
16  19 1892629732
38  19 1620445092
31  24 1844904997
19  3 423152963
38  2 45256508
35  25 709953207
49  14 1131028360
42  25 827979205
40  11 1145010429
20  2 419914922
40  20 921146224
47  36 1010394620
41  4 337749915
15  45 2073170067
40  35 1118278247
40  12 385850321
5  10 1611206817
40  42 1444953860
8  19 617280774
1  37 874601621
21  14 1405826007
1  21 1660238160
26  5 1319084565
6  22 2045910476
25  21 1398149810
6  10 434728917
19  30 1021151045
39  18 1697558609
38  6 1675743475
9  2 1330149994
4  31 1141251840
36  21 728568272
6  19 1768864120
10  7 879069356
5  10 316371417
18  41 1969159244
46  36 287637277
34  21 1376084168
5  34 1846083093
22  15 1085108078
18  13 1500620965
31  49 909731547
4  35 914877018
49  7 761327067
37  44 1274976431
37  26 1763387157
15  11 1432091476
42  10 164053742
12  7 1974275222
33  1 658501511
15  34 1924837929
49  4 1870257072
31  40 585315846
45  36 1167299652
28  47 906363116
34  38 742458596
14  2 1851178101
29  22 287907535
42  49 1531752184
29  17 322615085
47  36 612741438
19  31 1701201211
7  37 1517572647
23  31 437783018
14  21 1141007868
33  43 568092813
10  12 567927428
8  10 1068517592
7  9 19607134
0  16 295993095
28  17 1716819222
24  23 1358198649
41  22 986194000
30  32 2042648391
8  46 631657512
8  39 2125976909
24  38 1816905657
6  12 110451126
3  23 815320803
33  37 1259732022
5  27 2142941959
35  38 2090343086
3  49 1075978441
31  42 1890333321
1  14 1364496791
42  28 1189795276
14  42 1441805866
37  27 1173727954
48  5 2060074636
44  10 1098580150
26  30 1504937266
12  36 2054148438
49  26 1534783797
12  11 2075213035
17  41 1162034508
21  37 327304759
35  43 1752926082
37  38 1605571848
10  26 344089097
35  30 2008060743
28  2 34796120
12  16 2038341095
46  2 777899198
0  18 1004529593
10  21 1834081185
28  42 981542100
10  18 480590668
26  40 2104457317
18  43 1391794733
39  16 636091775
25  34 1538573819
28  27 383950891
35  38 2009190571
4  12 1947903783
10  44 337461034
2  12 460616422
28  31 832293596
28  47 244830302
26  47 104566422
44  46 1833128494
38  31 1849650125
31  44 248532998
46  47 307582553
44  29 1953876537
13  49 290165427
31  37 1969031961
19  7 270340711
21  43 1994502351
29  22 1092778598
43  13 838979683
43  28 599172435
10  38 1386973776
40  11 327069679
42  47 97717708
38  7 1883656256
18  41 1394706678
12  25 759402215
32  44 1660886348
26  31 535126465
6  47 290244646
1  20 460491159
40  24 484935867
30  6 1203019595
41  23 1586173972
13  44 807213622
31  18 914330691
17  3 374480691
49  33 983090323
19  48 1211789571
6  2 1669139751
2  27 1292233980
9  40 61737097
12  28 1033203540
25  29 1868332947
33  8 1122089664
13  5 915334588
47  18 1856406496
49  6 1483287327
0  43 214934946
36  21 349714093
4  41 395818041
26  34 19705691
10  3 1962178179
41  8 1472587060
29  33 1096669819
29  45 1016952455
28  11 2109878513
10  9 1456396422
1  4 1331712523
11  1 335171382
3  12 4952623
26  40 692003251
33  2 1212490152
39  22 1264833239
41  12 1152843340
42  41 1961461773
6  49 1901269735
45  19 349498165
13  37 1992185501
5  9 729995838
2  36 1775215558
37  7 1187533274
11  46 1927421312
24  12 1706695678
22  17 950238962
39  9 1730139544
13  48 385788467
38  15 1873247640
4  45 2036510739
22  7 1766510101
18  38 603499119
32  14 1609262380
11  48 825562146
15  40 1561036214
24  19 1054899583
9  31 1542728631
10  32 1237390485
39  44 1625793607
30  48 1493922111
29  41 1587533498
33  25 1670992321
1  3 1210066633
41  11 181761445
40  34 1854406244
13  17 735871337
19  49 1719889490
22  8 1793015981
41  4 1264701315
11  10 1310273139
5  19 1911082243
37  39 1438582379
48  1 1797752799
15  42 1819747479
29  41 785081303
12  22 1293497078
46  25 2108886523
24  10 1043540024
24  42 1434466871
27  10 1496724824
4  40 1091426245
34  11 146056314
3  16 973884390
32  20 1377566272
23  26 846513640
36  13 887795710
48  7 370872659
40  3 1405248334
20  12 720490856
12  16 1746059713
28  39 1981402177
23  0 6501083
5  0 272567018
21  4 74878456
45  48 1273788626
25  2 1959099818
36  40 1003688467
20  10 946879508
29  25 1541859810
32  33 147094315
23  11 789451874
25  1 585861536
15  35 1194226431
6  27 1937897386
14  45 61117469
9  22 1516153024
49  12 1381234073
32  8 59664414
34  35 1987600282
11  49 900786647
37  25 1302432606
45  4 954086211
46  36 795228518
14  31 1057314793
0  28 867402493
48  11 1398771637
38  42 1373905468
36  33 1163266095
26  29 921781505
18  19 1310894350
23  9 260310202
4  9 1781572367
29  35 180391251
47  18 1983652050
48  22 285853019
43  48 1479513071
30  15 1367142612
38  37 1673080441
37  8 2064886962
41  24 303451356
49  4 139772364
27  42 1062873200
31  5 1416532595
24  13 1234189405
22  26 1201382721
33  12 809880016
8  30 886899845
7  14 116882814
4  20 772525993
18  22 850407303
36  6 1470267664
44  40 2090380210
37  2 923180525
14  37 564487102
25  5 279879259
49  26 827172215
18  44 1416483587
7  18 861044991
26  49 319724760
42  0 683530312
49  48 1830350777
13  36 1240649723
27  28 1581895147
36  49 1602252025
36  46 2024767698
34  20 1490071231
13  4 935245280
30  31 1418587995
47  30 86656152
6  38 366453744
22  23 1056196913
12  49 246275320
45  7 198744807
31  40 1750621238
35  2 661972751
45  8 118141930
34  23 1055528859
12  25 692748550
3  42 213945613
44  24 2048275963
35  48 483318280
18  35 1072866999
14  34 1677774951
6  13 1534237524
1  29 1293101181
11  22 227494347
45  48 1521222191
43  32 1510504945
0  24 913951991
44  1 815478716
39  33 347238510
35  40 1240425233
27  21 847507392
12  23 173373585
0  35 1335096311
44  34 1087798342
29  21 243625484
36  38 619083383
15  4 1706840165
32  0 1183792500
47  8 1275715535
12  10 1904583182
22  28 788458052
43  33 1945871457
40  14 36617491
38  8 1488821034
21  40 253237972
13  27 895662508
0  31 848499503
47  4 702217590
38  22 364934837
0  31 1454322671
14  22 549423451
41  48 1280691169
45  39 695667575
15  30 543272493
34  11 356242451
9  12 1144407966
10  25 976381673
28  25 104775081
45  2 1756121492
6  48 11054961
45  3 2091153227
17  15 775953537
1  4 1784795783
45  47 1328411073
29  9 1950389097
13  35 1551817706
40  15 190193945
26  41 1666880837
8  42 207521792
13  12 1730248704
6  10 213262486
6  42 1809843257
40  43 247826017
36  40 807300165
15  23 1735650361
33  31 224522827
41  17 1800601753
48  23 1632456948
12  45 2078925731
38  6 273485162
5  2 479872566
26  9 1831671187
24  38 908192375
43  2 1150021847
31  39 1926169396
15  13 1330009269
42  14 997021398
26  7 673286627
31  37 1010109773
45  48 926540373
45  6 1802351648
2  13 2018878092
16  26 592161264
15  23 824136982
30  38 1589786715
22  35 2140451992
44  10 1194095884
5  38 948716728
39  6 48793404
30  35 1927721580
17  15 1181842561
13  19 861178093
38  1 1649056069
10  36 256437726
42  12 85667900
10  9 81086094
6  2 1284668136
5  42 827393783
46  23 1092683293
8  4 241504731
38  10 604331745
49  35 3273311
34  16 1818112762
36  1 954764159
38  16 657340610
48  1 92081376
28  30 21056856
49  11 1916959910
42  13 53875875
38  29 1532175090
34  30 1322586530
8  25 1016424995
0  38 872005133
4  33 1840064637
39  0 306603565
9  0 1724341137
2  32 882651906
26  45 436203328
8  43 1179203926
12  0 327506650
37  13 182131782
0  9 1927593154
32  5 1006538959
44  39 666714070
27  45 1491354066
3  42 374337672
43  35 1619473521
9  35 425752619
24  34 1753948121
33  44 621178137
10  5 963129616
41  35 634469687
43  19 1338944075
33  19 228552552
35  9 1355217463
10  17 1395271242
46  22 1603024103
33  1 802878046
42  3 347463876
7  47 173044479
22  28 300786696
40  46 1510172579
30  29 280092677
3  43 1339611263
48  37 169302144
37  10 75209988
28  41 28935112
28  49 535359519
6  25 1249074150
1  11 1881199836
37  27 218574566
9  49 1156702563
32  35 1130757929
21  40 457731837
38  36 1728896535
8  49 1342792165
19  12 1958766025
42  33 1303078472
30  21 1333377092
10  8 993865864
13  16 332037074
24  47 1663636118
24  5 166700120
45  40 1526324246
41  43 750284517
26  34 1444110714
18  0 710716343
12  11 963462825
21  24 913648468
36  4 614239705
48  49 1799809071
16  46 1316671249
26  37 291766416
22  39 2017744480
20  18 1504501787
29  45 1809951005
43  16 1856625032
30  1 1950563869
11  26 2123193077
36  31 1315289578
32  5 2040936153
32  7 548248394
26  31 287738227
12  5 106872373
4  10 859355316
29  12 128343823
28  47 1217360627
8  28 925496227
31  9 2034671611
40  17 816958011
38  40 941261500
12  24 2042007147
9  26 492347087
16  28 1142142212
0  19 1010910385
44  0 598846949
33  29 723868075
46  17 844028445
44  31 850258137
11  25 2044629431
48  30 1481266105
2  31 1224857488
6  30 2133778230
5  6 2136673777
40  13 312645631
19  49 1689003589
5  12 1147454439
4  37 239607669
49  41 1107576046
21  34 1918735948
47  32 1541922522
0  11 1671793080
23  8 1702836610
5  44 408064984
0  30 789842858
13  6 16306550
5  9 792387949
30  21 48856087
4  10 1348522002
1  48 845592599
45  18 1854097222
23  42 1332759777
40  5 1560608780
29  44 1194312756
19  3 1121389403
36  37 1171090212
12  34 1892129908
36  30 1209833986
19  15 88529185
17  24 583171767
16  2 412574642
45  11 1329008205
47  40 1645951989
2  13 1796467111
14  32 913835432
7  9 1721358707
13  31 607144715
1  17 1695572385
26  43 933496371
45  32 84077426
43  27 1040792960
13  3 130205555
3  34 2142378128
46  3 1535289569
44  39 1956718510
31  11 225116865
36  19 1346687285
6  19 558394596
45  6 184761759
46  28 1934334815
9  27 1283602197
32  6 2032937300
45  18 1015609289
30  43 835081166
4  23 1964861487
36  41 1630822720
25  39 423111797
20  33 1393055161
28  36 60771324
2  31 2065917834
25  28 1773575854
15  29 1786578878
21  11 1110380352
38  34 636070290
14  24 329950471
37  14 478957446
38  13 930915439
47  14 2046597763
39  19 1317178131
36  31 1171090438
28  33 846646816
14  32 1240346470
17  16 950518130
37  35 1376775185
25  37 1117075889
6  20 835248491
49  26 284291694
37  16 1827223083
47  7 1613630663
25  35 870034446
36  12 903139398
30  11 1532252600
29  35 407140715
8  27 787234137
33  36 126788139
12  0 604407345
29  32 567138759
43  35 1300940372
4  2 2072393488
34  9 1169138103
21  0 857326698
45  1 630361567
17  19 1677296490
29  42 57932164
44  46 1457828749
23  14 666887684
32  41 2119693081
49  5 137128246
38  8 1047268659
47  43 763622625
25  9 1067456858
33  30 1230217200
26  2 1593485933
25  14 768801391
41  16 1467795318
8  16 430122277
49  23 41907260
29  28 1278612549
10  12 483165153
13  43 1871709991
29  26 1865502807
13  4 1009880268
4  36 1799384877
13  21 713018463
2  40 1449335841
0  2 269425700
0  43 1559509619
24  46 367607714
4  6 2106989799
10  13 979082477
8  29 38525602
38  48 1505231365
49  8 202525450
2  3 1546978106
43  11 955207350
6  40 2031769703
28  46 804943345
46  22 1376553871
4  13 1627809812
43  42 19708158
7  21 529100444
19  20 1875490109
46  34 366744682
23  47 1275094556
38  0 64033211
12  26 1800483915
17  49 342181450
13  31 1338894312
33  7 1355089937
19  1 977022395
47  35 409956153
48  15 669858586
37  32 110735069
3  21 144596619
27  4 59915059
17  6 1946290965
4  28 2113942554
43  39 1479330024
17  44 1218691328
20  38 1608238863
7  32 1485502598
1  19 402848201
46  4 366982739
36  1 900511045
17  18 710859466
45  7 830937077
31  47 1932167087
11  43 1345568136
47  28 840686603
29  12 752192239
28  13 953139661
45  48 851800449
11  48 3765492
1  14 602209109
6  36 1525677265
26  0 1347613611
22  7 499357574
1  3 11331687
36  49 699322618
49  25 1910003310
0  26 1347615118
36  40 314965720
20  39 2034140298
32  20 354400885
4  18 1590753918
8  28 70740602
6  35 1274332072
18  28 1357372411
26  16 1850532209
33  19 416295726
37  1 1206813515
35  1 1896255959
22  39 2142640851
29  48 1639180807
10  34 2083251227
13  49 168187798
1  25 548129306
6  2 788019590
47  37 207633776
30  25 643295369
32  21 1164790187
21  7 218698020
30  10 1697671038
31  43 860550736
12  36 1040198413
37  10 1087138661
6  26 785716280
11  31 1597801392
35  1 614409651
15  44 1077934027
18  17 429229410
23  3 607452295
32  26 1573840272
5  16 94996849
8  44 1881901555
13  12 559756213
5  41 1039892136
7  18 172272474
6  23 1434303821
16  45 575789168
46  0 394342875
24  15 1978450681
0  23 1599675064
20  17 401999724
4  26 394364039
32  19 894567742
47  0 302109855
10  3 253562191
14  41 753283819
13  44 2118723287
17  22 1039052075
4  37 1195980901
46  37 1416462044
33  18 1215791756
29  23 1317691892
4  17 1480674958
22  38 1618462808
2  8 367832140
47  38 2139793472
44  21 821802768
20  28 261086365
2  16 1338227547
2  20 1367788328
11  6 831725680
43  7 850646461
23  39 1724372314
34  11 967170454
24  17 169762333
12  20 72851533
8  40 279799943
33  1 1596636374
31  18 114809199
48  1 734767672
32  26 966480156
41  33 686399987
25  26 1286099667
45  10 769035170
11  39 1377523692
15  7 1358216232
44  7 825368817
32  21 1783687163
26  4 413330300
42  27 1699554744
35  4 783867733
25  36 454491520
18  19 397266460
28  40 43091181
20  49 540162103
0  16 1502237953
27  36 322269100
18  17 919294631
