1250 50 46 47
34  39 1892183778
38  31 1139238241
46  13 2042523449
47  33 2058945989
48  23 561326988
11  20 1931158472
0  37 1280372426
21  44 1681140131
6  11 629130339
27  9 1817166806
18  19 273065449
36  12 45768527
19  16 1479181560
24  21 693513970
41  13 1853009827
43  27 1408435016
49  0 258697133
39  7 213730326
12  28 1288898832
8  38 1197759322
40  12 293349513
23  32 705550306
47  11 702320159
1  39 1921371836
2  45 1373422349
9  31 1981126543
27  32 881985907
49  42 1807093921
0  39 1816742992
37  2 1077963132
16  7 1005975533
26  2 1266306131
35  21 73204206
31  41 777124810
14  44 20359721
36  10 1872467940
39  41 279837357
45  16 102594919
4  21 1457065708
9  15 1990377484
43  49 869401100
31  8 1839982187
48  17 1602224248
49  11 2021029030
46  13 1889129451
3  30 976645228
20  32 246263793
15  37 462932894
0  25 1522249948
49  37 420710906
4  33 1818718295
38  41 2206275
32  24 1628645809
34  19 1045524515
18  15 2050249984
15  31 388166039
32  17 896771366
18  34 534505882
32  39 2027992328
18  37 2061689342
8  15 1721339506
33  4 1560030922
9  35 1213943753
42  15 1732436522
30  17 2012949583
19  12 1603410901
9  37 862036680
8  29 2000789152
10  39 1137242343
38  9 521477743
15  8 339647311
27  42 1625949775
12  14 757590086
25  19 11949538
0  24 1814403598
12  8 1319309360
22  40 1724149381
9  14 1917956458
9  39 1208321151
41  32 890093610
13  33 1857005171
27  14 732277110
33  0 207130635
49  7 1630687218
47  49 2089146477
11  18 1352276202
36  13 52590012
44  25 1343746521
3  27 2126076766
41  7 1321467689
20  22 604566189
3  38 2049286913
0  41 707526124
7  45 1629519200
29  32 697593837
41  17 989771499
2  32 509845861
8  45 1923598419
34  7 467676950
28  20 193456215
3  34 685574462
35  8 516491771
21  16 889182774
46  11 1034053707
3  28 1421426380
17  45 2058976440
40  17 1271319154
24  33 1685132637
1  11 130729005
24  7 1012116404
17  30 822320966
27  8 938667865
10  2 1061315233
46  6 1240024125
13  10 1642756643
12  36 569520272
49  36 1615134026
34  16 123373018
32  47 324016409
42  3 1477634834
41  9 1965667403
32  42 2056456193
42  37 483503974
31  1 1344475621
7  28 1266742225
45  19 1465472651
48  40 141958618
12  42 1274872854
11  42 1289802282
29  49 61482814
40  29 679032553
44  35 1498012305
0  47 1026268092
45  9 871336903
2  20 1772777586
20  45 1709266453
22  28 345289785
4  28 656437889
7  18 687689832
6  43 474907078
0  25 1214332009
40  42 700159160
35  44 1130483396
10  23 58849409
21  34 934648682
35  6 1746298324
26  4 247485137
34  21 1260240394
40  1 1659976641
9  3 1634295151
16  43 1323305248
31  49 258906322
29  6 1364158272
25  39 1671835242
20  22 321279465
14  0 1053343730
8  23 277157425
27  32 852618959
34  8 1359554883
18  39 857130239
15  42 371493279
34  29 1253468900
19  7 445705933
24  9 1857537281
44  31 1783848051
14  49 1938244846
35  42 2052751715
1  39 1656140789
41  44 263662006
28  33 749998884
12  13 1121166808
7  12 491281705
0  40 401401541
45  2 204750204
38  44 940389908
27  3 60575643
44  10 684630163
39  34 591425490
41  24 13154503
43  10 1690114592
9  48 50259993
29  35 1657153878
17  8 194118380
20  8 1688299313
21  45 252638063
23  18 1544398973
19  28 1712710179
29  20 1210908789
6  37 1377170223
44  41 818352829
0  44 1347316612
39  42 1993109170
49  36 1723588153
38  17 2127553672
14  45 1815328461
43  8 2039081018
2  5 195569577
39  26 481312097
39  12 77525224
29  45 1406536838
4  20 138264667
44  7 880051814
3  37 1588228186
48  15 2057228918
24  38 1043391566
26  28 648177120
26  11 1228208872
44  25 1218442427
27  36 420907025
21  16 184098789
45  24 2030079606
32  47 754253372
35  9 13488091
0  1 649418992
5  13 1721824244
3  22 68033838
35  2 1280914471
7  33 1267040487
48  46 239880481
44  1 205721740
22  37 1299457348
20  46 1200845325
20  39 1358511589
1  37 876921476
40  7 1018377970
25  40 810836075
30  6 864992857
3  22 959150732
23  21 28146603
35  9 289098495
10  31 775939955
9  31 50150738
23  19 1702605325
31  47 1063087264
31  8 850447353
15  36 1878795450
23  46 432393226
45  23 1814749068
16  49 1208566897
26  22 240031532
20  26 1553198002
0  43 1614138002
24  48 510453896
36  11 1918925366
5  42 1534151846
22  25 796370892
20  48 28087991
16  27 20365513
4  47 506146800
31  13 789451849
42  0 1029919215
26  12 591126105
8  29 1129812045
20  32 636031313
15  1 524199245
32  30 768079277
31  26 1201742631
1  40 1792417508
22  33 861943389
26  23 28782144
39  7 214942051
40  45 796232671
26  32 1851688365
10  7 962111814
49  42 1555965189
30  9 91161449
22  30 281356490
26  14 517724659
46  27 160091025
45  29 244422946
5  10 1377906412
30  36 170064455
39  7 1829632057
43  35 1016208437
44  26 1157751760
27  46 1704234942
38  39 1685180847
27  30 500847932
30  13 1012261721
18  32 2014142933
35  3 628770045
48  7 1200916250
24  25 1585056077
44  46 1868241295
5  21 1160889221
29  45 1574265054
10  43 775142737
37  2 1412796134
44  6 1455637097
45  43 1076165853
47  44 939798845
39  5 355319740
43  44 878984409
37  28 1575181184
18  23 729300668
48  43 1022201048
23  26 425320182
8  0 435251415
37  33 1823441804
38  47 1103999866
47  12 102574011
28  2 578143395
28  33 246797604
18  44 723481991
33  46 360758255
2  27 448441517
27  18 1359167628
35  46 1262728587
29  9 110512805
21  15 925596405
2  9 427381972
1  11 1190374642
32  17 676379205
26  17 1699061782
17  9 146258924
44  28 31972915
5  38 533889668
42  43 1239588420
43  40 986847281
4  13 868173567
27  26 1487787016
15  37 588389370
35  38 278226831
25  36 2029161161
28  41 1176342570
35  12 88345290
8  40 2007610606
33  35 812431426
46  9 634404643
2  7 583077821
31  34 479196841
30  18 736785858
24  1 1826657480
39  0 361962882
11  39 1808388947
13  44 65410022
32  31 572498444
2  6 1611208883
19  42 302006047
44  27 1862559548
15  1 389654227
38  32 261112467
11  7 1839984568
7  28 2055646125
33  48 100579697
1  34 1991547462
47  42 1445019481
30  23 1103477043
6  34 252964872
46  29 2004989452
20  25 235839802
40  4 1145409453
9  22 718883543
16  48 598300475
7  37 1003038877
23  25 1249913610
0  10 2118039528
5  35 1098215128
49  27 1192986265
47  8 1404063648
30  27 725456998
28  24 218679865
43  0 704023114
9  26 458300156
0  28 1569434016
48  33 606347752
20  46 49467498
20  32 122058815
41  42 1175785356
16  44 457434799
34  14 1204339896
5  32 838337063
2  0 2070555054
2  12 931134750
49  11 637644424
32  44 2101804996
19  1 2019054503
14  7 1699406534
22  36 562978384
22  33 1903150507
13  43 1014284131
16  25 207913111
27  42 592874879
48  30 1573091352
36  14 576169016
32  35 381962538
47  17 924532620
9  6 2137347819
32  6 554008971
31  6 1811478699
9  7 25135977
18  29 371063460
12  44 486408851
33  2 414202093
7  13 1796512328
37  10 1462402374
47  37 447573927
35  42 364397113
1  12 468268852
13  24 145875449
23  46 658130960
24  8 1700465287
18  26 1077562420
25  33 23252631
1  20 731040102
4  30 1032190665
31  46 1279467738
31  19 1200295483
40  41 1350231225
30  44 1875154967
26  5 432646345
25  44 1755237149
18  21 933826581
25  3 924047851
23  34 1770927871
6  5 102571354
42  19 776693088
2  45 2096258555
36  26 2064107359
35  37 1899717764
45  26 1098688074
34  1 187128885
2  38 229718612
38  16 4017045
36  31 2108982106
32  13 1105155389
43  21 1406026079
27  14 1830484161
3  28 201827127
28  18 908081385
16  9 87137017
23  25 2061870473
36  9 532488509
42  29 1118667119
43  3 1005137074
42  25 101927278
16  4 1343128848
20  48 369823945
15  30 1234640136
29  25 216319152
45  12 54621061
32  24 1996079357
33  49 1794555632
13  10 817359630
2  31 1720154565
43  7 1224266167
35  36 395867866
14  41 1535668479
14  34 731960296
20  47 841108909
40  32 1349443520
25  0 2049314705
7  19 39901957
28  9 385747956
41  44 991203896
3  45 1252763280
14  13 1125464868
9  35 1647354475
3  27 1871071110
28  23 1384944973
34  16 1328921912
49  2 678031667
32  44 148354909
42  10 111868397
48  33 94888848
35  3 1488186073
16  35 868628959
34  39 529827411
19  18 1173591971
46  32 247868858
18  4 332091203
12  39 113993101
35  37 2039764438
34  44 1069068669
28  9 152957554
29  39 636315521
5  15 1044269637
31  3 964202105
29  20 507325834
27  33 1798238251
49  40 728075572
8  36 1685228886
25  49 1217436289
49  43 1348502342
29  5 815294460
8  34 2005605224
33  31 1529205438
22  28 914186493
17  23 1527549478
28  1 103708148
34  48 1741484764
18  13 1580988445
19  38 1164083984
37  5 1696954946
6  10 1274745696
7  1 1807399682
12  15 1096540873
18  38 1428187470
17  9 225098316
0  41 665147722
38  8 1808661931
10  26 1964934834
31  24 587896252
29  23 825414778
37  40 1545538963
39  35 125166502
35  18 1499621554
23  0 715105427
21  26 844517120
43  7 1106918309
44  34 1757011839
5  3 831799119
32  3 637211860
47  27 487423245
5  43 1989255067
4  35 562365836
27  20 335986157
35  47 664718566
47  21 1093109565
44  46 888039379
37  20 1193786097
31  16 1105395394
26  25 1046168183
27  46 1972489383
22  39 1642509712
29  4 1762599142
31  19 1581558411
21  16 351739457
13  15 412002627
7  2 681858962
18  2 1410192703
30  19 1479788843
5  46 783882509
7  8 1521569902
27  7 121116450
9  21 1525776551
23  28 1498538789
5  32 1223236463
23  1 1117462396
47  9 1972422811
1  23 1144512540
5  29 1061445096
3  7 1015695957
29  36 79363554
44  46 492303395
48  49 1749571610
17  5 35616983
3  21 701134930
24  9 726210715
18  34 1700395523
39  10 1779422425
15  28 292282816
25  6 1541963734
25  26 1593627216
36  49 649138739
45  21 1101772413
5  43 1304962137
29  47 1114417831
17  14 776132608
8  3 708993182
21  1 2025706079
39  28 290318756
14  20 1865069907
10  45 119626372
44  2 91390616
45  5 613183162
22  36 1759674130
18  31 273895244
26  6 1129262720
47  3 678433291
5  29 1457851190
27  45 666449433
46  21 1446636906
40  18 267963121
7  29 1388004162
6  17 248904121
33  27 1075520534
28  16 1485207669
13  20 590034869
10  3 959731635
8  1 1409462878
2  16 664962048
35  15 1418163746
49  27 746730033
7  39 1084896484
24  43 1471570302
31  8 1243872734
14  46 722575826
35  10 2123660755
36  24 78088520
31  8 1531605672
9  37 17306890
7  19 193760291
8  36 1820294045
22  33 602723048
41  4 1255741121
0  15 2043899969
44  40 526143382
20  14 1702522883
46  0 1994242891
20  7 1685478444
27  36 1365559423
38  35 1817633011
8  39 768223282
7  16 2031562395
36  35 1495233998
16  7 1858530978
18  5 912934729
25  12 254437931
18  40 744229666
22  2 1686008596
3  7 1694432448
39  11 1230761254
42  36 1099805371
13  46 1063121181
26  45 258150636
3  14 1382992697
18  41 987301220
32  5 776728893
30  32 2035639211
26  47 163916851
32  23 761901121
4  26 1915349652
39  0 506535372
40  8 1498895857
8  12 1992444464
17  33 825182092
40  18 17817867
5  14 1087723492
26  37 1063043745
9  20 950785990
41  27 174682574
24  31 1440690728
22  6 1766739792
14  31 81124029
34  29 695887534
41  27 2021570814
7  9 969847544
32  19 110546172
36  21 1509758854
21  17 546524290
7  9 308336572
25  19 1341707034
8  25 381612111
43  24 1838992829
31  1 1629317111
38  40 778913792
20  8 1610213267
48  34 583211669
40  5 1547095860
17  21 1849233605
48  35 1850724436
12  14 2062349166
17  26 927315649
6  41 827606434
22  14 1526121987
5  24 1785355448
13  20 905849542
38  21 1054283424
48  41 21057297
37  32 1445711355
49  36 1746568494
46  32 1042659194
37  0 382644157
36  19 184294692
48  8 601712383
36  25 1257879757
15  2 949752255
9  10 946733517
16  2 1718083206
30  26 1047045187
30  12 836998542
4  35 835604746
35  49 1637442606
23  8 1133609437
16  2 1480089936
47  8 2136648738
9  17 378932159
3  32 76272457
33  19 713258518
20  3 1495580561
36  6 1990391011
4  23 760590445
22  34 1633720394
33  44 28790693
40  26 81291059
32  30 1608338592
22  38 125726658
46  19 892630097
12  17 1333658159
14  17 1093055717
38  25 1604932823
23  3 1647557480
11  1 1808061399
37  2 1809354840
16  6 1281044748
28  4 685697868
28  23 284098585
21  25 642891608
17  45 447231608
3  31 998413
28  24 1814247137
4  44 1438337806
40  42 709925591
42  36 1519151140
37  0 1142376699
30  43 1391886501
27  25 361737948
11  18 2060801216
44  24 102395391
26  32 101903757
12  1 1172407339
15  28 1696375331
19  29 1371623699
49  43 399906830
23  40 1993029764
22  44 1231166015
21  45 1800333596
16  37 208933953
5  23 1876964430
4  2 363377037
11  17 1707793913
41  16 1760307725
6  49 532386831
1  38 1349207691
40  27 2042632989
2  4 1797763864
42  29 1383744223
29  13 1254788637
3  45 319439271
36  12 422278403
49  24 906575255
5  9 1194340801
45  22 41509013
22  8 127534091
29  16 799077941
10  19 1882196704
46  34 1313494318
37  48 672677718
19  22 809400190
18  23 1932316504
10  0 1391094625
47  33 2044387232
21  22 397636429
7  33 143113548
33  32 388617706
48  11 1517225326
44  9 2112544455
21  26 1905878508
32  45 175856659
46  40 1314893399
36  20 958340466
34  45 1432464323
15  19 1743625796
41  29 21609659
32  1 1358625949
28  19 866574136
7  14 1876206106
36  8 933465112
44  27 1271381701
12  49 314219232
8  45 574021473
21  11 551548441
30  32 1874628775
32  35 1534378436
48  29 9493548
30  46 694616988
24  27 1349668912
16  4 1293479769
3  8 383784188
27  45 1377322119
18  41 1310505343
4  26 1564991186
1  13 454062664
22  30 1594766676
46  18 183233892
16  23 2087468053
7  36 628606343
16  34 1577162595
40  42 820911407
32  4 1282056078
20  36 1190316482
11  33 1404281140
2  20 728913760
27  47 402822501
36  2 447351854
3  32 1466477443
41  22 360505353
11  10 194135602
44  23 489067442
0  16 603723394
40  41 131612285
0  21 1829728385
21  44 1747745003
3  49 1381269992
12  21 592837217
11  37 1314722172
39  3 161360485
8  12 1384838227
29  5 1987976726
23  27 125496264
3  0 1756403630
38  45 467225426
40  3 1155475308
23  19 845771687
48  3 884576487
42  41 715924182
42  37 255633952
6  26 913764546
18  5 49248096
36  34 1379999093
48  22 1504071118
43  5 2128782527
42  15 1392873834
12  7 1140406992
6  14 612022601
44  3 519777267
27  35 922528645
37  9 1512505601
43  3 1746462565
11  29 662809687
36  44 1505970476
47  0 1843550506
49  14 1162271605
31  10 332494168
31  12 1644834942
28  14 1324671168
47  39 1200420395
31  41 1998167084
32  17 2051452441
11  45 1729650476
46  37 747482811
0  43 669130330
10  6 1695026879
1  34 1372868661
9  49 1689768887
17  1 891376068
4  49 231418858
36  43 232407838
1  32 161475653
0  1 498309342
39  3 1490930382
10  39 1926957246
24  5 952189822
0  13 356458998
4  40 755286709
15  41 966780271
9  19 629771798
25  38 1706555439
22  13 1638250278
31  16 1667380551
1  14 1947821198
37  19 1729380325
39  21 1909995429
42  45 971297088
22  44 1097582467
14  10 1938859163
29  13 505911424
44  42 677809398
6  19 190269835
17  21 536285465
18  10 1851473178
28  5 851963525
7  39 1586122651
32  4 1456457107
35  2 1160715908
14  31 804606507
12  20 424524179
1  27 1147589391
38  16 1628545945
48  47 827551279
2  1 1439261219
17  41 1762531213
37  32 448008793
23  7 653573130
46  40 948317469
45  31 47500849
44  28 934501907
34  16 928351304
19  18 439612838
27  33 604799585
48  29 974123837
28  16 734222358
40  19 2072908389
17  12 257026119
14  37 786204093
26  2 384294564
9  43 1853500424
9  44 1159921300
30  14 1028500802
40  29 735698624
35  10 1601150848
7  20 862209609
4  9 118976614
22  20 64342774
0  48 420321847
15  27 2066150147
34  27 903221050
31  34 1387492848
24  26 654860843
3  47 1591143443
19  28 78941284
2  46 1781050116
25  5 1915911107
16  20 751784902
27  26 1079339403
16  6 2000064200
42  48 1633662701
47  22 768785307
17  38 732566053
23  4 1945091625
31  30 1261382047
41  10 1853120392
2  29 283994327
25  2 2095072136
21  9 1551336954
16  33 467290011
22  2 883025254
31  48 1303624621
41  12 1989468677
26  18 1251017071
7  35 1925160772
29  49 390118942
34  48 2106294438
6  38 335953929
32  5 1426200184
8  33 977071851
26  22 1974876242
43  15 1368990368
36  32 1065854686
15  29 1602607056
37  30 1557283246
33  29 544299497
15  20 600180127
39  26 813504029
21  36 938226727
40  21 841311159
47  2 975438760
2  48 1011382383
40  23 1810557286
47  35 2106072637
42  32 2025313054
42  36 1037403692
39  17 484919287
2  18 182036009
25  38 785543638
12  26 1892270193
41  43 940641997
8  35 471934442
16  36 64767813
30  3 1568318040
31  2 2072912074
40  18 113435264
26  6 1390479829
20  14 12620088
45  7 1198616926
14  46 837085665
0  1 1318317290
2  36 605436613
27  6 196830285
1  18 651246900
21  25 285994254
40  47 151854105
43  10 341961957
45  24 237505570
7  48 525148576
27  46 1206538718
8  38 1627556206
22  8 1829987411
7  24 1018342156
28  14 1644864104
44  36 955516415
2  1 1555103570
38  18 1530569710
34  27 1074806264
35  39 745687437
21  33 1789343720
5  16 1217256786
23  6 919267822
48  9 2045336126
27  42 153442247
16  13 1869680951
36  49 1498164903
30  11 703041410
0  40 1304402332
1  46 1204941929
13  49 1642843714
42  26 132913646
31  32 638390164
37  47 1986196658
19  9 1127834079
29  25 720613466
0  12 200668844
14  13 1321692681
5  12 1590004043
14  47 891359593
34  19 2078413140
14  5 1360144438
47  5 456788565
0  10 1340865348
7  36 957136559
13  31 28595863
6  35 2076699777
7  38 1326721187
3  4 917286037
12  42 1169941953
32  14 1534413555
4  20 814186855
1  30 1659583685
9  14 1617705733
12  43 2128643708
21  13 1215103299
40  17 408544295
1  39 1819567593
5  24 658666516
7  13 245907977
33  8 2135695357
23  29 872646028
8  43 1137825019
14  17 1937469952
22  27 1629968468
11  45 715680547
42  12 1490995301
11  3 1943698800
23  32 372652853
31  32 1097997834
18  27 853118296
23  17 851850486
33  7 1083428881
40  41 1055729455
16  18 1488525157
33  26 547069201
10  17 801068560
45  2 1890195202
14  19 1554050287
10  38 309588467
12  5 486324758
8  43 1756940707
36  33 579155399
25  49 172712781
43  19 899105059
28  4 369433284
19  27 620031158
42  31 1190326608
42  1 473404442
45  9 611875040
10  12 773842277
16  13 1592039353
19  47 2046300369
29  43 651479832
28  23 1311891861
34  33 644026034
43  41 1157465519
23  40 1818134858
24  17 1272433142
28  12 2003962472
46  31 682201934
19  15 861203200
34  46 99578367
16  45 949891690
30  4 76182341
10  31 122352339
22  34 1173204384
26  9 166868079
27  2 2063573962
42  35 1783022870
1  27 168292948
49  4 1010237165
41  48 184904491
16  4 1639871530
4  13 2081282894
2  28 146466031
37  1 606716293
3  20 1092197755
2  1 214018769
40  26 83905923
31  28 1831581400
28  10 1144634228
38  39 164079498
11  34 280867703
12  1 1839903915
18  1 64358426
38  25 1199430765
47  28 47736662
32  8 1663935474
32  5 1710372914
0  30 1144757486
47  48 2094268561
7  23 522112002
37  30 1338118693
14  5 1458351474
1  28 686846028
15  29 1462344851
35  44 320395093
49  10 618625469
3  14 739074455
47  10 892692274
11  45 880914354
1  18 792592989
21  2 439748276
36  35 831589548
20  16 390287695
0  26 1668671156
22  3 163109790
7  27 313931002
2  12 1246082896
3  46 466914128
24  18 2106286390
3  0 801440787
23  42 1068020084
45  30 292310780
30  16 573658095
25  16 1083208499
1  12 1644543988
24  25 78622646
16  48 1420980061
23  6 692269961
38  11 403220199
38  15 1715734392
48  29 1226763154
35  29 655893280
28  12 2001856478
49  0 394204654
29  18 990877817
33  23 500921386
16  15 1629784141
0  43 769141690
11  42 1167376225
30  33 2093411752
9  10 1091526450
22  16 635386923
11  45 1940251981
21  42 1315948714
37  16 1746097915
14  49 1309021140
10  41 579861911
29  46 648807522
26  38 690070753
33  23 199472291
37  28 120352374
8  33 1284631929
6  35 488191313
26  47 337054679
30  37 889037353
9  22 1968726216
6  3 335134638
33  39 413568196
20  19 1901479131
29  16 315957276
24  48 1092142034
44  11 52344126
39  5 1851128288
10  8 1470847193
17  40 842334214
13  35 1941562194
47  8 96804687
2  36 599038462
34  4 1179416737
29  26 2096354456
37  18 1553109069
7  26 166242820
34  9 1494827304
18  24 333603479
31  41 357423717
17  6 2014776319
24  42 68225003
49  1 1565888456
4  42 1208347882
13  17 1118732320
20  8 120596192
46  31 154944484
27  37 604521231
9  7 1715414342
39  25 1574861259
3  21 324971915
25  4 1060852219
21  17 1339613157
28  26 1554424719
19  10 1260681227
35  26 683989310
5  40 2033871155
4  9 1982269512
25  29 43912332
29  0 513562570
11  39 36253749
46  7 767486840
9  33 2117534368
1  38 1360515359
29  46 885587169
4  10 328972640
28  36 607516167
18  48 486220086
48  0 970755031
1  25 266023486
1  38 1526373381
44  10 1168610028
8  27 759010186
13  43 577682400
27  25 2002524519
46  45 1726677855
15  43 1019595460
27  14 1522395269
25  18 246447654
20  27 2137540398
38  42 1075854026
29  31 1129789451
2  47 678027194
30  24 1137811333
2  15 53295024
12  10 71519095
28  15 616068285
24  4 404742010
16  48 2124263303
16  25 1167099249
33  43 1027697650
11  45 182584650
46  13 491327649
24  8 578126034
30  24 643754720
12  18 22700531
18  4 1541499785
5  23 278187585
48  1 1338964629
18  24 1448978334
33  21 1248905815
10  17 77069656
3  27 168295855
15  17 1744064069
7  46 1919565509
4  9 1836409719
21  17 1754101807
27  49 210026430
27  18 6195707
7  48 1010414541
39  9 1519837441
15  21 1107098668
31  49 1231792528
9  15 982198069
13  31 1459907527
28  36 329967516
7  37 1705207726
42  11 1120468637
9  41 1208647712
9  8 19550768
36  4 1640123470
28  16 945893428
25  19 2140000036
36  32 1110789685
22  6 253466418
22  34 206629042
