1250 50 5 41
40  23 2082623436
7  36 1184775872
42  39 2000141989
27  20 1319696235
1  34 2048882806
38  16 1277332305
4  17 1629884207
19  37 2118195395
28  36 1493008189
48  10 1316284886
15  23 752617477
22  38 39207886
49  9 1985560798
7  25 589095248
15  18 1336982689
44  7 45729287
17  27 1786595972
0  5 1375713912
46  18 576155011
31  37 1778976487
35  2 300833390
32  35 1790200463
33  20 1552685950
8  29 1095464095
48  6 1863336346
49  40 1001254056
18  31 1614240665
13  23 1597658075
1  26 1028355287
28  37 1235200990
3  35 1467068395
29  27 134978728
46  2 1132154461
11  33 1671342817
45  16 662682731
17  5 944757101
27  1 210223787
4  19 1999208825
45  1 1235705295
5  7 83089188
19  2 1232405848
8  5 1426480865
23  10 1595606510
20  46 440665854
18  28 789024556
29  4 209059688
10  28 1642154546
32  48 285479509
43  49 259673469
13  10 4764243
31  43 2051326941
42  34 306788969
43  29 687258701
18  28 36838436
10  37 952667960
2  32 1883512084
38  10 319337676
4  37 603943882
11  2 925060076
8  9 55945495
13  17 2026505702
35  40 1769357433
29  30 118653153
0  44 1292113969
31  5 1791321453
1  34 674931671
47  32 1961381638
35  13 2045659459
25  22 1217863211
29  18 1275602019
21  6 570246524
5  15 1339542821
45  36 1952227949
46  2 849707171
36  49 847877991
41  28 1090566576
12  38 2048884352
18  14 344510113
45  14 643395036
17  13 1945250772
33  23 729679426
20  26 1159071364
14  36 634486684
36  40 1160188422
4  35 1561389741
49  32 742956708
44  25 2098764207
21  2 504322771
27  24 1791614584
23  25 1062644471
14  43 1685793771
8  23 676591263
1  2 95828461
6  11 1124402391
42  27 680173917
27  48 694040263
39  20 862733894
21  42 1235896065
22  28 116815028
4  12 704435438
2  44 2035486899
0  31 35394760
6  11 1014911532
26  14 156094179
9  26 803644721
27  9 1412146796
23  20 1389939203
43  48 1543885875
23  6 825133155
29  32 961133658
8  34 1380382078
48  10 893892662
19  2 109413696
24  12 96115886
48  17 1285946287
12  44 256876139
31  43 1437967239
47  46 1952890287
6  38 846586516
32  35 2032696020
4  31 1314199049
36  7 1849702449
18  31 1657747300
38  39 2109936610
31  0 1911035232
28  25 1044937232
44  36 1015436993
15  28 1855371752
7  19 1282379803
29  24 863080457
21  47 374974640
19  33 770197799
17  45 1074514993
15  25 362339642
10  22 15183269
45  30 95232772
37  11 878735882
22  9 136671216
27  37 2050100286
49  1 610017388
26  29 1930013951
28  3 542515990
33  0 84947002
23  48 344022754
1  18 594432177
29  40 1170282912
17  22 1462941856
17  33 317663052
11  8 1441717276
35  27 1886747996
14  25 1354096661
22  41 1672920566
19  18 4343938
14  33 1082942380
19  4 136345501
37  11 105605074
47  11 791673788
41  34 1021698552
34  7 1445700167
8  35 1479378798
24  27 602950703
26  42 1289785129
1  15 1158096121
3  25 1138150953
15  6 1559292962
28  44 677927259
12  31 1780130754
4  2 486224547
31  47 1024924453
31  22 1701875241
6  7 1941279268
25  27 1408108707
45  11 292903478
22  7 620740068
43  21 994299020
29  23 1122598152
7  11 1850034474
8  4 163406960
45  16 1355067612
43  37 1980271576
49  12 861540416
42  46 1757957972
8  46 132494117
40  8 2055285046
28  0 939175332
18  24 1755891138
10  4 2145638598
38  13 2083370173
9  16 363505523
6  8 1614676555
37  47 777648535
21  5 1744149090
47  19 1534098660
14  17 748135902
45  0 742462747
37  6 274973017
36  20 962802882
0  48 194909417
15  9 1036031004
21  41 738617077
12  28 844548397
31  36 2034265836
3  29 1743759269
5  0 2021933380
27  32 1896884652
48  11 1360672189
37  32 850782020
25  14 1881969936
16  28 460176456
13  7 356875652
23  35 605717411
7  41 1628524547
35  42 1622673975
42  6 205570666
4  42 706516860
11  30 941122477
39  40 760360420
8  22 1633030299
0  18 1147235540
34  21 1209942924
31  0 1500895859
19  21 1395468399
27  3 117294806
3  13 1648294665
39  14 1357174587
16  31 1893808606
24  46 349689337
47  44 405765996
0  1 531751696
34  29 1927228399
4  3 1481171720
11  32 736279165
30  27 1513286202
20  48 1250959730
6  9 1515660373
14  43 538019204
27  25 471996434
5  2 1335580307
7  17 1882124065
18  26 373155393
13  15 1825402926
21  28 1385079721
37  29 933554185
18  1 1583863103
34  21 1613816279
34  9 786937962
10  6 1740248473
2  10 109980967
29  25 1716552242
39  35 2116016625
49  33 1672370635
13  20 916469706
8  21 1265238961
32  18 806647317
28  0 1134505550
41  9 228003071
44  37 1961975503
11  14 1021326778
11  45 1891888743
44  27 1923892678
14  45 87308625
35  0 1538625098
47  25 82384383
10  11 477532011
20  44 65131850
16  48 32831989
17  30 1763051701
27  42 1926045008
48  36 1646812601
24  12 535838717
17  39 1422776895
34  45 902189063
24  26 2015410022
35  37 876551706
22  43 1410980144
32  12 2130559030
14  39 1556635490
5  31 1104060338
10  29 1198781193
12  25 1255103535
29  28 336210095
49  36 251267352
0  33 1224721101
22  27 2183926
2  24 1794193218
5  24 263073366
28  9 1184392039
29  36 718449617
24  39 571758384
2  25 872867078
30  6 117104925
10  3 720384933
27  45 1778219699
42  38 1188125
34  41 723444654
8  1 1833854673
17  29 2093795425
15  7 290533513
36  12 1147592559
48  15 1533344215
13  8 1870757507
48  41 1569745613
2  49 400033954
38  37 1777457834
25  22 592043853
16  0 1397111013
30  9 130791103
21  45 184019869
22  28 1372547550
3  40 928166674
30  45 642154119
21  19 1961085832
21  43 290909674
47  25 22026226
21  42 1626059304
45  21 444436490
26  4 873210128
17  24 1328278399
33  0 1707356538
31  4 88526128
13  21 1785240749
20  4 1023282370
10  45 1502444003
7  3 828397114
49  7 318356905
36  40 551915191
9  32 47091061
32  43 1792058106
38  48 1928767202
18  11 2129647431
49  11 1302033181
19  8 1713898998
21  36 188381047
33  24 194461243
38  16 1863477950
5  0 1265015274
5  18 513824989
2  14 1132421050
44  18 53003548
19  5 68695237
30  2 1015475852
8  3 1638696740
27  0 1037284874
20  8 520804237
12  29 2037735139
41  36 243860382
19  49 1640150570
31  8 78607139
28  5 642090717
25  11 1529606711
18  5 1039142458
31  2 731209491
28  10 920470145
29  2 1123813232
14  1 1315948721
25  32 90650968
18  4 1942893296
26  31 707105094
4  10 1971867841
13  40 911735286
38  15 885443920
35  23 262559278
8  27 1099495502
14  8 1044827624
7  19 327865235
15  29 1300164672
1  49 665134381
33  25 1282755329
2  32 98145707
18  48 2009277288
25  39 1167862204
14  31 118897473
43  5 1875722690
37  17 252560781
0  29 2115137332
0  31 1348893457
47  40 641061256
12  4 408326879
33  11 369485090
13  38 1535170232
42  26 1677267560
46  28 1649634152
6  2 1888715383
28  6 1433088550
7  47 373848507
18  48 2129730215
9  0 1003558375
46  0 315034250
40  8 2034873876
0  2 1361818769
44  8 1775609072
44  27 15956191
21  41 1644709646
46  26 1560998839
42  25 1158719659
10  36 677529189
15  22 1285673318
7  20 1667336828
0  13 595380657
37  44 34639051
39  43 2039892634
5  24 1886252968
45  21 135019653
18  35 1672883362
39  34 530506422
33  4 338138628
16  24 1105357544
22  15 427703247
37  32 466907359
20  7 15243716
37  8 1463638175
43  29 514102131
38  1 1227878135
29  11 1424272582
10  13 859414879
33  21 1529244091
45  48 1787778357
41  32 723757884
27  21 1278587323
6  42 290253134
3  13 1705856255
24  28 143643083
4  8 251571560
18  30 162620953
13  7 1814438066
40  33 1919206514
11  15 2115501055
3  27 864710352
37  30 1619599385
32  46 1161830606
4  16 147878786
16  30 2074212875
33  31 1911464316
18  28 47088519
16  35 935251819
29  33 670987881
41  34 558644899
35  34 1586505761
31  34 164615930
23  24 326036433
26  11 1750500526
35  19 102174154
39  15 1570276356
42  6 369931115
11  22 172595603
20  38 2122852081
9  47 1072111060
32  43 1429791002
23  26 340771722
15  9 1309686975
24  47 302540940
3  34 1887104592
4  7 335777857
22  41 1567039266
33  1 1287481264
2  22 671031532
29  30 383475910
29  30 1917891552
36  17 142737442
8  46 1333423183
38  28 621704243
20  43 1664203982
2  18 1616003837
39  44 566076308
1  43 951525047
7  14 1353416356
43  31 988684300
10  37 1686727384
48  20 1143085265
19  7 1978875551
18  1 1246570773
12  13 1422587454
34  12 1239700922
17  16 557609528
31  9 705329815
16  8 43594185
31  16 946070401
40  24 1530817519
39  31 283404478
44  42 77237845
30  6 1317795580
22  41 291965490
1  33 1599045281
34  35 2080169934
15  41 1913821548
9  5 387894260
36  44 1982650475
18  6 922095821
1  32 1816101782
25  37 284959176
14  44 1536109016
36  26 81681242
31  42 1340573065
30  8 767968400
32  0 185414161
12  23 1701767988
23  13 1659142076
43  3 827450658
39  30 906068891
11  19 1518487714
27  44 660160535
29  0 751873018
31  3 328683017
42  26 319945372
17  28 12618929
5  17 1983691981
27  36 1825021014
12  3 617712361
16  32 2035313750
5  34 308107237
44  30 1850721860
16  9 1566682716
11  18 1663568222
20  36 1556337708
38  11 341518481
22  28 687027957
9  33 84498859
37  27 271749432
14  36 1298596992
3  16 2119151593
23  20 1193470166
14  30 311077061
48  41 1967184204
21  29 48853746
1  34 455565843
39  16 1107432130
29  34 318054620
8  45 1175792807
43  2 4007582
23  37 39270877
44  47 148835447
0  4 960912491
2  42 1406462585
36  15 2014014384
48  25 130021220
29  5 621976027
46  17 2017680022
22  20 2988085
32  22 1181398520
21  46 925558373
10  41 1593419802
38  14 245237686
45  16 1391088739
32  14 1930645388
18  40 1432357861
4  32 196460913
30  27 1566329990
14  36 84048583
1  15 1690635807
13  26 964813753
21  16 55113317
43  34 667371272
38  47 1294502413
29  17 2011298805
9  16 1266820343
14  45 272716609
34  5 664336666
46  36 598687158
32  13 384005081
8  7 442518372
5  11 916811230
44  39 1058751600
11  25 809027339
44  3 1020183430
20  31 1094347467
45  20 1696030947
24  33 1135708545
19  8 108222994
8  14 2057046096
23  0 648880007
22  42 1064203775
46  2 1397443383
17  33 1125774684
0  20 1975727235
37  24 1175797805
37  31 1446841854
44  22 1781943176
29  41 1963381400
6  31 763940907
7  15 2031916675
13  35 1743601521
24  49 1807225844
18  47 206216833
45  37 364531693
32  8 568416306
7  18 756071296
9  39 995989182
25  0 383373626
12  3 1620298278
9  39 1986488424
42  4 1557980739
16  1 240235576
13  12 479129358
37  22 8811945
25  43 1600693732
49  4 1621245406
26  33 1556023590
19  43 574699222
11  38 1328709912
3  40 910345228
28  18 594309452
43  21 1017911674
31  18 1707463706
26  10 548945505
25  46 381732638
38  29 1628999550
21  19 2078596935
17  6 1367353172
36  29 924324441
1  28 1893086001
17  14 1518662794
1  34 1645124590
22  7 1935190977
21  36 1212890608
11  29 1286801341
13  1 1389051859
15  36 403409138
43  42 1433785450
33  9 578331568
41  28 1420176763
23  36 998754445
27  26 1215279108
44  0 978552931
49  37 337594706
26  42 2094071051
15  45 772192432
14  2 694699997
10  36 509591453
30  6 1407833583
19  1 92080977
12  48 270875907
46  0 1160345996
45  25 1626214883
13  34 1967804621
36  4 1589390118
34  38 2090488406
42  15 1182497617
38  16 25887098
28  29 1265971949
14  39 1314725711
5  20 1113313393
31  16 558076207
37  11 206328004
17  39 1335149867
38  21 400832783
24  44 879650824
37  41 918633672
14  0 650824400
39  3 522250231
30  36 466654536
42  34 622220947
22  37 655595309
36  41 1622509845
36  10 397647740
2  27 1615537788
40  11 1476538516
32  30 210918480
10  18 1437714168
49  6 1619985741
36  42 1452338452
20  4 1351456986
16  19 1688930781
0  4 355302821
37  2 1572787226
33  3 334759674
4  36 1597152912
35  33 2036035489
19  5 1196612711
6  11 1255274054
45  46 1945274062
36  41 665484204
37  49 1332121838
44  0 184939188
45  5 156426153
7  15 1504276818
18  39 1519958941
30  38 1934181293
17  10 1612290833
37  31 912107874
47  38 1158004627
37  11 300771238
4  8 315061141
26  9 1713827459
3  32 810248709
30  34 664846760
4  44 1546514481
4  15 822752114
37  11 83622260
36  23 1572258183
23  12 1879066446
25  8 867661813
31  33 1005927736
35  39 1972276533
0  21 1565287126
16  12 1199752863
20  32 937243441
12  38 45433373
8  16 181364836
23  9 1403790267
7  13 1575496794
20  2 131661603
47  38 772789633
44  12 1143630940
26  8 1313254103
0  32 1583807961
17  0 443545520
10  29 1180487817
19  45 227468677
35  18 306081420
43  13 2083776744
2  9 2035659200
31  22 113310840
36  41 1639971573
24  0 1353017129
27  35 1201839234
37  38 307817226
6  44 1202721292
46  45 160952943
27  38 61890781
26  16 2127876345
9  29 2047386088
20  39 620803831
23  40 155217707
30  12 281613100
24  14 849038813
33  6 1151039154
11  49 1451459342
10  32 586517499
15  34 2006818897
5  32 1920850495
43  41 239831415
37  43 2052900462
41  16 1884302748
8  11 961337279
28  46 538793340
25  24 245898329
33  23 1839460746
38  43 1742316636
32  31 354042123
16  19 1875138791
13  1 2102600822
5  28 2018900085
47  38 409507185
47  5 1139786361
37  22 1262563770
18  31 1098091068
27  45 24344170
41  29 1714129461
15  37 1830773383
23  28 1617117726
16  25 1526780502
3  28 27137306
42  29 2126477909
32  31 1922382558
42  27 2007586046
15  39 123820975
16  17 1599122124
41  7 1137500859
33  42 1656629247
28  22 984368925
14  42 1431130553
23  20 1798620878
12  30 1222098761
41  44 864614532
41  18 1784101727
11  40 1941574190
2  1 170242600
21  1 717905567
37  0 1157612061
19  40 996998057
38  49 536604133
34  21 46877922
30  10 7234093
43  2 358279789
40  14 1870482262
31  19 163572418
22  1 520426237
32  35 765699024
22  29 1371327078
39  6 1182949695
44  2 1453824096
0  47 1821466383
5  9 556589460
36  34 573972346
40  17 236355599
49  40 649630998
16  14 570797968
41  31 1381545780
11  30 802433393
23  22 1574812809
38  26 1453102675
45  22 1570760764
47  25 207919985
37  1 867922710
34  9 374081268
32  27 2029700599
4  11 984984676
40  4 1788820510
43  14 1425215245
40  15 244355717
27  26 1612601380
2  27 100642747
32  44 804392315
1  22 1823349566
11  9 718938398
11  27 967058271
28  21 712565945
17  43 2070043798
25  3 1635426176
9  25 1097329608
14  5 2001722315
49  22 575611864
42  34 1119330333
39  26 2041105324
36  15 1295685883
4  31 1320781525
7  4 1215467281
24  37 1737420026
15  17 1415603031
40  48 585778327
40  36 984482462
35  20 1126474335
18  47 1458464250
12  3 1000632203
25  30 1490694062
28  10 336581563
31  44 608592681
13  21 951032988
11  35 965962378
3  49 725329359
4  2 1151331320
8  38 634516036
40  45 2029470847
9  25 1750070975
38  30 134577179
7  45 1821034442
28  24 1716976034
11  38 249499623
14  1 1220507066
11  37 1164716934
31  43 1901087140
46  6 1283666726
11  14 1618545510
3  40 2027119122
49  47 334967985
12  37 1212759173
33  6 1135150653
20  30 1832829943
29  38 1364409135
1  34 390822094
29  42 493919510
35  11 166939639
26  38 49244393
25  29 335954212
41  26 990550159
42  0 800288447
40  15 323997214
9  7 841415187
5  37 562295952
15  29 481752988
33  25 1525895111
29  14 1064222046
35  30 726765146
1  0 1847381837
46  29 2000380730
19  30 423502848
7  35 1234855742
40  30 1895682049
4  34 1602110954
42  26 1043323013
5  34 90521746
35  44 1395148375
25  45 178239221
19  43 285607226
38  8 1073506649
34  13 1600918384
32  42 1303194809
42  26 291843657
34  37 701418873
25  49 1421961151
19  47 558423886
13  4 1644606667
28  14 2105504412
18  6 321030
36  20 874014694
42  15 1021437828
28  34 591448834
23  47 947509156
22  33 1540352947
31  22 1741439626
29  19 2116603421
21  49 97297658
17  5 1583363729
17  40 161215417
10  29 1689690587
10  37 1634776482
47  16 931567039
9  22 1851070610
1  37 1001055517
3  41 90291813
19  18 1050383180
45  13 1389057697
25  19 1324800143
8  9 386692037
30  22 1608582292
47  14 1849426798
48  35 1071793700
40  13 2061782382
15  1 1575636590
25  31 1480601247
27  45 1931623074
1  0 47751160
45  33 1602397094
0  15 232892789
21  6 889140823
12  2 1566073580
17  40 1507492739
46  30 684201105
22  42 1054162412
48  39 2121872493
32  25 1115934804
1  9 642645737
38  16 440030124
22  5 707157873
26  14 559234101
6  2 287997072
35  22 1246155129
1  32 913677981
6  32 340446377
16  31 1924247123
14  31 686792149
43  19 1838488788
37  42 115700094
47  45 8152940
39  45 973050074
12  47 1124598123
31  29 1639933550
28  42 557854017
34  15 1746919721
8  16 867587792
17  5 1705662032
20  49 795908987
39  17 133373008
24  4 1673106007
47  44 1992948219
49  27 791600819
37  9 294208455
12  38 1030764559
6  44 1769544386
12  6 1525676654
45  14 1967185323
6  37 547832802
2  30 627671919
46  16 1532870438
1  30 579198448
34  18 825945458
21  40 1685670800
20  38 468057308
4  13 1381127543
34  2 319492166
35  12 2134301198
26  21 960898026
49  24 2047833862
15  45 492618948
34  21 47465827
0  3 1096938017
41  42 946255089
36  0 1554536406
12  32 744832041
20  11 878683306
4  20 1905120669
24  33 1718668114
21  38 1497249144
32  34 1178099158
10  2 967324014
29  12 714438597
10  14 145268267
26  23 2109696221
2  29 2115116001
31  3 43569473
49  11 254847130
25  6 1441380097
42  3 488904571
22  14 2104901828
42  37 959577241
1  39 851276500
28  32 1967711833
38  20 619435456
15  25 685651644
42  18 734225688
17  20 1963047755
48  33 1793438985
16  7 688022967
42  3 1318176984
30  21 1058279723
5  42 88880628
43  33 2145009316
41  45 1270460110
47  43 1251315802
13  15 2090135013
40  11 495389458
36  2 602262688
37  20 2070965375
2  1 417082678
33  26 475437682
6  9 1541369405
44  29 1691656041
38  11 2138439460
44  18 1336503629
1  48 287160808
45  42 975827997
2  24 112240418
47  6 1684400960
34  42 1668075447
33  3 1926844965
13  12 2110557221
18  12 1072374404
43  8 1356244485
3  32 1105382710
6  3 1844757845
47  29 1980477097
46  2 1494146382
37  38 654603634
45  43 863531183
31  35 401500235
17  37 1540863459
15  7 496756968
19  28 293779680
43  21 106014002
1  8 175437666
43  5 1452819427
26  9 598729522
4  40 1134498338
19  39 1435575104
36  35 2006781450
8  40 66608101
46  3 911919775
36  46 2073608865
9  0 716549220
22  1 736677648
48  35 66991156
0  26 701538001
48  21 2059325778
5  27 204360865
39  12 1658581018
26  25 1791456005
5  9 583893434
22  10 325472713
2  35 839413498
27  5 664450911
21  23 906464927
9  11 1959471777
42  44 1264682340
46  19 1025531537
38  30 27488629
40  8 1382747508
41  9 1269498857
38  25 1941404921
16  22 337487025
37  5 1559076188
21  32 512836323
16  31 2140711576
34  12 889731563
15  28 4860681
25  45 1467038051
10  20 279642936
36  4 169935821
9  42 224080633
38  16 393184264
44  24 42020976
8  14 1878513485
29  1 1989095376
41  12 1606490279
2  14 895291135
27  47 748513641
33  0 1227275147
29  7 1825724499
11  47 359850193
23  41 1495264397
16  23 1475199645
48  25 2027704219
17  43 884925605
12  49 1649664615
31  7 1779484436
28  3 167060949
34  48 1822419951
49  13 1185796183
22  47 761533744
24  1 1814678371
21  12 895463304
36  14 970421787
38  22 730958560
26  36 940654328
2  44 1566842952
18  43 1754867818
31  13 1125339140
22  33 120982984
5  9 1639952453
19  0 187929223
14  49 416692217
19  47 1104161621
15  41 406919401
16  25 259886089
23  44 667728379
0  38 965796708
19  5 1388435966
2  25 213057405
4  19 1043465038
6  33 355944475
6  1 2123478700
4  26 1305601374
48  38 1277780321
8  7 1900862264
32  39 316811746
15  43 1080765100
17  37 1044584310
34  24 493121482
8  5 1291363795
17  19 1302701294
12  28 344396673
17  22 947090183
31  25 1678905304
14  3 971613009
44  45 1661118057
20  33 451505432
29  21 975953183
22  19 305833253
27  30 539370090
48  24 1519349465
43  34 42820717
8  25 1400996084
48  14 942157230
14  19 363175268
0  16 173781342
31  38 441433210
22  16 1212153474
30  4 46430366
23  4 1316194949
26  36 1265028205
36  39 253606714
1  0 1628537655
21  28 251667713
20  29 1239723514
43  6 1816240790
35  20 917545851
27  40 433342547
3  16 1236343271
10  16 669569305
47  3 24448058
16  45 1206577256
7  44 1455373353
34  22 1380409310
3  1 1303182964
27  40 199037524
3  13 247871416
49  7 1659111767
15  26 274124089
49  45 1100003773
29  7 343043681
42  26 1601576705
17  46 1465858856
5  33 1253154798
17  33 1849959606
0  8 2112845382
29  41 1581523307
19  13 1353388353
45  24 579316711
24  23 1482578638
26  48 394165097
1  46 131426814
7  39 585998660
45  33 518805742
25  15 1868820310
8  36 840131794
0  27 202136384
12  43 1611176900
30  16 296781582
18  13 3261506
11  43 682295775
21  13 323636097
44  21 1759437333
0  10 1264170132
17  33 941265230
49  1 72770703
19  3 2035286047
9  33 191687266
42  18 1403597910
15  1 1105071572
25  13 1466939641
19  21 1991337968
44  10 2011945235
31  43 1397565359
28  29 2075898245
37  22 317216899
45  25 609759370
25  27 1828765593
38  20 325847582
19  16 1734132703
44  16 510092464
40  13 1873345714
30  34 1969379766
13  41 1592936925
28  35 2074067134
19  44 1059354497
33  35 198074576
35  6 80104465
0  16 2049724352
32  43 1871744053
40  42 1596729568
26  11 736691356
30  45 860348969
11  7 801130373
7  40 1696607627
24  38 830337908
9  25 406403291
21  10 1247204696
29  21 1970310762
31  27 1808151635
16  43 507829135
12  36 1695339986
44  32 1963863166
30  27 239222495
39  46 669077090
34  15 126040175
3  18 1888324556
3  28 1484074891
24  6 1064814403
14  37 1636280265
28  36 1102935967
34  28 888914379
37  16 42933065
28  30 1506252951
33  30 466848082
42  3 1649017443
19  12 1564218536
2  33 2047329490
24  12 1302069992
42  43 846469838
8  19 1995013338
35  32 1968502301
11  33 1786931689
8  31 1423479468
19  29 1760756715
17  44 2125409168
30  39 220148763
2  26 795286566
24  20 1805335575
49  37 490373257
48  13 1374205789
49  24 388703957
