1250 50 0 45
1  2 1889049001
26  46 1375435292
1  34 1175406331
0  22 764335918
26  32 1362631264
25  26 819591076
48  30 1718011214
19  3 1718041362
22  12 15952461
35  3 1877314628
2  5 732923635
2  46 827622278
47  3 1736237870
25  19 1368853287
19  4 702745837
0  37 1391203234
7  16 1852114578
7  8 1439360449
19  49 1195339295
43  46 2065903265
47  14 253763213
17  7 1407542874
47  22 1826487808
17  24 592950846
32  41 181177983
19  31 1404778622
6  16 1287320785
41  16 1816262764
45  23 319221515
18  39 1168816030
11  12 964114407
14  17 1523477163
1  27 1351627163
44  49 1864579830
39  17 862746088
16  20 720374231
48  21 1843713154
46  44 1766181973
14  37 1201437895
39  46 1289491805
11  3 2088040153
32  35 1174683713
40  18 1966478009
0  43 1294499916
14  0 2119520573
27  31 1538338603
36  48 1303384141
25  23 1073208892
9  12 733791827
15  43 1338790516
44  29 1035887820
34  26 323462475
37  18 429941254
12  36 126059645
47  24 2119321922
37  48 1531791374
47  14 1095198077
45  5 1238935106
45  18 717236534
28  26 791297443
21  34 590261028
48  17 1956743428
6  38 818428667
39  21 515289269
25  33 1388460448
1  7 1336311102
5  45 1141311250
6  31 1807169083
37  30 582996924
22  30 805629019
28  8 204831803
48  41 1536595270
40  15 636549420
45  4 1963487516
27  13 358937817
38  5 1253016338
15  37 128926259
25  11 1079438930
49  26 1826559740
21  32 1116282075
47  24 1351989977
12  10 1053635939
10  25 158539270
49  33 1038562822
22  2 1305705937
14  16 1892066605
32  16 809389694
2  40 1493625820
2  23 729123919
31  8 1891639987
43  13 532312667
34  18 770358163
9  10 1837455454
38  28 968674465
27  45 754357616
31  7 1513157217
15  26 1893511668
19  38 1802663684
24  41 6048423
43  31 1752643702
29  41 235002337
11  8 952425860
26  24 1184396114
0  36 117494380
3  4 61036573
30  6 1433017975
44  29 1220359116
46  38 1559412808
25  8 370805104
14  39 1995237215
38  24 889826470
42  47 1939346830
6  48 137438403
9  16 1148799070
25  8 1700861142
17  7 547232462
41  13 1554105112
36  44 407829798
14  28 1183697509
38  26 1927514231
22  19 1709099552
40  6 1638110185
27  33 1665272433
32  45 775988886
4  38 1331497602
36  41 840479840
35  28 1244623422
39  46 1121223244
13  43 1863772074
14  29 2140281315
38  18 588267588
48  10 88277402
22  43 1864353639
35  20 648488694
4  23 673754682
29  17 1177131616
23  45 700353629
35  16 1480730564
24  15 1278578051
27  40 302356544
38  5 1236269691
11  25 2137426364
26  44 1475428831
22  1 1529172373
46  23 177546129
47  4 2118393100
3  36 440249955
23  20 70541739
40  46 2140632541
47  9 286166619
10  42 1906772565
41  47 1135646555
14  8 108806099
28  49 1825957289
1  22 1450791543
7  31 477808767
24  15 165301837
27  8 1407146534
36  30 1301474932
44  8 1483768893
36  23 421795200
26  41 1615041074
6  17 1546286622
28  26 1477183876
2  47 1860017965
8  19 707968914
36  13 537525399
19  36 197999012
24  16 608263530
0  25 394590987
17  44 697932950
26  3 1833464708
31  32 716666174
49  35 2139746487
21  49 347883514
14  34 751414948
13  6 1599502799
32  31 520604110
3  35 1132894594
18  1 366455941
1  14 358701734
6  18 381976145
3  34 1594269563
32  6 342814343
27  13 1094547219
40  13 1331381205
29  45 1232963991
35  31 560354852
29  46 1598553013
46  26 1519884086
21  41 1973077759
39  42 831996684
4  40 2036271702
30  33 1583778866
46  13 1708716431
43  49 793715621
38  1 1554509814
27  26 1572096179
49  36 1711613398
10  34 97639250
14  20 2145854606
23  7 1973315597
30  35 706118441
48  20 1047250519
48  36 843028181
12  35 47857394
4  46 1756305041
22  19 1703204967
14  44 246737705
13  46 1487645039
8  48 1478665609
39  45 1917275577
42  24 220354079
12  4 102720968
40  16 881822962
7  34 1542840794
21  10 1896688581
33  24 844358927
0  36 885224288
13  27 615533244
14  7 909350877
8  17 1237488338
31  35 742556171
23  39 189477597
29  30 1753128559
31  8 1249305812
40  48 109123079
47  23 104852385
21  4 323458948
45  7 558705236
35  1 1144546844
32  39 1189783953
19  49 8499602
6  18 796169819
12  45 982773513
1  33 1020093858
30  20 408319621
2  48 1668544631
10  15 186016344
14  19 1546665797
48  11 1853634418
38  44 2089997680
11  7 191706541
23  27 1565165256
25  41 318424907
7  23 756505362
18  28 292168607
17  24 1253908677
2  32 776626141
10  0 1140203176
18  43 148273617
30  24 263396069
12  22 1101173396
43  25 1693333882
8  29 139110767
35  47 1615486035
1  5 1087868420
21  36 467472190
8  39 901948985
3  25 1477680419
0  1 556427083
41  40 2066230306
18  30 114403844
30  33 1265511352
40  28 418590902
19  1 158628015
20  9 1139161609
24  20 978129301
13  40 900115649
15  36 839380302
48  9 2080033099
41  34 1809078722
29  20 50195789
19  21 314399912
30  22 904697973
15  45 1053869518
22  17 986341469
41  4 1377810585
1  42 998727742
43  12 1310090658
6  37 1370434113
6  29 672069092
28  29 1403995129
30  46 1170887511
43  0 52437284
33  15 1273823663
34  29 1639079871
36  47 633214787
22  20 340406859
47  33 543162932
10  42 1304839970
4  3 322823381
24  16 1243304204
38  33 949340532
49  23 330965141
28  29 2132494751
4  43 157103682
41  5 807389002
12  13 799823373
26  28 2071437005
15  41 1354428637
44  38 915559878
0  26 1515629920
34  13 1028771467
23  20 701411339
43  45 1669232841
20  36 409894820
8  7 600144566
24  35 1252588057
31  35 1615055358
39  10 2064490347
11  28 903500819
3  5 1629305575
16  32 563746457
22  23 1992271581
4  41 1210259488
25  20 338349726
19  38 1884519853
6  8 1943607553
25  38 444827727
9  40 344116680
6  28 1678957953
5  40 1631870663
26  0 2040861657
38  41 683667381
16  6 166014144
42  17 1380601315
18  27 609231244
25  10 1576804606
18  36 1223853829
33  32 809499926
34  2 652567985
25  33 279772030
45  47 1105833546
34  0 49196484
37  3 374853733
24  30 1156997003
8  41 1531937475
48  1 1920715712
18  29 303737887
29  14 53685948
49  16 1667638762
6  18 1900447080
25  37 261485392
24  39 1001085985
28  31 1244134568
4  43 1945344945
29  41 880194931
9  34 460847479
48  28 141064975
49  32 129464801
10  31 2095938239
0  5 534984274
15  28 240796998
1  22 1819231864
28  29 1229660885
47  0 878182896
2  44 189672380
5  37 649773858
16  17 1881368674
21  28 1451174676
23  45 338279778
45  47 705419428
27  16 24670613
41  22 1948511800
23  38 104001775
12  46 290894203
31  6 2021772884
43  5 316874026
46  24 1834679339
44  48 533764871
28  1 695227982
44  40 1397756054
27  17 1704705262
44  37 1963984366
9  8 875972414
39  9 760661552
37  28 250403636
44  3 1995999982
37  24 1919778083
14  10 1517477948
0  18 406953144
27  7 5850937
12  38 1774254446
4  6 916599756
38  32 1561886677
10  35 1999669961
33  43 1602305662
39  36 988304291
17  20 737695910
30  20 756876605
48  27 1316375921
14  44 1868593291
37  9 1346610494
38  18 1866928147
34  8 1551388513
28  13 34074302
22  47 1328661626
45  46 2119978207
31  7 997195489
19  22 1780539803
45  12 379664734
7  12 1374794550
26  23 720988355
11  16 1505978182
47  45 426192501
17  8 241281117
44  48 1565361090
45  36 1924176385
13  14 458445712
49  35 1642528967
19  48 1420484351
15  10 1032613179
25  15 1766334700
38  34 808659791
5  40 194762156
12  43 894189730
43  25 724070259
31  11 968298828
4  24 1144343749
30  45 1499167513
23  6 891512305
15  5 1510464501
4  13 1922629746
46  10 283148240
23  41 1101206704
40  20 1215700198
24  5 1794798096
2  39 1142007573
34  49 1783306965
46  37 241308474
31  49 1127294090
18  30 807108169
12  15 1377781859
38  24 1197335642
25  6 1488047116
4  29 650826270
44  33 961316145
27  38 1804036964
34  36 555981102
43  21 931996713
14  48 851756954
24  8 560723851
46  9 436853063
12  0 27506489
5  42 2132523524
23  43 1369225104
32  16 1202528355
48  30 543631848
48  32 1681256389
6  27 466453624
46  13 1971057335
0  1 517100247
16  30 2096572898
34  17 956236767
42  40 766220756
28  41 1199436441
49  26 653608548
48  3 777430415
36  4 1611984019
23  7 1547315602
4  35 1427684265
9  43 1401033529
0  16 1891695854
47  19 1420286959
48  32 1659854660
41  31 1893781768
40  12 1955607328
31  28 10752223
9  17 953707716
18  30 771276977
26  3 420529974
24  7 1829258558
36  18 113339685
0  41 2119643979
46  41 1557859143
20  18 1667266796
44  35 861229630
31  42 163886588
26  37 1948809867
11  6 1577912722
33  15 756523853
30  45 884149175
29  14 176108478
33  6 714602648
9  34 568747713
37  43 327396400
8  5 1335662716
48  5 320002338
12  25 201139742
1  36 1161597255
47  25 541055109
48  43 1071634621
24  38 86767034
23  26 998440856
1  12 453156371
23  0 1740061516
0  27 1644291942
24  27 387294397
22  48 1904971434
14  11 439702658
46  4 1747764308
26  5 1717143250
45  35 1787244660
7  38 353321425
5  17 194958649
32  4 871073964
49  12 166217218
44  47 668029891
16  32 706198921
37  42 1500497661
48  23 1044599257
39  22 2050706839
17  46 1184456406
32  43 168134609
18  31 1773696773
3  49 2122849221
35  25 1542139680
10  45 631603257
44  35 1384600504
2  4 1372443381
4  20 512688874
28  31 1562072028
38  16 1686230504
20  12 1866888419
38  4 393056083
16  48 697676148
34  35 992371756
13  37 134517191
33  26 570569715
17  29 211355292
37  33 1098389884
13  43 593923919
16  7 1851038240
6  29 2140211615
39  34 1554093177
29  35 199078218
21  48 728550304
23  29 1891009017
15  41 23556486
21  22 435350915
4  43 1203417845
26  39 80944870
11  29 335680291
17  41 2045412108
15  45 364103540
6  21 194046478
45  12 884832453
23  26 1802678177
13  12 1319735549
28  36 277656480
23  1 1712524857
1  9 468548977
7  41 1193494282
20  4 1518224898
43  18 1106630823
26  28 1524282090
12  38 1492862826
17  12 747750854
4  47 829986561
2  46 19247672
29  23 420331836
22  6 1505410676
12  19 1828649414
14  37 1093000493
23  5 898860884
40  2 1803392293
28  34 401372225
21  15 29471870
48  4 1446475861
46  15 2019730432
2  20 395262051
19  41 1355597307
36  41 1628482517
8  42 387227705
34  8 1137313447
40  12 829940498
36  49 1623756618
22  13 830177819
30  16 15955942
29  40 134776177
36  26 629424589
16  47 2008416435
19  43 1827863480
32  28 1476963816
6  28 1401935876
0  45 1726338832
37  17 1586409419
4  29 97613958
26  11 179560823
33  15 1719152863
37  14 1458741072
24  7 536662991
21  5 1752719586
8  11 938262933
38  29 2051282656
22  41 1326122781
14  17 660453440
7  13 1756068706
24  4 556114630
24  19 1400440029
42  30 214009424
43  19 1231439697
17  34 758050681
33  39 1014674871
12  15 1447717053
44  15 298030248
28  17 1896034455
0  28 431373515
12  45 1152857088
21  48 1340819621
39  43 983941670
45  19 717835405
47  30 1184588199
39  27 866291313
25  20 1113500873
17  6 837196023
5  49 219892865
13  2 1446636373
22  9 1501845075
3  20 1565702477
3  38 182816691
1  16 83763729
6  19 2083976750
2  39 528955576
26  48 1239138826
27  29 1769869359
34  42 1926128770
3  48 1341559066
27  23 1926184774
11  26 1138104410
26  35 393694730
5  34 607054122
41  30 1085510529
35  16 1172594682
43  19 377085212
6  1 2115711287
26  28 1633206894
24  31 1362892555
34  15 1637162818
43  12 1976002263
34  29 573533751
33  20 2035873025
12  11 1721630550
5  44 1263831953
20  9 1564468437
25  11 164960864
37  44 1646997603
19  17 2044089940
9  42 1110098744
24  3 1422221362
7  34 1408481336
23  28 440731420
29  39 874413512
4  3 1273823114
33  10 1345277624
38  27 2123362576
15  18 1296726215
2  3 1035990037
24  29 1226363361
39  15 1313531475
47  8 1097312441
27  21 1604556624
8  34 956438411
26  9 946425344
14  29 1801950490
20  4 1662262132
28  33 747119254
14  8 1328578978
1  47 1009904650
24  19 1896299207
26  29 1570674051
37  4 1188600117
22  48 1498204884
37  49 372022105
35  42 1288650369
7  41 1897486781
44  32 1253401880
26  12 118873769
21  45 1605364840
7  8 1386682673
39  9 1906342897
22  37 617589519
37  43 1488642457
38  49 735322111
28  33 1825270794
14  32 679953924
37  23 644444626
18  44 1361441333
30  31 29098421
35  2 1401727628
6  39 216624814
3  11 1928512780
39  4 1672017009
18  39 1838108938
22  18 445545100
25  26 671651984
21  46 638661148
43  17 193671661
47  34 813356748
7  16 1150196718
42  32 1145236359
8  11 1903395186
19  6 33953280
28  45 182953604
36  49 1233130001
23  4 781119799
25  1 1342673646
46  37 630881356
45  23 671647569
13  11 430943539
35  34 1207823869
11  2 1982210780
24  33 2103219737
6  0 1071921688
13  30 83123386
18  31 1139292345
10  49 2089994910
26  10 44139260
5  11 1023886524
26  6 1121781575
21  33 363440103
4  29 1249309186
36  11 1927370082
9  45 1712550604
14  26 1782819189
36  14 1595258390
26  48 498152358
8  36 152807928
48  15 1486474805
45  4 2096431362
10  44 842672109
44  11 1192730773
2  27 137800400
6  27 1012990029
16  37 1274952213
36  14 1020451602
42  7 1992765111
19  33 926664484
27  8 679859487
40  45 403327372
25  5 1124830035
18  9 148008979
10  2 1778088122
18  42 1586529719
28  29 1985695368
32  49 980063563
18  40 499956787
9  31 528223103
3  14 1276097909
32  7 593005927
0  49 1139149251
18  20 615381007
19  26 1402180594
25  31 1189664635
39  13 22261977
38  14 28411609
17  37 977438630
39  30 1491817645
16  15 725224278
3  31 2080401991
32  36 1123702800
10  47 1275068733
14  49 886364120
39  13 1000500660
23  38 919934175
43  19 680343260
25  12 441769482
21  10 1017102087
0  43 1139630187
36  6 1309622953
29  42 1723360598
29  15 1119617168
29  40 1754806259
8  24 1634147979
13  11 534090967
27  36 2145671253
14  10 1368951938
30  5 1933454692
2  25 645053914
11  32 443542495
34  33 964964779
23  28 1963074850
41  21 853032281
42  29 1493256685
5  4 1176289664
30  46 1216310130
19  33 1573896363
47  31 223678372
20  27 1889048452
21  15 1374279698
6  7 1480704710
8  49 1988058577
39  28 1667039425
48  49 1119923906
42  46 193180259
36  28 385075591
8  40 469091589
35  40 1523683745
1  6 1964966135
10  32 1208817492
10  42 406747200
19  23 1398739777
25  12 1283282402
3  6 1642839162
26  49 213433994
44  47 1585621839
32  5 1085329724
41  35 1460784086
8  7 270646287
12  22 1371060884
21  31 1720566988
6  17 1786611251
42  0 1998138587
22  38 1782500022
3  43 556088610
1  45 391152378
36  1 625229942
38  10 267770778
5  22 1575159763
12  14 945426571
30  20 1822099408
9  46 1488468781
15  0 1482622550
4  47 1329915355
40  23 1125661272
0  1 811753114
33  27 1100203220
31  39 617112235
28  32 2123257864
38  35 1259243949
2  3 422060053
22  14 219499866
3  10 1748337159
25  8 1599472645
31  4 966558289
22  28 1450573166
16  8 951626132
31  22 1142272518
7  13 1856158471
29  47 1778873195
9  47 715243996
41  28 1513734438
32  18 1855624769
5  36 489312456
42  11 785637825
38  30 1850094643
26  46 1996366182
7  33 1394433987
20  6 1989685750
25  1 581634393
0  37 45675171
29  21 96192620
47  30 128407771
23  25 1304802932
35  1 904456978
48  16 1362410988
1  42 1923029846
29  19 1925120907
32  23 851664847
17  39 2043563606
21  49 987431321
35  42 1463203537
8  30 865060695
43  37 1828282303
31  28 1223871772
37  48 1338676717
26  6 1490613550
29  46 895631296
43  46 1257397747
6  20 398091957
26  14 1603845468
25  6 1991992885
17  9 46381160
21  1 318904028
38  37 764264639
32  1 551690214
43  45 1860983871
12  19 1175012684
3  48 1427293661
47  40 1251302748
21  39 585267695
4  21 197775628
42  2 612089389
1  9 73824353
6  45 573106680
24  7 14380743
10  22 1783375126
39  5 603703024
19  15 1859250177
48  8 1682620219
41  15 713836107
7  14 653860524
37  30 285217833
33  44 1370222272
16  20 195876734
33  9 495359336
1  32 1646178844
14  23 912491668
44  2 114252495
34  33 2032777017
18  47 331632832
42  6 123268222
32  4 1463392080
46  8 1888006304
29  6 1985878404
49  19 61400302
6  41 368848956
40  11 839329830
9  1 665934777
4  40 999760593
49  11 1569351149
45  18 1978613228
23  13 1669408628
41  16 1675412132
5  8 2146671933
2  17 1051460893
16  31 1880262048
18  33 594169056
5  17 323636250
23  32 659184761
35  9 441824918
13  4 207767969
21  31 703208425
39  49 1919094703
14  10 1239099136
18  32 2022100399
19  49 1468028586
45  28 1650072383
9  15 1127892068
46  19 1358334175
3  29 978849655
26  14 1795178711
11  29 2118566049
15  19 394606796
3  30 632742361
46  13 1732971246
49  29 310182515
23  37 316470735
10  14 2034802908
9  16 335408812
43  27 984749786
42  47 1831710978
22  20 2111467365
27  16 1122888889
22  42 543402877
43  1 64565397
14  31 415764593
31  35 717387456
23  46 1787180031
20  25 744990341
19  26 40460453
32  48 2053196079
23  31 2019697161
14  44 397489083
47  17 1053985951
44  33 1667239034
28  17 1706632687
21  6 1763168228
48  2 518023925
34  31 34988835
41  31 1947996079
42  23 476817800
37  9 998105160
10  15 1659202321
21  17 762012307
7  11 666588394
28  39 1142363690
27  8 1331878858
5  21 1162529512
37  1 1755578659
19  14 1926287379
10  20 1452455043
29  5 1302410063
4  34 615580550
22  1 905866274
35  46 2113263900
35  29 742515611
20  28 1720600621
21  19 271470901
27  40 744473567
39  10 579533032
16  46 869971881
45  8 514100840
17  37 350642182
9  7 1234869606
12  20 806394238
16  20 807475631
29  9 101541213
11  28 921728182
28  42 1523169570
27  1 1354594964
44  22 518898799
35  4 1952378135
0  12 682067626
46  29 1326423706
10  14 91339768
37  3 1225906395
8  25 2133353375
30  38 1359311027
24  10 455566840
34  25 1335007425
25  49 1494422582
40  7 1313438303
43  22 885313110
6  13 1595508017
27  44 2093254041
19  46 662045790
3  14 1325870613
21  4 362120827
18  48 373923605
49  34 1890255877
31  0 2115210673
27  48 1253284034
7  46 1755704744
6  44 542827569
15  35 1528770440
1  49 657181985
13  10 2102395742
13  34 475918888
35  11 1233440081
49  32 2136764308
11  44 974265867
35  0 770968782
39  22 1539078426
48  5 1295014254
11  17 713795122
17  11 762547354
10  23 1665366361
9  8 68942781
1  38 1971708754
37  25 2054799228
40  13 458452115
34  47 1846552224
29  33 345771230
29  39 1906654091
27  20 200532871
17  25 1548726062
7  10 1639317604
3  10 104325156
33  48 1218017497
9  35 523529176
45  40 553804807
15  6 1141946941
39  30 712465649
26  6 822194402
13  38 1894102766
15  21 318818922
14  12 688059284
25  42 1272713203
45  6 1018335959
4  44 1651937656
43  20 1631653604
26  12 980439888
31  12 18141636
37  47 758265454
26  9 1645891467
44  15 1566204217
39  4 2009815892
21  27 149544922
27  17 1010406492
23  27 1674591892
38  43 1386641897
8  26 2106746847
22  13 416429620
22  24 726917184
0  15 606657398
36  7 702338059
0  26 1321587073
41  14 2061316903
5  8 1341864395
34  8 1124269966
27  29 1194838791
39  16 131824747
33  5 352148471
40  41 1958782736
24  37 301031079
42  21 370429871
16  22 1155003161
25  5 481324654
0  8 877565701
34  17 1408584089
35  48 1868430270
39  7 662424080
43  34 299188608
29  33 1811677232
20  24 1950820796
5  37 603897131
34  43 1472166663
2  7 1630765556
1  7 2042464650
43  32 1464984408
4  29 104476377
6  25 1153710365
34  26 339382618
37  7 1919045022
36  45 791490415
26  3 1891592370
13  38 345976024
48  45 259366226
11  34 502468675
14  20 104459750
14  48 1186159802
32  38 1773517153
23  9 1054022160
38  7 729240110
26  24 1072936257
10  47 24676461
4  14 380448212
14  25 124873953
0  1 305913339
11  7 1853957472
15  37 772628798
32  5 716053639
40  31 1739779481
31  41 416190644
8  7 444098535
33  24 1400774553
12  34 1997615624
22  10 1776137701
48  49 1934343102
34  17 461696604
32  36 331157696
24  26 562937696
6  23 1922819371
46  14 1896689148
7  30 652171398
2  29 2139742644
20  35 2009452913
6  5 1559373321
20  45 1284859383
49  12 1113776602
31  26 1076009674
25  17 388999085
35  46 308091728
10  41 822316763
7  49 1415611024
41  16 960120701
35  0 2045887439
14  36 1415787701
38  30 1059500571
13  32 932401141
39  49 1319619722
14  11 1158971603
47  28 570687320
22  16 1161141451
33  5 1636074766
44  22 858899273
19  9 86291783
29  32 1263331270
18  27 1109768057
36  25 1720748523
9  27 2041807750
48  31 1343817353
23  44 468001063
1  35 1338098982
6  4 1708308328
17  3 140479237
1  47 1258049262
36  30 873398275
28  30 627841715
1  12 1536024165
7  20 73673283
40  38 2025837047
37  4 1763565877
47  18 333359238
46  12 1272552618
29  41 4898763
38  40 2129743649
8  47 1684095509
16  44 1971931449
1  32 1962548664
30  44 1744672497
43  31 2035431158
2  19 1726705107
14  11 1043279628
10  20 598970519
15  5 720376640
19  35 1641254963
32  9 825965660
25  8 1160432118
42  19 504038154
41  29 844018800
23  1 910379283
33  20 224634522
0  18 1335605824
16  18 1032596359
17  18 346806288
34  39 1445445196
19  28 876646593
18  43 460412508
24  28 1367963745
25  23 929047432
21  14 1584995149
39  44 941267807
11  44 919709470
7  21 1926573208
49  26 336958602
15  16 734223400
43  5 987110810
13  44 705738533
17  31 1991000913
35  49 1875889334
44  10 1512219223
38  14 2061165986
15  8 1307471152
44  28 94127899
37  7 405107461
27  1 1272538728
10  41 667911080
42  9 76629579
9  28 219505238
22  41 132272931
1  26 2104816787
47  8 339438200
34  45 2142256473
46  7 912406644
43  40 1118988719
46  12 1267602107
24  35 846906010
48  24 859004933
37  36 1876693442
28  18 1353726008
27  35 2078269857
26  29 28738544
39  25 2435428
20  17 143942834
37  19 1628474720
7  45 1881645458
28  1 1680240869
13  38 1144591869
45  17 1173923808
41  14 650926900
9  34 1328279985
32  42 401298828
39  22 1254578918
38  22 743441023
38  44 258038703
49  38 2006417485
36  25 1716493547
6  39 1974714436
34  26 1161016088
3  19 456997924
3  34 1208298670
4  28 1102142151
22  27 257177868
44  29 1822440886
4  31 1302930133
25  29 1788145813
41  34 594658386
