1250 50 48 17
20  23 997443928
13  8 1506437907
31  0 1109550872
10  26 1610338629
16  40 1818602884
36  8 992125806
1  32 1174211233
32  40 840337096
8  6 302708174
36  43 175054029
11  42 1365339868
38  6 710690712
31  7 489210518
24  33 827630037
10  3 1742368359
27  18 1210114901
40  42 2110045239
23  4 2023108268
9  44 1023901863
25  20 287365735
47  5 42373927
39  21 1862428763
0  22 1658676637
14  46 1957416926
38  31 903002177
8  33 2082227544
7  27 439895827
12  32 2142003205
23  11 2108400512
38  30 260072012
46  24 653904029
25  30 1578890053
18  13 2144936928
1  24 436794449
49  39 1969688805
22  1 609723900
15  32 1136691104
11  2 387418943
43  38 129765804
47  39 565959344
44  16 741377167
21  27 1975398627
32  33 1129844792
36  39 1106377195
32  37 1738320217
8  29 283747961
9  15 97446612
22  23 1458561456
25  3 1612076211
29  3 1792495486
22  41 1312426184
49  37 719007222
23  24 2062808348
38  36 855113478
33  6 2097335236
35  19 1251050400
8  38 84458201
31  45 1911268546
24  47 481950526
4  41 966873348
49  33 1434013184
45  15 583584821
25  27 1502216368
28  25 1809437603
34  41 1334258608
2  17 108637461
0  26 1667212790
28  43 289373753
44  3 1530898911
38  18 1740264579
9  34 798238430
18  20 266870293
2  28 765563440
47  21 547140780
12  28 1876156050
41  24 2049278778
44  10 1767641540
21  35 741183844
4  25 1756381201
10  12 1600244516
29  12 204456782
45  12 707996499
7  48 1571469681
6  17 978563716
23  26 1327347703
49  43 969161281
21  14 494920980
7  15 843605044
44  7 742418867
49  6 2041988674
47  0 955438397
25  30 2061852462
19  47 1741749635
27  11 428199051
41  12 864691280
25  22 1351974109
35  4 1059638014
28  19 2063795599
10  20 2011985612
18  8 1543188695
38  41 342803349
17  29 1397689352
45  11 939953033
12  48 1105476454
7  25 1935812055
19  1 2039990413
27  34 267523182
7  24 2562034
33  13 1840571108
49  16 846518945
21  30 1703082272
4  33 1681046155
35  47 1864678779
23  3 410947680
10  43 927308771
25  24 187810742
18  19 771271199
24  6 1944940488
48  3 221519435
25  3 772315612
11  28 1529258090
36  22 882005552
18  41 1451571692
18  38 1551746960
31  47 1749381215
6  16 204104740
29  14 645460376
16  11 1885946588
2  45 964454991
13  35 1694571058
20  43 2101056276
27  22 1188734852
15  47 300242809
25  2 1348560049
41  32 2119146283
43  34 1458344879
15  30 414695149
18  31 808870956
30  17 570690119
25  22 510451272
24  9 1901621480
0  39 1913737893
42  17 67631836
14  7 2140484950
17  22 1606506181
26  38 1655234819
5  15 1019451779
31  28 1410468395
14  41 1731115142
42  36 641006549
46  25 1848907939
38  34 1635890290
6  42 1689809747
18  35 1730734121
42  30 1815759327
34  26 601530741
12  39 1498208747
2  13 1147529630
13  30 166607200
33  0 188430734
43  6 1841609366
12  31 1170058358
6  17 1479292313
1  7 1399367475
20  5 1769781166
2  38 7479457
12  21 380478310
49  0 1780537735
15  25 1413384553
7  33 2016958295
29  8 116865112
4  16 1098590936
16  17 292232270
14  28 1754476441
39  45 1485192724
31  21 940882400
1  43 240626931
47  26 1400841476
10  21 1622237866
0  31 1323512375
45  21 1256286242
33  28 558612987
20  11 2147326582
9  1 655652659
10  3 2018865615
3  42 1549094059
31  32 924281827
11  44 1683053377
14  27 417546558
40  26 1228544295
20  24 1723166963
15  43 1133077370
38  19 1760853100
9  14 1820136607
8  33 403236748
8  37 1865895724
28  9 1010093973
20  3 742199628
29  34 666665326
49  14 1606440746
7  34 1477861231
20  14 228435266
43  5 1271685510
13  31 1903201126
41  13 1100693764
30  36 962435745
15  46 1745403113
24  48 1776437057
6  39 524163310
8  42 470684638
27  31 416847720
6  1 1165776800
5  45 288345781
23  48 1771971937
32  15 1538077005
32  30 371198439
26  18 1746004776
30  34 526925890
38  35 1785282698
10  8 1124095684
44  41 937556268
44  10 860042620
33  9 831588395
44  3 58381816
35  18 2103853021
39  37 887861883
18  38 255434364
2  26 856794908
36  39 676411242
21  1 2087793411
46  40 1068621971
13  26 1644421407
33  14 1088397009
40  19 101035445
47  34 1161835753
7  33 1018843036
47  26 91479718
13  48 915867284
45  7 1432533977
3  25 204957117
39  5 877136749
37  0 1250011579
47  42 2118386509
27  40 1972726375
9  33 1328151552
37  36 1738284286
39  10 300866644
45  39 1009751338
40  18 54368679
1  13 1234359666
10  33 1592946631
39  21 1328084445
22  7 2072311837
17  2 503482306
33  24 977295222
43  39 1371043034
38  26 2091254565
17  28 1317399391
27  34 1394197778
48  11 1304264679
34  21 1341953060
27  49 688719292
31  49 925235753
23  7 43466842
2  47 1885360594
31  39 1862689930
3  17 586925244
43  47 30608596
7  28 1927461525
27  22 1310694346
3  26 287179564
43  36 1217811226
7  38 1341902799
49  19 847391836
44  23 341701859
32  47 35665011
33  45 1655193177
25  31 2134101781
29  5 1918481207
40  24 1769535134
42  44 426064749
8  15 1386587078
47  48 1094185687
43  3 611818336
17  42 1382327316
44  20 1702212415
15  5 2061131384
19  47 598235279
18  48 726056877
35  0 733121970
25  41 83394834
6  27 1645222210
7  40 1551407985
5  22 693620744
30  3 1271552061
46  17 129922967
47  29 1673981711
15  25 1368781879
21  34 59191547
6  40 1975578719
6  4 722229135
2  36 552358442
7  32 456000573
29  35 1614815537
19  9 660533114
19  10 783794810
36  44 1585334016
29  4 1992799419
43  23 1931823366
40  15 1307545945
42  0 1392639872
44  20 265053375
12  44 55498185
35  33 1811831791
10  49 240483916
27  17 2839127
18  29 1103966206
22  35 359845185
21  45 163348395
46  49 1067613968
23  38 2010103573
22  41 1117901647
23  13 1248435560
8  35 1466504439
19  36 769183160
19  37 1468280021
31  12 1914034600
1  25 839434015
32  43 1129968968
41  19 1975374718
8  21 1084111234
13  23 197395750
31  3 1485927323
44  36 1253317610
23  5 10478474
49  15 1903858481
3  29 958465186
3  33 1133188921
12  0 1484927931
8  32 1416475314
30  17 2143417881
37  35 2139504970
49  42 1483177615
46  3 912869442
17  40 248901164
43  44 2134513661
49  4 62987349
10  36 286704739
11  20 933178483
22  29 1495093218
29  14 1415695021
2  41 38993419
18  35 421751602
24  28 1929290198
14  28 833059410
9  31 92263000
2  46 761514889
40  6 1935450756
34  17 60326264
40  39 957442758
31  14 1295184923
13  1 26372272
12  33 1717943751
39  26 376017686
9  12 1758093056
7  42 385765307
14  4 1441224874
34  18 2116547536
3  43 884711488
25  47 2038351219
36  37 690728784
2  3 1504835513
41  43 350913060
44  49 1192947331
1  5 1824139058
19  33 550574559
48  17 1525081575
5  21 1695344627
27  44 843622619
43  1 29298897
6  16 499292750
29  3 680626236
33  42 1028989295
21  22 1117357572
22  42 1119626496
42  45 551542756
5  19 1310018289
1  14 1909752291
7  42 1240531496
44  3 1098684752
40  42 928238842
40  34 127769419
25  14 1817857777
0  33 545985994
32  5 1999561010
32  34 1911486156
19  7 1907829175
11  20 1010532508
29  10 985551294
9  38 1062122153
7  29 290723358
23  48 1543564355
40  10 351252792
4  8 459837966
22  7 1450675940
48  16 1951125586
14  23 600763846
32  27 736091516
9  32 1380044455
19  5 960889968
48  1 1092406504
0  36 1549676124
8  40 1488454371
23  42 1691901567
12  3 2043802061
48  37 1908082376
30  12 1382398346
35  21 161990739
25  0 752097401
11  19 746923538
38  35 981505352
22  6 250430022
6  42 532064322
28  3 35787232
1  12 1531422333
23  12 1037624713
3  10 684637583
26  42 837205856
28  25 530090238
42  33 1179737043
36  17 1736721097
41  23 1561775970
23  34 703679602
15  36 581821791
21  35 4780068
9  20 2078563364
41  32 2039055012
31  12 861523969
45  19 1298235024
21  26 1590872382
10  16 1821213915
11  12 930199009
37  35 1704500378
29  40 1736873946
9  23 1958126805
16  7 1006751692
8  10 1715530372
33  1 511725588
25  19 977591881
16  6 83489777
8  31 1004545840
18  3 1434586995
31  7 1741064725
21  46 106769412
38  20 674099395
34  42 1691234523
48  17 1450521950
26  38 1218971557
3  37 1498283532
18  36 2124415362
40  14 1245345977
2  17 1965017562
10  25 834749319
29  40 664800132
26  17 1877039005
18  35 930287500
36  49 876122315
18  0 1107351316
8  13 1269123112
36  32 1922349620
42  34 535007851
9  25 1800900886
36  41 1744549548
10  42 1713673283
46  4 1003782349
32  20 2014917931
36  28 1512187116
29  27 772239160
32  6 1832351915
16  29 1256646921
17  2 966118279
35  8 689089957
16  40 2003017849
31  32 2142726583
16  10 870118909
44  23 1638359842
1  14 797927058
31  47 991960209
42  36 834251828
4  41 1791375205
41  34 1628176121
31  15 1199918459
33  17 1723388101
0  40 1398987574
20  6 387585148
38  48 452398539
26  5 647553968
49  48 1692035376
22  2 308632465
10  42 57168384
5  49 102440413
22  15 2131865071
23  26 1591295548
16  21 322040463
38  47 1281593030
41  19 1868236296
9  18 1562195555
29  15 1118675182
37  2 656596918
5  28 126220819
17  19 393633559
28  37 1609874871
4  45 1850039821
28  34 1301232198
3  37 1810292623
40  42 434611312
33  10 1398858646
5  14 1958107241
41  31 142049342
12  9 337841303
40  2 1524929734
26  28 1987347139
20  9 665953259
3  0 1605461942
27  18 2012437595
14  29 1064621141
37  17 1091882780
24  3 1405592103
41  36 239869807
9  40 608356868
16  47 134692190
11  36 1407877656
47  6 862454758
29  26 664797759
35  49 1407585332
5  0 967700374
25  46 141507528
43  37 1026742795
5  13 1501457227
17  40 205380289
42  5 273834392
41  44 386548738
24  32 1669693970
42  48 2060824156
20  2 1728102480
14  33 1434616889
37  13 1949503574
24  14 718885559
12  8 1225914636
0  18 672591035
21  45 1206765668
37  41 1407232312
48  33 951095864
9  24 657920450
12  28 875927941
36  16 433600911
46  20 1321013057
29  0 510173989
16  19 1999908917
31  21 2086654171
32  8 159204768
37  23 1866237144
11  23 998023718
16  29 1301563120
14  45 469573187
9  5 1349521385
22  17 2043585562
40  33 349471394
31  15 478394536
8  10 1544827756
43  3 1607386746
39  35 1508524595
19  39 189229446
33  36 1131231910
13  0 1832439499
0  17 139861882
9  10 1866745135
17  49 1112870875
29  11 262089449
28  16 772617378
10  28 423627385
8  44 1433491151
23  32 700252507
26  42 646560014
2  16 1813454740
4  21 1396779144
47  46 1418964819
26  27 400520656
35  4 1196614327
43  42 1006532022
40  13 488860796
21  43 510394451
20  29 1810811788
24  42 118564018
17  38 1053765194
36  40 884646623
21  40 2146144267
39  36 203852783
39  33 538438182
20  36 19084081
46  45 2003007789
3  10 1832588239
33  28 274674517
31  49 1806856150
31  4 1107785240
1  2 1317028144
6  19 396043243
4  10 192361259
44  15 1942986292
33  20 574578202
37  45 1960802004
16  45 1721359245
35  48 626660616
30  1 46506902
37  4 1654265320
37  31 1762724903
40  45 244314757
4  41 921804766
26  28 1173779282
40  8 481379316
38  27 503160831
37  42 2120301393
37  9 1107882335
10  25 97237926
49  17 1816672150
35  12 1560872260
12  0 284078721
36  46 1509347808
46  8 1722040679
36  32 775634295
27  44 1115129913
47  40 1523589374
15  44 1513372502
2  0 1858424668
18  49 1916828786
33  12 174452588
19  44 353352119
49  33 1347043884
47  49 1750918370
33  46 297721067
40  15 2035715389
41  42 35409503
35  29 950787399
25  49 359274553
32  16 1044054469
5  12 1461072154
33  38 530457953
2  24 252745317
11  6 290553523
41  13 201441715
21  6 915748709
26  4 131157606
18  25 1565102129
45  7 1326129007
45  31 124996785
6  0 1107201601
2  36 1923714607
11  13 507791499
19  15 1494623513
9  38 21485645
37  19 792422459
30  31 1526833874
40  35 579697197
41  36 17801198
18  2 1253825579
3  45 132698313
30  16 889083322
48  42 1262304095
49  22 1778595549
47  7 202834476
11  41 1404751790
39  14 1071733308
49  12 1062558529
47  41 217386581
7  34 1124804430
0  18 961593274
17  3 431566454
0  2 1036206195
29  38 564322698
12  30 396434731
21  36 1263351893
3  33 340691734
37  1 252989661
48  11 1776999285
45  29 1681034068
26  34 1856568485
3  42 1753148346
21  38 105477078
13  19 1781116167
20  27 289788348
28  16 2009773174
10  37 580111648
46  24 937523812
47  1 268342104
24  38 2111345493
7  19 1034737162
9  29 603564156
3  0 1777347276
18  1 2014757970
30  44 554890645
30  42 2066137172
15  47 2096570775
16  13 1184100553
38  22 1786022553
45  3 899097788
9  24 757912208
43  45 2088791411
11  23 806303594
12  5 124632483
31  24 865956764
10  37 2030844148
38  28 2105477091
16  25 143261763
7  40 1877374578
30  42 299766731
47  14 538649007
5  41 1182195404
19  6 456785362
41  30 1438827196
5  25 808669947
13  48 238884580
6  22 499715753
29  39 98901710
4  31 325403360
3  14 81328635
17  19 1959508145
5  39 1779383216
31  39 1352833437
11  18 1512357687
31  48 1370786065
15  2 475928800
6  33 984246434
32  48 1178562419
49  18 515555709
48  37 1503638040
32  40 209484934
48  20 1451152300
13  10 1791802571
26  9 1973740480
47  33 1563010253
34  39 2079513179
49  9 539753586
47  42 165802480
13  8 77230966
20  18 660217851
2  48 2014719769
41  20 316341716
12  31 765538689
23  14 1027486130
24  19 271758141
19  4 294506990
39  41 604550130
45  37 1227772824
8  40 578472136
2  15 269142076
26  18 958844730
43  32 876051697
7  43 715631344
31  0 279649391
3  37 2016002709
22  14 851414610
44  39 189916357
47  43 622335275
48  4 870584173
21  10 1541321194
36  4 442351678
14  48 768598186
3  36 2069787789
27  10 1670302831
47  8 2131787339
2  31 1401838645
32  43 300504570
39  37 1133926959
13  34 1939165293
29  16 836042118
30  36 105415398
0  5 2036810323
4  31 1812033372
15  14 1495188857
0  42 1216370282
18  2 1500088931
25  49 151404992
23  10 1457581723
38  4 651208262
42  28 2133152052
38  29 1479426581
37  21 750535623
17  5 728456096
32  31 24632056
31  15 1955605995
30  37 757630455
47  21 1239723480
35  39 1896932265
5  17 246736290
39  17 1896638025
43  5 146801947
18  15 635992647
47  6 346342518
45  28 266471095
4  44 1158248122
10  48 1232202797
21  49 1606148470
14  0 1068157257
23  35 870795936
48  35 770700036
16  27 1924542956
49  12 1738987852
21  13 1275776596
20  10 35568434
27  49 2115463295
38  34 400159915
49  46 1979821272
41  0 1103761800
35  29 2049571101
33  41 692527452
49  33 411569600
49  18 995606378
33  7 1059685467
40  43 1394607720
29  0 970146862
24  39 351138614
1  22 1383017984
19  8 1988576506
43  34 1279059749
46  20 502053390
39  18 903584086
22  21 886878937
48  16 2132986580
12  27 1551291256
11  35 779511986
20  42 1019648816
14  1 1996272008
31  4 1451689055
40  43 441106902
7  23 952512776
29  38 1087099753
16  30 1145149450
13  1 1799359040
33  7 1024492564
22  6 1433407226
38  18 388435234
24  40 1049278993
34  14 1754567202
21  15 2056822967
14  13 1648812684
13  44 15610952
30  12 323725536
11  8 1297991133
31  38 416160544
12  11 1668127129
17  29 660093964
1  20 484325356
27  12 57217123
30  16 1088376594
43  25 1332880042
15  49 1494366736
9  13 1291378645
5  28 1225818740
44  31 217144336
20  49 1824393775
43  4 467451470
26  9 378441355
22  38 1641822482
49  4 1282021649
31  34 1476217504
32  25 833108825
4  20 1784581782
19  36 2011790140
23  4 549125688
33  42 1969112224
21  13 862701640
15  5 1645349216
36  16 533896954
12  46 517610618
1  41 390793452
42  6 1299637017
25  3 1034337954
39  10 1955451748
22  28 1693706340
4  40 1371396744
36  18 1218134245
24  39 567154705
0  38 1786255354
26  31 1625272086
35  16 1803732259
43  47 34087793
35  8 1205132560
45  46 2028874733
11  17 1894076973
43  36 2073590061
21  20 703248699
28  5 971266172
40  41 270895813
26  44 1401677118
13  5 943031080
43  21 1048566280
38  14 48235815
7  36 184198898
36  10 2025815082
11  36 1655312069
9  2 2062639315
13  1 763239540
27  42 296270973
21  7 365492693
36  5 1259520093
7  49 89308185
25  36 992190262
41  28 845642045
44  36 548503994
49  36 2111962340
43  22 1075618162
49  34 761054083
35  45 1776521925
13  26 1385417858
7  45 1214840686
45  49 1706932088
4  21 1825336257
36  2 943761978
49  22 185147005
7  18 1309409282
25  23 632094058
43  28 624818781
16  12 1343940164
11  27 695500918
20  31 994153384
28  0 2062267405
24  0 960824952
45  20 491350654
20  26 1212387191
38  13 26624598
23  17 1526404104
46  48 556056211
18  0 1307986733
17  32 664381476
26  27 104838388
1  24 574038594
27  28 86500749
47  4 809831861
49  25 1431910068
41  14 1243632084
21  48 1633455705
36  39 1474809154
3  37 192026342
20  33 620023744
35  44 610799175
21  46 1665667707
26  44 943119346
14  30 2081860783
45  21 1879407915
31  13 1989111901
9  10 1658461465
44  22 1633729252
30  13 842723514
6  39 2043546080
12  1 882730528
35  40 1266490178
23  44 1141067149
24  27 1500810236
47  31 1924898652
10  15 1411779909
17  38 1870727585
24  40 1530623168
0  23 2038032638
20  44 1258208407
46  8 1276074360
14  3 414128684
24  46 1746245465
8  31 884078269
49  0 858943111
47  31 1073485420
32  28 1372221483
41  32 410222737
31  37 1205220497
15  3 1720926717
37  14 401916962
44  9 598009646
6  3 698749221
12  48 1132063552
37  5 17733526
20  38 154245062
42  28 472438670
27  37 850991910
35  25 2028142897
38  41 508960791
45  33 2010798207
42  48 457140861
36  29 69346539
42  27 428735016
5  21 1541472613
2  16 283724578
46  43 228539182
31  17 921580088
19  14 1858957478
11  43 1399434523
23  49 2097717375
0  3 1522120637
37  45 1521028630
23  27 1251265931
5  33 1397072182
44  2 1266817515
12  42 1325189100
45  6 41945018
7  26 728320286
40  12 1320606823
37  21 779018716
21  14 1819024324
24  14 650338470
13  41 1980248770
6  43 1664413065
40  27 688935923
32  27 5284742
16  45 1671844130
30  28 1502928310
29  9 653627912
7  20 1012711907
41  5 89718656
31  48 324150274
49  29 1302521821
44  26 717134131
23  37 2072124522
41  25 1135404125
34  49 904414519
34  26 1309319556
39  14 700546142
1  42 1407933009
27  45 1110148429
49  29 141426601
1  24 1163853987
34  31 1721063841
41  0 1009993326
30  4 1849190109
15  11 1854657876
29  28 535067199
36  5 841612869
11  3 1798256941
43  42 1666045577
22  44 1117603402
10  37 622169228
30  16 422903409
22  31 622231760
18  12 1652122158
33  42 1598041014
20  25 1180039158
41  44 1608391445
49  2 425491761
2  5 929799321
11  0 1980572094
11  14 268932333
1  21 1191297227
33  26 1137170484
23  27 133046286
23  31 994069556
14  41 1811951353
19  17 8258
25  49 483545682
28  10 1307479895
5  27 1560083625
48  4 1428704461
19  13 1861982895
36  15 1656221484
25  20 794151786
40  27 1512377939
9  43 1686926839
33  27 1712014849
39  31 950537446
6  47 948137907
28  47 1208894186
15  10 821293227
49  43 1276153955
43  7 690070227
41  17 1775744819
16  13 1198519864
23  4 858947732
11  2 695679015
6  45 1201882392
10  48 22177568
24  31 1673646656
29  26 1000760246
10  18 2055400976
44  41 1147202414
17  30 1667929578
48  22 1864084298
48  18 924935560
1  45 328023245
20  30 166306240
20  31 186222580
17  22 1588141766
31  35 554331136
47  13 2022527886
19  48 733294708
17  30 1886929357
13  32 1250969287
8  26 1880630025
20  12 50726320
34  26 199382872
12  42 1354262060
22  23 2063055688
18  17 1699044927
25  31 1891210620
45  6 1651360476
13  27 1216713755
23  27 975232256
44  7 792661518
29  16 1062300716
44  25 2130099491
32  21 2101195537
45  43 1995850545
34  46 584222381
33  32 690928292
30  42 510468218
4  48 161734790
33  40 1620471181
14  7 346575556
2  21 1074536274
12  7 1844585400
49  18 525548372
45  20 1725380100
39  15 587326155
31  33 2053622993
2  12 1971474273
48  26 1359055457
26  3 627018326
45  8 62849420
20  8 708251206
32  1 1216467654
15  7 1574219596
11  39 1656370690
30  15 1318917860
17  45 353322171
26  47 760012755
24  21 1446930363
33  34 401605650
46  20 923658632
18  31 1307775843
48  6 1049459083
29  28 964838976
31  47 1927800948
33  31 813350315
38  32 962649567
4  29 2044032734
5  37 724146266
39  20 896642274
4  5 1989364467
1  17 1984274199
30  0 1937444095
32  4 683514680
0  22 47116280
1  18 207544093
8  23 1303693349
48  1 280150119
3  38 1968235986
15  14 338110033
7  24 1724879215
30  4 2050450835
22  28 1612388798
3  35 1837769255
25  45 1472708772
27  45 1338690827
1  5 367565718
47  25 675731735
33  20 2115641180
25  37 1876720396
17  43 1997254933
30  18 772970754
10  13 1272333696
9  2 916553427
6  16 1992895118
16  17 574528493
41  0 1581031096
6  4 1106416646
26  8 1275996617
4  35 1401581288
17  26 965557232
6  16 820996332
7  1 1381584904
33  37 370373068
46  24 2136091192
13  29 1381883613
20  16 1357610929
19  6 2016376405
44  15 1979015629
34  35 1538099945
8  5 429627628
31  4 2071443888
34  48 1630733976
33  2 1632894963
17  28 1984786568
4  26 164786905
32  41 664776761
32  49 779253551
37  16 832854824
40  45 589514021
21  46 1714422641
31  19 656437995
31  21 1728786568
48  46 297837556
14  27 2056705374
21  15 1997919297
1  32 848401937
23  43 153698406
19  41 1795101480
23  48 110566856
31  22 269463941
44  4 643841194
11  37 1393550148
19  16 282054229
45  38 1601050769
6  16 1106328159
39  7 2091833130
1  18 2108584027
34  28 1611056905
21  39 940053567
7  2 275803627
16  5 56494091
24  32 827290906
32  36 898501009
0  40 1877242430
19  0 1701517826
49  12 763431951
44  40 796723061
36  22 2011513488
16  37 2088893786
46  39 184393481
6  1 1701509892
40  18 1051523840
46  38 155154611
2  28 2092190375
10  29 719178759
6  35 1768621055
18  42 23001839
30  11 1170522426
25  9 1580857805
18  40 478118413
48  15 638519912
12  13 825916464
48  13 777698673
16  43 479730678
44  10 2142977060
5  13 1620374467
11  41 641579873
9  46 121182134
46  7 1243751921
21  2 599595972
1  37 1209588825
7  24 881449286
32  1 1182051301
20  11 1125775690
37  38 1406629707
37  5 561079924
37  38 1342236464
