1250 50 17 31
22  4 589383017
25  45 1749191915
10  21 2130732664
46  48 1725213742
29  21 1817963007
23  0 1047493042
26  9 329972022
1  18 11629673
45  20 1124263095
44  34 962490119
49  43 208877021
29  21 824323142
26  46 1597624663
4  47 1472752676
11  10 1612565975
3  40 1506567283
10  46 727287248
33  47 1838980066
3  13 1813095098
13  38 1295159008
13  3 912628090
49  13 1202129379
5  45 1851822773
7  22 43790395
13  9 2024538471
35  27 196679869
6  18 934787358
10  0 1580647448
3  47 455614797
34  5 95767555
40  28 513015901
13  9 1358247996
28  11 843995329
24  12 72564225
40  24 496343777
4  47 1466755392
29  22 1830030147
12  5 97998340
38  20 1383723489
48  33 1170349113
34  26 1224463005
49  12 1713853735
7  20 1893335036
31  19 733015016
47  28 736014670
14  1 1597795414
3  25 795193511
23  41 1650882551
8  9 1561615266
41  32 2024017617
12  34 879688669
16  26 229034852
9  32 614009196
40  15 1773492492
19  26 879054785
35  5 1591846028
24  13 839896875
3  26 1958989379
45  3 578659591
35  13 539408131
32  24 1008432857
17  8 1813221741
28  39 2004421198
34  49 1478614581
26  15 622273476
30  12 2134237816
29  8 23680157
20  27 1849116831
26  38 335288940
47  16 2106862688
36  21 2138007006
7  43 1285283173
26  25 848403970
44  46 1279075270
2  14 1689802763
19  9 2139892408
12  36 182369150
32  22 1508601842
43  36 720247837
13  25 79961464
29  31 268093541
15  20 320968122
41  34 304652351
5  43 693585372
45  27 1319390709
0  7 93271536
13  42 1469085040
31  32 1306264374
46  32 2094256235
38  9 375576560
49  4 801992197
3  34 18274798
7  28 1047087792
47  14 1060105490
26  22 518470774
39  31 1719377514
14  1 298880768
18  0 1197418509
2  7 1162056472
16  5 1323514728
7  3 1674639719
8  18 242918209
21  5 750818113
28  3 1889077733
14  40 551528462
41  46 1240225009
7  17 489517627
39  24 1914594383
17  22 2014863854
38  35 1095725613
24  12 1006559014
12  47 1797457487
6  42 1614979788
28  39 842704826
47  14 885610906
17  19 211466387
12  35 504314603
46  13 575563742
44  16 133332089
32  9 1939258146
2  34 2071202381
15  19 535571609
33  40 1393964322
24  14 1145524248
5  27 119823728
11  49 949118798
36  6 512477001
27  12 1922006650
29  2 1767169272
37  13 485053964
15  30 795112699
31  13 1780385282
40  11 249043632
46  0 181431948
46  19 1651423068
48  22 1859037180
26  32 1382890528
5  9 406403628
43  28 1749683862
4  26 2105737761
31  41 1655331329
47  42 264642242
21  34 1827284924
40  15 568702895
15  38 26829946
31  41 366588769
25  38 1381091815
3  37 843249908
33  21 1963572468
17  36 763161789
12  3 167561117
39  22 1788080117
32  17 300528732
8  49 465528073
10  34 1338282153
8  11 977954916
32  17 468762870
42  20 378240802
12  0 360207805
14  12 837533718
2  48 1972274532
16  1 2000985380
4  35 1639753133
38  31 690174192
1  2 1050883144
4  42 1263531160
41  15 910204280
2  17 1822227823
21  34 690237686
1  4 646333013
5  34 249018592
31  22 1775672041
0  28 1043697822
1  10 1785030485
12  49 786744899
18  39 1449086388
37  13 1317835512
20  49 527584933
44  0 92310631
2  48 1633334409
0  43 1081684669
43  30 246244207
12  35 1890659552
19  38 568999743
24  43 718816804
8  25 180205954
10  26 303085815
27  14 671806765
10  31 1500273134
33  23 523145569
1  26 223604510
2  48 1852997350
3  41 2076990421
11  41 350344816
7  37 770858260
37  40 2045626416
48  30 884542666
43  45 1172721759
22  21 457970674
12  4 749175011
26  44 375499611
33  23 659773154
28  1 1092663020
12  30 202564400
23  35 1783232424
6  48 1082440442
27  46 847647341
31  38 358517870
0  10 712766500
49  43 621522506
36  45 1354232238
8  29 1427513264
6  47 1228888049
1  49 1219243603
11  0 1172358860
6  28 682806332
27  11 185952897
22  17 245833166
48  12 1252338237
14  24 290134047
30  0 1798915827
43  37 1280929637
43  2 2112029385
40  23 1869749516
21  43 1518226443
42  2 378449452
14  29 1030039967
11  24 937517682
4  26 1770027357
37  34 455483327
38  28 212746528
6  14 767694754
44  35 740739676
45  40 1572322059
8  22 1983539816
14  17 469574639
46  27 2043932566
0  48 772098288
39  34 1074956096
8  12 981793210
20  46 1495650261
44  47 817643655
43  44 1403553209
42  44 1741532775
12  43 447995417
38  19 1850145194
24  46 92179242
40  21 1634989299
3  42 282502714
9  3 913911937
23  7 163314108
35  47 1916350780
21  28 1713790161
3  37 1096181512
26  5 1623791743
33  3 1868308110
26  9 517494429
16  5 2065213380
2  44 1866339533
47  28 1694515157
8  35 1939741480
25  28 1663471560
38  26 465887755
1  43 77799370
35  27 909231884
29  21 2112199816
2  26 1309797540
27  49 730151625
24  37 107387399
32  44 1589439299
31  49 1743999047
21  25 1235512688
4  48 365448264
45  34 512950874
16  0 380781079
44  43 607974222
19  40 670097644
10  21 587310863
11  14 1511117954
12  15 1710274869
11  31 2081049178
49  42 546631254
1  23 66225494
27  37 273521454
4  10 1621965055
15  26 1944442221
17  31 2104994648
44  16 848771083
18  27 581436926
48  30 949718210
33  28 215601012
19  15 473821212
20  8 1894126866
38  19 833986121
32  13 940662653
20  9 83960613
24  14 1754537760
41  10 1424226822
40  41 1713110399
3  49 529121537
31  36 887863382
2  40 783885155
30  24 2132331745
27  38 586981678
21  37 1548263928
11  34 643739768
13  0 1905064267
21  24 1153126136
46  16 1531355197
38  5 963196523
14  24 980180464
43  48 582749361
25  16 787463801
40  11 750524198
36  11 1600712858
26  2 1517162212
6  20 1031798641
35  3 1244528629
1  5 102065434
10  3 803801474
48  32 296343062
36  48 209939355
34  6 1021253184
48  4 1251749016
19  1 1703776319
42  20 151866804
13  37 873822570
0  7 789366903
21  11 1014660984
22  48 1624056088
41  16 715256626
34  39 1058284946
6  12 1668995914
36  24 1729855634
46  33 375636142
13  14 1025581234
49  11 2021927150
7  13 1753314696
45  41 184532215
9  38 150967258
14  31 984637905
19  20 953572938
40  22 892346237
49  1 1302671230
19  47 1768176959
25  42 163324724
8  30 1355359377
7  23 4727144
25  26 1766624441
9  7 1990696168
16  19 2143974502
19  11 123890997
35  27 254630005
28  11 954610134
28  36 2132933432
44  25 893289709
19  12 1523714532
4  32 1087011801
23  40 913169428
49  36 215228039
20  36 1179966434
2  3 402895014
6  22 1184539688
48  43 1533581929
26  9 471678020
12  2 391594394
25  20 562222257
42  33 642094007
12  46 554993166
20  17 1805129546
42  5 207135971
39  46 1018951928
1  35 1625420278
5  10 1991880345
10  18 653557336
2  38 1504141266
44  17 2037955322
12  0 2068669766
34  35 1678471823
20  4 1185871395
26  28 292735916
49  7 1485877925
32  15 60722172
14  9 351576816
15  30 1180088904
9  30 2004046998
22  25 1309504698
3  23 49049101
0  1 256127941
2  8 987460797
31  37 284969594
5  6 40009757
6  47 1899599289
35  34 529510772
43  7 1722593547
16  42 1319626853
25  32 582851360
11  37 1444598404
22  3 452161246
26  32 1485036594
31  26 539999323
0  38 1213130622
17  10 484892351
18  21 1801782176
48  8 920249199
30  47 96942627
48  43 1750338372
0  39 2028787423
1  16 522835796
20  46 1046319420
10  22 1915353785
44  10 1114929617
42  5 1097590780
36  6 1432278202
15  2 281973623
20  49 2019263697
42  24 1379052874
6  43 1397876297
8  46 2135886007
3  17 609372365
1  24 543439374
7  13 18651862
25  41 1148059117
34  32 527111734
9  5 741900553
4  14 924846940
31  42 242175927
45  22 784460243
23  39 961545643
8  20 339308548
4  26 1199097980
1  27 1682164716
39  22 1805710808
1  2 932531585
27  11 1343924437
37  47 1358470973
40  11 1816501761
8  46 616772361
29  36 1350576211
11  30 1237492548
9  34 423680492
9  6 486419693
40  16 51268541
27  30 1805549800
12  49 2027724549
32  47 1137532699
15  5 642595479
16  43 259883751
26  2 104830860
8  40 977729113
46  13 1291407080
20  6 1481567851
34  42 1935878410
11  24 666203027
28  30 593941967
3  45 1427068259
41  17 1902108664
37  17 1473068087
27  45 901173479
24  40 2042994417
17  2 121148827
27  13 1629754653
9  3 2046122865
26  39 2008726204
16  35 2018006258
1  16 206029676
21  7 1650339808
14  11 1668394893
38  27 1200238446
49  29 1800978893
5  21 2010588637
36  43 2094950960
10  43 1775273747
19  48 2001689571
41  21 942047795
39  6 1428716290
24  49 2002764104
37  25 2108336658
14  32 114441134
32  4 499625828
21  23 98563635
7  10 898797121
42  8 1821054429
25  34 1401794573
13  9 1757413753
42  23 1576457827
7  33 891879905
14  21 1601923954
39  38 486150137
12  35 845543558
40  3 2084156288
36  35 1404604975
45  19 1696347314
35  16 1879493735
27  41 654622787
49  12 215863691
31  24 385832342
15  23 92455512
8  6 1966457196
9  21 1478887556
1  24 1409452468
14  7 1254534221
45  31 1549031219
17  12 2133177404
2  34 957167408
41  34 1932218098
44  11 50505680
34  17 1691358965
46  39 1186396183
42  27 1590835339
40  5 474943633
19  24 1759491209
35  25 1826173033
22  12 991547986
3  0 431324709
9  35 1654517344
46  14 1256376117
7  44 1760656073
48  5 1299946167
37  29 726936513
44  37 529977839
20  5 895180396
33  32 1710379947
29  36 299363497
6  3 1646029604
33  20 1442996493
32  3 1638088295
7  46 276944779
6  27 503103064
5  34 582549955
21  32 1003381568
46  33 494067557
23  17 534229746
9  31 1096707346
21  48 1716990195
2  21 1486918069
45  20 1314771195
34  46 1107831353
3  28 803487353
2  13 570063073
6  9 1799111384
5  36 1029087415
5  2 485990232
21  33 1905403802
37  34 810430166
47  31 905707995
25  29 1856884884
14  3 499743149
5  25 1515302853
29  33 757174162
36  18 1967294917
15  22 1868569318
22  37 657595987
13  28 1544270184
23  41 497184962
3  30 352142657
1  45 1269273674
6  22 1034604463
1  10 213979312
20  44 1070359282
10  8 2047189965
17  28 976172849
46  27 1834627336
24  21 771040634
26  23 496559219
22  8 1601643276
10  9 1073042553
1  43 2105733738
32  2 916930496
12  34 1133087143
12  13 1569248086
48  20 697527849
6  8 1923398761
33  25 537678390
43  47 1837030398
11  21 1300062530
13  36 128497857
16  14 568525116
29  14 1546571868
39  7 1623800220
48  35 16124874
33  15 839012251
44  29 917958456
39  46 1567484913
24  38 209354664
39  21 26730935
7  40 1786952007
43  36 1197102571
24  23 1230631715
15  30 899756279
12  37 1429480080
48  10 1676284098
28  6 1771518357
43  46 1228013249
13  33 475786547
25  12 2127653465
49  36 1497584255
49  11 374448103
49  1 999105494
9  39 96495642
38  23 1795911440
31  11 943884882
49  2 942092961
0  30 1195781817
19  11 516283917
38  9 1499300331
44  33 1814700651
43  25 894971471
19  33 1588961585
10  22 3373650
24  1 894786835
22  28 2009793340
35  28 995163025
35  32 447587428
4  38 1818546194
16  25 1110004648
35  22 1483829671
16  28 37759687
15  36 1295950817
13  4 1921491960
39  37 6513058
47  43 661781286
34  42 384202549
19  17 1466169234
45  42 1119925374
17  9 1560338781
16  19 1777488726
30  24 1324736470
3  19 894948718
36  8 877655429
24  47 2194545
43  21 772464359
25  9 1328456706
13  12 419904971
37  22 50846875
35  29 1910832838
3  11 199975357
42  9 408212729
16  3 730972614
25  24 29946686
23  30 109457151
31  41 1009779903
24  8 1650290091
45  12 466854673
38  34 2133680854
16  36 1908236398
31  37 247020802
2  34 2117563405
34  3 2088081953
19  41 893548726
32  46 1582795286
42  13 1196526435
23  1 84259152
26  2 474848739
45  20 1280007814
33  5 1495342308
31  45 1537472417
42  18 1930723631
30  13 2026152787
40  21 65269757
9  20 1777208626
29  30 1409696470
44  48 903044911
46  33 2119989843
42  8 1113432337
13  47 632193620
14  47 744418193
42  11 970566780
45  42 1419641084
41  21 1058466412
6  8 405103170
24  21 2119974214
48  13 1163871017
19  21 836330995
23  35 1892934668
20  19 56113389
13  25 1814217774
29  31 2110143417
15  45 1303957779
44  34 496287427
22  2 1926239246
44  39 2079904877
11  10 1763207806
19  3 580352458
13  49 881739134
36  29 1220098598
8  15 1958899873
36  28 966721143
48  0 1428122828
43  19 200203761
0  48 491141462
28  38 1005622107
46  29 508018305
31  6 1172367681
42  36 1645741672
25  35 1290398472
23  13 1482795745
32  34 1917748349
30  41 1128375861
20  47 1376958882
6  30 977764003
9  4 669040234
46  43 246768895
10  40 2000934918
11  29 394958282
30  3 36200862
20  14 1283141079
18  16 206304522
48  20 1188333241
48  47 1604384622
2  30 547946723
6  31 1266439531
20  47 485879731
4  25 774736825
20  32 862179751
25  3 1950647684
31  13 1590637468
42  38 729554231
17  32 1485431502
36  17 1917776671
8  25 1015823864
29  43 1751333787
10  14 671174842
9  32 562872058
46  31 339970929
16  37 93103942
6  31 1750200806
25  19 1930731182
13  3 1495414087
44  36 1732892292
28  7 72220027
19  37 25641603
18  6 431712977
45  26 528328051
36  23 104146503
45  49 22487928
48  46 175062723
34  27 2058705330
24  7 1182965327
5  36 651843619
21  16 1522117358
32  41 1703568023
26  24 598714981
45  49 522904505
28  16 660259445
5  2 2027149714
3  38 491575904
3  36 2061444981
29  1 120651739
24  29 1098280620
16  34 682238385
47  6 1358457841
19  2 1761852139
49  26 1212802249
14  2 1702453919
34  49 873380320
28  42 143874708
21  2 306232541
12  24 1959780575
6  5 1168884257
32  15 1386593583
27  0 1827898046
20  49 1797767157
26  15 189751150
23  10 1695363466
5  31 1039230907
11  41 839931450
48  47 1557311384
6  31 895201348
20  39 1781750724
32  11 531872553
32  17 738131940
13  20 1332882344
28  4 779261490
5  16 1625027673
17  30 899988068
23  30 564815387
49  26 906105933
47  37 1414609219
43  35 1058305677
32  13 1064391467
23  12 140559270
31  40 551846950
40  31 459572672
5  31 786953019
25  30 1468877499
2  5 2003386842
49  34 1589047135
47  25 1982497384
45  29 773848438
45  23 947657194
22  26 1242277827
7  45 311650265
17  46 170736856
36  45 574647809
40  35 1518407278
32  0 767986868
15  46 656141159
3  13 67993470
38  32 469829841
18  43 1422309842
42  39 1013637172
9  34 1968168471
35  28 524891027
18  38 1059789766
46  20 247643735
48  3 1977547106
14  20 606857552
33  10 754353312
30  20 906665098
24  42 1705406640
43  7 673884669
26  20 593427935
26  6 786613217
13  36 553793898
2  15 711717311
2  23 2123851665
10  19 264623202
28  21 634083005
36  42 1657581260
18  14 367283703
7  38 10431808
40  15 2055962656
6  32 1711010134
15  10 296641441
9  37 147609774
41  14 1397495109
39  41 14337008
19  13 209243556
45  10 163828482
29  47 1716511641
12  17 876420596
39  27 623514231
39  16 1436255361
41  38 1400894479
46  34 1733581990
11  21 1431841671
14  33 430806094
5  47 2132792
1  18 897288037
25  41 1313278480
17  6 1221702885
21  33 677425283
15  30 433989534
24  48 1298806119
11  27 978712679
8  28 444892266
2  40 598952036
19  36 659049012
34  20 312124946
0  4 80860238
35  8 632352585
18  46 1292975807
5  38 2113085447
16  13 256987099
49  37 1297965518
29  9 577627695
31  14 1241769673
21  11 1445549093
17  48 1877893393
40  42 710222268
13  4 1714357128
34  26 324469933
43  16 364927927
14  3 816494123
13  38 157235701
10  23 390060173
6  30 1237687475
14  21 1713960800
36  2 233202418
26  2 1242457256
32  37 670005345
0  35 1347612066
35  38 1083773808
36  12 1622690040
26  3 349155943
37  11 1717150857
22  35 1540818459
5  15 983712541
26  6 887067533
49  27 1692263976
38  12 774802331
7  16 255527362
20  0 957786868
8  7 1817165487
21  40 480359058
47  4 1040354264
48  1 2027655170
21  1 826342843
12  35 72407210
13  23 145723881
46  15 1717508993
39  15 820108406
5  10 1219540159
29  5 1444640788
25  27 1166496802
14  46 1201116324
5  11 1869445544
12  6 596307467
11  3 1071277227
12  30 1790353456
11  12 1791611025
16  4 706643514
46  6 166034354
36  10 1983105261
39  5 992457539
30  38 1301073524
9  48 28726728
33  23 784839889
2  17 1210001091
31  43 283675403
43  8 233963996
10  16 357097795
41  42 439725945
29  22 2005024569
27  40 589921644
41  16 1971214620
13  23 1617197867
20  18 1477442614
24  39 1695520919
27  38 664371160
31  11 405562659
2  6 689711556
13  6 608978085
26  27 1018882978
39  48 50762215
48  45 1206255018
31  5 855832595
13  21 734289189
15  44 277427301
14  41 1658917349
23  44 893029862
40  42 663956558
2  18 98186500
42  33 1237479175
34  10 1661479294
22  35 1412637772
23  21 192587063
39  31 1102596987
2  14 1086309394
14  4 1972731575
13  2 1930012464
37  40 952847337
40  3 1415522646
39  18 1399378471
5  46 1194503289
19  42 1553165540
29  4 1599015052
33  10 1585734908
34  1 1104129814
28  3 640441528
45  0 1937162863
33  13 579001542
14  27 868548140
32  0 1986012016
45  42 810190836
34  33 301470353
7  14 1405164475
35  19 1044148834
13  43 1141000092
40  21 823459704
2  36 1781093065
45  20 845190616
22  29 1927118514
47  31 992245339
23  27 296406432
15  32 1473764070
48  45 737842495
1  31 343161811
48  17 1378178169
48  45 1724787026
12  42 1800245222
31  7 2125697601
4  38 2034398706
43  38 410291759
47  19 782407557
39  6 1585332615
17  15 1924097256
3  34 404176721
33  2 351775876
12  35 477697266
45  48 1177828206
37  29 110269349
23  30 58696152
10  20 221515018
38  16 1757802234
21  44 1441262084
20  26 31223433
20  9 1529126682
40  19 1156827329
13  37 888670529
17  21 1603815517
30  21 1292686651
32  3 1094181404
1  21 1259998231
2  44 931549537
16  15 2110892843
45  48 1276622701
19  28 383829826
5  10 1580215955
34  32 1075714700
41  26 804050145
21  9 1323749594
32  7 837490124
9  18 158226798
44  11 1414558363
29  21 895867846
27  32 1354489354
2  25 1502596983
22  15 942875270
19  35 893401966
5  23 350992372
22  33 2070422771
8  47 1906799087
22  10 1841025044
10  7 2097399583
33  29 2010724285
1  34 1680954837
24  25 709256058
48  26 618275811
40  18 111918182
29  20 843494169
38  16 1665494690
9  39 964768825
36  41 1271148141
5  7 1011905799
23  21 1581512404
31  7 624882041
32  38 2067872099
45  20 1225808843
16  9 389288206
31  34 1112506938
43  15 948453377
46  7 1624893923
22  47 1296905919
39  9 1229956134
19  18 1969660077
11  0 1182987370
2  4 1563578409
19  5 2084264385
12  42 1125151747
17  41 1640450406
0  21 211993176
1  47 2111734806
26  36 372091379
21  7 1724246830
41  11 1885213094
30  41 1686231269
26  2 1093690895
36  7 1340401171
2  15 1654916266
45  4 1668418966
40  23 794961827
48  43 1137364222
21  36 1199539341
11  25 1111080553
12  7 723294250
30  33 606792263
47  19 1708701409
13  44 758543769
49  31 327890906
25  34 2035727574
38  48 1388916075
23  13 100427542
48  1 1788184096
41  47 1263909849
45  23 755728145
6  9 1311797893
9  6 873712561
8  22 561335797
7  49 875695691
45  13 1749724218
48  17 1538146106
24  9 732003324
40  46 688998217
47  38 13776469
3  8 1068027818
32  13 1905866198
10  25 2099206694
1  35 1119779053
47  36 5895470
43  32 613267187
22  33 660942965
9  22 1107647906
3  40 1087063383
41  37 1117539701
15  35 382000697
31  19 2011606640
9  12 240428755
26  8 988869723
8  29 1884444338
21  5 61350660
47  25 1643304209
31  11 45770570
10  11 1238263458
19  8 374509653
25  0 1032016505
31  36 1469084147
29  48 466032017
40  43 267056655
48  24 1078595451
13  42 1793316261
12  9 770964415
33  26 2042084049
18  43 1975739882
24  9 2093032832
22  37 112298197
12  4 771016891
27  32 113568454
23  3 1353848325
35  33 943502716
15  25 1110089585
30  29 2004419889
17  15 238322113
5  20 1632759226
38  16 1999232430
9  21 134723082
4  0 143206481
3  27 1601128338
12  31 510020554
33  12 123657750
11  0 857182898
24  28 647480492
21  46 1998260682
22  42 2093042841
39  38 1794778366
41  30 632047976
5  34 1700056268
20  42 779653305
21  12 13827603
24  35 153392729
43  3 702677236
20  12 1163065432
10  7 305223268
0  24 939769978
34  32 2013256276
35  3 1418072791
27  6 757886221
44  22 1246453976
13  39 717673985
13  24 420695326
24  17 594421344
45  10 1254851054
29  38 382606050
22  0 1209999462
43  23 1573474826
9  0 25564404
14  8 1644145974
0  24 1803700636
10  42 69193991
10  44 777576133
3  37 1584436524
15  22 1953585882
15  18 1836099504
13  37 602515698
15  10 1490807723
41  31 1383697392
4  40 2094167442
33  30 857119590
10  18 492384125
23  45 1887840820
23  41 353278044
29  17 24859834
45  4 1495878603
29  6 745668965
32  9 965604460
36  43 1940444935
42  49 653701276
43  20 2076261097
29  38 2078729706
11  42 672132213
22  43 1785737515
35  24 412837853
3  36 6983224
30  31 92091989
13  2 1259096803
9  14 152065486
40  45 1333065410
7  42 951871298
35  40 29979183
2  36 1247332952
8  2 1891007811
39  23 323171773
31  4 1914543709
49  40 107323264
5  4 1675577015
4  0 2051467505
27  46 323875137
33  39 100267649
7  22 819749722
4  17 527525165
40  48 1684578745
17  6 801687973
48  43 844083832
3  35 584692151
20  11 1491260780
46  10 586350484
6  13 618581889
5  0 1565182613
5  4 851354401
33  24 1665713704
13  38 2042121137
38  31 1021175486
28  31 1581772684
48  17 1750707350
42  30 1597780889
6  18 1300177103
43  47 174199406
10  3 1962084544
11  41 670017823
24  23 943298449
19  29 910762710
4  9 1463031237
4  5 1151231311
31  16 1421969842
28  1 2146254343
0  24 1650746265
24  19 1054668170
7  11 2005891244
13  32 265518278
31  27 826280284
37  24 793169485
20  48 609236867
40  3 1558203096
31  8 1110619374
3  18 1259011818
1  2 657170966
3  0 886403637
16  15 1155030198
9  27 476088035
38  23 719064724
48  12 283190415
36  38 422389160
16  30 1487134711
27  22 52618064
35  47 4022469
42  27 561604704
9  13 1907981243
31  21 1673785431
36  21 409572050
44  22 1059357450
23  48 958105996
31  24 1161591798
10  6 1525237294
37  21 149265300
19  38 462457131
2  39 28899912
37  39 93608553
41  48 482367404
2  0 2136867130
