1250 50 36 14
36  29 255978930
38  24 1645163040
2  4 400923736
37  26 345484991
1  9 1239752232
24  40 566221880
46  27 91061186
43  29 1561937441
30  39 1004564414
41  30 148515252
34  37 2115130989
10  3 677066060
34  25 537073163
8  27 159228389
11  44 1258709748
8  26 1433535299
0  1 1140336520
16  11 2001399971
17  31 794084415
14  34 2059498648
7  20 520973355
33  9 755251827
0  10 2011582935
6  12 440242437
24  46 401263526
44  0 680950500
25  24 537119446
33  14 1051012858
8  26 402925544
3  43 935855670
15  36 607160463
22  16 1303509391
4  42 1518260643
31  29 570106201
20  19 1945730774
42  29 858386490
40  36 1212017781
17  2 158486443
41  18 545922802
46  5 1568188752
11  7 261434456
38  6 266542561
1  40 699900135
46  31 2130638663
29  35 1909355082
44  6 873536880
47  28 1748517863
41  45 409725082
33  22 1139407976
13  35 1828245370
17  14 449097178
49  23 1379644205
9  27 1266804389
45  35 222797503
31  5 1041129825
39  41 279762725
26  29 1040112878
48  16 692153571
0  19 757884763
9  22 111335014
36  22 180267031
32  15 368824585
42  45 1505995951
46  44 1036225929
8  26 2044944357
33  20 921314122
42  48 1185366277
24  49 834780243
7  2 1285857953
7  37 720833665
28  48 1828768988
21  34 1687918137
12  13 1650741566
38  13 1278758985
8  5 164524503
47  11 1747903934
25  35 1285026603
26  41 1120813456
27  25 1378138779
6  1 1262414533
40  4 2053823878
1  49 1024996793
1  39 1836103228
2  0 651750388
6  18 1260724012
16  12 1643713882
43  35 839563183
31  45 1739970934
14  30 987335771
42  0 548754777
36  5 1613733609
29  2 1511028948
15  26 1362368362
26  47 1403408005
28  11 1406777700
40  26 290919910
22  6 700459269
47  37 1375454191
49  33 213447553
3  11 195918333
31  8 2033433521
34  26 1460483890
2  48 1143603960
3  2 1069679891
36  2 31744522
22  49 521723233
18  24 1603823593
34  44 105430534
29  38 2029424977
38  2 816150739
13  44 751064229
19  2 1401605331
16  3 2015449514
22  0 382439360
8  19 267089582
12  35 1038839296
3  43 1798524874
39  35 1294799497
41  28 1455550175
28  48 123915209
27  44 1543269128
8  6 596602086
11  19 1921247720
12  45 1784259220
44  16 2007395139
10  19 371633122
27  34 8640232
44  45 935780255
3  39 1130218166
17  44 862007989
31  2 1231386264
15  43 1685536375
42  43 1615900632
6  24 1475006227
15  21 295035431
35  48 788422271
14  46 1048941751
41  26 1826884082
21  20 367776188
4  37 1905480442
6  33 2094289378
38  34 753075242
9  16 430670157
3  29 1848196603
23  19 1031569419
38  16 1131669802
29  2 1744241589
17  38 219096699
37  16 1905903466
45  37 762813749
40  29 829192197
4  3 461410848
34  5 746480909
28  4 1893010621
23  18 1363361825
43  7 978432588
34  18 630641675
6  11 724598391
30  2 1948316375
21  45 734826878
45  13 1934914185
6  26 1615394789
26  22 995465224
21  43 1058775469
7  25 1329803046
7  2 1045195759
35  23 1522028671
36  33 1848303795
24  28 1079522253
42  13 2044016319
30  37 325606378
16  25 2122943677
35  8 986781435
48  28 1748714271
12  23 500833109
16  4 196337102
26  34 637254789
21  2 1684045713
18  8 2085234981
14  27 1645595726
10  16 1157640531
46  22 726516949
18  9 887499536
24  4 1097162182
19  25 2007903935
14  43 84467878
1  41 756786426
49  32 1707239504
12  42 1180338893
34  3 1174831940
15  2 804099838
29  49 1018134576
20  21 58426063
1  22 479347594
14  41 512963966
11  30 116193550
31  5 1424331683
40  18 1967412392
39  10 1949583690
18  34 1759307413
37  0 39311831
11  38 2143887134
10  28 156551026
43  8 272443933
11  38 983873647
30  25 2069361268
39  12 302511733
6  33 1804892972
27  17 531051305
25  21 728360041
34  43 592412336
48  31 868708816
37  44 249129425
42  22 1147126879
24  49 2087244734
28  17 1283996531
44  12 1034888123
33  4 670513677
9  15 306764862
45  43 503650525
7  31 281874131
9  21 1737199708
46  48 1590584794
34  14 1691671893
25  13 1683630182
34  24 462558401
14  29 1701381742
8  9 1198573514
37  31 210411264
48  43 17529651
24  5 963446016
24  27 1235910634
3  36 1957051924
30  35 1066460895
9  22 471112078
10  43 1818569179
39  5 875550092
48  29 1785187479
30  32 1271141398
10  16 1949551342
26  7 1977863357
32  14 642019149
43  11 1246779981
49  33 1679680118
5  36 1518019101
40  2 1380352775
18  49 525070137
12  42 1633940728
49  40 1831019871
5  33 770027094
16  29 1285509866
7  49 497709530
2  29 907860274
0  46 1693435633
17  26 469849714
2  21 951137160
22  25 1277357299
39  47 540608002
38  2 1916955282
43  32 1601229699
38  25 2097495947
12  41 270897677
4  38 765651936
33  5 1162011621
11  48 334794899
22  29 994893176
4  20 22376988
1  21 1922569414
26  15 2110212004
23  34 2116626835
39  5 1079342045
29  35 1657236322
46  17 1151228261
46  33 373598263
7  47 808934778
47  41 953833857
20  28 575993652
18  33 160539975
20  41 2120569567
8  4 1868535027
2  20 769948575
29  41 1336492774
30  9 540308677
24  19 477502724
15  44 492329128
0  49 1027241371
36  8 854121133
26  32 1585268562
23  20 1213764027
43  20 509104590
44  13 625653596
36  33 959985505
26  21 1554864103
2  29 299553675
37  47 1638591166
44  40 1495455539
3  4 419772389
48  14 81310126
24  49 2133388036
11  4 641545709
46  7 1017745273
48  16 673999389
23  34 886889960
21  32 2122565828
7  4 762654082
7  39 714503327
32  43 1282977571
26  14 771795313
33  6 1406723807
21  15 1201112518
8  5 1578015206
31  7 1903634195
22  27 924262619
14  20 1392202920
49  4 1789422129
6  33 1401305236
44  37 1250279194
22  44 1771394918
25  46 2105344103
13  27 917627004
27  33 347708622
16  15 1528389706
6  3 1287558494
1  9 1305658708
45  38 907676434
11  37 834354525
49  18 1058280586
31  36 1618295663
21  38 1586030921
43  23 13185256
31  11 2044598052
25  23 914103414
42  3 1056624578
7  39 1081585810
2  16 400209356
7  37 1967000117
15  17 475390730
8  26 1380078224
37  44 1775238318
44  34 908127765
41  1 2054694623
48  15 990928601
2  1 991069286
43  40 1579645682
38  39 962989879
18  26 1319069705
8  3 49568965
20  43 956477309
22  25 927747179
42  35 305092001
24  12 44148667
14  36 1129740541
35  44 58128764
34  24 1008679734
40  15 852515371
15  28 475888711
35  39 2045375138
17  9 1578907132
7  17 2114837844
49  18 121693969
38  10 1892428152
24  48 1909587574
34  42 1932707705
40  16 185777050
19  47 1824390300
27  0 2093416695
45  29 1103423001
9  3 555780911
44  27 1964656883
16  11 237904072
30  21 684681238
24  29 737771644
4  39 122013814
41  29 1449966188
11  43 1198244578
34  23 1996779985
7  44 692931140
14  6 2113878544
16  41 251259616
34  40 922505231
27  24 1267074628
0  2 1675733600
4  18 831626445
20  29 1436425433
14  34 1900786956
21  28 1178708498
3  9 1033931530
22  48 218754921
10  0 41492623
2  34 331801268
28  32 1452279186
49  27 757848164
0  9 1317062681
23  3 2020571384
34  32 1149524221
24  5 37621371
7  10 1935065515
41  38 608855722
49  27 197982477
30  37 743402114
33  42 1319770628
28  29 408713231
39  3 490881102
41  11 1833688386
8  5 1910531185
38  40 643755419
29  41 1992535957
5  42 1809363767
24  6 24815503
32  43 1076271001
31  36 565379218
0  14 929653235
1  21 1295672237
11  10 1904475676
45  17 822004375
25  37 1549193044
20  25 1466169953
39  20 264652625
15  17 1374314195
12  39 1033727993
14  11 1175440964
33  42 1475238667
3  14 676116655
35  37 792066062
18  8 1662313299
12  36 171271179
8  44 1251829717
26  15 1149570552
44  48 1554338917
34  10 701923507
10  31 360958207
17  21 201616078
9  30 1296417718
1  22 652959465
36  42 1028097775
27  22 417998736
13  6 984904941
7  49 889671705
0  16 1683947186
31  12 1426916479
36  33 946965054
43  25 694296289
17  8 1496217698
32  34 1604186402
13  42 1165150911
38  12 1782681441
40  4 36891415
42  41 1285770228
20  27 1648034471
7  29 688362353
36  49 552310542
16  47 937026123
49  7 2075672159
32  36 999018950
46  48 1216722914
42  20 2038028557
38  23 2115312371
46  43 1102611191
27  14 280399654
26  23 987099899
3  14 452571839
17  42 1690485519
48  37 1330540380
14  9 113028992
0  35 1782306448
28  40 1374930644
43  9 206117552
12  26 946562575
0  17 571073606
9  14 1031223384
27  45 1148574687
43  2 312708084
35  4 371907689
16  31 1700289897
39  9 400913128
15  43 1934735764
22  46 430573518
37  9 400547925
23  45 1472960540
8  46 996607643
34  25 1827537241
0  25 940556190
8  14 52246920
33  49 747590252
28  16 1753231761
0  38 1160092449
27  7 1662680945
28  15 1533339632
0  11 1886287710
40  28 2095016264
49  7 1398939296
32  10 1586676293
1  5 2114039590
40  23 1287572110
36  10 56259409
33  41 1643431403
12  47 763223508
41  37 2014836576
43  7 1810929151
11  3 1825931234
1  38 299611367
10  33 693628640
10  48 2084294653
39  37 342623944
9  23 54828573
34  33 756312190
16  2 1084902820
25  39 477457864
12  6 1982764216
29  13 1923496767
41  49 2046755229
28  48 144620314
17  0 1798129842
37  48 17157501
0  28 1922637943
9  13 1021307328
3  20 1487221528
9  14 1954981184
17  2 1394211409
3  13 155228326
39  30 1144100715
38  3 1166986840
39  25 179004066
48  20 562898724
40  31 432779962
36  1 1409232392
32  43 1817299620
2  44 1810104992
4  42 526034920
21  29 986725912
32  13 179648496
7  38 703399701
40  35 1320714494
42  12 1889752819
27  28 378386298
30  0 286585300
10  38 1416252920
30  12 1058273420
22  11 1674131213
10  7 510082694
6  36 67035987
41  30 1751292437
46  26 649236966
13  33 527123248
24  49 1662329179
40  15 382893170
8  22 646761219
43  49 861501113
30  41 1332925322
2  27 1383188000
15  48 1821782321
40  25 562051957
16  39 428622198
33  6 724762254
42  33 1471355130
11  19 1510430612
26  41 339782205
16  36 1645260288
33  31 274556550
33  37 808024228
34  27 405853188
43  47 389710575
26  5 245243431
19  48 1040102002
2  21 1262740959
4  26 943534450
45  3 1334002567
5  33 1031086096
20  0 234078501
26  19 994306737
32  43 989108701
47  42 401075642
3  0 1581131691
39  5 253117901
18  35 1533011246
48  45 1146718013
43  23 4096133
41  47 403764208
18  10 596611916
24  47 1813981647
9  11 572272982
16  14 140361306
16  22 1422490508
37  8 2125813064
48  6 78356489
23  49 787295514
13  8 1760336680
25  31 713553919
33  20 1581151156
42  5 1202016822
49  6 1072730688
44  29 1996249526
37  23 785818072
30  9 396924427
46  16 680983550
27  24 1910762033
11  41 310691726
48  6 310881270
48  20 1990408258
9  37 435638227
4  27 1681440607
41  44 431347341
40  24 95479092
7  0 1692943241
28  13 1225774419
25  10 908461556
17  24 1226646857
16  42 407510234
35  45 703506326
39  17 1796868967
40  26 2068887163
23  44 1101386360
3  25 486711504
13  27 1983196910
22  36 367635323
40  1 1945497978
24  13 1430350262
12  14 1916801383
8  26 1512469063
8  29 358356108
25  7 831731106
13  27 86744053
28  13 1786735134
37  28 381178122
26  46 1464674784
29  38 910521639
34  29 2072004888
45  6 789577721
6  13 1875838506
42  41 318659445
32  49 1362929042
32  27 1969067183
32  48 918826220
13  19 521353525
15  39 1008943105
43  44 232034547
27  44 965727376
43  34 2028739189
35  27 710437537
8  4 1457931979
9  45 154310680
2  42 134941908
32  35 1656746190
16  43 1657082609
41  26 1748243780
11  2 1081914485
16  25 6746284
45  6 199159981
8  5 1687259139
12  41 653409896
41  25 1307274020
9  0 282318966
4  20 720378825
18  21 1197062994
37  32 370045850
37  46 2079779456
12  41 318130493
25  4 903722016
48  5 260545809
29  8 693396357
7  43 797919499
28  32 743028090
19  34 1579910840
16  3 1086911237
49  33 1949811699
35  39 1762368613
3  18 492453608
12  34 55583232
3  49 605061894
38  30 2048499450
39  46 1475708072
0  22 1301826513
42  6 1898541047
19  23 235471763
37  49 1343943855
16  19 1370934446
46  26 1673806251
17  14 88814327
42  0 2066468804
26  28 2095791908
9  25 1546639250
46  36 167308691
6  0 2043963020
28  5 1615164186
20  1 1749475318
44  18 1317667801
4  14 1059219097
38  14 445817050
17  18 2004557255
18  41 195611934
9  25 1061714841
46  19 691488114
10  30 142715082
19  6 507881673
11  39 1525500211
18  20 1947277978
35  23 1316413213
45  38 422279390
12  33 273706397
32  33 151138122
12  24 1970147352
45  21 1706045244
38  41 697428972
22  12 740071479
29  21 961034210
6  13 1902368542
25  18 392390574
39  11 1445943278
17  46 482998616
12  42 224436757
0  11 687214915
40  5 1003889724
24  13 1314634719
46  10 963407419
0  24 1002565976
31  11 1300434114
5  47 10153721
5  31 680282770
17  31 1610849328
26  45 218458029
6  1 818239560
40  21 1774073108
3  22 1266102499
23  34 1140829301
0  25 995671541
2  3 1088774088
18  22 1138839742
42  8 356244890
35  2 1009572357
1  12 161433321
31  19 1931843000
29  7 2084222259
37  46 1645422744
41  44 1585365756
11  0 1946142856
28  12 1071464388
41  44 2145893064
38  49 2006060296
48  33 458679882
35  28 1369755764
11  46 321818354
11  6 230649569
34  44 2020231592
3  31 341465835
5  14 16032050
35  17 1560501683
15  7 101189162
37  20 877961167
16  2 2077663067
25  19 1347331512
12  6 1805637360
0  42 568095016
18  44 1442469810
42  2 260802121
23  5 1450560521
44  27 185528049
19  24 165921521
27  14 1183146691
19  37 358704001
8  39 536241427
25  22 1211696490
27  30 1989142703
47  15 502101413
22  37 1123313641
30  20 1778122301
9  29 428605934
30  28 1573014064
48  18 2014985488
39  15 1874741937
10  42 613695009
38  1 727911879
14  7 678672092
33  6 1853950167
23  49 1776776565
45  34 990435881
0  41 1420427284
36  24 1845122366
14  22 108917977
6  43 1592385675
5  49 1283443383
16  34 1117919587
42  39 961583748
14  2 2092616024
42  7 1163663422
16  37 624997574
24  2 2085398299
2  32 1826079017
28  31 52808072
45  1 89416402
49  28 556779259
45  11 1159395012
12  36 431799746
43  15 377907843
44  5 868208181
10  20 652088228
36  6 1999810725
32  16 657205692
34  49 2019375024
48  38 1187340148
43  32 1370359164
6  45 1419808890
5  43 1095992999
37  25 258818190
11  43 318607080
5  33 564364173
7  17 256688877
35  0 722607883
24  43 480644739
18  41 43849575
19  20 1741042876
42  19 1064167449
37  31 1437327745
17  11 1574760761
10  48 1924466930
3  49 2056461455
10  49 1088590507
38  49 1206840470
6  16 638308290
34  18 232470602
3  48 553012832
27  32 1118446871
29  19 1747928648
25  16 2102104866
46  41 1888963462
49  2 1507437522
26  22 920161415
43  26 1890533131
34  21 1536255356
9  43 1177708597
46  28 635816759
48  8 345409590
27  13 589433458
46  37 536777049
8  4 2089237535
30  13 1843594525
11  22 660595329
43  2 1252708224
35  43 587004776
39  28 931350828
48  1 2117456988
46  39 1819567486
8  33 2003924797
12  41 946978709
35  27 866677347
12  15 101402611
5  4 753064355
2  43 335692736
23  43 940224029
3  15 912196949
48  12 548018014
46  24 338006302
13  36 368413211
15  48 2069978289
25  39 489035777
14  10 1447794722
38  0 661037196
48  0 1953192968
24  45 1710788639
33  7 1945056258
25  31 838310562
43  31 20129875
22  24 1309377800
36  10 1266270237
25  32 533564106
34  45 761139233
43  16 1384725183
23  22 1070618673
45  18 224017546
49  21 224571531
8  14 69158705
44  29 1705125749
31  30 321498445
11  6 479825813
33  23 1850507252
0  12 2051447810
26  23 1777511868
23  31 1990929609
2  26 612129643
3  47 1687645234
28  22 886625499
10  46 1096133819
32  29 155568883
33  5 1975172375
12  15 1838923641
27  2 144908010
2  25 736595132
35  39 704304422
15  28 1351409940
37  13 424070608
0  19 1097004695
17  11 800181977
22  11 1090422672
10  49 1027596644
41  39 1842745737
37  48 226816454
48  15 164647640
40  30 1874829167
4  5 1988643130
37  48 1200066474
43  24 2085939454
38  1 2088291058
26  6 1238673467
18  21 1835207110
41  12 566619962
1  41 1382116803
17  41 159319831
37  35 215497918
46  19 954197619
42  6 519788394
5  31 1792358017
15  6 1878862341
21  49 1908896637
17  16 605599464
10  19 354160616
9  37 1733373818
35  31 342847541
16  42 1611735530
43  21 1701719035
1  30 1897337087
21  36 768806324
16  10 1625004825
4  42 2125371881
42  25 1175996994
41  38 662872795
28  44 261619504
28  21 808438160
46  14 1244893951
1  16 332454793
17  27 612733038
8  9 1821285331
35  30 1558521318
37  33 1699577396
16  30 1934108786
47  18 562939749
42  17 100890916
6  4 2092917203
49  33 1410776030
22  44 991531299
19  8 1449017672
7  27 1947941866
10  18 338241522
13  47 1569963949
7  16 1247626943
24  33 208318951
6  35 2021286538
41  11 1703254146
3  13 187070810
46  25 65056082
3  24 1818681337
25  44 629760666
2  10 1144690829
3  6 211813303
49  48 831383814
14  45 1056860804
49  32 1015933748
4  19 2110702837
39  19 669631161
13  9 289879327
25  34 884238041
40  3 212583195
46  39 1331208791
24  9 1793715966
18  17 1099568369
26  33 2106599951
7  25 306303216
37  48 1251637015
32  0 1531431753
18  12 972737343
34  28 807723498
25  12 1005723403
33  32 1671318740
3  38 221921311
39  38 101842241
32  23 1285010796
49  40 945253779
19  11 1137620412
30  23 879888994
14  12 94613294
46  25 2091246832
43  38 747490544
28  15 338997124
6  29 1886511386
3  11 771135297
32  27 283310312
21  17 428022612
8  37 1438415436
24  48 1453312149
25  40 855668533
23  42 1143415326
13  1 1314859721
25  49 1630791857
35  23 1567510500
36  46 417897110
47  48 1004619394
8  41 939672400
31  27 319679875
47  22 1365538679
19  43 571067317
4  24 1197718489
27  32 2121796616
6  21 1238820967
19  7 2026085815
10  31 787955918
47  46 1651142927
9  11 605152477
12  44 1701575020
47  15 1907069226
41  33 1168353432
28  31 534000395
45  32 1132905145
1  28 41298079
17  41 134323053
19  48 1662739802
15  46 134039985
43  9 819079599
39  22 597816454
48  21 813727075
8  40 2115129388
4  29 950925293
18  5 1446375561
19  8 73822163
12  42 1972710809
15  1 1008906562
47  36 729817513
18  49 1176604962
11  13 596863310
6  27 1355830793
20  14 1616897294
8  34 102493324
1  6 1310567777
40  15 1209920111
40  47 1187448685
21  15 1560190291
3  12 924185063
7  2 1283654812
49  37 720665818
30  17 372086747
46  32 504057422
45  36 1094205638
7  15 1862662095
35  38 808756438
21  1 1686260114
9  16 1548967700
16  36 664680568
35  39 1436104852
30  21 543997898
32  28 440073471
39  45 1971736520
47  36 398115487
41  49 1944679491
6  41 881898817
19  28 1553491446
47  40 1152538991
10  20 686698248
1  7 1891790845
11  15 1532733718
46  6 198195963
28  3 267836272
24  38 1672522661
19  24 532318086
23  4 133296359
43  15 55153904
43  31 2104281956
34  40 1304240553
33  35 1872381943
39  16 573668367
3  15 1405047460
45  35 1536302031
28  17 641689310
17  39 938609893
2  24 578918743
25  30 457913052
4  16 732949443
43  10 719935727
38  46 77628936
26  39 1120640741
36  44 241270182
40  16 466068765
15  5 925400625
16  2 1736714122
32  5 1224562511
9  10 108691783
7  49 979373124
0  16 1513592627
6  15 1567403172
49  42 368189937
27  14 1767988352
0  28 1246866901
4  13 93105231
25  35 806742088
29  44 1671012019
34  38 1880622118
49  25 1681071616
36  24 1464594926
10  29 476480726
35  23 216706167
10  49 64413100
29  36 1233805838
39  32 1708026812
43  13 1237981082
46  40 1130441638
42  5 2043965671
7  23 890829717
16  3 1306689921
15  25 625789097
44  42 1742459662
5  34 1195416497
45  2 499185374
37  8 1375224027
40  2 1783705172
20  28 767725651
43  24 75899826
16  48 1877658265
7  36 439573094
35  40 49738465
34  11 659513881
34  13 1240077241
8  4 791584037
44  42 135290513
1  10 420083651
36  7 1159934177
14  1 1865484826
21  34 441342846
26  39 1522247790
4  39 612442190
24  17 385731060
26  14 1751058223
1  31 1095006079
29  36 861012243
48  15 149004234
47  14 1584771332
10  31 2108031434
20  3 2083590692
8  34 1838115983
22  34 1972324407
24  1 657047167
43  4 2115443670
36  21 537974942
40  41 520840225
1  42 1651411009
6  9 1922532512
11  8 177153905
23  16 477612233
14  44 1520944068
9  6 1303923853
45  49 137167014
26  8 790935037
46  8 607307003
7  18 1249086652
39  49 1530043624
35  7 98955440
17  28 2019480264
13  5 2100110868
17  9 648286870
39  26 1191427362
7  6 16638425
22  12 205513858
49  17 1571967928
29  22 1217572657
0  41 407324018
27  38 1456682399
36  9 915737684
23  12 257075778
17  12 435238529
34  37 2106107623
49  6 317265205
36  14 1801420257
22  41 2048439569
24  20 1278224084
24  8 1611445249
26  5 1776522338
10  17 1049284308
29  1 248035391
20  0 1502292693
6  19 1353924491
17  33 1658853148
38  27 1312594373
11  3 522880351
3  29 854886056
20  1 1313818227
39  22 1080770186
29  10 684482504
40  7 416347797
39  23 2040031148
19  18 244104315
48  19 1766033674
30  4 1703741976
6  5 1176747524
30  49 1499660235
20  18 1573445490
48  22 559747441
34  18 963313626
27  14 1071583601
25  45 274633164
43  30 474800398
6  26 1541810642
24  29 1661327028
29  46 1669608053
23  39 345392634
4  18 1002077303
3  46 1236306614
32  35 845213024
8  27 1401665525
16  19 413042326
23  30 1617189086
13  41 1331549788
19  26 1892828008
39  20 189044064
40  10 837253659
46  33 1696934247
10  40 619121170
46  24 588327523
4  13 243427281
12  23 1190405478
36  24 38159712
45  27 1637334240
5  28 975460032
30  35 264823860
9  14 1155285034
7  29 1628547364
42  11 1125340739
17  18 1230567596
45  47 1848523050
3  48 17495276
0  27 1659214192
40  20 85410081
6  18 1894672748
45  15 465092994
42  3 1537364188
21  46 212898586
16  47 191553860
49  5 1680603189
48  34 400531068
27  11 1070684976
41  6 634151304
32  23 1080360325
6  44 209206377
8  33 922010104
18  35 2077385342
46  49 413671194
36  16 2033025206
16  23 125515683
13  10 1243117763
10  3 1837166926
38  26 212322446
19  25 670115416
9  47 1285527466
4  36 1516706750
10  34 1680756068
21  0 1127543797
