1250 50 5 18
39  34 1489534466
44  26 1727985722
43  27 110372233
11  24 492273106
19  46 169530068
24  22 601727110
29  42 636842049
30  9 84659138
19  9 1864584302
44  21 110273457
9  1 2099084293
5  21 1254967311
49  0 1532890880
12  46 543394850
24  35 292671742
25  6 1630439207
49  47 1037606171
42  1 1644839079
42  10 1845903814
14  15 756030452
19  45 1690857678
15  24 282915426
18  37 698287080
3  15 1834493952
8  23 660650174
40  7 40100444
12  41 1626389937
27  11 1384000
30  21 934845852
26  45 1365709801
48  39 1773008374
33  49 348509283
46  48 1472293827
1  34 1863935762
29  33 1538585212
38  5 230516611
27  11 606931880
44  31 803791379
49  31 1296088837
1  30 1933492214
24  15 943270298
44  39 1812514172
26  13 1277105385
1  43 464917839
13  43 674102439
20  35 169162354
2  26 688755563
47  36 1190639242
30  28 1133023748
37  20 784379370
10  37 161120888
15  17 1895305118
19  41 1197506255
44  5 712324753
6  48 47322894
13  37 716923229
3  41 1489706747
18  43 1580216834
42  29 201950718
28  29 1542515446
29  11 2035409200
19  1 1890913558
45  33 318299378
25  20 1320524817
27  40 219090129
9  12 1119648937
14  2 121468281
39  10 1419098647
22  20 1806160518
18  16 33914340
21  35 573462908
14  4 981626740
2  25 172586491
33  34 445101872
13  40 556793498
10  30 434777375
10  13 920836422
37  36 1296720471
45  25 616127457
29  2 704859656
5  35 1337941576
32  10 1943539749
28  27 916858026
9  30 578337936
43  49 702787680
20  18 1886732356
29  47 1339417126
24  39 1898159469
49  30 1422667560
4  46 673136171
10  34 1558729014
25  33 1138914649
39  22 1422284661
45  19 1731923064
17  29 436283674
33  20 686290330
5  27 1453021308
9  10 1177309949
39  13 634206269
39  44 1069620001
41  0 184018494
25  24 1161062101
3  4 81130589
24  42 37378742
42  19 486426619
47  0 238895283
13  8 1044972906
33  44 161012596
10  16 399820369
19  42 1034065428
41  16 1277484939
5  6 1558194063
31  39 2010804260
1  35 927402687
5  38 1626306675
45  13 1787815162
34  31 1085935017
20  41 1370840070
42  4 799556517
19  42 2051553694
46  49 1533222560
0  28 1058265546
30  18 965148765
19  26 118019115
30  29 1087515368
24  19 199807695
9  33 1575304298
28  7 1810563992
24  49 1279400990
48  2 1946669811
40  20 1726562704
32  43 92831251
13  31 1547031736
12  10 2108954357
2  1 635677650
39  42 1875082979
10  34 1958484362
9  31 98348016
48  42 78253438
4  35 2053933591
36  48 558824688
19  22 1982807154
42  43 885637395
13  8 1563466433
0  48 1427127725
0  24 1168419045
6  38 876768961
36  14 1558159075
34  47 1378557260
15  7 1183325488
5  13 1514937124
45  5 2049347304
16  5 1194762230
9  3 407762566
28  23 1518089463
4  25 964661146
37  1 1195782587
38  0 1425640408
40  2 1884010833
23  35 671649618
15  26 350454757
41  26 191163853
23  8 81306613
3  41 130967657
39  32 460202971
19  24 1286319727
4  45 1861374765
40  8 2080914338
13  21 1108985592
8  30 523082818
33  25 673251088
35  41 1188980243
32  12 2073883247
22  42 336921128
13  34 69729801
9  16 870281495
38  27 1620926729
47  38 2116166650
13  27 155613772
20  16 1164784644
27  3 1808491981
34  13 1228638458
8  40 598817400
17  24 1995616317
41  8 120255991
17  8 1502534679
43  6 206280984
5  8 1159562536
12  39 1894540545
36  14 1997717065
21  23 459624041
23  21 1932792597
47  1 30716793
28  0 754676916
31  41 566210156
22  11 395504197
41  1 1570266917
15  22 1653940666
2  17 288507152
0  24 854868499
49  18 403808415
42  36 50854142
20  2 765804949
30  7 895002435
3  22 2044240415
45  22 1517097920
0  19 395751111
40  27 1138688599
9  48 124661271
39  15 334278747
29  2 1446156966
45  21 2096139327
45  26 253170681
26  30 652373974
42  23 530471568
3  25 330618922
42  48 609888759
38  32 2117230651
14  38 1582386710
22  9 2069184857
23  8 1898875518
30  1 633068233
27  34 606767738
45  15 1229462068
34  14 2010444236
18  2 175852570
39  49 905982524
22  15 1057689918
38  18 1494003302
12  49 87213986
0  33 1669160807
12  7 1816572151
49  29 17257454
12  22 143322573
36  12 1214075044
36  11 20227425
13  28 20688801
33  47 1132823254
9  13 1572814861
16  36 1003704917
17  24 1188786479
0  18 820851958
36  22 699137875
26  7 2097080982
12  4 964946094
25  4 368067041
33  49 1992065803
41  32 791464869
41  0 634054975
8  19 1837693939
23  42 1662471002
17  47 1732284499
22  38 289047082
41  5 1897572411
24  15 1213027143
36  31 1228058903
36  9 405514958
38  25 2059180882
36  27 693508033
10  22 424600662
45  21 1516271320
46  37 815639424
47  22 1194270830
16  9 1435786120
28  25 690044854
8  44 1260879483
2  15 1499862618
29  7 1759447811
36  22 1211815617
49  31 216323959
49  40 2876938
18  24 1162562830
49  33 1453361274
7  41 1814326175
14  28 1024174847
38  15 1898093046
33  17 777684667
22  11 901582899
26  49 849444698
20  30 851516191
10  21 1444901152
31  4 1238312763
29  1 848620176
25  49 315062357
16  26 295219063
1  17 230648497
48  35 1019472145
24  29 1543321302
1  36 1165072208
19  6 299661264
26  16 1777096771
31  35 1808387187
49  44 1188803601
33  27 607414590
23  39 1269677493
34  12 376693084
30  33 1852032949
46  39 1874812453
8  31 260618829
29  49 1032998750
1  16 962143587
28  24 202899291
21  48 867791952
49  25 764641884
21  24 282055459
35  29 2073257192
41  32 1619453762
0  43 998898809
14  26 1686576000
9  21 353210047
5  14 663985334
39  10 1062046113
39  15 959714037
35  38 2008119036
23  6 1595293124
1  46 992274545
6  18 1631855963
14  27 733418217
39  35 1906006110
35  31 379146310
23  40 1712320709
48  32 100961856
22  36 623815157
3  28 1161053755
25  49 1845995893
4  46 1557444945
46  35 752011659
33  1 165425104
12  38 699528859
10  32 49491119
2  12 1363593553
28  3 594616643
11  34 1322349001
7  44 1677640590
4  7 395030171
16  8 2081822797
25  40 2021721907
5  18 1393297297
2  14 2071982722
30  37 309293888
47  30 1781676388
24  8 1090288269
20  23 443769333
38  21 406196412
19  43 1282244173
46  14 1191811298
47  34 202339747
4  17 1594758498
26  13 126477909
43  13 88544103
15  32 1475365690
3  15 1100991554
34  25 968902502
43  31 1322867660
18  36 745415722
16  32 1708560959
5  22 120883858
31  8 412689984
33  19 1729997864
17  25 1259553264
30  33 415578177
38  16 1404576469
48  12 1414509606
16  1 988461649
47  15 476737868
8  28 1707770904
15  7 1419565587
8  25 910577511
46  18 260057486
4  24 515162734
8  15 935358167
42  10 1192691142
26  39 1421548239
41  30 1111662068
33  20 1973979598
34  4 511022207
47  48 453155249
15  26 794724092
1  27 5022575
19  37 1694356769
13  25 608654130
48  41 210400414
49  40 2027520405
6  14 790139968
41  26 1556114355
36  1 557145155
19  15 477866211
16  43 1673605121
11  21 981093030
2  22 2008054122
42  25 2137764333
41  8 739686980
43  1 671662124
24  5 1214675957
18  28 270185561
3  19 640484964
21  22 612522153
43  8 1533252217
28  23 539425706
5  9 952764667
28  30 1356385954
11  44 1917690936
12  16 1502882212
25  7 1906776070
27  29 1785224807
20  41 1711154751
34  38 1415005430
1  37 1272494482
32  7 889734695
0  32 628668654
28  38 239380913
15  28 1233263112
8  11 1528615396
11  34 980280473
29  21 1282106843
43  0 1441957808
8  15 232216032
21  35 1824686247
22  29 1098834271
48  14 527028401
44  32 1912286701
4  16 1231729534
9  5 1704935468
21  47 150901369
41  36 1981246686
37  46 2031949746
39  41 251967406
12  18 971447429
27  28 1033789025
20  41 1099165262
26  7 1358246128
47  9 348200620
11  9 1381891897
8  25 166099722
12  20 1105021090
23  41 164870406
46  49 734841950
38  3 1501402697
35  6 520643647
37  9 1560470110
26  5 427708982
26  7 1320465283
23  25 1717464869
23  16 1486551695
48  25 1702468040
26  17 1526647590
18  30 2145629366
37  31 43559700
2  41 1931747526
22  48 1442741194
0  36 1051461678
28  20 56562662
29  24 1836951156
38  47 461479533
1  32 1890624874
10  14 1702567471
5  17 506366364
5  38 386282842
15  23 827302184
30  17 848793826
35  33 631934665
19  30 1911814720
43  12 881947688
7  49 627816399
39  15 107569505
8  43 616460318
31  42 2042186133
10  30 939935716
21  10 1525565419
27  18 643234859
16  42 275963153
33  25 323347
12  30 1170352312
18  23 2017232183
21  19 1877658051
21  38 1527683350
43  4 712216796
40  48 724900931
40  24 919747042
6  48 1256479892
49  14 158774549
12  43 311350572
48  2 102196427
7  28 2050975166
6  26 288618423
11  0 548966945
13  25 704442651
6  37 444145670
9  3 1542767181
7  27 1585610689
44  31 1217888073
13  18 1078908299
36  26 684604921
27  41 229362907
20  17 1958732450
1  39 389214914
6  4 273711246
25  23 721259291
7  6 1394264154
13  18 1199740000
15  38 1558658669
38  34 333272416
2  15 804551844
35  26 1140794637
38  28 446745632
8  44 1469039081
42  29 447526666
46  1 387554342
17  36 1282660900
32  5 878532802
32  40 310450729
19  14 246818323
28  25 1319933791
19  18 1582556032
35  6 1084924313
14  36 1980495226
20  2 1863053176
8  27 733906153
40  1 1925841025
24  16 1792890417
24  26 1506620705
46  37 1916736497
15  29 1665459539
37  47 519054298
4  20 950857969
13  20 1995310757
6  29 1128748677
41  47 1946015008
1  27 2124987955
43  36 212007054
8  15 2120402601
29  27 1307215614
8  35 1888600220
41  35 645139235
24  36 29485597
33  26 1564908049
41  16 1775198518
27  12 1772884852
34  44 556438899
42  5 1185349227
36  26 405558474
40  33 2138847682
40  38 530981856
30  36 432724021
0  47 64376016
40  47 394094925
0  10 666318566
21  23 1196145080
6  40 1310764142
42  31 1352528033
48  30 237911461
27  25 137320111
4  6 1834592649
49  34 85761946
33  0 275855671
17  33 1015146332
9  43 516527999
18  25 447991829
37  22 1336336281
13  6 206627504
5  37 301432746
20  4 360409837
43  1 790558811
17  11 697114471
11  17 775121709
14  12 801551226
30  13 1119740313
47  5 969063259
30  28 1509216547
13  7 992282803
16  35 1245186104
22  48 149121213
40  32 756418628
1  41 1977986014
49  28 588858312
32  46 548992661
4  44 2055099843
11  30 1351021702
33  22 2128407474
45  6 733925490
1  19 1278903853
5  26 292590264
15  16 1050292655
11  43 81897765
1  30 452092938
19  26 191822114
10  8 1070239592
27  1 885344149
14  40 51283178
0  25 1883856770
14  38 618211575
14  46 916812591
44  19 224378228
1  11 1421746095
17  19 1672488360
23  24 246354995
46  28 353707402
29  23 1101671114
39  18 1792778248
2  17 1617536857
22  1 1436880910
42  13 387651279
30  25 733348427
8  14 896722074
20  22 1938893308
36  10 324430384
45  1 1775309575
12  13 711454384
25  38 1275458601
16  2 395560507
5  40 505274878
39  29 372379960
4  38 1183547223
19  5 868536120
27  33 2117272265
14  36 2038777065
34  38 772611589
12  41 638510705
21  30 687655791
47  49 893245943
44  4 1570658039
31  29 145877793
48  40 118729521
11  36 626737496
47  16 634472999
18  38 855068615
9  18 326208463
13  12 567678052
17  30 237279106
16  8 2066098975
49  11 850969875
29  34 2014835261
2  35 601947014
5  10 1035447314
22  13 221689115
1  12 1255864401
42  2 1925386755
48  41 562600911
17  49 30141731
12  15 1186402567
35  22 1321253351
19  45 1997199639
5  17 914340914
46  8 1155001500
26  10 860538760
36  19 982879246
26  45 1126872837
25  2 764973829
36  21 1748697023
5  27 360269600
21  37 771886191
20  28 320149905
9  26 928543231
12  37 956199386
40  48 1862562485
33  30 1244890258
38  44 1040898665
25  32 1633023150
36  6 229340989
31  27 1152322481
5  0 239570738
12  8 985032318
34  0 2129233390
30  40 796795776
46  24 1568204878
27  45 376779817
19  6 1103339897
14  42 1835651594
20  0 1407559513
43  31 1792515513
6  47 61749534
38  46 2054226822
15  41 1528466630
8  26 1750582669
45  32 652588506
18  0 1474815295
36  43 1167932305
7  4 588903574
2  29 419116802
4  35 474913393
8  18 1279183976
37  6 1530742880
29  13 581507982
41  31 1974075712
5  1 238570193
47  40 221708503
11  15 2033454245
26  44 399087919
27  20 1088655204
4  20 408123080
47  28 1091726635
29  4 1990024657
19  30 1004262191
16  12 2061346059
39  0 359762835
11  0 708318109
40  8 1226823150
8  31 496988161
47  43 1430857133
1  38 1061058586
27  43 249011551
4  47 525513795
48  44 1858941165
8  39 2127765968
38  39 1709926023
47  33 563306059
40  27 1492448071
49  40 801350378
21  28 1919217458
28  14 1794770739
10  49 876681018
18  29 88666139
12  33 600127203
24  20 516476993
35  4 1098776345
43  41 1421286244
13  16 222038740
37  15 570873839
27  16 831349650
46  7 2127601047
20  34 1891311507
14  42 687588492
23  46 1528149447
28  19 836332362
33  27 11012908
37  3 652098101
42  38 393225475
49  41 1762548810
8  46 1221760474
48  35 1282404306
39  28 877111863
49  0 988592215
16  15 1701620980
48  43 1197293712
41  22 2071499746
4  21 1177102158
33  26 572145287
16  41 1953612610
3  4 1345748543
41  9 383489875
35  21 1850851326
39  5 1046060967
15  29 96717789
43  6 1003976626
13  36 975674371
6  49 564943102
47  8 2075635316
43  39 1160921661
47  43 775261215
27  33 933664595
9  28 1716302600
37  30 683964616
22  48 922727031
29  8 913552084
23  13 66679959
16  21 619997893
28  46 1374829260
39  37 289959527
40  36 403914627
6  23 2119726381
16  20 1682003655
34  12 711404505
23  0 2044811952
40  12 1224923113
40  25 2129167059
4  35 1258211710
19  44 966103703
21  8 169091922
1  29 755940895
36  5 1125652157
15  2 46250290
15  49 658226295
47  46 1327245323
19  5 1482974231
6  10 2089072877
18  27 662989209
48  32 1399672016
42  17 344410688
24  13 363528995
43  3 67522319
35  0 81024665
29  7 649739506
0  17 316619124
35  28 356247035
26  31 1845378813
22  34 2030843774
9  1 1572521626
32  25 66062617
9  33 104629598
31  7 638854401
7  1 1864620445
46  16 1794191396
49  6 1322269073
24  45 2078233687
9  49 1252902450
21  45 274834019
30  14 515311981
17  38 175643080
33  30 1954459811
13  24 1734030464
1  6 370103506
48  49 1769318943
32  20 1686464855
21  20 1698409803
23  9 571860187
31  7 986804309
33  27 1041147527
28  37 651593882
33  41 2100783630
13  1 1567153330
9  43 2025722916
31  8 1918622259
24  27 1255115737
46  48 1005526488
7  47 898584591
46  4 1118683658
30  42 661588524
30  29 1394982592
49  18 2132453109
37  45 255076057
14  12 1269010076
43  20 244420761
3  5 1509395551
48  42 938044064
31  16 1776556042
40  47 218038110
20  6 1521610433
36  22 887339480
12  31 1662438577
49  6 744054398
26  2 1228794673
10  28 970289596
37  5 1473066366
46  25 1112886056
15  4 861739141
6  18 1959619493
33  12 514935948
34  35 421433734
37  2 1959675879
11  29 2028369834
11  5 914431592
7  24 1101781982
16  36 204894277
46  45 1825214930
12  46 1530847350
32  18 2118890943
23  43 1602936842
2  39 1117972041
11  22 1533853525
45  0 19773690
35  12 1774561017
11  32 1296335304
9  26 220571032
24  23 193926607
17  36 1095811937
7  40 1914115796
19  32 145443026
20  40 1129514748
45  18 1372946009
31  48 1392524473
22  16 1065474763
26  44 617367952
0  40 1891445419
29  7 1170695897
12  14 6679386
22  4 1144149316
7  46 1537344543
11  34 1858500579
27  30 313781427
31  41 744445070
42  1 804642774
38  31 2089977515
38  18 769533481
3  26 2015079339
12  39 1159743157
29  4 1043452161
41  28 381726183
43  17 73541844
45  16 1701440629
4  44 377180301
31  21 1320959599
46  5 52901568
12  0 544245291
12  21 2129115344
38  0 175074022
3  8 1079972091
17  36 19265606
14  4 1963129786
36  47 395710678
18  5 1407327825
39  23 1541990719
8  17 1682503033
18  28 2116627335
9  23 388956069
27  30 1751812426
21  9 1182478176
46  10 1238048094
34  41 1310929108
40  6 634571331
0  8 2147005776
18  0 1397210031
26  48 990828285
8  35 1086142393
19  34 699906680
26  37 2028323378
19  22 759936924
49  12 2142644862
17  33 1196736805
7  44 1114254884
0  3 1141155223
17  45 1036008247
25  8 419306468
14  29 355490269
18  31 1672862365
13  12 907697528
41  1 419085069
11  25 144556375
9  42 85894560
46  44 1659746123
28  45 774450603
21  20 723811017
2  12 34907464
9  7 1135491739
14  19 634267054
19  33 1712336815
4  2 623451894
25  42 837754641
47  48 748471723
44  0 395557468
15  29 758086865
13  11 2092343460
1  48 708709886
14  15 522831192
10  0 388699150
6  43 90315595
35  15 117842957
5  21 743669003
31  29 471445932
8  23 540045777
12  26 467702905
36  0 1609893937
40  45 1861793931
9  17 1741328836
13  40 1890448388
42  3 1538661129
43  5 1594356015
37  20 518955813
19  32 298047741
39  28 1889723855
46  10 1117228484
33  48 1698304184
18  37 1990333754
43  46 300002298
34  3 71783832
8  20 1603084548
42  5 30350891
31  27 1046588666
23  14 428652922
44  37 228543772
45  16 1734492993
21  42 1753815410
20  47 25428693
30  21 812842948
19  11 1351113353
24  33 492680242
32  47 1497797804
21  17 198166833
25  28 68867958
17  47 1639586120
7  10 1548021828
27  12 1842907209
21  22 1742296467
33  45 554845874
2  15 562427769
34  47 1812241641
17  29 574922751
31  5 898324745
29  32 1735994460
21  39 1738499488
24  42 1848826341
7  47 1998903685
23  6 1027881480
25  38 1300640401
20  33 300196392
15  6 576658193
0  16 688476419
26  46 185151287
3  32 1116127442
4  32 990567072
6  44 159126334
28  16 1197529106
14  41 267084168
24  5 1824958411
23  36 252369506
42  4 951712617
39  40 330123280
1  38 7792790
14  44 770486660
41  31 1398512136
30  5 1300318411
36  29 1255832348
29  34 1309725222
7  20 393354094
41  20 1863450675
31  1 107267147
28  20 1019730352
15  23 2013417998
41  38 1897082762
43  16 310768640
1  24 762114831
44  8 334439204
40  45 1148741984
7  22 1732273369
32  4 1737521123
41  45 493542292
2  32 277359711
1  21 1130447837
23  19 1749315064
43  10 1912837176
49  7 1753011784
44  46 912983090
29  44 1106898409
32  0 1192448329
14  47 272754686
31  11 1338285625
47  45 1167202518
22  6 1162749116
18  9 824180776
35  39 2075852221
1  19 1001909492
19  26 2087642469
37  24 1407412835
1  35 1632065304
24  48 855801119
17  25 1515750138
41  16 1500478246
13  10 683622983
2  41 2107414881
9  5 1761141599
36  34 1742665913
41  6 112592039
3  21 764734316
49  7 758634467
37  34 1602958004
44  33 1063462266
45  14 1621180881
32  9 1424819678
7  16 145875816
27  14 2072548284
38  10 535224109
30  6 856209938
30  38 1354069311
1  22 1269689180
27  2 1148236883
48  32 1406462938
49  40 26046588
35  13 1707013494
16  44 894635308
37  2 2125242552
7  20 1020717730
22  4 2118680202
46  30 1272308160
39  46 1021714852
1  28 321609975
13  24 1194070567
10  29 1824366296
16  18 464906605
38  22 1365677736
49  23 1160382178
42  11 1381932524
19  12 428792566
30  49 1252473842
48  0 1206052580
14  12 537692610
23  34 231235933
21  41 1124585735
33  12 1701414115
21  29 1461382631
8  41 597626037
21  20 1484516703
42  7 447035955
28  41 1007099379
42  13 1686489520
47  34 536284077
17  15 1282880701
7  14 305937114
38  8 1028366434
20  1 1230819842
20  33 1360592831
16  35 75172818
27  31 715369682
19  12 1435020375
13  11 1292023443
34  8 1455108320
32  8 1471291449
13  16 1167356348
38  6 1615686209
42  14 363111771
44  39 923114630
23  28 2131416334
1  42 914867830
10  3 2086863740
16  11 19332515
9  49 1040664702
3  10 773125043
1  40 1299936519
49  5 1371225260
33  34 1402447169
37  27 125268962
20  27 159175473
14  41 1738417852
39  6 644091984
23  40 1147623658
7  17 1310073354
18  14 2144664951
31  30 1094564403
3  33 1961099147
15  34 1707795213
5  9 1960300279
44  3 1431226312
4  38 258219603
36  0 370088807
21  46 2062182627
8  15 1182044965
0  30 1914818745
16  37 284696891
47  24 105890146
23  28 848277585
10  14 968150770
14  1 331953516
4  25 690792411
14  45 844484964
24  10 2056182892
2  9 1662557272
10  8 1650423456
10  4 1029215282
31  47 364140047
23  43 528674809
38  46 1837044615
7  33 1322356313
14  31 520739135
1  6 1417849773
17  18 692647888
30  11 1877926586
38  20 915955930
28  39 986323422
27  31 258539890
15  24 121662225
14  36 157828211
2  1 1754609090
35  10 380127836
0  45 994512556
41  39 918867665
7  2 1343651989
5  28 1954333586
43  48 2085098516
17  41 1023994151
22  36 475168516
0  38 903769582
41  35 1548014652
26  0 1604208347
2  35 1344503011
9  23 282833208
8  13 1631144887
43  24 434609089
22  32 1506778988
41  25 929942254
12  23 1669635198
12  17 1986205334
38  6 309268088
22  7 332386092
0  35 901259143
20  35 1765673551
45  30 1018701758
14  0 1153701331
22  1 2018147572
11  10 1347444490
39  44 45855149
0  13 1820572029
1  44 679112234
30  12 1974727333
6  37 1353747374
43  34 1367919110
46  4 21337548
25  29 579377016
48  18 930053183
31  43 1790450366
10  42 1299512388
28  35 790500155
33  1 149041041
6  25 1789072253
16  45 1058846256
32  43 94089747
18  4 978552806
41  21 160636382
6  12 2016849899
22  29 1934999938
6  11 943794232
38  40 1870837133
17  11 38912094
15  3 1213348485
33  35 1607004284
42  46 1219207498
15  0 683752720
12  35 185632608
36  13 841855928
2  26 60141915
49  28 489276412
44  31 403715333
33  46 189376423
48  2 1076847331
38  19 712884137
35  45 114190627
9  4 666509379
14  29 1256453857
19  2 500414283
5  1 1107129478
43  1 995061320
20  24 431409414
45  3 72103174
13  31 827153905
25  3 240577655
31  34 1615362615
37  41 1772291402
15  49 1892855440
29  12 1334570676
13  17 1149176711
40  23 1800865529
37  3 1335086463
44  0 52418800
31  9 1536243550
2  23 2108887970
46  10 975717559
0  13 1889458641
17  35 549975235
5  32 1100423981
36  40 1963157615
45  0 27141640
18  17 402989492
38  0 462484247
33  9 1166550101
48  43 1944235466
42  24 487925883
37  36 1766483803
35  41 1626191375
22  44 1655417851
26  18 2064697794
11  19 1619750934
16  41 625552456
10  39 2146015799
