1250 50 41 31
10  43 1531298270
0  31 2117224812
32  9 1450844906
31  4 815360937
31  13 559833525
36  16 766199830
43  12 562786986
39  38 1084085174
11  32 691995430
15  31 1849902456
9  28 211179405
28  5 1621068590
16  26 1637568951
43  48 2095315780
11  18 2082992854
16  10 1634760457
12  9 1954876118
46  22 288246401
33  48 646008193
5  31 1048079864
18  44 1428188507
24  19 1955448325
17  47 331057505
11  46 1684028315
11  3 1406675300
20  9 523615270
0  5 975972905
45  20 319695096
5  8 612862153
49  22 1334979893
45  24 1319529317
42  11 162157100
35  45 690407515
23  48 1403019046
43  21 556699558
14  37 63586429
10  22 1508389132
14  36 263379293
33  25 1218252965
23  48 1511804029
39  45 1684715947
8  30 11189007
16  31 329683605
42  32 1923733521
5  49 192329226
20  43 1434605923
25  11 650670718
40  48 1297021290
33  11 1383719657
14  40 2098071047
35  14 874182099
38  3 376437530
36  16 1069728532
18  10 1452429249
38  23 1425903481
33  22 1952071532
27  38 1934954771
36  5 1967829272
3  31 545341468
25  18 1379373349
31  1 889791278
49  23 1817292889
47  12 1300929451
10  46 1734842509
20  17 1489282870
11  5 659610233
18  29 721946773
3  30 200838087
43  49 1457025896
45  36 652865924
42  0 26166399
18  14 1752319642
19  28 671439173
37  0 1508496232
5  28 204517120
0  2 257767426
42  49 1924929025
6  24 541343541
45  24 635126993
1  26 2063557825
35  40 2122814643
27  14 819808002
30  3 1217469385
23  10 2096861742
6  11 780684097
47  5 262846013
49  45 784132342
17  2 1679968926
10  6 1294336004
24  18 1114423323
18  25 1668873674
23  3 1754404873
10  46 1643531714
8  22 1907873291
7  8 258620614
45  27 2019140382
37  20 478310846
31  35 1005164263
9  31 691968838
46  12 826495778
5  4 159590515
7  0 161056578
16  43 1772773344
23  2 682040449
37  5 567504171
14  29 798552385
13  36 1521616228
11  8 312864012
21  25 1047948342
28  23 884400108
31  36 683872127
18  20 1299352133
19  44 2131412305
38  13 829657110
27  10 711409886
17  29 1074964231
40  11 693828413
11  44 1031531005
7  22 1598967536
38  19 1705225491
10  42 276402599
46  4 1720795678
20  46 854608298
28  33 73574971
19  16 625724144
46  49 1477211110
43  35 334197870
18  33 2089068766
11  35 1676891030
44  16 1169170247
43  48 1909911819
10  20 473096087
41  17 1705709357
18  12 1485466130
12  26 1223867587
15  9 2074465782
23  5 648321821
27  36 952052965
0  31 1955324169
1  16 1330493308
37  4 1783323249
9  25 906836904
9  38 934582149
46  15 1799272988
40  10 966792132
20  9 475556145
44  40 1801315083
5  14 1501377604
32  40 294633033
1  23 862042242
0  21 1576773789
14  20 27349111
8  4 2000300771
10  0 1167526627
4  13 1866565685
19  38 718410894
16  37 865253038
42  17 274888274
20  37 97473721
10  19 1682848836
13  32 838718091
3  45 1620308550
31  26 343861158
23  29 224836589
20  32 2034968766
35  45 502048246
46  24 2104295854
2  34 1510340203
47  6 12067085
16  15 1447007589
15  16 1099206853
28  29 67496219
14  24 291119211
35  37 589728970
27  29 758919787
28  15 1102280097
18  45 1381768666
19  3 454611823
33  43 662628797
6  47 2105955891
42  32 1707176332
27  28 1950264459
41  15 1969016243
1  32 1215524794
41  8 1145309835
29  22 886384805
45  23 161619301
35  14 134985058
0  37 1879180765
32  37 1720389651
9  17 2077602189
29  13 1647310789
28  37 1959907127
36  40 1704734552
47  3 1701736729
38  39 112998113
37  48 244489275
18  38 812905127
35  4 1634092714
26  29 93841222
4  23 12455620
8  13 43874272
8  36 2000264924
49  34 1157648190
44  0 1234737359
41  30 1741153455
6  32 1392621425
34  29 1823083085
29  23 516749035
26  32 180812817
29  4 2093976714
39  8 907681577
44  47 1199530223
36  37 394537015
21  5 2053111114
33  6 301954068
2  3 478780208
30  2 708645219
47  46 877823717
28  20 1388858190
23  25 1270468138
35  43 1324226060
14  19 519393741
3  26 1266537704
33  23 1897808446
21  42 214156944
3  31 1180928376
39  32 1510241252
3  4 1223698403
23  1 1002333568
23  12 1707741894
38  42 454496097
3  49 683485716
32  27 518790355
15  48 699530799
32  49 1857247579
4  38 1324730559
21  45 463748282
48  28 2070798863
38  44 1269208518
29  21 1640811211
10  18 1685583085
24  42 636633183
10  16 1441168672
12  36 2526904
20  37 422971525
13  23 1209182627
0  37 1678828157
35  25 887580001
17  20 1704474240
4  18 929449820
41  7 400577907
7  1 1463599098
41  38 1437605952
16  0 72157416
39  8 1890373318
5  23 1241650259
7  43 1531349519
8  15 856927803
18  34 34917533
37  25 1036618203
47  30 1091802182
22  46 439317880
45  13 1716686513
18  11 720350307
9  10 957541945
6  5 761565982
30  27 2056643234
17  18 1598096656
39  16 2077323443
28  38 1121452042
1  23 1108959557
16  6 947233812
14  23 1556360110
40  6 456947872
31  43 2089908465
26  8 500044347
18  24 1447982446
15  6 2113584861
26  1 227199211
18  43 693981423
36  26 1298760712
41  46 1763431301
29  17 1520548890
28  36 1872892528
10  49 1576386983
0  11 49581519
42  9 477665237
17  9 1290665374
33  8 1836620232
7  45 1086254665
28  10 742903316
33  3 1406350322
10  43 1074106880
28  15 901756683
37  15 1875950944
31  2 533252091
47  20 888615944
32  31 431890541
32  44 617256888
17  16 316784210
4  30 1778032684
12  27 1552263438
1  49 2036830366
33  8 1110337051
4  40 1977133545
30  41 146122025
32  43 2118161714
18  4 1429497703
19  14 1983552891
14  35 696733906
35  34 506437417
12  30 118130772
36  2 1966435511
22  29 2107220998
41  25 1135225165
44  17 320853442
10  17 512992523
2  5 2111733366
21  9 92597771
34  29 1358520586
36  13 1713491213
18  45 1877997903
0  26 1763489028
17  41 373614262
37  46 2080634822
41  31 1180962533
2  28 1544904773
49  12 784922394
13  34 1488011838
20  43 951832943
27  44 1251984706
42  2 214264949
45  12 1875931051
6  28 1962825886
32  33 1152217086
34  44 387663013
0  18 114673744
42  15 1761740551
17  3 20786122
27  47 1471766359
11  13 700510325
15  23 1409621182
18  44 1230622266
37  33 827978442
35  5 1468310848
49  31 2067776023
38  10 1185642556
23  34 2083784360
28  4 540933895
1  49 125238931
27  23 798480054
18  28 1990952797
45  29 1159141975
2  16 701460268
22  24 204067885
7  12 1061335125
10  47 796277732
10  17 1552099785
49  16 2109981071
6  25 1149815682
47  42 1715377414
33  46 1418859848
35  14 1139012233
27  42 1735008094
25  12 532694140
42  44 1753170120
3  19 2009252019
32  16 829628098
24  16 824575414
34  4 1667849211
9  0 933704290
24  14 472423285
25  27 1150437118
31  8 763458208
47  44 1390461042
26  49 772449356
43  16 1822673299
39  30 766481331
6  13 1103435798
4  16 1016660058
10  0 284510598
32  2 525337095
16  29 1542031468
19  5 1028463158
40  24 1299283357
12  13 895948327
4  45 1077985428
39  49 464282274
1  23 67868540
5  24 647824104
37  41 255231118
25  7 672866064
6  44 255447251
17  12 253136243
7  3 601921499
14  23 103979127
9  46 1199947461
17  16 734645408
29  37 1828109673
34  42 964646162
22  42 1378666907
28  26 1183056380
35  24 2005803991
46  27 1989371182
28  18 1140375727
24  44 104247578
11  40 580713386
26  20 599178397
8  38 1660495071
19  15 155717467
12  6 1160036874
12  48 251091559
22  23 1915950026
22  43 1722453484
45  49 774159455
38  22 675595086
6  17 1806676985
43  21 1845961450
38  12 1075910543
30  24 438730373
37  27 618999519
33  35 811465908
41  30 301391399
32  22 1839943739
36  6 342552375
3  8 570952346
22  46 1951753136
39  35 366733234
8  24 241527375
40  9 697725177
35  10 416176301
13  10 1222635450
43  8 1129970300
21  34 1379913230
25  21 2076650098
34  2 1046255525
32  31 591435394
39  47 1275915070
25  24 1126609939
47  11 774969147
35  30 1479584870
5  12 1649584016
34  42 753943333
10  2 1625344722
37  26 1464359119
4  48 1728332001
34  31 1085938039
1  20 1285417882
36  8 1439315082
1  40 1742018944
46  42 2056074870
21  47 1971049489
39  2 801749738
43  25 438591851
29  39 116247193
16  15 788922620
26  18 534656333
10  14 748929285
28  27 909904670
26  6 4196441
25  1 711278620
36  25 2132059123
45  26 847609709
1  0 1656309699
35  2 1179626743
25  13 638180222
35  14 783461570
48  12 787761951
0  45 94444819
27  47 685132383
7  49 2079793053
44  12 1220779874
17  31 1635597878
35  28 953148406
18  36 2003390591
27  0 607498407
3  48 1539488628
33  46 1701924316
37  1 820281125
28  36 1740188829
19  5 1696513419
32  19 968348794
48  46 367952512
7  19 250938828
33  16 1323312688
19  30 1585120604
16  46 2048111108
3  44 1384125615
22  34 634667525
3  8 1050402622
43  6 628255760
22  44 1987281302
38  34 598975087
45  1 682201376
20  16 85967258
12  38 705341934
9  3 1343044769
33  4 586403625
28  31 2044804195
7  4 861049772
16  27 1999744226
32  17 1740880464
22  5 1402665402
45  6 2134876752
28  4 1765014705
42  29 169266911
49  39 1705251081
38  49 1032294425
49  30 1993324003
38  0 1133429591
19  20 1958604097
3  18 1497934101
4  5 431916852
48  32 730979301
44  0 211382637
16  19 82192837
12  36 1277782834
7  27 204058599
41  23 1312093774
31  23 2135837287
1  20 1743456039
42  43 365133026
4  14 287459710
30  14 2006675366
13  12 1253543613
25  28 1628835468
49  5 950210593
29  17 1875483358
16  22 786459910
13  43 463553113
31  16 1301713498
46  41 1741669767
6  45 1081735035
14  24 1615287057
20  23 1633694908
48  0 1248096687
42  18 1117184737
26  20 424870419
19  27 1845469173
10  35 1859675935
34  40 1908548345
13  14 612784884
11  37 1445384330
13  5 1980509606
1  42 849910173
45  40 864891899
12  49 370905606
3  23 668597634
45  42 2072509973
0  15 1855299771
14  35 983934414
49  21 1376922724
35  38 113487832
29  31 1254289841
19  32 959892868
17  36 739463416
8  26 29919632
40  32 985849823
36  33 945893865
4  26 224542504
15  33 1729934561
37  49 2144833132
34  24 1975079307
19  1 692042057
22  1 1169127550
31  11 541267922
42  48 1635418488
0  35 1172773891
15  7 472340568
23  19 1940073216
10  44 1185828111
0  38 1622562871
46  9 184244319
37  36 1350805025
2  34 339202154
13  37 189479100
47  38 2086384033
39  31 58046432
14  46 1441698522
37  32 1041236641
45  30 1695495607
21  4 1651791025
31  22 481599296
3  2 1468496952
25  36 1258615155
46  24 1588123957
16  33 1578010618
25  30 821473589
43  39 1534944282
8  4 694870404
27  6 394389254
33  10 830388705
41  24 1695405587
35  11 99483433
10  4 1818754713
17  28 2096676187
6  40 1137487549
28  18 1333041010
39  15 1026909714
12  1 2132865901
27  39 1049381327
35  9 1424794346
41  10 2006026618
31  9 1944397818
41  38 301491257
15  17 22248241
34  24 934877034
8  17 469333249
31  35 680810030
20  32 501937052
34  15 1671910754
0  7 607709241
34  9 1348236698
31  35 2041760393
16  7 1835976843
20  13 1014110679
37  5 2131108052
17  45 1569607547
36  5 1558008142
21  2 892090943
37  38 502306311
25  40 1980548115
2  4 1262292597
8  34 2089375222
2  32 1632196824
28  8 2137729607
39  19 927385506
25  34 374208490
17  45 1995397327
11  24 1057766397
42  36 1779301901
48  2 680119402
3  15 1802474190
2  44 2060649830
36  47 778595437
7  29 84907731
3  26 1573895163
31  46 85908241
14  46 2131009908
36  2 136427911
22  46 1467680922
24  31 1919546619
0  9 716501723
22  28 178148516
31  13 1942049887
8  33 2145165860
28  1 37253809
46  30 449979313
7  28 658116830
37  19 324821760
5  27 1273959509
26  37 1581135186
35  20 563987056
13  3 1821567387
15  31 302869544
23  35 487993694
9  45 1561691916
38  32 1119682800
13  43 1105584879
24  15 11784915
21  13 1363284756
16  6 1359682776
0  43 1397704284
3  25 1222337553
3  26 1134332748
18  49 306852728
6  36 747643672
34  33 1526653203
43  45 1170223235
49  42 535968156
48  44 1647748901
30  21 573981330
44  0 852052681
37  5 2053220134
27  13 204940323
20  2 523291832
33  42 1860859241
16  10 1202159949
14  7 417056505
25  37 2131241029
24  43 813602052
9  30 384310734
39  22 1759568895
41  32 392324289
25  36 1777840404
46  47 2028533310
44  12 1204116651
46  5 1896826034
29  43 809488275
11  48 129493286
32  16 242561508
19  24 704504876
4  24 771573727
14  20 1509663337
10  39 1510813564
5  13 1604799221
42  31 197704536
31  23 802001044
35  8 556527411
44  37 1437161583
2  28 848648530
10  41 2095734869
40  39 1659813042
22  49 1854341270
27  9 993564480
39  8 1655451209
48  7 494603584
5  47 1266262597
28  29 1639551286
27  49 170060995
43  45 166928182
1  16 1351939983
48  34 645207911
4  48 1485922211
17  5 121602962
31  28 1302536889
2  22 1488086178
38  1 1528352522
42  10 538271046
44  29 1034453069
36  9 1792884224
48  38 15949033
2  36 1389136890
10  0 516454984
49  19 1739054824
29  15 652577952
32  49 1485745368
30  19 1201477959
2  27 2088426481
17  5 375266995
30  33 922084989
0  44 2125854856
28  49 1043760840
39  34 1584178966
5  40 1913300182
33  20 1980358617
49  45 970185093
10  41 523613326
25  13 892578937
3  44 1537351611
15  3 421207404
28  44 1398769519
48  34 2103196754
29  31 1764098828
26  34 232131667
19  32 1969856747
31  46 104868448
33  46 981265746
22  18 976052599
31  9 1310359581
49  1 1121992639
35  4 2029750544
16  46 1809492983
47  36 652108394
14  39 760209814
47  43 585489756
36  5 1982760515
45  26 717097633
20  31 1296515651
42  41 627783903
26  34 937356304
41  34 1705982801
14  20 625249126
2  38 1489395098
45  26 1638322336
28  37 2077145143
10  12 1031463093
0  9 49850648
0  24 542728773
49  11 647795392
35  13 2115809365
38  17 781122839
8  25 675693797
32  34 246050444
41  26 1339390469
3  37 1217534157
21  33 23644981
29  42 1585032748
35  48 1215879228
9  34 1561746631
13  39 172892762
4  3 365594852
2  9 554513926
32  2 857808979
44  9 2053663304
2  7 1656227327
26  18 1648262159
45  14 333418116
45  2 303321625
13  45 458143114
15  4 831848308
48  46 1837280120
8  21 143642798
3  49 1101352198
35  46 988834244
46  11 1459499319
38  0 538792807
45  44 944613976
21  39 1844654626
5  15 1087761674
27  4 312796020
44  11 320997041
1  17 1258907295
4  13 1470958658
14  10 533006541
13  25 1751230632
34  18 824821517
17  10 1757293397
23  15 1735422487
34  47 1183108770
24  27 1401619091
21  13 1022001756
41  1 841516418
41  42 445798573
5  0 1005656918
19  12 745016625
45  17 2142644785
29  38 109798632
12  25 1320124111
45  39 490038730
14  6 1866452833
13  28 1176435968
40  47 1794899707
37  48 1357034884
47  44 459805228
32  24 1100464974
29  46 57397195
4  25 956226206
35  43 1912601908
49  34 1668460405
6  40 1214770428
37  12 1496815270
13  36 1199406520
47  8 1593714856
47  10 903141864
26  20 442120086
24  10 139365527
12  25 517664766
14  45 256648464
25  10 188520610
30  41 1350166167
33  35 531340994
12  39 1988265388
46  17 149996046
18  44 1751094993
45  17 127152227
12  49 1715914082
44  40 1238003564
49  31 1847717452
7  33 845006012
3  9 1412316618
15  16 316176584
19  28 1839469653
19  6 1599995880
43  18 986422647
5  29 1698777514
24  29 1586372131
33  47 1453796861
0  33 2088811938
35  40 1817405867
39  29 1805459872
10  39 791483801
18  40 251947270
38  22 705961860
48  0 4246434
21  46 1441154642
31  36 653913671
0  33 205867336
12  0 92448604
47  43 277519348
47  7 1717405031
7  43 724123794
26  13 1209021281
6  32 1580489220
29  6 1807680872
42  34 95984062
49  17 139326199
39  3 215807024
48  4 1988437924
25  46 982840772
9  31 641056246
30  35 1879109409
4  22 1423977242
19  2 215815581
27  29 130199340
16  35 1006962579
10  20 1923737139
15  27 2124956420
7  43 467315874
34  46 779537800
33  0 227291823
9  38 1324498869
1  42 2090088643
33  41 2113183580
30  15 532592255
41  29 470977913
35  34 32148286
15  21 488591593
43  25 1114004624
3  11 2116386151
36  14 631427864
3  31 1588560229
33  0 1505626172
22  16 1881493150
33  49 980364229
8  4 1802169768
47  14 159351084
41  13 1731704441
13  22 1106068263
35  42 291790707
0  11 874328533
6  34 1693978265
17  46 1973954566
26  24 1932852076
15  37 2072699857
13  34 179594938
39  48 2112120431
32  43 844397213
46  25 2141374983
45  16 4169326
28  25 1748886769
30  34 913645475
39  32 1194699638
36  30 1408098561
36  30 1574394939
18  45 1418701139
5  43 104852557
28  9 1761525993
26  34 810617981
46  14 1880721430
15  32 910687750
46  20 1506105949
17  44 509392856
1  9 834123411
0  14 1553458739
39  19 606424492
37  28 459665727
46  49 1969357515
6  41 696660464
13  24 1288966622
32  19 1685884088
9  15 1708871829
26  9 1014150651
47  10 588166762
35  4 87799823
20  45 461772557
37  11 1290332368
35  7 1652760932
6  8 814532153
7  15 1314321091
38  1 643733606
46  47 860819040
37  26 1002514178
17  29 2069016542
19  9 2009623979
23  45 573026636
21  41 344198402
42  41 697772892
46  35 1686371978
28  19 864091583
11  44 139520905
40  30 290018751
43  2 1623682880
16  8 1991686078
44  4 1182433150
10  41 798466092
40  33 452130490
5  31 2133085058
18  47 766759914
15  12 221550785
46  43 1497882642
30  18 1966162731
0  22 677684610
5  33 1151552353
25  46 1683681435
37  3 874836375
29  0 1836590408
0  34 1264542492
24  12 2051950614
35  21 995149924
22  3 1246170329
17  23 447828825
46  44 372768242
7  22 2052780486
40  46 392860274
45  44 1291904672
38  18 1958105870
12  22 1985100449
37  44 561887505
42  2 1787570772
13  44 632729736
25  48 1484434911
15  39 240368421
43  0 831045096
14  23 2016856453
7  17 871312742
22  34 1298058551
47  5 1961929466
41  30 1941120104
25  15 108916188
10  12 325870767
30  15 604018335
11  9 1130882780
18  43 1792558900
2  46 418152892
28  24 1757691528
35  3 1064213151
47  25 1243000643
7  6 1459001098
49  46 945785202
27  42 2087715348
0  21 1861259729
31  33 1615211660
9  7 453578154
47  1 1164749651
5  15 1590650121
3  5 643664085
33  26 1437512163
5  12 1174983337
6  34 1947156127
0  12 674396258
43  26 205586209
49  40 949670822
2  38 1599516361
36  38 2064269331
4  33 1748908335
2  34 1079527349
38  37 27163673
48  30 1544153379
39  0 188702254
43  39 770706540
1  27 2090768306
19  47 1695152974
35  19 1173404641
27  16 2025800591
9  28 1129777578
13  30 1098634555
27  37 875564626
33  31 235367958
12  11 870149725
27  42 284884953
5  4 443283737
0  12 588477140
41  31 1933849924
32  45 1355908780
30  42 436685271
35  3 1867711569
33  41 847128013
4  34 221405201
7  21 1042477924
12  11 899232660
41  31 1594695627
19  41 1814898353
32  28 1878110757
25  24 1939959815
38  44 770281436
7  36 951945617
28  27 185172621
7  36 1064856849
14  30 1529078687
32  3 1064246548
11  41 2139935963
9  22 2033593616
9  31 487963257
10  2 919432872
40  0 669211097
27  35 1130316031
37  36 887481317
12  40 574164180
45  33 1921337205
43  10 1230366065
46  16 1763991336
7  48 759229983
22  2 1624561129
10  18 2102294255
41  39 420657715
45  10 1544308869
29  49 1278406517
29  8 1640740743
29  15 84449961
27  46 832077118
9  1 1508503853
40  6 1606195516
9  6 1372557019
26  27 149607944
34  10 1616742283
41  46 1074115165
4  42 688788112
46  17 74355468
8  32 364796866
15  32 1476150051
14  36 1024384521
32  22 1334437119
5  3 572251772
16  21 610486600
9  44 857361452
40  14 1307925906
28  23 923316534
1  26 693731747
37  25 2100893187
41  45 334974729
21  35 1801725707
20  36 1148997143
12  0 319739830
41  6 1401347818
43  7 262505171
34  45 2080045803
40  24 2019192032
31  2 1265769501
6  32 287123772
16  18 909922785
24  39 1217719892
25  23 477826298
43  13 215336450
26  42 1044191791
30  48 576890839
42  44 319129940
39  45 1609901144
26  11 884053198
12  11 902467643
9  15 1787997336
17  40 1067317791
25  6 2112570604
34  28 803968899
20  31 895611407
26  15 1799697765
37  36 1266033709
36  41 566680607
26  33 308443951
16  40 746964282
38  23 1856270668
5  39 338266926
44  11 1788729439
40  41 334174315
23  34 1986759233
6  17 1483296534
49  47 340701164
14  34 900909131
14  46 1718347222
34  17 841725128
47  14 457618283
34  37 782335647
49  15 1784486028
8  19 1576172595
0  19 979889775
34  0 1357581698
25  47 733492617
17  48 1216035935
36  20 424449981
23  1 904799787
26  43 338962659
27  34 2080318965
27  2 957658157
41  16 1931983015
48  23 266423634
23  13 1166894325
29  22 783085360
7  49 538096545
6  19 1773117615
27  16 994103732
3  26 57347324
24  11 290466051
6  44 2033017148
22  41 104151008
37  20 1478709227
42  16 1607045282
35  17 260544402
37  21 930267801
21  45 274279099
0  18 1442872112
48  44 1290817694
25  0 2143311515
45  26 2093672447
8  7 633232878
40  17 1504390008
34  37 1201814541
5  31 46412708
6  29 513270380
34  7 1740209526
28  47 519346899
34  1 1498838362
37  12 1194772843
9  13 68142116
41  28 328725816
41  18 191590874
7  34 1059836633
15  47 1186993732
35  43 256321276
31  15 116220005
6  23 33427647
19  24 394282066
33  32 2052364029
34  25 522201673
11  9 1138751355
35  1 2032478781
3  29 266228401
10  2 2099985675
33  47 820915110
25  46 808712638
11  45 1910618241
39  37 1054962540
26  13 230238405
22  49 200195149
8  4 1688227459
39  33 1715936869
33  29 1745443172
24  32 1981432012
15  9 462490457
11  15 493459571
21  44 291991554
17  27 1992610286
19  29 834722758
8  19 824121720
27  15 1457458312
24  16 96783205
4  13 1446179465
37  16 1511738805
10  44 35389525
2  5 768336360
44  26 1069240756
38  36 191757715
22  17 2135956722
31  37 1071569094
32  14 1081914703
28  40 1932317807
15  5 356109108
31  40 1997699790
38  40 2113703949
32  46 1893481736
9  21 395430615
20  9 595066958
19  31 600997866
39  1 1616360155
32  20 1415199594
36  33 1981643583
0  7 1172356234
36  7 813101718
42  19 1170182789
17  13 554361691
27  40 2035002202
13  12 1841405369
35  11 566231409
13  16 970225816
38  44 673929382
17  18 1737387939
38  19 2101801060
28  48 546300526
26  23 1238047125
44  48 727825878
