1250 50 26 0
45  9 780554390
24  42 2082522527
14  13 1117721365
7  19 824531624
15  0 315341241
22  19 923328173
39  9 1313206060
15  43 674031812
24  3 88783800
8  6 719262972
20  21 1934009116
10  22 1783791484
12  32 713027630
44  18 1199488755
26  42 296532052
22  42 1360755164
4  29 1433291565
32  9 1487078706
21  22 412328614
2  0 436077176
38  5 1131832754
39  33 945761329
3  2 1974231705
5  6 1693330876
34  42 421002468
49  7 1750419717
26  33 1337479189
10  44 80737132
19  48 1923228729
6  24 247987654
42  22 1221492754
41  18 1700485355
38  7 1771959071
35  10 1353870804
7  19 1413599540
18  39 2062345385
32  13 1700596581
12  28 1395693961
5  44 1915077243
9  5 1023073756
45  28 1529921864
39  15 98464745
15  22 1904693475
4  25 66772447
24  17 2089765249
9  14 722691155
3  45 56065577
6  16 964294205
30  41 971104066
44  36 1022880247
21  41 360206367
39  15 1204903260
32  29 508591096
15  29 1148099767
23  0 755592431
21  48 928477487
16  49 392326153
17  26 1805914940
47  3 1300924303
26  4 381960350
22  32 1396758643
9  36 341461536
48  3 981372894
12  43 1696547335
46  34 1376128079
11  44 1301304667
37  27 285852441
33  20 310075343
31  9 1303812928
35  6 91308645
49  19 1761385417
10  3 631003667
35  24 118157636
7  36 468929601
47  42 1314302454
31  49 102451676
32  12 527484375
0  33 580743235
5  47 23395227
18  32 344937661
10  28 564256123
41  11 1452148320
18  31 617405463
22  33 439437141
25  18 1107360828
19  30 361961532
21  22 1865141750
38  13 115518831
25  11 1525336202
12  20 1731250505
19  37 1335470341
7  35 1052601575
1  16 722397535
1  30 2088008347
26  25 409577722
44  13 695222958
30  39 1373691124
20  37 357516286
33  4 1388059660
36  35 724174022
19  30 415476196
38  10 1913802585
29  31 547001650
37  24 1464375915
15  30 1561146688
29  30 1366115185
48  40 1734411922
43  49 1775447548
47  4 1767535715
15  41 2035964369
11  0 729659200
19  7 872081295
19  46 726737578
7  33 650067113
13  48 1088492978
31  2 1969715007
49  1 1744056255
37  13 1357953136
0  18 2040346314
4  18 736016035
3  13 1160043316
26  23 1645441894
17  34 1927560647
24  48 211608469
4  9 1684410748
28  26 2009089617
9  1 1560518961
35  29 982021287
16  43 87393
34  10 257238728
3  30 939185395
23  1 1907345239
31  27 1141694434
35  2 1129785321
45  44 1021020140
4  28 781204674
36  35 1806701366
36  6 1749562547
22  0 1309561594
0  17 1239723739
36  14 2086138045
23  30 1465843559
38  49 1644090987
6  43 1787602376
24  11 535545944
15  48 101564087
13  16 1381499621
21  19 1063321871
12  35 288254517
48  33 1231944254
20  45 956497330
11  18 85489674
34  13 1420799931
30  4 118863330
41  22 851282693
46  29 808741526
3  41 1833659382
43  8 1890245402
27  40 220562435
34  6 922346277
41  37 254449862
37  48 823639010
37  33 438500226
42  38 577615761
29  21 620957826
45  22 1812186814
48  25 1545200261
46  31 1953055321
29  32 1051523798
39  28 2121887128
19  36 839426886
8  31 1049225000
35  11 1641887816
32  6 1234108675
39  18 1256252098
33  4 86968918
4  22 847864531
3  47 1954951508
15  34 453630020
29  39 2007127906
20  36 1440473870
7  4 864392419
48  44 1802842383
26  2 1150565635
3  16 2128825544
6  40 1071806241
22  33 1310628742
34  24 3225815
0  47 488041699
32  24 461799354
30  26 1368963014
46  21 1977450866
22  21 316768796
16  6 718138926
30  29 446747284
19  22 207549427
6  2 1116532687
22  36 653013616
0  19 1963617962
8  31 1172917699
35  23 1262206516
42  30 1235554243
20  41 1485558755
24  11 661383496
34  23 1227044610
6  19 1871177106
21  9 546070566
37  29 1148625961
7  49 2103889384
42  5 1969651027
8  3 1152814539
20  5 126809698
17  31 468340306
10  32 44209446
27  20 1861586815
42  25 612405863
14  32 84098409
0  8 1993579750
37  28 561242168
9  15 189870518
14  49 2000091232
8  3 1099147516
13  14 2127014226
38  34 383932507
36  20 578592642
20  24 630552287
0  43 1123264191
2  34 504242746
42  36 1753748474
22  6 1707364247
3  48 1290481952
19  27 731322533
20  14 2125266880
26  20 397871883
13  6 337657469
37  21 1680603146
4  17 979410732
47  20 1712815955
49  9 458549076
40  5 12298149
7  8 786386596
24  2 841647772
42  31 1942034365
39  40 832371000
1  34 1133242685
43  13 452971011
27  25 713001686
44  38 1141926167
19  40 1578312516
48  33 231926325
4  35 1255050542
6  49 103576110
20  34 298772225
36  47 328180283
48  12 1774375761
8  32 1920314051
20  39 1766865776
21  48 1939805147
16  18 473884626
25  32 1543099001
5  34 955747109
29  5 815317675
25  37 1397375157
32  48 1894343987
33  36 2143622967
23  16 100727226
23  17 1539372345
31  37 814216586
2  34 863883586
9  23 1212727584
6  7 231983734
4  28 550220810
9  3 773651636
37  14 1942304437
24  33 530781247
8  48 565896708
2  28 2091942602
36  10 1767049955
47  20 1573259736
19  4 1682594355
32  2 1455672677
46  16 1208017171
2  38 707504224
16  21 825327805
34  5 50126015
17  24 1117802280
42  20 314446170
38  16 269704325
1  22 1971344973
1  49 1746389705
18  43 1387873290
49  23 781712174
42  20 259420203
34  17 1130321753
10  36 1782463898
37  47 1742929378
7  9 162100531
19  13 1306108796
7  20 377944349
17  35 1175106150
14  31 1027312651
14  15 1139083218
37  17 757054471
43  8 527326799
3  2 441932001
40  23 578072632
12  38 652998392
1  2 1175535422
41  49 632368339
44  6 865036965
42  45 977824390
4  22 1417792094
11  23 580278132
44  11 328384650
11  9 1842633479
1  11 1310212748
29  31 1961641626
2  16 1156163224
40  22 207419396
35  18 1773998854
23  33 755350104
0  29 865350303
21  47 1798552430
20  17 1086158820
14  27 1097160856
4  10 685058439
31  44 806186696
19  9 937870724
12  16 1882667221
30  15 2038824257
0  3 1882223555
23  39 1646489255
27  19 1829379274
36  22 1989271867
13  29 1895427765
10  42 532536981
45  2 1653820057
11  10 440273677
24  26 726701157
20  37 830975527
29  15 70538254
25  17 1636910075
4  20 596187916
48  15 1719137339
20  40 85261957
48  1 1341267509
36  27 1292210229
36  44 1380162552
34  5 38897028
18  32 823947529
34  45 1924002183
47  27 849582163
16  33 92789398
45  4 1100090770
1  33 1646813104
42  29 1266703545
8  7 1564435807
40  39 925561112
13  33 998598355
13  34 266367220
44  22 2124232703
38  36 1632780917
30  40 320936310
31  25 356719694
8  19 211951920
7  2 229221084
38  22 687975882
32  23 281531385
30  1 2075943275
49  42 1307927373
35  48 128237273
39  15 1494556738
33  44 895011965
14  46 769538315
4  48 1046172536
31  38 122196915
38  21 1131711490
14  4 166087533
34  4 2138305753
35  2 964572884
6  12 1370303579
46  41 314150302
18  46 1620680471
2  28 316167056
1  17 1237099771
19  32 1501249560
26  12 1513092810
22  20 2074962658
20  39 823187306
30  33 1523595137
37  36 1617426668
15  31 550968125
46  5 633825303
42  47 558104252
23  40 1986935582
44  23 1948805680
30  49 1326683993
8  17 1253308223
39  45 1370141313
18  10 1866398739
35  21 989998496
37  0 638962393
6  37 1017121362
33  23 1960576764
7  29 1545010572
4  10 1821151773
14  7 138211196
41  10 652754927
43  45 259015523
42  49 1315692403
49  35 1324037249
8  15 389795530
41  1 53148541
28  0 391300787
41  19 1867670572
42  12 544378213
21  26 1780940913
7  23 188279644
30  41 48984073
6  42 371606833
33  19 1841646041
27  28 1146297584
42  13 762788633
12  30 503356031
0  8 1028979277
30  23 1982842793
39  1 1171942441
34  7 210645948
22  7 1678540807
41  19 701676475
15  44 286604748
23  31 1722851931
18  40 1799117795
36  34 837944046
11  47 683232851
34  4 1568216116
45  39 1627348096
35  21 1340888625
28  22 548715566
16  28 1463332743
24  38 684105085
35  8 722124053
36  7 1325903367
11  15 222927803
8  34 1937591371
16  24 113896884
40  33 2020783397
39  27 1200250263
23  11 1592618659
43  39 657543107
30  3 1142976426
30  12 1485058378
42  16 333587820
25  44 1148546388
16  11 455931699
17  47 337367405
34  40 210527593
49  21 1107017271
22  40 472756562
12  27 41189922
18  41 595010138
15  38 1446190406
5  41 2073662072
48  26 815000522
10  43 1809850856
23  45 61047703
9  26 725504351
8  13 853544153
29  47 565270185
43  1 990559291
18  5 94599180
34  11 1836913827
35  37 939743078
5  48 529183689
19  7 2140503605
28  13 742066061
44  29 1329116195
10  37 1948797607
16  46 1255061774
20  38 756277550
12  23 1902301384
2  26 677646914
20  47 584008737
34  20 111750039
29  37 269134895
41  44 838214390
17  6 1555953371
22  33 1582383317
48  18 335989492
32  28 205062660
34  7 732717965
47  6 1379392597
41  36 187280180
43  41 238544783
21  20 82503550
18  20 525476489
27  16 881352810
41  4 1624867598
14  18 669874421
7  16 476077389
30  44 1711106336
30  35 1507701440
29  38 1102573061
32  11 279558985
46  5 176936404
41  13 1321122634
8  26 621171687
0  37 507461296
11  3 1608939291
15  2 73613001
48  45 1602609736
18  6 279523126
40  27 1517310559
22  49 153064035
23  45 1293854191
43  21 1420822118
32  44 1391130025
19  37 790903335
32  21 890584617
24  16 676484628
2  28 405598745
1  46 1718018952
45  25 1639875158
16  18 1307316419
45  28 290439169
27  1 1089749828
45  43 998812507
10  31 657160912
31  36 940159680
40  8 743573959
47  1 2039300019
31  14 649230109
1  23 1869937995
7  42 1817785307
22  18 1902615470
38  2 1724762024
46  48 350651304
24  49 1411756087
25  16 54020677
20  22 629898311
48  21 781839707
18  35 834039044
36  37 711391832
38  0 1069649135
24  42 26091697
46  7 1928201422
11  29 1751277103
5  16 712152612
44  40 2021880005
11  7 947302426
9  40 344709503
9  14 1778010148
6  18 475442741
34  21 2019809914
4  3 1899269345
12  17 1953837399
49  47 133945535
2  24 1146027539
44  18 836299052
19  38 102560901
19  28 595330791
23  48 223708020
46  4 1758859389
37  9 284524048
46  44 988416304
36  49 227045327
34  47 923813942
0  36 2112983663
15  0 1125566840
48  17 1485167258
43  26 663184386
30  10 317469188
12  45 889206529
47  27 1592701475
19  16 1002850384
3  23 1473417158
47  30 1190185548
42  37 26927570
12  49 668733902
17  33 1360160655
5  22 1747155368
24  22 2026014
32  36 902223252
3  36 1130158203
3  43 1887859952
44  1 1707576372
7  46 216217931
24  36 881477443
8  39 477675451
24  11 714685818
3  37 204031553
28  20 1174596075
12  39 1748859341
48  32 1379504364
30  15 1828317749
5  13 1097916683
46  48 1021111927
43  27 846634507
9  0 37845725
49  23 42829973
42  41 148725785
15  31 267025474
27  15 465614125
32  34 1982633484
17  19 2074689790
42  22 1852635225
37  1 1973955561
34  49 1535719695
21  18 1381489183
21  47 950178937
26  2 1155067934
10  20 1955793483
45  8 1045019152
14  23 662418854
36  18 1966305292
21  43 1981730354
20  2 1273078947
24  48 815249105
15  47 1718480991
44  40 289002569
49  43 1921415770
5  32 1335207180
39  23 1875830953
36  23 1031476415
14  7 1892392225
31  48 600578904
27  49 1099623897
17  18 1612480568
37  39 2036839784
13  46 1726793751
19  0 358649993
46  21 262507037
23  2 1669896331
11  49 529064427
24  16 475306899
25  3 1449744751
22  6 810593614
27  32 1183638037
30  1 1142550457
3  44 1355197223
3  39 928419513
40  5 337351232
44  3 713375749
48  49 890082025
37  3 2002076142
1  30 1909945686
27  34 1781950908
34  18 634899464
24  35 1804182068
30  14 1057961717
17  0 817663741
37  19 2115293055
16  14 1876072199
39  27 1734151551
1  17 251226474
29  35 1678561338
13  32 1964556097
40  14 803788070
14  37 419502183
36  3 971435385
39  44 216402286
39  31 1316798513
22  29 990477416
15  4 917376168
49  7 1638607928
29  44 244550210
13  42 405899815
11  0 263261379
40  13 1220653993
34  26 838617543
39  10 71015523
16  21 1548056959
23  5 274534136
23  30 709992794
7  23 672507605
5  26 190040258
36  35 1597114357
35  24 1292652859
49  17 878310606
22  24 332870210
23  0 1348873887
44  14 2087867683
41  22 2019419314
24  2 1758727028
21  27 243794909
22  30 1753386163
23  11 1693892497
42  11 394398979
16  25 1882767302
9  28 37294630
23  17 1206273826
27  12 1903839645
4  38 1005099857
49  7 383389287
4  10 544409198
3  38 424291083
18  24 1047093313
35  2 548564851
3  22 263254643
6  13 1107172245
48  29 727647945
0  41 778407276
10  21 131653106
16  1 944989487
46  32 1544125641
43  10 1724515922
0  28 1230325228
3  40 329447806
49  28 1859219435
40  12 493906724
22  7 822285949
49  23 2091324318
13  23 1670510352
19  29 1895155804
7  0 653418904
0  42 1300602975
1  37 1323206853
41  45 1372139282
32  49 1251413660
10  13 423123211
33  12 1612549597
17  11 950104207
35  49 853199599
27  20 582016251
48  7 1250917158
30  27 1096232658
33  6 1459613508
22  10 1107008734
40  31 1956115185
15  22 1114483234
18  9 1164410239
22  5 359077293
29  6 570048457
1  4 1372581622
31  44 1766987054
37  47 1929716275
22  42 21099407
45  23 5797802
24  39 1131873023
14  13 1958348534
23  7 1099993511
42  22 1693005658
8  16 1340414582
34  48 331997074
46  5 416699506
11  4 1215379208
35  31 1177432784
3  42 1889459539
12  25 2010105241
26  36 731825300
36  39 1321206301
20  27 1822902189
0  36 1416939126
4  33 1166099045
35  13 1182013395
47  12 1445799195
48  49 1311771165
15  46 1757351407
0  10 1836539032
23  41 2085944958
0  41 2123109849
41  15 1469226699
4  29 1505041158
25  13 1594031611
49  21 2119517800
8  34 770791099
6  16 479235180
35  26 599850059
13  4 924359518
34  19 1640019113
26  21 1126659977
14  6 1102758993
38  14 1602171407
10  12 1766651841
27  37 1026005222
42  46 1518904022
36  12 1662702750
23  5 263150595
5  37 793125068
1  0 1689967828
31  34 2025562602
2  9 820754657
3  7 245456429
27  9 1129178182
10  46 526378471
10  19 1442250061
14  22 899305224
0  11 994000731
34  26 1856106009
32  45 1012731263
31  16 2058848160
41  13 774450399
16  14 1162554652
21  49 309967630
28  13 1179245978
22  35 1418690333
10  21 462558015
1  32 1060582326
14  23 28895211
3  35 1756410501
41  26 2029576191
29  0 92270207
44  48 361362302
3  7 1676165963
14  40 1142830394
36  48 1757222164
15  30 2015413975
21  31 293093285
39  7 1422479480
35  29 2038152325
4  35 185046546
33  1 176648761
44  42 1911032272
49  43 890133423
3  21 2061066825
4  29 893736284
38  19 931861352
3  22 776197229
14  38 1492129264
36  37 2088487146
8  33 317490815
40  47 310306842
21  22 633208455
14  46 1992200834
19  31 475302161
29  47 784095080
47  4 2102914617
13  43 1511979373
16  35 842869831
6  27 423183050
42  46 737858403
2  29 895251311
19  36 140224501
37  19 1150402110
44  40 104901810
47  22 1584147625
13  42 1298777358
30  21 367983267
28  16 140128302
6  10 309725498
13  41 692093650
12  29 1634165315
39  48 687995439
32  10 1490530039
41  10 42614819
23  9 598837616
22  42 440525692
40  49 470178640
27  9 1731276540
38  15 1279359405
35  9 578220968
22  10 1859140459
4  19 599911019
43  31 494796224
8  28 1429857193
48  41 1955268870
30  29 2104395450
44  40 725650266
10  2 193192552
27  23 2005978404
1  47 1227690440
19  44 705156065
27  1 677286802
18  25 1492576692
7  27 1415471930
4  46 1839540362
32  4 1026779129
27  3 1302675586
15  24 1972254411
41  37 948543430
39  25 1667085865
42  36 2007500556
13  31 1104501206
9  11 73008750
13  6 1819213832
40  7 1899421546
33  14 973504941
37  43 1092930570
12  15 743783285
28  25 865471977
10  26 314807529
3  8 2103068147
33  13 17279
30  1 541162083
8  47 870412911
44  14 3659165
31  3 734046880
35  15 1194621152
43  18 1623653757
32  42 2051317368
35  42 310303291
5  19 655677979
35  40 633787152
6  20 192112895
28  49 388582912
33  45 897153880
25  33 1689412976
25  2 1260501845
30  35 1367690663
1  32 1118482341
24  38 1523654242
27  16 835094526
37  11 405721321
31  47 1684461753
23  40 915292350
2  13 729691664
28  17 773748238
30  10 1156320492
26  43 897012554
5  23 2119834859
20  39 2069704386
35  36 1367959920
13  14 2020702686
42  7 549294019
10  43 1526445123
44  1 2036381117
18  31 1814997628
28  3 558467394
27  16 1561613095
45  43 1192119890
34  3 983750060
10  14 1739107045
27  12 1340945603
8  37 922567111
32  33 292670695
27  38 1032043439
7  47 1247485970
22  13 878201141
31  42 1296830660
20  40 105030488
30  17 1871967984
45  48 565040076
0  13 1161240565
21  35 1674295186
2  10 1746658063
0  24 447821908
10  31 1765738164
45  46 66006505
16  26 954433356
11  25 63507568
2  10 902635136
44  43 389935933
21  2 1015493475
23  24 1378201164
14  26 129962927
14  31 1642887362
14  49 516671115
28  0 1385792479
37  36 1473199756
32  6 1066425995
2  44 672129522
35  13 1848693134
3  37 1736671274
27  19 635096325
45  3 495833034
32  25 240581671
43  47 1865566316
8  33 1353736760
44  27 1505410991
47  49 2054361435
14  40 1474117437
4  42 2086828859
3  21 1786425003
23  36 8158012
47  11 656981638
28  5 591963955
14  7 2018196467
48  11 666012898
32  33 1556685919
33  2 2032756383
9  38 1147486919
33  30 1677206042
40  1 2137294267
41  39 233412774
25  40 65882476
36  24 737217636
1  42 360408791
34  46 860259126
14  15 1313757464
2  48 1151837592
48  34 974230462
2  6 670165414
48  13 975460132
4  14 1217866092
29  43 1243240833
41  44 1301060688
19  38 1481346929
20  21 1744159483
41  20 1618179762
43  31 1320215754
46  20 1327425694
31  8 1806045118
40  41 371913691
3  43 648492978
5  3 1195772730
31  20 1769059032
27  41 1097718664
2  12 1947799356
21  40 1194245337
10  32 1246955179
21  4 1996268199
9  44 388927466
1  29 463004749
0  19 110890937
23  33 914177178
40  2 1600933821
42  28 15513312
46  5 1198635548
15  10 790770719
33  20 1288682609
9  42 2045836682
6  49 1499658276
22  23 26544460
38  39 965907467
8  39 479088908
9  3 1077468954
29  16 1178115445
35  45 1545046978
48  5 764804273
38  44 34740262
13  0 621848760
48  16 1294199537
48  5 1419439577
32  30 713247732
8  1 1376985148
20  21 963496608
40  18 1994576557
28  19 192326984
15  26 865956408
9  14 6640763
31  16 2075419510
17  28 1284337783
23  12 252733706
42  36 1691498704
26  9 2138180128
3  18 196106846
33  24 1795095454
33  39 2045564276
22  19 1228406507
2  28 2025668847
7  12 101451002
17  11 995098771
33  38 971920930
30  37 1407162319
29  42 9566379
8  36 872754552
47  5 148559750
49  42 149637717
11  29 603274143
23  39 244986684
43  24 81097055
42  26 854179173
38  47 1227090087
3  13 1763804047
31  6 756006421
3  18 923312863
48  7 642523801
12  19 95667052
48  18 2129783214
41  24 1913136335
2  41 1481395937
27  16 938476591
18  17 764581715
26  40 2048461735
16  12 1360217038
4  2 2018217231
42  21 108034662
32  34 1459495338
12  0 1192622572
22  5 1493206508
48  15 1134736577
15  12 138691461
15  23 985195674
37  10 938968926
41  17 1640409570
11  0 75782881
2  22 829527316
21  6 1095510533
2  14 779243005
40  23 2129870034
38  22 159671716
0  40 157484339
1  14 438490553
44  49 2130975422
43  35 993107576
18  28 1559697279
27  3 710983639
3  41 2062415223
19  46 1572987807
10  16 511763627
16  30 2087104717
45  4 2127712015
31  46 530070575
44  46 552509259
15  23 1198770826
21  11 1370470287
37  10 633571062
20  13 1179382978
19  43 1229685167
31  22 10013323
6  3 1679404733
37  11 33292267
14  47 2049522992
11  31 1640980585
2  33 836032185
41  47 238662026
18  15 1518805912
15  18 1113390076
32  39 195057650
10  7 1236478269
33  4 1594502496
24  5 1769065549
35  32 1796400013
26  22 390183404
0  16 183170486
15  30 2065650455
48  33 332924176
21  31 1629809926
12  28 1156246974
47  42 450514663
29  18 1455813060
47  48 1705803820
39  38 852466049
0  17 1453899024
9  43 2143924781
35  14 2144406122
33  26 960820730
49  13 1568128040
39  40 747532834
11  13 647150065
24  18 1308893826
6  0 151185332
16  48 1335969779
8  22 547658789
27  33 1642939837
23  48 1630685374
26  40 456234878
46  7 1752042879
12  19 109166209
22  11 1627122968
24  41 310259965
36  44 817577070
3  25 1580138963
0  43 1255715039
0  15 492517247
45  22 1268250973
40  1 2139136690
31  41 1768895710
47  12 1458536383
27  47 1769610037
0  26 92932768
24  34 39276799
36  8 1582566484
0  8 1516126517
20  1 1504740145
29  26 66715606
10  47 1410059091
14  8 1035410135
24  1 810949807
31  29 1573834680
24  5 484305062
34  3 2064711325
26  9 1058415244
4  21 450513414
10  38 1462972120
39  8 1176439795
43  36 246961819
32  31 825159881
23  28 1449121396
29  11 1608296608
5  2 2046168289
18  37 918977273
28  31 1553482042
14  43 855823616
17  18 278034325
40  25 770011244
23  44 266100905
14  28 1020512673
19  46 924716454
22  45 412649874
33  8 938755366
49  1 426548180
41  38 150084415
5  2 452910150
16  35 251871004
15  29 966936530
1  0 888575914
28  41 1237949498
45  39 2073710094
4  23 801326842
26  49 188470882
7  40 330484304
18  28 116724030
13  28 1412761475
27  42 436724788
48  37 397396252
18  24 62887276
48  15 1938833190
11  1 2075320746
39  44 469969154
3  46 284875548
46  23 1787628266
32  12 1822618581
7  25 1091948487
3  13 1575205878
18  30 165492936
8  48 1604714305
10  34 439951469
40  25 2072305444
9  0 1875960787
8  46 1075175009
30  4 1757022396
19  22 202602123
38  13 773932630
32  29 559431895
36  32 599911916
14  9 1951005080
6  35 1722335298
7  30 745487846
5  48 1389809250
23  47 999472082
5  36 432221248
20  49 1038299762
34  21 733728191
42  27 12961291
12  15 813400736
1  11 1748191920
32  16 805323042
15  7 65383547
3  1 1507830727
27  8 1737743327
18  28 341876254
37  15 1213703267
16  9 1280732224
28  32 2105895702
17  34 1567914896
17  20 1507014254
35  26 1319304122
34  48 771244572
24  41 142410349
2  36 416627078
27  14 1907228631
42  15 1828707937
11  13 1629888150
10  5 818813969
21  44 1825995893
14  26 2052426855
22  10 1762725586
6  13 832842741
38  20 1052657210
