1250 50 46 32
43  45 2125764479
28  10 606667194
11  5 1024981599
38  48 1867944458
31  15 1249219396
42  2 1001762872
41  2 670769028
22  1 278274748
20  17 266318806
29  38 927377195
5  18 1654621843
1  43 1646102876
32  35 1882212874
44  26 1556347203
1  5 781874815
48  26 2136690032
43  10 1450636448
9  43 336625927
42  46 1649303314
23  4 1788608663
5  36 473781764
38  5 1918123675
42  47 45817191
23  18 929655691
32  8 1681403606
32  35 1977791333
29  5 972407993
22  44 894542128
48  43 6100651
22  44 1060761377
47  21 872422118
25  4 1397576686
40  42 1686722445
5  38 1586540592
5  32 382048895
24  20 647750506
17  30 1139016368
44  13 1412678517
9  11 123627539
15  44 1099892676
13  8 564494901
39  2 818300764
2  37 1299991784
28  9 741780868
40  43 215432593
29  22 1554518724
0  25 1500441980
46  38 1445476416
4  22 1853034837
38  10 299449410
2  3 656353965
2  40 1172298478
21  38 1541485034
12  48 151000689
41  36 626050784
18  40 1393616020
41  11 738724621
49  34 1089133775
25  40 321546694
23  47 543642497
24  11 2137396969
17  14 345677500
12  31 1117954170
37  6 2083994072
34  25 971559371
6  17 1354511992
31  30 904154609
39  48 839040954
39  6 1570209242
0  35 359279466
49  35 611758432
31  14 669885492
31  34 1245784958
13  42 170623409
3  22 2132981649
21  43 97774293
12  27 2490768
43  14 1256445162
26  29 995453436
9  34 407954444
36  22 709919819
27  28 1476277638
49  31 319439781
21  13 1405650348
7  9 615940933
5  24 1305678917
20  15 217366615
20  34 1766642399
23  36 785735200
34  3 1948754998
13  21 1105036950
2  14 811737911
47  4 1776335712
33  1 1584195157
48  29 1003887754
17  36 1201668026
36  31 1561300705
19  17 128209684
12  41 663605104
1  31 933183672
39  17 888738745
7  17 1966947187
11  12 719650174
45  43 1539765582
5  41 1583384793
44  49 672946321
9  47 1016819788
2  20 1200799285
34  39 437321339
21  36 1774833854
13  44 1794900848
36  46 27440770
3  5 1316864987
27  18 1152813053
28  46 351435723
40  29 324811784
47  12 1545735710
47  16 1404929890
9  7 157703619
35  48 934002266
32  38 1754019273
41  12 344703888
11  18 775664510
4  27 1379367178
23  31 632430912
30  1 261435533
2  14 1208922409
2  48 1263436733
9  47 1459348872
39  25 199558574
35  41 442696400
20  11 1087066288
35  31 2098030670
18  13 494140141
41  20 370945138
28  36 1554740219
45  0 970505343
26  17 276463944
44  39 791398689
15  22 30352339
41  27 910234022
3  20 398520149
46  45 562158137
48  49 1265278308
6  38 1097932568
25  6 1413705143
25  28 1200588314
0  21 1685409642
37  41 1881177460
4  32 183174919
18  45 1153274400
32  16 1641705939
12  10 1910746172
41  11 1932438020
14  42 694812423
38  25 766683863
49  35 194959911
46  30 893063747
27  17 2020789012
25  8 451817037
48  18 257216569
23  25 154520804
7  48 151138665
29  8 1945501900
20  35 1474016150
13  21 1744981099
3  47 1523865391
37  5 1237951017
36  11 165806174
40  22 1796546554
11  18 1477710351
33  49 599845838
19  10 737856733
39  5 672528680
41  39 1058683346
25  15 1086849198
0  2 1869852197
13  2 1509423515
4  1 897701372
8  44 1920096061
30  36 1164690409
25  16 668356499
2  49 967389135
31  19 1005162987
34  32 706111615
14  17 937849673
4  14 175238708
13  37 1021735017
6  2 2061797037
10  1 1627210753
17  7 1499264138
18  30 582768635
33  7 554250381
49  38 684548994
49  48 524140099
20  14 1497852518
14  47 2075442613
19  1 1361123695
48  34 841666336
12  23 1874229585
5  7 54548765
14  16 41265219
35  31 1285628077
1  36 1412410774
29  8 398811223
6  16 1266919336
2  0 702439351
21  24 824319922
0  23 1800136860
16  35 1851011851
30  28 473378536
11  26 209155838
19  31 1536174232
15  26 1538775305
23  49 1047285625
11  13 923506037
31  40 1013001998
6  0 997743849
3  28 1478332193
29  44 1440886354
49  11 290194085
44  43 2112326054
2  12 1898845388
1  46 126972907
48  41 1617439761
42  36 829288857
30  45 1550172349
12  33 1971633843
26  17 1115386798
47  2 872031480
39  46 809124070
41  34 1832592833
29  2 771114725
22  3 1428840431
40  5 431494223
25  20 1371517798
7  20 1865702790
14  9 1785244797
29  12 810384993
28  23 1789746540
49  28 1063679566
9  46 2018363489
39  11 1416215807
22  42 1934116510
46  9 1624686439
44  36 1146327802
45  32 2086505020
37  8 95535949
24  18 1678419417
3  49 994901492
9  37 1036081107
3  32 661059538
33  32 367975438
27  10 543962718
24  22 1902323238
18  14 1995565450
33  18 108497717
35  33 117820430
6  17 651001949
1  28 2059383189
42  27 1039947976
47  29 1865385089
20  43 775656366
39  36 1848169890
14  29 1970701939
47  49 1197339633
40  31 1858089951
26  6 204135888
28  22 1068856121
6  39 1918592725
45  43 352112312
40  35 1696824093
23  49 1089566674
26  36 1857570798
9  24 2105657815
34  36 671706965
32  13 1584023359
46  10 844238244
19  49 2041630921
1  35 348095144
7  45 191493247
12  46 2028386399
0  28 1862215443
18  15 47071016
40  16 1843194614
36  6 1592427575
0  11 300371783
36  44 696078946
11  23 651074955
31  30 1079495541
1  3 1687552495
0  2 1067919076
46  23 596568411
33  24 246831930
29  26 513472935
21  11 410621228
43  41 1468585687
11  23 726075728
15  23 1944375314
32  46 1484500937
15  46 2115059284
4  21 1957388503
48  27 1504979574
35  7 91783822
23  24 771975599
30  48 1206262752
2  0 166645933
15  35 635024011
27  43 753994487
18  37 655415239
22  30 371958200
33  1 1272801386
48  31 1845557305
33  37 117343571
9  46 1512529027
45  6 364050106
5  1 454066820
32  46 1027007066
42  48 1352469890
26  20 1713212156
12  7 1123937114
9  27 243737511
2  34 70822756
30  21 841096372
22  19 765766587
30  24 1452456963
46  1 795732175
21  23 1540538652
31  28 1254278704
16  8 486024215
39  43 328384693
43  30 88480075
15  27 1834789063
36  43 1799648858
33  38 2047383611
20  26 1190373114
35  44 530950204
37  25 548784239
26  31 1039299318
31  49 1793105836
38  25 552752610
41  18 1916089949
42  4 141332004
18  24 295036319
34  15 1743446116
11  36 877868978
0  11 19921790
35  40 696464566
33  30 919935837
39  1 493201659
24  28 882083782
39  38 1658723631
26  43 949029527
11  31 880540772
27  9 1589254545
38  45 1572113889
34  15 1290100415
18  19 769522708
36  35 63231027
46  16 340889097
29  25 1957111924
22  29 479202074
46  32 1418936253
31  9 1554596796
45  44 136215371
46  2 146311376
31  14 1789826035
49  11 546982054
27  48 533018247
10  6 1965060325
37  24 1971583367
4  24 991654668
30  26 45330515
41  38 625548928
31  45 982117377
43  12 1456651983
35  32 1586098378
13  37 1839072551
0  9 1650423840
22  15 1169845857
17  6 1130473112
34  21 977923083
17  22 2013894184
22  10 1479508574
9  28 319726020
16  12 284799886
5  18 2063944994
1  29 1134432536
16  8 251542720
20  17 897961413
0  48 1206956019
12  15 808210098
7  34 737863524
38  45 1770091677
30  9 1629079928
14  8 498615558
30  45 1496299693
25  17 1929845394
35  37 986838613
36  44 580370556
13  4 1256532573
43  3 1594961551
34  12 753366948
2  47 1003567087
26  34 1566455562
20  11 1789127752
38  47 1194996595
24  28 1834760570
35  25 753976618
31  2 313147740
5  16 1820648498
29  13 1732186026
16  27 526127806
27  0 538086239
46  31 2147080419
49  1 448093458
16  40 1729971823
47  44 1420161919
28  4 1849689755
19  41 535801803
13  10 959770363
22  3 1527019375
44  43 1580667703
33  0 1819196876
38  47 1716139979
26  2 1273822613
39  32 1806948983
17  25 51488710
39  18 199001427
42  17 1758392065
41  8 1579315824
11  28 237144959
0  42 1131234970
43  21 571032456
34  2 271244803
11  2 788582968
25  11 682889374
22  10 556986227
19  33 1407573666
8  31 952907623
28  34 1837707766
33  34 1832735015
24  13 1083866803
22  32 1379594369
8  48 164735385
1  39 1747247490
15  23 1856954127
0  9 1975367898
27  7 1699199396
11  33 1459990046
16  48 54420737
5  18 1072088515
16  11 1278945668
23  29 426433481
44  45 337278532
2  1 1057494615
7  49 727409630
7  19 1971406332
49  2 2031704951
46  7 2096052763
17  19 2022149993
6  41 59046418
19  1 1817260267
45  32 1586115793
26  36 637185044
36  44 432266081
45  25 737716979
16  40 2094041823
35  40 966359548
43  33 1210862401
39  43 1868841479
22  10 808764685
46  21 146622072
39  33 1458364246
39  21 1527113845
44  46 98240238
20  35 949783098
5  14 28651092
2  49 1534683089
45  46 918920339
3  0 1663199050
38  6 1433016125
13  10 2094366373
18  30 21659740
14  10 288866356
11  2 668856443
13  26 1003261421
28  32 81118501
3  25 1903498546
5  14 1941354952
16  39 1384648558
5  32 727773935
15  0 419135506
11  45 1648946695
8  24 1180750061
4  9 644453732
3  10 1748018816
6  13 1686887194
3  18 983823239
15  11 459982456
49  32 520141326
20  46 1717548166
32  19 1442138840
31  38 620769544
38  22 541905488
46  1 457723924
26  30 716500814
47  15 1499045245
22  6 628681093
8  43 1429489950
3  14 1453806254
43  33 323844091
5  33 1310027593
26  2 2049710713
41  35 1053117728
16  41 679208541
47  15 547750601
5  32 110888016
20  12 990598997
19  17 1177200162
9  8 636334270
36  23 133522440
45  0 1484430041
27  38 1767157114
14  28 1587274298
1  46 1719210378
21  14 1800741036
0  43 2085949054
36  23 202315027
13  6 1057048869
10  22 1596410528
43  7 1240940321
31  28 268135794
40  34 353798995
23  1 841639888
29  2 335786349
35  17 919324266
31  28 380056814
5  10 661424374
18  22 301089268
15  17 699524734
48  18 856135146
30  48 220136148
0  49 2035465784
19  25 538232126
35  18 1387434993
3  5 27656429
42  2 1963721385
3  14 1998322798
39  1 142941039
7  20 1492932236
27  46 1119837919
14  33 623612498
23  26 912213381
25  39 987592256
14  31 1311592889
10  1 2060528169
13  12 1820550738
5  24 560332700
38  28 880473260
35  37 1351015591
6  3 336627714
4  31 576021510
32  0 1121955611
41  27 713803842
27  10 1071696545
43  47 1530523510
49  10 522019685
11  15 734119679
30  7 306792290
38  16 1902480064
15  32 1295612475
10  9 1776002965
2  20 443844447
45  12 1832590199
0  30 1937086
47  32 1568686328
37  44 672873846
11  29 1210795351
29  4 113698725
25  13 981349097
18  44 1519723896
10  42 378478273
36  10 1007820349
23  11 1585335954
10  25 311504321
44  17 1563600072
26  0 521667372
5  1 1474034851
5  13 2124452107
29  7 1297227827
35  4 483867830
29  45 1971653216
8  30 1519379970
12  6 1586881716
31  39 1534554637
43  23 1643300951
12  23 195997911
24  30 1526740941
2  39 676148207
43  11 61950204
28  25 427070494
1  8 224310557
19  21 1806313087
0  43 1264067752
25  32 1582173374
49  1 885942788
44  31 698688598
39  33 502191205
46  12 738401988
33  4 930218448
32  38 1241714744
39  31 1126275990
27  37 1986040635
34  9 60808205
28  47 944939449
12  14 1482256273
41  13 712385850
3  2 383425929
40  6 1738424361
16  17 1002018541
24  37 1965939435
24  13 2038472468
4  0 1970889911
42  29 1539540145
28  36 374286460
25  27 618921864
42  30 933221034
15  0 411063708
45  41 182044677
42  34 726591785
40  12 900459859
30  23 1012278287
2  48 1097759445
2  25 1967939748
22  49 664736614
49  29 1183333415
44  22 1281557221
38  0 772786009
14  33 223989340
45  15 1307183216
7  34 1424062785
10  25 2065089285
1  9 1630231472
19  14 1678846783
48  16 241304553
30  7 2080927689
31  45 630003594
15  1 1587570588
46  12 629893976
24  48 21301828
24  22 1204262112
19  41 1523126393
28  48 556440692
9  5 1463807524
29  23 815383363
42  47 1115749138
8  23 299653948
1  27 1509767711
27  4 1237538222
17  25 1241011313
42  6 1432955626
44  6 616226296
46  31 1957487476
36  28 1081863757
11  20 1576821519
14  16 367803779
39  26 1398381103
2  44 170487764
48  18 1800167507
37  12 1602390460
17  47 81671919
32  36 2135910995
22  24 579284124
37  31 1746030456
44  23 1217823918
1  12 1025343394
15  7 1700961197
44  4 1356027548
17  12 614918038
27  24 212744465
42  11 812762104
35  4 1892268348
23  16 1379788365
12  13 1131655452
20  21 1655858965
19  36 301438318
44  14 644436251
49  42 1548433827
22  28 878359515
44  1 1396734581
45  14 30311496
13  33 1396016001
22  9 555990672
10  38 532626229
42  49 255952904
13  29 677965934
13  41 1921432641
49  26 2024306299
7  44 789952733
34  29 1028383084
19  31 558077649
31  18 230133133
45  10 1573528806
13  28 2067118069
3  17 1604450004
46  22 652237991
28  1 1154415297
10  49 1813453503
13  38 2097753045
7  45 1141876953
20  15 1750568632
48  37 1369023971
47  32 141653625
4  19 824806529
3  27 1385552720
11  3 416735244
33  47 1213701322
48  41 328746360
37  8 1949459787
39  32 1001200636
37  33 1452771409
37  36 1122776299
13  26 1278693463
31  18 1949311998
44  17 1446334584
0  17 1401079080
19  6 1632306569
9  22 59684928
10  25 1348289500
42  26 1387832642
49  2 570596487
45  33 935015530
39  2 684793693
2  4 1543230374
29  20 1399816564
45  26 1117468919
48  40 1064757952
34  6 1491375915
14  23 210735213
25  20 1847691482
10  34 1935973437
38  24 1830284650
40  41 1734644177
25  0 2097788068
15  24 1457533000
24  5 1820662237
49  39 763246149
5  1 1710584566
19  11 894779034
47  14 790193188
9  2 1212610954
22  28 1220261354
11  49 732946014
16  23 1271898234
9  37 1707144879
34  29 160556312
4  34 2083116400
42  45 1435899760
23  0 591756660
35  17 490492444
3  45 1846002955
1  48 1528944174
46  10 1888318417
24  1 778006906
12  28 833480984
6  39 152623210
16  1 147365232
5  48 463043591
38  45 568612646
18  33 1554562446
2  24 1483010448
38  37 1413499382
38  34 1337802580
41  31 1408180806
9  48 928739320
21  17 33264682
24  19 1007196774
43  31 274508272
18  1 700473023
26  40 772738265
26  46 269299680
32  37 1421794361
44  0 824784824
12  22 238537446
2  12 1270534623
12  7 444489284
6  24 229426019
4  40 1085923094
25  6 654548244
1  33 266622131
17  44 1429574309
37  28 603148913
27  29 997680582
15  18 991219577
41  43 2099863722
0  46 906995277
28  17 1543375926
17  3 211334137
3  32 1381649455
38  1 911078222
20  38 2044752432
6  42 1382276376
16  26 1482825947
39  46 1701057323
30  23 861525778
36  20 672336798
48  9 1968850874
38  44 2133402862
39  43 1962799187
32  25 1222506782
35  45 1438552620
8  1 1642869310
27  1 2070079584
34  8 755936284
17  35 1596259993
32  42 1417169408
20  36 1483861449
9  46 1368132926
5  8 756018062
48  1 967872688
34  48 688705303
10  28 400923166
29  21 201589719
15  39 1391234371
30  0 815670731
19  10 378060718
47  31 17845989
43  32 815423559
25  8 1425751397
35  33 1464938457
15  4 2080318611
28  8 956985142
39  20 99253750
11  49 780989536
38  28 2011683350
3  14 1638506738
4  21 1762600761
11  48 479188392
43  47 1595497917
11  24 54825600
21  19 798635047
41  0 483179427
49  26 1976050008
5  10 543894045
48  43 1388097123
41  49 2066104653
18  21 828688292
31  32 876161881
24  9 1595796365
15  23 1339384107
44  46 1910213562
4  1 75062323
45  44 859893712
20  21 1113659835
43  2 1979198446
18  33 1940381842
15  18 923787856
43  29 569987399
7  49 318794574
29  1 1881861579
44  0 54236934
26  17 284416378
47  27 948997465
16  45 977210353
39  18 1572980662
13  11 114689746
21  40 1597578158
6  35 336577505
29  24 1992864131
13  29 609672238
1  16 234777360
29  25 208955899
27  39 1540108722
3  13 76329251
49  34 1633330987
34  27 1501281021
21  40 612538331
41  6 1046634532
12  0 1575842019
10  34 2011366866
32  18 128950949
17  21 1627862879
31  10 88046457
36  24 1939876684
15  31 855376119
14  29 366102900
31  43 1593218088
35  37 433570292
11  29 744766789
35  28 48087874
7  2 2106641025
49  6 784424354
31  0 1593173057
47  34 375670195
33  41 1624254749
16  39 171148959
1  14 900879045
40  37 939804020
31  7 180748013
14  22 498654581
21  10 283583739
13  2 1086374282
2  39 1814196237
43  20 1768669312
18  48 1119287132
6  21 1026778841
20  31 353555401
2  10 1429984464
44  9 561358370
32  33 201111930
29  22 1173927486
1  7 539365342
1  28 1610988846
17  24 587846028
44  24 1660040575
10  33 1742589234
48  35 346995783
23  44 2059786638
47  49 1429364395
38  39 706459847
39  17 609578595
11  37 1363032015
43  12 1592231706
41  13 1667088808
19  39 1664111594
29  3 1741101042
5  41 569422878
39  41 281014178
2  23 57997547
41  13 877791899
36  41 681218604
14  32 91080617
47  36 396676323
18  19 1437815982
40  42 810692115
17  44 112712173
16  44 325239037
25  48 7641260
41  16 1836768150
49  48 1947988913
31  30 366027034
21  11 1803952479
46  40 61562966
48  11 1626522115
49  7 2103968950
40  39 627557687
46  12 1316468135
14  29 906785676
19  26 1183310004
36  43 78434470
13  49 1554899251
37  3 1717133018
31  13 283935418
6  25 819825521
19  14 94160045
49  47 667647588
36  10 799989156
36  46 441252541
20  38 92642341
12  35 1000721309
49  47 357964628
44  31 1397432681
39  5 1088600499
14  9 560638989
20  30 1285832252
46  37 2036825928
38  42 476343087
19  21 743774472
21  36 1769877989
9  6 111775639
36  25 1634163138
19  36 107729639
17  40 1427090875
33  20 913016444
14  2 178349171
30  3 479785094
36  37 2061727000
36  19 512597247
34  13 1971999602
12  13 203985927
45  18 532760404
45  30 1420724762
31  32 1434900611
43  25 1900037016
26  7 282216279
15  39 912473150
1  49 1435147766
16  14 356740546
14  39 117002131
32  28 508727032
27  14 1209685820
17  32 1009596800
32  9 1587489967
3  17 1503253718
16  2 557565723
37  35 96730103
40  31 1874099404
19  22 756806115
42  20 1744102352
31  16 1495156864
20  12 293489101
19  17 369152498
2  37 51819519
42  15 1796376614
10  13 1571778381
31  8 1883092675
17  11 1489606653
29  25 899954956
35  40 2106673121
37  39 1891967691
44  12 307335719
2  46 1301663710
6  2 1737833136
45  14 903376096
44  16 964406932
21  49 248067306
43  9 189818010
15  29 2125700600
25  15 2013300606
14  10 1053104457
47  19 1965744342
6  21 1940197359
48  12 702303707
7  27 959947229
45  25 468617083
35  5 1319305890
33  49 74014740
44  0 1471074490
45  9 1510918148
0  49 676576457
8  47 744566931
38  18 972896852
49  22 904882011
47  16 484274332
17  42 742033742
48  45 899000065
14  37 704370686
44  47 1813532491
36  38 206813912
20  3 1211083754
1  28 88542772
34  41 1950243240
41  33 1975939756
23  8 1713716654
17  48 322673510
11  26 935803404
42  41 1620700677
37  14 229220631
22  33 1833023006
17  13 1001641797
28  4 1432758744
9  44 831521761
36  12 1522377290
31  26 2086222503
41  40 1144030509
20  32 453470074
22  49 1056285746
39  19 343284919
45  0 1462241842
49  17 1198973757
2  7 550196857
49  41 813936130
34  48 1956692319
4  22 282277404
47  19 1688734835
32  11 1514311190
14  7 1494419813
46  17 1982819537
11  23 1233740434
33  27 1382845208
41  33 381923545
8  12 534588413
30  26 374481016
22  35 773071141
47  20 2142637068
25  16 1379916509
13  36 30744747
46  24 702329553
43  4 146732558
18  16 1572642891
36  25 143245152
27  31 133510504
19  33 1378601210
27  17 2007482435
11  49 1400468734
38  9 1968376848
0  13 553618554
11  2 279262545
19  42 421199808
36  29 412146656
49  4 1631936583
14  1 1696238209
1  33 2146756852
29  47 14288805
0  29 803935249
47  48 1421715374
44  13 1021941487
17  13 255242327
38  48 1589047576
6  31 198599097
4  29 1691687354
26  49 295984322
3  12 113683641
5  45 1792108325
28  10 1564457561
4  36 2059650688
34  21 330735743
40  24 262803272
18  14 1718167225
49  21 2115493376
22  17 49677022
5  4 831777238
11  26 1316022857
30  45 1186319420
37  17 1394183072
49  31 1465675990
37  42 849385667
27  14 2261750
14  30 249350951
32  24 83965356
32  19 509038495
42  0 1960800510
34  7 1054806300
44  33 1369741125
6  15 1703927424
31  17 118231046
40  34 1688910396
44  24 1351367276
42  3 2008920528
21  5 1395732539
13  39 1835611275
25  35 920446770
9  14 1408685502
22  37 394905653
11  19 2103473213
10  19 1250866850
36  9 85442136
25  41 1641569532
4  8 207426223
38  42 1273288846
44  46 19337913
14  38 339747622
19  14 1773304621
29  17 2054246567
16  19 958261238
16  22 1473373010
14  26 1164372809
1  3 569887966
14  3 202929991
45  48 178681991
19  20 1644191780
34  48 325543019
11  44 72915249
20  4 72373325
20  36 246942237
16  0 332957681
2  33 1223595044
29  11 1618200285
30  41 190335910
36  28 179527409
47  15 301834027
5  23 1980098235
37  20 1661478083
33  7 750542951
15  44 2020604598
12  1 430946750
26  6 642354346
28  23 997693405
1  17 1161853143
20  8 1125013961
25  41 1308681364
13  14 576226752
4  9 2105807586
11  22 172713508
30  44 1617440747
21  16 808969898
30  43 1659162975
42  43 1199519463
3  12 557992606
30  34 1262897730
1  24 598466881
46  42 348887906
19  35 2086761549
10  5 876240692
22  6 1129340324
39  0 637518827
9  44 1721273995
6  33 1843762966
27  47 935984996
27  17 778758601
43  11 1900497962
47  23 1043371217
22  19 87926320
37  21 1231393018
45  47 125552172
3  35 2055312607
5  19 1264401561
35  28 1980424855
8  24 1792368855
29  12 1015635716
45  39 1132365762
44  24 1621872847
0  34 2054025063
49  40 665915354
25  21 524503955
10  8 750972584
30  8 148770462
6  49 764988536
3  34 873457738
19  6 50889409
1  4 516331738
27  19 77873985
26  6 701206204
31  45 1450415384
5  46 1792736677
30  24 574031973
42  10 793342774
10  9 1006091851
4  19 399841566
46  11 1315822074
16  41 479322218
24  32 460473789
31  18 717121159
39  34 430437674
16  19 1315314510
16  35 1418563532
12  18 1042229357
46  14 754321605
24  35 1954181767
10  7 409169450
17  30 462935417
37  14 564896625
0  16 243713901
38  17 1637949784
17  31 112020539
37  22 1599148475
18  19 1320914156
9  33 1584720679
9  1 1125368236
10  26 791813864
0  18 332263400
16  7 645311452
40  16 266870604
25  22 2057426179
2  28 983857590
6  18 356468542
42  14 1347848502
26  7 2132886882
16  20 114526163
