1250 50 49 4
10  13 1138226696
28  20 174470144
31  30 687744412
41  5 1753318139
22  11 588380364
37  1 661553037
31  8 976483995
33  21 1330506742
8  32 699204940
42  45 1827261133
40  44 1178320228
23  33 973565506
18  4 17915070
6  35 1299577580
5  9 429252386
32  40 230669375
41  36 210058289
2  49 18257604
5  12 1374469329
16  39 156558507
13  15 29005188
38  11 338465183
13  45 1375146132
14  36 331234345
42  1 709653846
19  24 979463532
18  15 1748552938
6  43 2112619279
38  35 1111321131
23  24 904776634
9  38 1695306182
36  17 320034786
17  39 1907450558
17  37 97890914
16  42 150604218
37  13 1515137966
46  32 1519022777
32  9 201769312
8  17 1767883211
22  19 624125410
42  8 457036887
30  6 62892013
26  39 1983969359
6  46 1074212387
0  24 397558277
31  14 2125593947
40  38 2081337252
18  47 1045802984
48  13 692087705
41  44 1330180406
25  35 858503434
19  15 271113453
4  29 1817910786
42  43 154498053
40  11 874563084
46  38 1146382585
3  34 1702060817
33  36 1455548457
31  14 1386875476
7  42 1363881592
31  23 633981334
49  3 2067883980
35  0 688181602
19  43 2063992023
7  48 175461591
14  18 410137957
44  35 1331436541
23  21 1538286618
28  5 672790631
32  5 725131967
46  1 869181584
47  12 493502216
16  21 1665187575
23  34 1630888072
24  44 945610058
27  49 98672418
45  2 1279418747
29  48 763619085
0  24 1347633865
35  9 1207094342
49  32 1268929427
4  35 984466649
28  0 1042887874
17  2 1641380640
40  31 488315497
47  49 2080022168
39  12 327663559
47  35 1294723360
43  21 982235458
8  48 583915225
36  3 2036484012
35  13 1175308545
36  2 1604683052
46  13 1035410425
42  33 360397412
6  2 881921623
49  32 755495965
32  30 1178900474
41  9 1605753420
44  43 1595381899
22  30 991800015
46  40 1005111814
16  44 1270987728
30  15 244766790
39  40 243731003
23  43 1540511358
32  41 1145711131
8  39 428018529
9  8 1972923570
32  21 1203032741
37  17 99126075
32  22 793817561
35  0 1003574249
40  31 423477705
8  41 332751001
14  26 835057238
47  41 1514549478
7  27 1779237694
33  49 750313848
24  14 1446196500
44  34 1865455111
47  19 618164610
20  49 1790681814
26  27 1264838331
1  13 412238431
30  36 1504033030
4  40 1774268529
40  19 842700312
35  27 770216961
29  26 1326118726
4  15 1805895746
7  6 1509578082
32  48 1242976664
2  40 1546978906
49  34 376174129
11  18 353162434
49  16 52376855
6  4 877509766
3  36 467994870
5  40 1997847015
19  34 982374815
36  35 557835124
49  13 1734600377
2  12 1723720535
49  43 537591662
10  25 1017108218
22  21 1426255468
2  27 1869493332
9  18 1618693062
31  48 2092509586
41  21 230937681
0  39 525803248
1  34 1881159416
42  22 899493300
6  3 959764294
17  30 453977413
14  38 1953637807
21  12 2082708243
35  0 915608882
25  7 2143720493
29  46 125923787
49  21 1161045461
36  29 1251613913
39  27 468614274
22  19 1801264419
1  9 2104099568
43  14 595371892
33  44 1071974225
29  22 831887833
5  9 1496043965
19  14 889180191
32  29 202052551
26  17 2147222384
13  6 1663521541
48  35 730914426
47  4 1176255051
26  11 1202953126
30  9 718014289
2  30 217947657
14  4 551191730
21  7 937039380
40  32 1028585845
10  34 1947852334
25  34 1177548116
47  36 67432894
49  48 1475401465
8  17 1016704057
22  40 350248490
11  10 1132474368
36  27 126816186
34  45 1595068241
42  33 1074560423
32  19 784362315
10  31 408707635
18  46 233518776
43  16 2100215687
7  23 1573887402
33  15 744977305
40  10 642558773
46  18 2045986359
20  5 1980263673
40  20 1198209915
40  14 1575453026
5  31 110975951
4  31 503710045
25  3 1157880858
13  4 1442778453
40  27 1752976849
37  47 914643248
5  30 1113991332
43  12 1766652432
5  43 1270405015
20  38 973694526
17  39 1352981337
42  13 1320298732
18  13 788539376
17  46 1583984493
11  23 1317720083
25  32 592590351
8  40 386383959
34  38 630025481
41  27 823123177
0  40 1659574949
19  18 992032637
30  23 1652751943
34  5 839982377
16  18 1927290064
10  6 1235669840
31  38 816684472
22  24 1856880890
36  24 581215935
48  34 936100218
5  10 1864735160
35  47 680364812
26  38 2021508605
42  14 1350051736
4  43 202102260
1  8 1040729989
40  37 1507024761
2  39 630051450
43  38 1030984088
29  28 103815091
17  8 2017225907
40  48 692224325
40  0 1199880343
33  41 1948084577
15  12 587961694
43  36 589490624
24  1 1876241069
14  6 1209353502
2  10 671786934
30  46 1296719025
41  12 1180369363
22  21 672277707
39  19 1788646698
39  17 2110589500
17  4 1825290295
31  43 1978911836
14  41 927279394
35  26 187033152
38  44 879889477
12  29 832376966
10  42 1068908008
19  49 735672383
19  0 123331333
40  35 1396315250
8  27 772249972
40  44 1943922396
45  3 423782862
19  14 1178385391
6  37 1052383698
49  10 1951079650
23  13 643086903
11  40 1630350321
35  29 667562530
20  49 1678952093
14  7 1498240472
45  11 2112012820
29  45 1150609702
49  42 25273596
31  42 83085474
24  48 323372522
8  15 9985988
21  44 903898271
33  2 350088371
36  41 1720805000
13  46 972031377
1  18 1042745394
15  36 1421277470
33  42 99576595
41  43 398075948
5  15 1022451285
33  19 1853872298
17  46 482863427
35  5 1248750065
45  1 1839085033
49  29 16255760
0  35 632143314
33  19 1307379423
1  0 535985732
1  27 576455883
26  48 594538505
2  22 613008807
39  8 1819218255
9  11 1724340187
42  43 133247608
40  17 65996265
41  33 1256462428
47  12 1380910814
33  9 158987758
47  3 1805778245
13  47 694209735
25  21 379528997
32  45 852311230
15  35 713463227
0  15 2084234358
15  40 567450237
45  1 279865214
36  49 125521911
25  28 146638014
12  9 2105707826
25  42 118327403
28  13 1762224690
48  41 627278894
49  42 1608633202
29  28 1352514632
22  30 1562437525
14  42 1622187770
23  13 2138390092
34  27 1255417373
19  12 912727047
37  10 1460525389
22  15 21552883
45  16 314760914
22  1 592501651
10  19 1317101167
24  25 35924979
1  38 1125051110
37  45 1382048470
0  20 1950004456
31  17 1829229143
10  42 1148914261
3  47 1242633496
47  34 1693810579
38  9 103613831
39  13 1277042271
3  33 102439636
28  38 1924158116
20  46 950890523
11  36 397832366
36  21 2129677114
29  18 377877560
46  24 1709150534
8  42 2035666659
24  10 1954146539
15  21 1947550280
43  28 1008299145
27  44 1309270254
43  23 252703316
35  5 1281946538
46  30 433312396
33  25 617130041
43  12 82935261
15  33 613193382
12  7 1738185296
1  9 1962662618
20  33 100212969
0  28 827605079
45  1 1515859866
4  1 875974331
18  9 1814440180
18  44 990783465
44  32 1584901837
27  36 1525015572
11  40 1412662720
32  26 1810056816
38  21 1533929132
14  24 816603568
36  16 523143898
43  8 1033191714
32  41 1935894009
48  10 1062330372
30  20 808175972
26  21 214506969
29  45 956338340
9  7 1366251935
10  38 933045165
27  3 1460032306
14  35 1161839093
48  34 682501046
48  44 1907956933
32  5 898764191
45  15 177914075
49  11 700622162
34  8 622715034
8  31 683988273
34  19 628341748
27  2 579493933
5  6 896116084
10  16 1500764779
0  47 275213682
1  49 1017008489
28  11 1709246921
9  43 248448561
34  7 1879830907
3  14 562383667
26  11 2062510778
19  21 2089076606
17  9 855282780
40  28 14164318
13  39 1779312253
37  19 1948611399
1  25 1163458013
42  24 1080390079
33  13 58599289
44  15 1202702972
42  38 1298316683
43  47 1722022024
24  0 2084629777
45  12 63646954
35  28 228321354
17  24 1403144299
10  16 555275677
37  44 1819580597
22  23 87637782
49  34 1187894653
46  27 281847958
35  18 934637927
30  41 1587953961
43  34 841415766
35  36 645069804
11  30 298926137
39  40 186394135
39  42 457250008
44  7 397242209
9  30 457029269
38  11 1824750103
44  15 1350401343
4  14 2132918256
24  42 1666934730
12  8 1948700859
13  21 1977932234
29  18 760466656
42  4 2049228933
9  33 1812315268
35  43 1242574576
1  12 848529184
36  30 2125122586
17  42 1981489577
15  49 486675813
2  24 560840680
10  33 966315331
8  2 1336788666
42  18 1751314612
39  11 236008679
22  49 1143837965
9  6 402075787
1  28 319871540
36  23 536784176
6  49 204592434
3  42 980378868
0  18 156551020
29  37 171852268
46  4 491432709
31  42 526453301
11  5 1216052686
27  49 1193916952
46  49 1320358399
2  49 1212257048
2  26 1756797840
31  28 1615858502
22  34 218595452
20  16 54766601
41  46 1886353880
6  16 664579852
26  21 193733145
3  5 695355836
15  45 726760422
46  49 1112218832
44  48 1721949730
6  9 1392382239
33  3 1221906220
41  46 1519455157
49  1 1611764432
45  10 1845433993
10  27 181171827
24  15 1215859528
2  25 1565028959
15  24 1856963016
0  8 987596327
45  8 987718219
28  17 818759281
36  23 350396642
39  15 1842870043
21  27 1688878934
41  42 506946464
38  40 370457876
32  38 2091280180
9  48 2127994317
8  32 515835109
20  46 645720574
2  47 1482679391
11  41 2024229311
4  36 1430824922
6  37 354856410
24  27 478889987
32  46 1742798902
8  6 905333756
23  19 1064312111
22  45 1288669526
2  15 1349206566
11  15 1578128558
45  1 1161609957
28  34 10639078
45  37 153045173
13  7 1669752789
7  29 494302014
23  7 2147080283
0  2 2044853221
39  37 1703386673
21  40 1507093606
38  43 615012164
38  26 429024381
24  5 61738591
33  38 1283875535
37  36 2020723876
14  1 1782826431
44  20 1002294113
26  39 241464673
4  8 1910550269
6  39 799627433
11  0 772948012
2  6 288662150
49  30 1812952124
19  30 1682933000
9  37 927448053
22  38 1838680894
6  30 320230689
37  42 498176868
31  7 370388235
23  38 1451474821
23  49 1620718397
44  19 118906580
40  33 1858611141
30  25 895621818
45  13 733692880
21  31 1722194668
34  31 1200317808
27  49 120691753
37  24 524447837
17  19 2134752826
3  23 601016793
7  9 1646361470
31  45 798950785
8  10 1378780017
46  35 1068921212
35  23 1713137119
44  21 230929326
25  47 1043496035
8  31 1378250081
44  26 181041935
21  26 1520462386
6  40 1728506929
4  27 1964207108
19  33 575459363
45  43 201756434
42  45 861345021
5  37 43282310
38  26 645024376
1  30 2072718732
0  12 1227845681
41  40 419560961
2  30 47949737
4  41 1386962701
24  19 1226317516
16  36 1047938890
37  7 714220852
5  45 2033942800
47  48 2139232227
21  4 182573896
18  20 633235487
46  4 1538965909
6  13 855386257
30  47 330108338
4  38 1903394094
35  25 971770211
21  42 475254412
38  11 1458429015
39  14 910937024
39  28 743266249
4  34 757695266
0  46 1980058178
38  48 1108144736
29  22 1418068988
5  42 1736012606
44  17 1735585444
33  40 1780024801
24  30 1515436145
3  42 710860929
26  41 504382337
35  31 366539554
9  36 1971149558
0  2 1464472705
37  32 1694831778
26  36 1178030996
3  40 1030970353
40  13 328765885
36  18 193533409
31  27 184556474
39  17 758375459
0  27 506268459
46  39 1247557273
26  11 1404696118
33  14 1283639094
26  40 1120860041
46  41 516824766
2  39 5703344
34  16 2119542969
17  32 1637534462
39  31 189639506
18  31 587003748
39  24 1071450053
20  23 83304761
49  10 1205581761
33  31 431198514
49  17 2007110273
2  1 1537508935
43  44 1732354824
7  20 743585055
44  13 1048372957
6  47 1123654263
4  15 1187840510
25  18 1233068578
19  26 1245559743
23  10 1993343858
15  40 883730121
33  41 1906792539
21  11 1820213272
8  32 1745528924
0  49 537335772
16  13 1286101151
40  35 1852879806
46  6 1183656927
49  24 1241485792
23  8 1832114385
47  9 845194435
3  37 1027814815
43  13 1347180670
38  49 1288532443
35  24 1266280233
20  39 81416633
12  2 844677618
24  4 802328233
39  0 1372655414
31  18 1228099012
37  7 2145899618
13  30 1881893383
23  19 686964749
32  28 939674709
24  29 663581052
36  45 1764414388
39  2 992402333
43  20 1386421320
32  17 809730754
28  30 242350172
37  26 531640537
13  26 456990279
47  3 484552719
19  29 603237759
6  30 2062084424
36  42 2091947697
40  17 1466734244
4  10 545426898
12  7 99229236
42  16 2131131061
6  46 542621451
48  49 278765190
20  43 633526229
5  24 1975158155
43  30 1633748123
28  34 1665068220
17  20 256977296
30  39 413239835
14  48 2101453155
14  28 1838999635
39  36 1932622980
47  1 1998286526
17  19 1718298294
15  1 1342935242
5  3 1787073571
13  21 1968446752
18  47 2116072003
49  32 712761346
33  42 885548795
44  22 995868048
0  5 1727974728
42  1 875727852
12  11 1692629520
23  19 214436967
6  30 576490607
5  28 514717862
24  11 143804574
2  9 980578465
24  33 1013710322
36  40 464901987
12  39 1058640883
22  13 933852278
1  33 1485822323
46  36 632146870
24  42 890412068
2  15 1541403472
27  11 343245252
8  4 861118781
22  38 490096532
22  33 2108676232
47  44 567298964
36  27 365137882
36  3 1625953077
2  26 851429293
10  23 657327128
23  5 1774638383
48  33 482946237
4  39 1675783177
33  39 1610384337
37  28 714916303
45  26 1007163951
47  45 2037975572
43  24 1862420342
4  34 1544725135
3  9 1467333385
7  49 25493202
27  17 515455493
6  31 1970464023
35  22 804501947
12  31 2088775442
17  23 1553209889
3  17 44507355
16  47 92292576
14  44 2006061380
44  17 2002339801
33  2 672656629
42  26 434474898
42  5 618437892
14  15 1123617747
25  10 832726824
36  25 1808860456
48  16 924605179
44  35 1492366026
11  6 1765933103
12  23 200420919
11  32 770015360
33  46 149717502
1  3 665034728
48  19 797500608
15  36 757959031
42  13 1058723792
30  40 44305390
43  38 1291704947
17  15 400086820
15  9 186566251
25  38 221966954
31  47 1788426233
20  28 512131601
20  26 368322067
25  47 1329175653
11  15 635519291
7  18 1790745525
26  41 438928985
46  5 1876321944
5  29 1074679570
30  23 388640432
20  39 1992993378
1  45 575452722
15  19 1466457866
45  36 950022120
30  18 1773795980
41  42 489108113
9  29 1965550956
47  22 1238102135
18  13 1180879817
49  3 592083380
42  44 1091635051
0  48 1973112108
38  32 123645425
42  9 1047175452
18  24 423662152
35  33 1131036197
44  27 2117377450
16  24 2128309452
47  9 1082612837
26  21 1400528832
6  13 856392366
6  31 851575384
46  26 2127259438
35  15 662544784
12  2 60086336
30  21 1487590773
11  36 1758507094
43  46 1798124461
7  38 1015400851
15  17 1684172788
11  46 1552153180
47  18 1509748348
45  43 602920679
26  8 323514347
15  21 94622966
25  16 1048185920
26  4 1383102853
14  40 826061777
49  22 862538292
5  7 1414859772
15  41 120175189
21  34 277788296
9  32 1124176990
34  43 1434066180
35  4 927281967
41  1 1438988774
48  7 915383159
44  9 1765671651
46  16 378070380
34  25 2073131444
26  39 408658446
42  31 2005681916
37  16 1048057035
3  19 2146995145
47  49 1535062101
17  6 1509900247
11  5 703918905
49  29 1019565312
24  38 2121834120
2  42 1187740005
33  14 371027677
49  44 824617550
16  36 619924561
46  44 1440140546
13  5 115865088
41  6 118573666
45  0 2076958866
33  13 777799809
36  4 196513568
26  9 1282188942
27  23 2063329818
47  23 300502432
49  16 1067684167
14  19 52021770
44  22 771508449
41  49 1250238885
36  26 860938787
25  17 1839977098
41  21 52783334
12  21 1743130678
14  35 1098706982
23  31 1746502648
17  34 1633759149
37  24 994163568
12  31 712489118
18  0 6350061
23  20 574352802
22  16 1738965061
24  46 117816927
5  27 66114249
7  48 1009227989
26  20 372729684
34  29 1173095880
38  4 1366168245
20  29 1651595099
15  30 432672231
3  42 523936880
1  30 1166576085
43  6 1753893178
37  40 436920730
47  39 1097704471
8  11 1091761692
45  12 1866721322
10  37 254770697
2  10 1204071618
22  14 438042742
29  30 1323054211
17  39 945297267
45  13 394506926
31  32 2087296867
36  10 1091970502
11  22 1890299396
30  9 100353723
25  10 768072250
21  1 315582367
20  1 1219890171
46  24 529347998
4  29 1248719669
35  16 404265158
14  43 93798453
18  31 1843386444
1  32 472694731
31  11 170883394
45  26 1367704051
21  41 1905462842
48  3 1542766643
13  5 1418641526
30  14 1496349480
18  7 954711912
16  30 978609209
15  38 224384958
15  37 1378667960
13  41 1435259576
31  15 716602942
10  18 2146584718
49  17 583934213
18  29 280405277
6  21 80346460
13  27 1454451046
12  40 112418194
11  39 851569356
39  43 1950584704
25  48 1938635396
48  16 231142627
12  15 1628451168
42  33 2136708965
15  6 1291328017
0  31 1533510562
21  43 1162085467
3  31 189368842
39  0 1952087404
43  38 1244443274
16  35 372967937
22  47 1079678057
16  7 1513818873
13  39 117166642
45  41 177012654
30  21 1474203256
27  11 721887176
23  48 450418680
28  11 1180694819
32  14 847418468
17  25 789046802
34  3 1198036267
13  2 1434103039
20  9 2014691632
27  46 472421797
3  25 530290740
0  2 1656211088
7  44 115132911
39  14 1463233681
8  4 336239541
25  20 1461843594
36  5 1794467222
4  1 1632250688
15  34 243859556
46  43 410326530
21  14 784559275
23  21 2052223554
14  42 1836912519
48  32 803026306
9  28 1010358751
17  32 1823176493
37  40 2136974492
9  28 384856309
28  9 1025744164
39  21 379956342
47  12 1886985311
24  13 966493166
25  13 1285052150
42  29 945599605
45  42 1851847480
9  48 706055462
40  28 1447203119
0  22 1685779120
46  35 365085108
0  28 1547021656
12  39 306914028
26  30 916082999
5  3 2076411180
11  44 879614037
14  19 719785068
30  24 657994755
33  9 1031912993
26  43 917180178
6  33 164194228
39  13 1836917655
46  14 1904737
2  28 950184965
43  18 29493532
9  21 1541846872
10  3 22621219
17  24 2035486904
5  48 1515799889
37  43 1424643326
34  45 786997767
48  46 1601810101
39  37 1628918499
41  35 1454040258
24  37 382450451
9  10 1834345644
12  29 770407450
0  20 1384511239
21  41 512719712
37  31 634274526
22  24 571093927
43  11 858912453
22  4 797155771
42  11 576687524
33  14 1546533104
6  34 753639012
40  25 1231578033
15  9 250717723
7  41 1189795372
21  20 1300176028
32  21 2053534312
13  37 401500006
30  7 1138073211
10  36 1688259237
4  6 182825913
41  48 1597817093
15  19 897545789
46  25 910735456
37  14 824116045
36  47 677090610
0  12 1044870889
49  7 123000026
42  14 1286613446
4  1 1352691781
38  37 1094686153
17  40 1112530827
14  19 1029174463
21  42 460607282
27  38 1759189681
18  19 1637026738
31  48 987424137
16  24 1666428242
41  10 758068986
9  38 1563935798
9  37 1603223543
32  24 2081457087
6  30 755395425
38  34 1720839015
5  2 59996664
44  25 783985482
23  29 686774305
27  47 2076572425
20  37 187756135
16  22 1067831939
19  46 712229777
47  3 432323885
8  28 387182415
40  24 777819830
0  46 49383102
30  40 1197142759
10  23 683212633
10  16 1834814952
13  10 959522411
35  4 1088670897
11  17 525855689
18  20 1990405925
11  38 1534283678
4  46 295725915
0  48 979514895
2  3 538903586
40  37 896151674
45  47 254693840
48  6 2119735557
20  7 1989371944
41  39 1045432255
49  28 1911524720
49  37 2055680752
10  43 1284724875
28  23 2142145451
31  32 2092884295
47  22 236122660
17  22 1854491871
12  23 1012819250
18  27 1049367730
37  19 1774958207
11  42 705792561
24  25 481753387
14  6 929109533
19  10 1573354409
49  46 1566799038
47  45 158874753
25  9 1987165775
7  2 923137046
3  49 586430442
5  4 2031149909
40  12 613419166
3  16 1110845770
28  8 1047472403
45  9 1732371060
7  22 2021875084
29  13 1809577275
39  17 550319772
2  28 106009434
14  41 595170177
42  17 1033778141
3  25 1204395292
20  2 1886950532
27  36 1377719935
28  4 1977681829
31  43 415495576
34  33 1603955564
24  2 1186105682
9  19 1536607388
33  17 279373993
12  24 140143346
3  2 769301589
2  17 379750153
1  0 1855074524
43  13 127649962
6  33 494732814
45  4 563167948
35  30 177910376
35  2 99605632
36  14 1258451445
7  45 1604091260
43  37 762275359
45  15 990969354
35  13 1392677215
46  36 366192855
45  40 2077136907
17  11 56364393
20  30 708071438
5  21 1583925607
24  46 723525712
44  25 134904151
41  17 1230097218
41  9 542611559
49  46 1059726042
48  12 469611775
23  22 641623997
23  25 350976909
10  23 342114722
14  11 849708262
45  3 1924870707
16  4 1916875397
31  39 566015015
37  5 1509141151
37  28 2040195987
10  4 622379020
35  22 698940616
36  8 606843241
26  48 736776612
3  15 1350153230
23  43 2018642903
43  4 307009255
28  29 1535728839
14  25 79185217
24  31 2075394154
34  30 198771290
21  39 1204056618
27  49 168378560
4  21 1731029596
3  39 398617345
39  46 893531614
42  6 964314192
23  27 1882213094
40  34 766414833
24  26 1678723158
29  13 1647823080
3  2 682586708
39  47 1066163649
7  21 1020048625
22  41 327874076
30  18 17169939
23  34 1524973358
47  21 1710826920
17  12 1689795644
29  8 630192939
36  14 140360133
40  5 1091552414
33  20 1635600687
31  26 155998169
46  11 1966713695
6  13 1143462808
47  42 460525419
29  38 70768576
19  28 392562722
16  9 1626364514
29  12 1012205322
14  34 221144497
2  1 886900361
28  0 1108749215
8  48 134458407
33  14 747065845
24  25 844149761
19  16 669284867
14  11 1874660443
15  8 601662850
36  38 409803520
24  39 1399122104
20  4 275861265
18  43 1196438300
17  3 308525752
41  35 1999421809
23  21 64441334
42  24 274663795
36  2 1089532918
48  20 714956267
14  5 845801490
15  26 1953967116
45  8 2055186605
47  45 181215200
13  47 1016752033
23  8 1729527526
6  29 927216220
26  46 2016625560
45  37 1934231572
30  33 248587742
32  35 5425045
7  30 713128471
8  36 6737044
37  15 2037493797
30  7 1648879761
42  17 1929737149
29  30 636825293
13  41 1231432184
34  33 167252181
24  45 1319148036
20  21 932719751
12  21 1428449221
3  20 533039753
7  19 1348418511
10  47 560431903
1  32 1997513728
47  31 1484987420
44  30 669203389
29  46 20281902
25  36 1838472357
24  17 832669641
2  44 372869692
1  35 684799184
23  31 982306934
49  19 779032341
4  18 1991036326
5  16 1217288857
46  22 1899218941
27  19 1023161930
47  10 1793223258
32  43 814041603
37  5 219965495
37  22 1406088299
20  27 2091403904
41  12 778960109
12  49 488439391
37  39 402039273
35  30 124272406
43  27 532159863
46  25 887567742
20  0 1753867286
46  20 393079761
27  10 478717517
5  11 2127165832
7  0 351424604
20  34 1621014211
