1250 50 6 46
3  9 1454585087
18  21 1139124648
1  12 878843033
44  16 732285057
29  38 559275800
16  27 1036713813
20  42 1775649151
49  20 1481881250
21  19 1282868808
30  21 1354138111
49  31 1829060874
20  17 1224590782
9  18 863552506
26  45 1236554323
22  17 980575485
35  32 142984180
7  17 1579861111
4  2 120697923
15  48 654277333
33  13 1608119674
28  13 169708714
5  21 1153685118
34  17 1137949031
43  5 1125324154
29  8 405927986
17  20 1008674833
31  37 1192413495
18  35 327518009
37  23 1776754109
46  12 300552142
13  28 450012005
15  41 152543990
32  47 1785367142
4  15 350572075
19  31 626175482
3  1 1101579990
48  5 1721301269
3  5 834788626
28  49 1526141327
29  25 931423838
33  42 428272851
31  41 1133896598
20  47 133402250
10  47 1359705082
17  8 90396673
25  37 686207108
8  2 893823269
26  20 586387622
48  28 414421657
2  21 1121922935
38  1 183848509
22  24 791324935
3  4 323042172
32  37 397188699
2  25 46280306
1  20 696976486
40  36 1976930756
27  9 905284860
40  13 1988751377
41  8 437112912
15  19 137006654
12  40 1230004479
36  29 1947174531
31  0 1661221761
0  36 701944105
41  4 1785244496
37  42 857768374
34  48 1247393454
34  9 534122070
8  45 343167658
44  2 1834579763
6  30 94318035
14  20 1651381667
17  47 427510253
17  33 638181063
18  32 2121817530
14  44 1213144513
38  2 1413559475
27  48 2043949223
16  2 1307893889
48  42 1515235529
20  11 305308819
25  38 605423429
0  30 978579807
1  4 533484835
27  25 1254992537
44  38 330166993
4  10 1442166102
37  44 1189041986
41  42 1459664377
44  47 497943650
25  37 2038781624
12  5 1482643546
49  11 839913476
22  16 601973875
16  38 913176044
10  16 1037411590
17  19 904580516
10  14 1531247153
2  38 923246135
7  25 9356841
14  22 1813562498
3  1 1936040534
14  8 277903878
47  18 262704216
32  48 473434117
4  17 1027342637
25  39 612751777
39  49 269160057
24  23 899533908
43  37 883171376
8  5 1335122968
2  12 1386845267
23  38 708024094
30  5 2140971873
30  31 1105897876
8  10 1515273583
33  16 1123109244
47  11 950603258
14  3 1617522214
17  46 2086713963
31  27 893294221
9  12 1714634617
9  16 789770672
14  32 1581320883
41  19 1662291442
26  22 1231480323
46  20 1189002189
41  28 369707367
0  23 267392339
1  16 1961224821
37  43 1006728284
17  12 165559092
20  13 744013464
11  28 1308279324
27  44 1639232087
27  20 910203874
28  46 2115296310
8  33 1436800955
9  48 1452293950
19  20 974949289
21  19 2054627672
18  9 501587798
5  20 523728379
41  45 1975635001
9  20 1265857582
23  32 1636764262
27  43 696021649
6  33 568330205
7  6 1474468010
2  25 1734122590
5  19 1561454269
14  11 1612800546
47  30 1826466601
38  8 1820472970
32  10 1286751571
0  15 2031495611
7  12 1092507809
7  38 2038482480
22  29 673843912
25  9 1364148627
36  33 910216766
21  16 1449024222
35  47 744649506
29  8 784097847
5  17 1481646323
31  37 688870872
19  1 1239723242
43  40 1746480679
48  22 1473017624
43  46 853585495
25  44 1478511300
27  1 1298494383
15  14 683420412
25  32 569116520
6  17 2137511526
45  14 354802048
31  1 611528997
11  37 179306056
40  39 1216709025
31  44 325362560
10  37 584189217
18  0 1863886553
7  2 170128361
27  18 1328900885
46  10 1254279664
41  4 1506052878
38  40 847389904
42  48 1931832140
44  34 572986969
2  34 849430798
6  14 694725240
11  8 1158985237
27  21 1969240083
14  22 1365975508
32  7 1487058306
41  1 569099003
29  48 399576113
29  17 433377068
20  48 1585322061
49  16 1940799966
32  12 1967143435
14  1 584733485
34  41 1532116277
43  14 50390840
27  8 77446014
42  38 1229915451
47  16 662606030
42  16 1077685958
18  31 225886116
0  5 1054967458
19  39 270265973
29  31 1243480953
23  37 742608867
23  42 874875963
39  26 131052334
47  29 1332807142
49  22 117950245
13  30 597538593
5  11 674915188
27  20 2014318470
8  23 807553140
7  19 1053730025
37  33 3524005
3  8 613342987
37  46 1197151488
45  49 1419179969
29  37 298283420
7  20 1718225960
29  17 1478787405
38  4 2066505475
7  20 1565870588
30  4 1039144313
42  49 1383522127
34  8 1053003498
1  43 340136214
39  26 2089578392
49  14 1401471543
48  12 1048602691
47  12 525858933
30  18 584304335
35  40 1420018826
0  11 1008330122
35  39 1620765573
49  26 1371187352
28  48 457045153
23  18 1626104543
43  8 105022329
13  26 1787926608
40  0 632895365
28  19 526644999
6  13 76427455
15  13 2118725199
23  35 878971458
18  44 350227449
35  25 2111946233
46  12 1880912786
5  18 431200827
26  36 1578552219
10  27 440664520
11  35 1313295381
31  39 1341711467
19  39 1119167775
13  19 100106618
49  26 686743657
28  37 1043142978
22  0 1882667440
32  30 545315116
36  15 1038877190
17  37 1637037383
13  3 678317256
10  19 1621488131
35  32 1954724461
10  3 629918534
15  24 959031552
3  24 395571878
28  44 1161275423
14  21 569472439
11  48 1394868772
41  18 217795328
28  42 1579278673
44  36 1092113757
49  7 811620376
12  0 1051783637
32  46 1812725777
10  39 572282593
34  4 1361237706
47  6 243859318
19  14 512198371
1  32 1521375288
2  0 902924377
17  30 863921736
23  46 1738867567
2  23 857311512
23  38 1144767495
35  38 1627965325
40  6 1000110236
29  26 2354320
5  28 1456957437
37  9 533634162
43  17 2021060439
10  43 1837253339
41  37 1466342706
41  22 1040901132
35  27 797981636
23  27 985747476
27  8 437390939
6  33 193946627
42  3 909278541
15  34 1045925292
23  44 1444826677
16  40 422594036
25  36 1017368165
4  37 667418321
15  6 520689158
27  13 882851858
10  26 2103449147
39  2 299223224
1  13 1358829298
34  47 1175135574
10  29 900126265
12  45 781897416
15  34 504410337
12  19 1315283030
47  44 392877064
16  43 1689340255
9  38 1044859614
3  11 222299177
6  11 75031480
16  34 116387838
35  2 1672766971
42  32 1789899262
34  23 1344791132
42  10 2040735772
49  29 1242340782
4  25 377810663
44  16 561805006
26  19 1593703148
39  26 255914660
39  17 1256876617
33  16 1760463243
27  14 182553592
27  45 1632757144
3  23 2083160878
43  35 1584238281
17  20 1518091753
11  32 469636519
23  40 1191533161
24  13 10269256
39  26 765496326
39  18 782505784
18  30 457545661
15  10 797235281
34  26 399641813
48  41 1352852363
14  8 1939821581
34  30 1461727794
14  47 1501239317
38  8 827890843
26  30 479205924
6  8 1163869155
11  6 1093199708
28  4 954388773
40  49 1927166475
22  49 1170455794
36  47 593121230
14  9 977154602
20  4 1508964011
43  34 1338672730
45  22 1691026742
17  4 1116061558
33  40 990665470
15  14 12742448
27  15 831811285
11  4 386381776
37  14 1739428673
6  13 958216231
36  37 1279961204
27  7 134536911
29  37 1202259753
27  35 1798124533
22  27 1596169370
40  38 522627054
0  49 1875166194
37  45 1849609090
39  20 2126877618
35  37 1611575890
3  23 367291137
6  27 297953245
23  19 2120345811
29  43 1198283941
10  8 1335971817
23  15 1270657403
33  15 204331746
31  30 84419578
8  27 736470722
22  0 1562357348
5  20 2056790496
31  20 565156870
5  3 1741426054
17  13 1726527216
40  29 105810238
24  21 1767577331
41  25 314410103
19  20 1656864050
23  44 1103790679
0  5 2040076253
45  21 967197170
10  1 962906075
24  3 1308624704
43  46 2124298923
7  49 1052257645
18  3 935403320
7  26 991135259
48  47 363391205
11  23 1743037627
6  17 1427556677
39  44 1131989267
7  40 503460605
5  45 1541072609
46  34 527872345
9  21 764221660
37  1 431204311
17  16 730338144
4  23 2129470480
47  6 1036148030
2  20 1650736455
11  26 175446753
48  28 90404423
29  7 69241813
2  39 1620289536
49  34 1353951945
23  41 541766731
5  40 1756310364
22  29 665477024
35  5 651750617
20  29 446963221
31  22 1993465649
39  46 1343460383
42  41 546175369
10  3 944712079
41  20 522645515
25  36 1441796462
40  3 202603084
35  22 432913921
5  30 899675528
13  24 575075923
39  6 571239477
12  14 1995959515
21  2 524404817
1  32 296652785
30  39 1374807754
23  6 721759030
40  41 1482836536
44  42 1532126661
6  42 1574700367
39  48 1271908911
29  9 1892586255
12  9 466242571
22  8 1036952432
12  2 1384965234
40  31 747329654
38  25 657402179
34  31 1661057393
3  15 3104394
18  13 754665066
3  31 927158353
7  3 109059526
35  36 904419075
37  39 1444608272
44  43 793549285
48  43 1231724622
33  39 1701998906
29  19 52124069
3  9 301249594
21  3 659988675
10  0 1392643304
14  44 1266376513
31  27 1468923836
1  0 1408976166
38  17 1786726713
11  4 378325017
25  30 1170225732
31  20 846904877
28  38 720638046
35  13 390548492
2  30 1559702683
31  15 898219842
18  8 1715370570
33  27 799218086
1  3 1707611542
29  14 306712999
46  24 1706920435
34  46 467597537
40  23 1095592493
45  41 1360323449
37  43 983888233
47  0 1638321971
26  13 559479290
35  2 242234905
29  4 1273125429
41  34 2105974557
48  7 856983141
25  18 1922946950
29  38 1029489732
13  49 1854547698
45  38 1325107070
26  6 732130128
8  34 2087908659
29  15 433129402
10  49 202185871
39  46 221926414
46  18 2008842421
27  5 789551114
49  34 1091703468
1  37 520139789
12  28 377338122
13  38 1226101339
7  35 611824865
11  22 1732452020
14  24 225254979
5  14 1344763805
43  8 771120363
43  48 1886566178
35  18 88925885
48  35 1974538353
21  22 2093610066
48  35 1521376576
41  48 1930929251
46  33 712036165
39  5 1295575663
28  42 1346018555
10  40 605000999
12  46 926695431
38  14 1165662734
16  18 1773523641
11  15 971118260
34  37 1783298473
25  22 2092840938
18  22 417091160
20  34 846662168
25  6 1243697589
42  29 2064847208
40  41 1184896676
31  45 1762574587
42  1 1789635566
36  35 565434339
46  44 129656574
3  0 69796122
31  37 428599838
23  14 1131228088
0  34 369723440
4  38 1024898193
35  8 320298478
31  14 1217902177
30  25 1939781157
7  34 1510132008
42  14 139233863
32  8 943566349
49  29 1962959678
11  22 425008208
14  8 518069941
16  6 368719074
26  0 2134136914
3  29 598339807
47  20 1062138189
9  47 1317143599
44  47 1414128926
41  39 767739854
3  41 1453559535
8  1 1410270981
24  37 1816245216
7  47 608267085
1  8 498723038
10  33 1182663493
2  5 52935959
18  23 1635913906
19  6 684451862
5  49 1526615461
13  37 884423583
30  48 1676890581
27  36 2100243430
38  6 1895883516
5  13 1085149149
37  27 595632449
10  2 1274749695
10  13 871541589
31  41 1734577312
10  29 112581257
38  23 148469916
28  31 1431954675
12  40 1173257444
13  36 254410775
15  2 1432725680
47  42 1310720097
33  17 818520328
43  21 1073312739
20  28 112935124
5  21 1732011364
33  47 732275854
38  39 234040541
34  13 13937628
1  31 1735698791
13  32 607259948
1  14 478397691
27  40 70474411
19  14 445336382
8  35 1436653580
21  33 664531234
19  38 195799339
19  2 843590199
41  10 2091065058
6  34 2073014128
23  42 1213183171
49  19 458956405
9  49 1824050495
13  19 1783920586
8  47 1684627967
31  6 1833862882
46  37 592592868
37  28 1838285199
12  10 1215594729
32  43 1357054761
8  35 1907301388
21  43 935155403
4  3 421246489
31  11 933702877
26  5 480265287
38  9 244670193
47  34 426253154
10  4 1639936819
28  24 649622514
38  10 294373163
22  4 1541301372
44  36 1680983326
9  34 1020149173
17  34 1514844644
19  43 2092017079
48  20 238498239
16  31 873707390
25  30 1128223470
15  3 54802791
36  34 219564330
15  20 1077898598
31  9 1506079865
45  38 1724809338
13  49 1163507475
9  35 1418255640
43  30 287369979
17  1 852663794
4  13 1332389088
27  45 1357252095
40  30 1617497215
26  20 726391630
7  30 6063096
19  42 1176963892
35  6 1322037101
4  5 1614778152
32  17 107235022
3  7 1869902711
39  13 98313958
25  27 1618167148
43  44 2056284419
6  19 2029528523
15  42 1400804602
36  48 1653989310
27  25 1799002723
49  12 1838294549
0  11 2070298503
12  10 1001628323
9  30 1498479538
39  16 1133999134
11  46 518179868
42  44 1251175418
19  29 1735539269
13  33 1609646635
12  9 197792757
31  48 1862866810
24  4 882424155
12  4 1434087288
25  7 537229516
5  21 63049143
4  21 1214254735
21  17 649138602
18  28 1573596858
42  41 431491405
32  20 1816184928
41  32 823027373
14  12 1913055577
0  36 1095086455
32  29 1461705352
10  36 1686727479
30  38 1885610210
23  0 942599870
36  25 499530219
16  43 204210306
17  41 1659690521
46  48 1233613994
49  30 1347814397
29  23 454275438
0  5 246481295
15  5 658786851
17  32 1688553068
46  2 1988634792
47  48 788899202
11  27 1233429435
32  22 2044391688
21  2 1055086627
23  46 1694354160
6  0 793737987
26  13 1946189191
5  41 398324317
10  7 1629669145
29  13 196144170
5  1 1371307615
34  40 1986625855
16  13 950681854
37  30 41974600
33  37 937467933
43  13 95071011
39  38 2058162987
31  3 1191954515
2  14 1146640689
6  17 170800216
12  7 1604530568
41  7 791610198
5  4 1766464458
2  0 2697092
18  40 561245275
8  16 19064161
21  41 1433438152
19  28 2103982025
21  9 522945141
40  37 947994516
1  12 607730733
2  45 1142300435
0  27 844949106
15  36 2017863721
20  34 2018831915
3  6 1624483980
29  0 1202893000
20  18 1760342402
19  18 1732643622
45  3 391247360
16  35 1576678126
8  29 1079416954
47  34 1530486883
38  45 643112616
29  42 1770422548
41  3 751241379
38  19 1797479946
29  31 1337336033
32  28 942892281
31  11 1490185847
15  38 1288201851
17  24 1266577552
4  3 2015003722
16  13 1252119955
24  29 1414725862
14  35 2039264866
30  42 1208838159
40  39 1580627503
49  15 1751428804
16  18 167116679
28  46 1234412358
43  5 67046060
0  29 1640028148
23  5 340708264
10  3 1561516849
41  28 70349423
34  10 321523750
6  29 1998006393
14  39 1994218979
36  7 1514444174
42  40 705217507
20  7 1198376303
43  22 2003279883
29  21 146194630
21  36 1820096990
22  28 2004867059
39  49 1961163225
19  37 2114584392
35  41 620810189
26  43 656266850
44  0 355591698
49  21 765256073
22  38 1525288277
21  1 1685597112
0  36 1405421420
0  26 320251900
41  11 724809347
23  45 2053783536
49  17 1749005565
43  38 371177990
8  36 1790564993
14  18 823730215
18  32 39668583
22  6 1994714163
35  47 123271246
44  7 1722579079
29  30 1726496971
36  23 1810982995
38  18 2096917388
1  22 873630997
33  38 460575138
47  23 1445143360
33  4 1438867375
29  39 443504253
12  30 1588340970
30  43 1406077348
31  15 690882075
46  36 1450308174
0  6 361225645
47  17 33118856
18  34 403600635
11  33 1686635277
31  16 1790488193
25  6 117548313
14  6 922688582
38  26 393603851
4  11 1429312114
1  21 1803485421
19  11 104431489
47  37 660656777
17  7 1180365711
27  7 351702252
22  7 1295707150
44  41 284679166
46  0 1081192609
19  36 1975714851
39  3 1766300705
15  41 2134708300
16  9 1099186205
42  19 704544579
7  41 192251687
32  44 379205795
24  15 447778049
38  18 341669877
29  18 180244486
14  42 1094151497
35  3 1796208271
25  22 926373047
17  41 791360355
33  35 150969657
29  1 34833582
4  8 2091544960
11  12 915584464
28  43 1225766459
1  47 1394549657
10  15 413190393
8  42 606525656
27  21 1708702279
5  15 876777582
27  8 670896055
30  37 773282266
33  24 403615031
5  32 323383770
11  24 839410408
14  17 647190416
7  34 372807760
0  7 1701900046
30  13 1545364376
31  41 997391280
22  10 1380248513
27  36 587277041
11  22 1198319940
3  36 1583397688
47  0 1860114050
37  5 585533034
24  31 1508909585
7  12 1611359279
16  15 484020287
31  46 105401697
18  27 622848272
15  48 1794001201
42  46 1024313519
49  42 444127399
45  20 2025360646
8  13 699000839
14  43 1184403124
13  26 907325799
16  44 1435983361
37  29 44317945
40  1 1212242838
11  16 1405344482
43  44 1360409443
10  16 1460195904
20  10 490450375
48  2 177969706
36  13 1780305360
38  10 170615880
28  47 151791567
2  21 1567331240
10  22 1181765139
4  18 137755832
14  30 68629481
19  1 1949540499
19  20 2098594587
3  4 1772470044
3  47 402977595
14  43 27990892
32  20 1497125013
43  19 1085744292
42  28 1544805571
11  2 1362775464
17  26 147438495
43  47 970451451
19  32 991179095
6  29 724730196
29  40 981965569
46  38 220520915
5  32 286204401
39  33 565445886
18  39 1715046938
27  15 1416729200
23  19 551324010
38  10 944514007
25  18 937548321
21  23 1426118834
42  12 870746150
26  34 1220962713
38  49 1817209000
21  20 799012013
49  27 2140657752
14  17 1212111492
7  30 1363603570
24  15 615123471
24  39 223932065
23  46 1935493239
15  39 303563856
46  49 489301937
8  43 866972465
23  19 1408930614
27  17 1441294594
19  11 1151658262
1  44 71895345
49  44 1728746944
31  45 1301884345
36  18 888796830
19  25 398509372
2  8 1880173516
8  31 1747255588
40  10 1708833800
3  33 410464951
36  31 68351677
14  4 374972296
46  2 1873522484
46  7 367266313
27  24 309638278
41  0 849390149
9  47 470902361
48  40 829812091
17  3 1040993666
19  7 1657886120
11  26 189014737
26  37 1221459062
7  47 746229195
25  22 1229438117
12  19 257476358
32  7 354366060
43  34 637177567
6  15 1479547083
9  5 1469181288
8  7 1646884638
24  10 499247517
23  31 1497676941
36  25 517679119
4  31 37131563
43  37 1561347227
34  10 1411389368
5  36 908240911
36  23 1313370562
2  40 706467254
23  27 608219645
10  28 63733484
8  13 1400939739
27  42 121410850
16  44 1864412823
46  30 924175773
37  23 1675048287
14  21 320354823
36  22 10041894
34  37 1923838241
1  7 1268321267
18  3 563205561
38  32 879870054
48  23 1386095897
7  15 898110838
18  7 1583584204
16  12 1002729678
31  43 1604920745
46  7 518184823
1  42 1623719694
23  34 1443054803
46  39 694800071
19  8 1369042261
26  41 496088183
11  1 1551260260
6  20 402293534
28  45 1149326671
26  48 1819829442
4  24 114334747
18  31 674148455
10  39 1215077628
22  23 398761055
26  47 1881297749
46  4 2016915436
35  33 1282339064
19  6 937909612
6  33 1437632846
10  1 1039892231
1  14 954362953
33  49 8369731
10  40 1952314053
20  12 1564993066
38  0 1855987677
27  43 1343294974
5  33 1398865263
20  34 1151668543
5  20 381420866
32  49 1155983582
40  7 79180509
6  35 185305594
44  8 74433239
27  36 1047210040
26  31 1092431227
3  13 701380772
31  30 1980777609
25  11 1036313031
31  41 323295681
24  15 615285151
36  29 1242440392
22  9 100660620
3  36 1413477584
24  30 1634856484
44  22 1143079818
33  45 2091475521
29  48 234655875
3  27 2082697969
37  36 1994300001
1  49 763187358
37  38 718912853
2  36 20060363
41  23 867357010
16  15 1729251395
5  28 148175630
17  47 1381086855
6  46 1974731234
2  48 2100632589
29  42 2076885038
44  38 386264525
32  6 425389270
49  36 898553011
0  19 602332217
47  42 1551516035
29  38 932695958
32  15 1624495893
0  13 718691358
35  28 474644424
32  33 737966436
20  14 2100439881
22  18 1536418682
12  3 726159269
23  9 855936100
41  40 1468939048
45  17 1191784708
32  13 191823062
28  33 1763767772
40  13 695070279
45  43 985001885
4  16 1434515734
2  37 1425411359
34  25 1561976848
24  40 217892031
33  16 55835598
13  2 786934535
35  34 1184650252
35  48 413559150
10  0 1132515193
49  16 393846325
22  27 1994588645
45  8 1359497513
33  31 2092316970
10  0 2035858933
24  3 868714382
20  40 624657866
21  25 207783560
23  21 1966789875
47  20 344016494
29  9 97199521
0  41 831337696
46  47 44869712
1  20 807054976
24  0 1335245576
37  1 812631804
7  45 372022745
11  40 1046573637
17  29 1542160608
11  6 1246915862
6  43 175732674
15  26 538159683
45  9 1775480116
0  42 80440263
43  42 568607437
29  49 550748969
28  21 2140329139
29  34 2132236994
42  21 2123227890
21  18 1376196251
1  36 131043501
37  11 1055868956
44  1 671960377
42  8 504608139
34  0 1551708275
45  48 1040345616
45  22 236648468
11  23 1191725838
39  17 2092522111
14  34 266855344
35  11 647530019
14  0 1992178305
19  15 129370760
3  35 348652210
48  15 1929702002
16  19 1390599923
9  35 1744103170
17  27 875397145
36  10 1016081325
27  33 600824520
5  8 1460619676
36  49 1955258583
15  2 959599782
11  9 2038601327
45  30 800016356
21  0 1002473178
17  30 839571398
42  38 704943958
4  47 135207898
37  14 1244264147
31  9 743739185
41  21 524152846
23  24 401623401
48  32 800113650
4  9 1644247181
30  15 577959866
38  19 499746909
48  43 802225140
33  47 699367644
39  44 708278581
24  8 1832191726
3  26 2144030851
18  27 472616462
17  48 991018509
22  25 884009143
40  14 140085719
17  29 513401105
30  31 1655496632
31  18 1110192732
37  45 617477515
14  24 685268615
40  22 215603182
9  25 226569593
35  37 1737968125
34  47 480429865
12  22 5674262
2  36 1903381708
29  13 1091507101
42  40 567977494
16  23 1699130349
20  31 165802740
4  11 1753845394
8  2 1114374505
48  33 1768682856
2  27 591911225
17  7 2132382465
19  22 1070934896
37  26 1044394120
13  4 1594336495
35  20 1213577918
45  27 1231272722
21  47 1192614495
22  29 1926947058
13  24 1100264165
26  28 1882106975
19  21 1974779616
3  48 1369282064
30  28 764599107
28  21 1533306121
23  48 825158744
34  41 1138090571
32  19 1253725031
18  41 733073385
8  12 1608214873
0  41 1421037933
0  8 1892999261
10  45 1560282154
2  33 1483011487
5  47 656743455
5  29 967234514
25  16 845532399
31  44 539444366
29  41 195281747
48  31 164879298
13  6 41708955
0  25 1761192727
1  3 320846387
0  17 2123915484
44  30 1221866396
8  49 120883050
10  13 225611095
17  31 837161386
4  38 326083829
13  49 509665806
18  26 1291467342
34  4 2126668997
45  47 1048730486
11  23 576681440
2  13 421478739
30  42 643303376
35  17 1823603099
24  47 891334405
26  13 656057472
14  4 1970304830
23  37 1440545595
5  21 1882942707
48  9 1464608271
46  15 1851543154
3  24 805213030
35  32 273168722
3  46 1213854306
10  43 672904283
28  49 1742482293
14  37 493326169
1  6 2142319508
47  21 1800360828
30  33 2025850597
0  21 1494198380
1  44 1271606938
22  49 649587713
14  40 1646432303
33  13 1369942470
27  35 468335998
48  11 642324257
30  11 1161535284
27  39 2131145302
0  41 170058655
8  41 1029831058
22  16 1197031269
11  39 256169978
21  6 1960175664
