1250 50 15 24
43  41 1094401407
10  48 770720833
12  27 707343495
17  33 604670893
17  13 209523452
45  15 1106710126
3  31 273153699
36  3 1443152392
38  41 1445890799
21  1 1366926979
37  24 317827696
10  31 774207832
24  44 2063769534
21  23 1456416303
46  33 434300251
14  2 628867420
13  41 2119326772
1  48 479916894
2  43 589283064
15  29 1587444268
42  5 1827639691
25  42 801662361
41  35 1823799673
25  5 2084081100
3  40 173347222
25  2 860051372
31  34 233807605
5  34 245077021
5  11 749069985
14  45 1020789099
20  27 1199856411
10  48 1024314292
11  16 911346087
33  39 928220078
0  47 1151152788
22  47 2071019621
21  22 1857602536
8  27 1578781675
15  19 353731556
1  42 562339004
28  2 448151282
36  34 904705720
14  23 1248844
37  2 1072571295
12  21 724943749
22  14 1545140769
11  3 1658949251
26  22 1834286729
18  29 1421968249
35  8 1435435853
27  31 995728911
13  42 1408865013
14  47 18722845
6  20 1054218810
32  22 207748589
24  28 1042373488
14  22 430986808
12  27 396917493
47  38 413782808
35  46 2002703836
16  43 1500926823
43  23 1529433344
37  5 1179609911
49  7 649079597
25  32 475983633
48  46 221382455
36  2 901048207
30  48 1531061862
2  8 317396465
34  7 331914299
23  20 340691606
12  38 159284516
36  30 537586662
48  44 369698140
49  9 840983624
14  35 1235919024
30  39 1229077590
5  43 1914023316
17  36 789366816
7  21 1698090860
2  10 1382967239
1  36 725742673
17  16 531931292
20  10 1479594313
16  30 940787798
28  35 1196850338
40  33 1182387359
22  24 546947105
37  9 1461013596
20  42 807384708
18  31 42674124
47  20 1383631183
5  46 311728151
13  1 1736645942
32  45 1105119276
34  13 362504028
48  26 106058293
0  39 14441316
17  25 1590024692
37  25 720680064
1  0 536850337
19  31 2091923176
21  12 962991955
39  43 791160962
7  23 1972793273
8  4 155458544
0  26 682405386
8  29 1758149349
26  36 755952792
45  44 1237129656
34  21 1702771079
4  14 1784383192
10  26 1072073818
14  21 1346408213
24  43 760871554
18  48 1571644868
33  35 1423648185
32  14 1617706746
42  34 1465362764
25  12 1570385526
39  10 1992537521
37  6 709117498
22  5 228034936
25  14 664970775
44  37 791670633
33  45 1365643885
33  25 2015570127
23  15 199669317
48  33 1318576615
5  7 1723199843
42  28 573823299
45  3 1477935778
49  5 30461729
33  35 2113727475
42  28 1987144158
19  26 764432795
15  32 32917470
26  37 710624034
1  26 1068502935
2  15 1570900711
33  36 1061557858
25  41 1905488087
13  24 871101487
7  22 2080521494
25  26 1655699878
40  46 1600109618
28  42 1351805938
39  16 413188817
47  41 1426921606
35  39 823049153
3  32 923575606
7  4 1797726887
42  29 1679196072
14  47 997917030
42  21 1901867289
43  28 884140778
5  14 1113449688
26  48 890058732
35  11 50712982
4  42 1150781039
31  42 2090041154
19  24 103946593
2  27 1423321614
13  47 1920338310
13  6 438146965
18  38 293488478
12  1 898838242
47  31 2135402848
7  23 1585285678
31  26 2073764141
47  32 506387767
49  27 712878711
36  28 482273109
13  5 1205914507
0  7 498835340
16  30 1335563390
14  8 408838156
29  15 1639548655
14  16 1295366631
24  35 1076521758
22  28 1517339694
7  9 577008455
47  41 1618021250
28  45 1034175066
43  31 1651355354
36  7 2075084818
4  10 2054985405
30  17 1379710244
39  30 138141094
9  13 1747276356
39  41 1848909466
6  28 1734998315
16  43 446660064
1  11 579328710
22  17 247357437
24  11 2141036643
12  24 559631506
21  36 2107206397
32  47 1616111749
10  12 1379398550
5  2 327591310
20  33 1048238751
41  27 2070892974
36  15 795218997
10  24 1605809578
25  20 1054109143
22  21 1492967265
18  29 1977405350
7  8 1971048156
32  19 637773743
31  1 646046290
19  31 1418238073
25  27 897148564
16  4 2006621464
11  10 1121176757
17  38 493609645
28  32 86905928
11  40 1213086896
45  26 424186454
31  16 343571879
46  21 349786452
30  12 792123108
37  16 1124980492
18  5 1249635421
9  29 500625841
27  21 389686249
23  2 2049933031
10  33 806542596
0  44 1720190263
38  21 1753493095
36  13 607532485
37  18 906749506
7  28 1371047194
19  11 1613976423
49  2 623925582
12  6 1853795545
14  27 1051169905
15  49 614321485
0  39 6256996
8  30 1479254538
27  40 1176715161
12  17 1817019857
48  40 1851726709
38  18 356458874
25  5 1860525776
6  49 217365675
46  5 1190750474
41  36 855573742
2  28 444168941
23  21 1596071314
32  33 1230807543
7  10 71353404
41  13 1032190792
23  30 2134170951
3  30 119315755
3  32 902486711
43  48 497140244
45  31 873614158
39  41 1331439044
33  28 798196447
34  48 1828568489
27  2 108384235
13  6 822239336
0  21 1336291361
22  2 1807049422
1  16 576759587
41  23 558340207
19  8 22472921
29  13 774715279
21  8 1323547188
37  9 1611885699
8  49 2052190843
43  20 84305710
17  31 232180931
33  16 806199716
27  44 1294539507
46  35 446107240
30  27 1557664634
20  32 800205656
24  34 919460267
26  3 380408025
3  34 1355744986
32  12 1564912041
11  20 512483067
2  9 255392406
15  12 1610505083
34  40 339338767
27  42 1961622679
49  18 621508198
38  12 97617480
14  4 927709764
17  7 383754316
0  37 234437542
28  18 1789003497
30  28 1776904777
8  38 87957562
26  45 991712178
44  0 1159669218
45  1 2048883124
6  12 1163372586
35  41 883339516
42  20 581020559
4  25 2112049299
2  10 1422648993
18  10 1620338764
44  19 977852177
41  25 841788792
25  43 2087012205
41  22 275699850
22  19 1853514830
7  37 145429123
30  34 1083886961
19  36 437422458
16  24 927256407
5  22 1674275535
15  32 1657599159
23  35 337811414
36  3 1824272217
20  4 751369394
14  47 840777683
36  40 1852852395
13  36 1903927747
27  7 1686023595
19  40 241262568
13  39 1139607140
42  46 1805518785
49  1 983897756
49  12 2125805725
9  0 529602181
10  19 933897499
43  12 533571616
48  26 756705556
39  7 196006746
13  24 1287766463
26  12 1029092677
40  42 1316094497
2  20 2119528885
17  23 1767219112
33  27 856934190
20  35 678901609
46  14 1103990616
1  29 873012249
30  25 1535947408
32  34 1374176950
33  6 1388488079
31  23 1678904451
41  38 420834763
27  45 1828401195
29  47 293062443
40  24 752314323
5  9 1256078311
23  11 209350164
37  5 288369794
40  10 44458898
38  41 1749729991
22  14 829561125
35  31 727255804
11  40 2141667839
10  12 1361438574
4  24 984678801
40  12 246147192
40  11 1281975080
38  36 1667272102
25  40 1762549114
35  23 2032837685
26  27 1948198313
7  40 1779629078
49  47 650281303
35  40 1732115856
40  44 2129356017
42  25 1461830212
30  46 951105846
20  19 1038392010
40  28 1220838701
43  45 290308284
45  17 662332352
21  38 310514695
38  40 1298421
33  8 88631071
19  25 1360682986
20  10 882905491
2  1 237941123
6  21 994224346
33  25 2026084703
45  23 8450873
31  6 1531620340
1  24 510831894
49  16 1356798063
45  34 1826428106
10  43 227735508
9  44 441609426
4  35 638437066
37  21 2047031810
3  13 926695912
36  47 581291794
20  40 2030780329
3  43 637265954
6  17 1503710770
32  48 1736741895
9  11 516839774
32  20 258955391
44  43 940043383
36  23 1615376167
16  13 1630995608
25  48 123760785
10  30 1005938683
2  3 209661067
39  16 1326010955
14  18 1341550832
27  22 1323559649
11  33 720004580
23  8 1681857392
29  2 733457514
26  32 215156069
36  7 1711639615
17  34 1661319523
31  34 1566581246
5  21 1271287864
9  19 135008884
16  25 778084055
44  21 1982361263
47  27 1669832479
48  28 194676597
32  36 972120940
45  35 2133926266
22  45 910674539
26  35 1896165898
3  46 821446612
6  1 1435047293
48  22 393560974
27  34 1265701307
48  43 854403175
30  20 481453783
5  34 213273088
38  48 10917843
46  37 1496677955
37  12 25643526
19  12 1877427436
16  43 1959297636
13  47 514295565
34  42 166751207
9  32 699017243
38  35 1517668578
1  40 101001036
49  20 1824039018
22  1 765700232
37  29 1766683917
10  1 1215302830
47  16 928408324
44  9 1826340823
22  9 1215799653
8  30 68966255
18  25 1635509549
8  46 210340408
49  8 2097766303
46  32 668860357
12  43 195160016
40  44 2017669375
15  22 1421713471
11  44 459315024
17  49 1881729465
33  37 1377154359
3  4 919466781
25  10 2133908656
30  11 577331677
16  36 1508579402
29  7 1632068809
42  1 10474753
47  16 2114719468
12  32 112061198
5  29 56906475
40  10 2088009804
13  41 1681560540
8  9 553183034
44  48 1703198335
29  27 1369976968
7  17 2140525080
34  19 761051519
34  22 9885432
42  32 168698565
1  23 226516978
48  17 1209720905
12  43 1808953934
14  8 1064586858
37  44 30253999
11  4 1059365433
4  18 365023241
8  49 663575279
8  44 1431512996
30  45 760716920
24  43 1084814875
10  13 526569916
43  22 615476582
4  38 1027791602
20  24 634049954
9  34 267512389
33  38 962975955
19  47 296015131
43  24 1884793649
12  29 1450196085
1  8 1629431193
13  20 2122301997
14  42 473108758
17  1 433435209
33  17 126943062
33  41 25483547
36  21 1204734145
24  36 752350286
6  42 531921971
31  10 1359192029
38  22 1458634263
43  35 1239394264
4  48 161889039
10  37 1316298389
3  31 20298257
19  42 968805976
5  18 1069561571
6  48 425297981
21  31 288447284
41  20 1290563984
4  17 101552301
13  1 938900188
21  7 1436121979
33  49 1207453166
37  2 455429142
20  5 1579339962
12  17 1547352341
12  43 1090193072
27  14 1029113015
40  18 1624646911
26  27 846490286
10  38 1631415525
16  35 1254742855
34  47 1580943236
47  13 1804861074
29  48 1306654616
18  26 1081305397
23  12 1713842247
22  38 320597756
28  41 1060863796
33  34 1642898083
29  45 9042878
25  22 599080446
45  41 2100078431
44  1 1574892672
24  45 943389215
4  34 1253583695
38  47 2048644343
35  47 1698715092
39  0 1554581850
15  42 753896104
12  38 1109490645
27  33 946255885
36  47 418655463
13  15 52441363
31  34 890523520
7  41 1317666509
43  11 708089967
27  42 87522638
25  49 1115843705
8  7 1943716358
16  48 1233634527
24  2 872060947
11  33 1935386141
4  48 1418655410
25  31 1066066405
6  15 244450257
38  15 651852192
16  0 357472366
8  3 768426397
4  23 224314091
14  46 1007920002
9  37 298290874
6  27 306251984
23  21 277977591
33  14 417247795
24  19 597706499
19  44 1888676988
10  23 1422510327
32  9 1299374268
32  40 1059232869
33  3 1944329967
47  1 1590896647
44  17 238159988
4  31 2049080911
36  5 2140350678
12  9 604841724
3  1 938470028
16  30 700478923
16  2 892789768
12  47 2145534196
27  20 1920117749
21  11 874133308
19  9 1097825284
27  37 401450981
38  44 1741583685
39  15 1400623318
20  7 465080005
6  32 649470918
39  21 1938341309
4  49 1772330302
20  45 413668512
25  11 1779487125
13  42 572166194
43  22 1663047574
10  37 72497956
4  45 645504761
36  27 2063941841
3  21 844326763
36  48 707909862
14  1 1755425988
13  1 2098051783
10  46 1059881539
37  41 1100749163
21  28 2081048293
46  41 1107475096
6  7 1001560445
12  32 328728703
24  8 1847702421
11  46 2028855792
12  5 87942708
21  9 650729765
43  36 1296931058
25  23 1731959262
13  42 1489277109
28  0 1931628794
15  39 1691288019
0  22 843050570
49  16 953146688
30  36 1416079259
17  25 1157853248
49  31 480483028
14  15 1398639458
36  13 1257332259
16  48 1415822427
23  10 178712735
21  48 1061712293
28  34 870310895
38  41 545205314
18  9 908115997
33  20 1472445385
26  27 1330951344
32  34 2017680954
41  26 480417602
15  20 629792966
22  44 1544732311
33  44 2074048819
9  6 1404453909
26  15 2070434576
9  41 65598847
42  35 1213104220
29  0 1758050581
1  17 1683195493
39  0 1016576311
3  13 1863699568
47  17 1787771999
31  25 1477850448
15  18 946809276
10  14 1440488672
26  2 2038130549
16  5 2023271944
16  42 785848623
33  22 1731671355
3  31 1776959025
24  16 979244345
17  33 965646201
21  22 1830278396
46  23 1370922111
40  2 1885697771
26  17 492995949
45  32 228539090
4  32 2092547913
49  14 861070227
8  1 1930106997
28  8 820030606
16  11 1254229588
35  4 1973030341
23  20 526155343
19  42 1073520596
5  29 1217092347
32  16 1129045760
3  32 806587417
29  0 1649237750
27  0 766952488
16  18 59843907
8  33 1847834365
12  2 1952721473
12  42 209197120
45  20 623329997
44  4 706870653
6  17 123594838
31  3 643546920
32  29 445070573
34  21 950107776
1  37 1125204443
31  38 1361031793
49  42 2130464885
28  18 1516447320
46  23 1019021026
41  34 1228371949
46  18 1133256355
4  48 664931016
33  49 218008639
4  35 606148685
6  19 385141035
35  8 455460667
27  13 691639339
6  16 1971921623
13  26 2034587034
44  32 1085702328
32  31 441632630
27  40 1735862084
49  30 1739548532
10  37 265635767
36  6 995610694
14  31 2090028926
8  25 1889536654
33  42 1468643331
28  11 1968952961
37  29 1681571188
29  7 419455555
28  45 942382119
21  36 861186323
36  26 1543760075
13  34 1446858934
22  46 1367501310
26  17 787553089
36  42 2147031152
38  19 2081365639
24  27 1540800305
44  19 847298450
32  9 1264360907
34  38 1233656205
33  21 652163653
31  24 1669082414
37  9 1458230280
3  35 1888039018
5  29 638481027
23  4 1006586992
33  15 2052989675
2  15 1263138757
6  34 1237384959
12  31 178194916
42  12 1296685014
28  40 247702781
37  49 1048309120
20  0 763079713
30  31 1388722757
39  11 1461393529
29  2 2057891286
47  23 338438928
9  4 297390181
33  9 45889808
44  8 1177021842
6  21 700379894
44  41 1291285681
30  26 389305763
29  26 372420302
4  44 558636587
37  40 473669719
49  33 511491441
11  23 978734229
27  46 302435072
26  48 1235343659
2  5 466966451
49  8 1798843149
34  1 1985816122
36  23 888670885
38  25 90660912
22  28 518595700
9  25 825400403
18  27 1764263926
6  36 1869371341
46  15 1594000006
21  42 1605344661
8  35 1776045900
9  34 328058398
3  1 1305348751
43  24 1751212653
48  21 381525195
19  38 1621730311
23  10 573584979
40  23 1310688764
46  40 514146954
39  16 70693130
46  26 1623410849
44  27 1671023508
29  23 1249433918
17  15 1283098909
11  27 617835254
23  11 216776923
8  33 367999482
13  29 932789860
15  6 1131227366
20  6 1943226488
10  7 54505459
29  1 1275366431
11  13 206355959
17  47 1296724445
23  4 1975751753
29  38 1312344703
41  33 1803248877
37  24 2097913349
15  7 424093784
1  10 910493668
11  0 458497543
22  3 27232879
10  29 974202661
21  9 1834620368
48  15 1343172414
34  48 1178533272
25  9 904303694
31  11 755453254
3  44 830113432
3  40 1615550416
42  33 109314721
13  34 1107291550
30  35 828234623
47  32 1507240729
22  15 1423936288
12  40 2140138140
46  29 531289371
22  19 82435597
10  24 1582096817
2  46 2006360726
0  45 861385263
41  18 1645269873
32  46 1468227445
27  33 932396047
5  38 1046491991
12  18 789099537
24  6 1482538134
9  46 891598059
7  49 2058258483
22  4 1947223276
32  30 729030131
41  2 1236252204
30  38 732417766
44  49 1580516226
30  40 1930710022
35  26 2093553064
42  14 542393566
1  47 1222984286
8  27 1955429801
0  30 1932274113
42  41 1938476499
32  5 1112729831
14  4 869987691
45  36 639279934
9  40 1756314845
40  13 502470948
5  43 2103402226
32  15 894792600
49  48 1758514022
17  28 755358605
49  48 621437195
40  22 154922617
32  40 590977920
0  37 2119699912
19  22 1394757001
33  48 1904465046
48  1 289302325
2  3 1157350715
41  31 816798053
43  11 1670586937
21  39 2023952710
21  14 2025019459
44  39 184755286
8  12 1869260986
11  32 1914324376
25  5 1131108856
15  5 1697422444
41  15 1061068356
19  48 145077516
35  29 1229151791
22  39 1969464604
10  1 1737407875
9  7 339939839
34  27 1970849958
2  16 1938386958
31  39 162682264
7  47 1704592043
16  37 1272602589
10  36 27980809
4  27 1514016236
48  6 474413349
29  31 1386570529
33  46 1640762091
24  22 713969684
13  1 1534389391
44  24 163924374
40  46 1994498569
11  15 476646243
44  36 485560473
20  40 1055563522
18  45 819089998
31  7 33327724
3  38 450676769
49  3 1981219544
37  44 1199460885
28  8 1856169967
19  29 1632920778
0  29 1795076533
9  16 1038665297
10  12 1160216223
8  34 449229203
35  49 357806938
11  22 2130894168
21  22 1773496962
34  14 1025689983
12  19 1012375992
28  2 878698199
9  8 1075179900
41  5 970913587
47  31 509113773
48  35 1756283802
33  19 986437423
14  19 755286229
1  3 857457159
13  15 1017620854
43  32 1887760911
9  17 977896912
37  21 1367672283
8  9 1045081207
6  17 1144392800
32  34 758600397
42  24 2017129764
22  19 1399800536
12  14 1781889909
23  41 1456912850
39  23 2136138757
35  13 149947087
4  25 1879621615
12  15 1899683226
7  23 2080840017
47  0 1278636702
48  6 1276316159
6  9 1517500983
12  49 99800684
27  40 1280417003
43  45 2065350384
25  1 1074998032
16  49 730546841
17  38 125958431
14  11 395548237
23  39 1774731267
30  16 1785938945
15  17 1780522430
39  4 1411917569
24  28 1081605619
46  2 308676834
26  16 1140243965
37  3 857916699
29  22 1703771371
11  3 1169887195
44  11 1373203803
12  11 907195686
38  45 465802703
4  27 453141049
34  30 2000178962
36  33 758810868
31  45 1335081632
2  41 1694415744
6  0 1760162465
17  36 1178651251
24  17 102154024
45  15 1738855527
41  25 2143936866
43  12 2116737248
38  49 2107773121
9  21 753769528
6  18 745908294
17  39 1665565248
17  28 1000710306
29  42 948084572
18  1 2144772444
46  33 1948934056
29  2 199626989
2  11 1093154071
8  27 970620943
40  38 1125840757
47  33 2142553257
5  28 299871975
35  15 1139178494
19  41 1876549304
6  18 297193758
11  25 185714192
37  42 1667735394
31  30 1362272198
23  15 1944692348
37  10 192717641
29  7 148805085
17  48 2055441452
36  48 1785085101
15  19 2062449321
38  4 74256659
19  45 1215913298
48  15 163245250
1  13 42682977
41  17 242793561
48  15 933694873
23  13 525949283
17  6 1356397161
33  5 2028006928
1  43 137210289
39  5 747837515
4  14 422898447
34  36 2053124207
37  21 1801800263
18  17 1077269107
45  8 1174362830
8  29 1543776735
32  20 1942192266
33  4 222956833
27  31 1850713783
10  46 2034731628
14  38 1186749476
7  46 1637629831
12  21 441189760
4  38 533635827
37  41 717665104
34  42 736637693
19  37 512251222
11  48 542861694
16  19 847657123
28  49 181382018
42  7 652466940
40  32 916825578
13  48 1135598797
29  4 2015460146
27  25 1668338247
20  39 1001680384
32  4 2112216277
37  10 979061655
36  46 385350936
28  2 2073571358
21  46 294783878
47  13 1212476801
9  11 959543885
33  23 411732833
45  16 642370802
32  0 16574004
14  42 150937921
3  23 1830837813
21  36 1203763891
6  8 1625356119
3  5 2022461283
14  44 2017430195
22  31 779216681
37  20 760916049
42  32 818574234
37  43 945802868
4  46 1744375886
31  19 526757188
26  34 758971385
5  20 66689134
34  25 972602
42  0 1296365431
3  23 1813950750
0  31 778557000
48  44 1167166301
42  2 1533675688
24  48 1858280034
25  14 567629443
5  36 31562267
45  8 755610047
14  27 1996970760
37  28 565562979
3  20 596671266
26  33 1340537206
10  0 1084071576
49  6 1236810205
21  47 14545369
1  37 1888792965
38  27 79669626
36  25 385673709
32  7 1526156278
34  16 977958884
20  29 1862067634
15  27 2049623370
1  9 1419892165
6  24 461922123
1  31 1476902726
28  32 1095560844
37  10 673381133
13  33 1973386306
47  14 32225614
44  45 661192357
14  39 883714535
38  32 171037671
3  17 891030985
15  45 972659358
2  3 1838981352
48  42 1908377413
23  44 425599314
29  19 1942738667
23  6 881013258
27  47 371384620
33  31 634125017
26  38 696065624
40  14 975169694
39  9 2088252640
9  34 332083398
49  43 1865420765
41  19 738441996
7  37 1329996141
1  6 1898061771
27  25 1025577222
19  32 728230666
18  7 233368199
44  27 1209687525
29  32 293608682
14  28 1244323256
19  20 258593233
38  35 1308290892
9  2 3794146
24  27 434877355
32  31 122992879
15  6 434321127
15  16 1534411853
43  38 1624354949
26  48 655033731
18  32 565356115
41  2 1957306337
4  0 2057807920
39  30 1702622208
45  1 1725849398
16  46 1345059634
21  29 1549347175
47  12 2082736110
12  2 45579869
11  3 2090455597
26  22 236511237
17  25 1971967541
14  23 696171201
44  6 1874488605
18  19 1348347430
18  37 1806820634
37  39 492375815
4  14 473873510
31  49 731405184
16  28 1192850637
24  5 354548410
8  30 1404182325
38  33 1427820409
29  25 1084662591
24  26 1861017471
48  47 988157091
16  18 686702769
42  41 1016012208
9  44 618079991
14  2 1167251511
35  33 943787435
44  40 1518247939
29  32 724625934
1  12 1342895366
43  26 1840461495
41  29 229536450
23  3 1402856287
47  17 1465427386
26  43 657748131
3  28 945756533
40  20 1824648830
10  7 1812769380
3  41 968039656
29  5 1362369339
25  22 1986419938
41  32 2043028058
49  43 1312306735
0  44 1511058326
17  19 267086632
29  11 1418955426
44  14 1189862144
24  21 1738925273
35  26 216169170
28  37 19764670
8  1 1852123404
49  32 576684492
47  11 2142167685
30  31 469182599
5  24 1571227556
45  46 1426469164
6  14 791584946
11  28 691112160
13  3 756798906
21  26 205026173
38  31 1392354210
30  24 1377452914
40  33 1276117213
33  44 384813635
33  15 1396234111
32  13 1743191250
12  10 1966254420
24  7 1424233973
33  22 1883370900
34  39 1320762488
49  32 1520711199
47  5 2042412026
3  4 880965320
8  16 2080038957
37  21 1638304789
49  11 1047801970
16  29 1815498637
15  2 1315596
19  13 1312501058
36  14 1347360838
27  41 1664546494
37  1 2076642405
18  11 713471856
49  20 263640672
46  48 104142679
45  8 2936743
40  7 1885444983
32  15 74376258
2  13 1678442024
32  47 1089076478
12  21 1176699257
3  34 855455740
48  41 1261428178
10  38 952732866
38  18 1567334248
46  26 652776998
24  47 437651820
17  35 674587080
14  27 1910195195
35  42 1831097519
21  29 2103881091
10  7 345038100
23  45 492309139
10  49 1632300139
8  20 1918886620
5  26 2075708369
33  13 1812872509
25  22 1667066696
13  37 853006781
43  17 23882796
35  9 245413394
43  38 1328129723
46  0 1841120318
3  33 1131405562
34  15 901236309
24  26 1678005489
35  6 341282336
3  38 1988045688
12  4 1913618515
6  14 1156641856
6  13 273962272
8  31 1115028594
27  30 860274575
1  22 1690510628
