1250 50 30 42
4  35 406263517
41  33 86426120
27  39 555994283
7  13 856209872
9  7 1958105028
30  45 463076977
30  2 1483263566
12  31 319327446
0  47 236660561
48  44 1524946374
5  1 1508678137
8  11 958299754
30  22 1687672655
19  21 814286052
41  15 662419358
46  48 1989124518
36  34 944837755
15  30 760803423
40  34 573127900
15  9 1831136621
26  16 348394012
23  3 444297041
12  38 1885900027
42  31 621077300
23  24 499956869
45  44 1657603565
3  14 1405865628
10  41 1235624528
38  6 374118805
14  47 12582064
17  22 773200934
40  38 1258868819
27  31 1127504673
45  6 510112055
35  36 1998598874
46  31 2118167644
4  5 567430862
13  36 1827385784
24  16 1647684049
15  3 877914207
32  38 239920707
13  16 1663473471
10  27 546264549
19  21 1799642919
21  34 225333433
11  43 889009056
30  5 1966885524
44  5 681867585
40  13 757167047
9  17 907126553
40  35 2013383381
0  20 1808708381
24  21 1019052548
14  17 721416011
46  15 1783565439
49  18 1737267305
21  31 137517514
14  44 760715235
24  5 1103132987
33  22 1840921984
15  24 1559445509
49  19 1157808627
0  16 1171330280
2  13 55760307
40  35 341128677
12  16 2096340624
40  36 2059021800
7  47 300988729
25  0 1663190131
29  0 1572850092
1  5 1955163903
45  43 1691467566
22  18 5097814
14  25 902697802
25  49 536113001
20  47 161564133
37  35 382041900
23  31 702942553
0  25 911556157
12  46 1800589932
24  6 1486190941
21  17 976420788
17  36 733125226
13  10 142049578
31  25 1073509606
18  16 680527196
43  46 368623854
32  34 440518954
47  39 1412191355
47  0 1121429585
19  16 1706842411
29  11 43715417
14  12 785248704
0  21 1139834875
39  6 1705581357
38  28 1710551105
38  9 430693004
10  3 724895638
4  20 1383724492
36  28 1950188993
0  32 930045789
7  15 425597698
17  39 1118254791
27  47 1746887193
47  18 687449444
15  24 1630593187
15  25 425676230
9  39 242869116
6  25 1871286614
35  0 838972295
45  4 1057647843
47  43 1986221381
30  29 539329112
18  6 1099219108
38  13 1953559365
17  38 1375374290
5  30 351046221
47  11 1998465419
14  10 2113831852
24  49 899520715
40  34 1530480636
14  17 408274862
31  26 500629396
39  41 117742510
19  35 715769026
23  31 1062340494
6  5 655770881
13  48 1602626371
6  38 1179395733
7  40 1117066428
19  42 528957613
20  23 1816339438
2  45 757504622
44  2 1086645582
3  5 936109147
10  12 1651649597
8  24 408301032
22  47 333419178
32  30 733208065
24  15 139796447
26  6 337589832
7  19 2084182027
9  42 710347334
25  17 1618748648
39  27 1210443846
40  24 1014693770
29  1 1634754049
30  45 320413895
9  39 2006309084
6  1 705522822
39  19 406767759
39  16 1108861872
8  35 1259984442
48  25 340897399
29  4 1851550923
4  35 70083197
22  38 60333747
16  20 1585035096
0  48 344614752
11  29 1843762722
42  10 153725460
19  23 543311252
9  15 1028528514
34  30 1080767297
8  41 253394224
3  39 893062882
9  36 610675864
45  16 101588450
32  48 1876073300
6  17 1264226632
37  29 3673263
49  46 371408253
23  19 250557842
2  29 1019237651
0  34 1819860930
42  39 1440707470
28  46 775424594
8  3 2065354096
25  14 1714839240
35  11 728313174
25  7 1734420443
38  10 1360978340
4  7 492635359
17  32 2015648898
39  35 685545518
26  31 1413879418
30  19 1760301298
17  0 1833253689
44  5 1478739527
42  4 1525771675
23  4 1621856296
46  5 662688600
48  31 299877595
15  42 1909522499
39  36 1077863243
23  1 561735797
23  13 473459994
32  36 1964315833
7  30 380741725
9  11 1341585649
27  7 509644925
10  40 1792839789
13  22 1342019406
30  19 1531089571
23  1 1122468872
15  14 122140411
5  3 1296086260
49  17 335520451
34  10 21363151
27  0 1387881353
2  49 143007148
6  37 2098575529
11  12 1420027995
4  35 1271549776
38  12 551718932
9  27 728814711
17  6 1222479424
16  9 1953585981
35  31 2045044836
46  9 482393970
37  36 232639599
9  16 1539556946
14  6 1860199917
1  37 1323861601
3  7 198654569
45  14 858027996
38  41 9431082
43  34 921141644
4  6 686478159
5  24 1702506717
41  33 2106734660
25  32 1966195816
15  48 1951188359
39  25 517186328
7  23 1147040270
46  26 1574798769
47  3 1359151643
0  17 1523728638
7  2 563005350
46  1 662777138
6  18 1807288521
49  15 1426926267
14  49 136465572
8  10 1342596081
21  42 1960089532
49  25 1854725761
7  9 1776528445
49  4 417283480
36  46 1691801112
33  20 2131099008
15  13 370563811
19  38 1862834528
12  16 924171826
47  6 351858151
32  43 458042662
26  6 2132701791
17  29 395481784
35  22 1667975665
11  48 758656003
49  41 1887703760
43  32 1035178540
7  9 443732606
9  29 1029451555
26  24 1980851166
26  46 1214410205
46  19 1739581777
12  45 1008127887
39  33 1813490555
10  2 2091192339
22  9 2085280544
6  19 637995587
3  27 67667778
23  31 763253137
32  2 969480545
2  3 466713531
0  30 237223309
7  31 625461386
28  45 1899523006
42  43 954234972
16  35 1665641832
39  22 1186685442
9  19 1863423229
28  25 630233478
25  48 246521916
40  3 955929043
36  25 1333730600
42  25 505572443
22  10 887848084
4  38 609246599
0  5 759934455
6  7 1557474709
33  19 1709402760
2  46 2002253358
43  14 1982048215
48  44 1696368705
36  33 110086958
35  4 882973661
13  33 721429763
36  25 781501891
34  16 2081411873
18  3 1235950577
19  15 631124544
15  30 529860561
36  5 1285977373
44  46 1908428765
41  14 1609319470
11  15 2082594763
49  30 439893249
47  20 1712041890
39  19 211389523
35  1 1054848673
19  40 1332694533
47  49 1096042700
13  38 1416682730
9  4 887394531
36  37 37965651
36  34 759543617
22  35 2143969775
8  35 661002738
38  15 1921865026
14  13 527793462
14  47 925269331
12  17 409600893
1  35 1994015525
41  40 1552300486
43  15 244953924
42  28 1213371663
16  24 342271876
15  9 1084905720
49  16 179516504
3  37 1568972621
14  12 2117432432
32  28 1939394384
29  7 1594528282
41  35 305088627
20  48 499572888
38  3 441810124
8  11 1603207020
41  12 1855696272
0  36 1828133848
22  7 1974198263
42  2 1396456976
4  33 1679830660
40  18 2054926807
17  35 1168551156
25  49 705247013
10  23 235737866
19  32 1077391036
5  12 515672484
37  43 407442890
4  38 1414518237
16  45 2010315618
26  18 398264929
22  28 38063096
40  30 1733418572
44  27 276801780
19  6 2028665122
1  34 1013669134
41  23 1453843842
47  48 2144586025
24  45 1523842568
25  38 1040994204
3  45 1798822201
22  38 623447968
47  0 1159577363
43  41 1258639143
41  32 1174789196
31  5 1481906364
29  3 1225276688
15  47 1670334759
28  25 21050956
2  34 1959181921
37  15 2112937524
34  4 1046437826
2  0 701076926
14  21 1354130779
33  7 746851284
9  6 450686758
21  46 1249572201
14  16 957304589
12  36 648294427
12  43 1683905570
39  11 439353066
44  42 1118347527
21  20 170777634
30  25 41887194
49  5 538984160
30  40 1549544107
4  46 1889875834
12  21 1246563781
26  36 1305299466
33  48 1048579892
19  9 2030030752
38  29 509831234
20  32 1597061655
14  35 1047523132
47  34 1155178696
21  39 349549358
39  33 1269286493
12  13 1580027521
49  1 1151223274
4  14 1344545475
45  47 825315507
45  35 2131103107
10  17 2097355663
0  11 1389143571
4  34 1123909112
12  32 1000708182
26  48 262976226
20  9 616826259
39  2 1857054824
26  44 1593115421
49  37 523770595
22  18 155367599
41  24 639017001
40  45 532164950
1  24 324522291
4  6 1684178445
36  32 67563312
5  17 1170147740
38  10 838592834
27  5 567615150
10  48 1282259332
43  41 1191487330
7  26 1751565759
24  11 1284329598
41  34 1889701058
19  43 860936345
0  48 130496953
44  1 1857185036
33  27 1529865196
38  48 280216598
27  19 140236112
21  13 339715550
25  27 1709737316
27  23 1992830950
23  36 12777626
27  26 905779454
21  0 487848131
24  42 1538670219
0  2 433521632
33  22 117964550
29  43 1223427761
47  24 1421308889
43  8 1571060577
2  7 1429896473
25  10 1298105734
6  43 521811617
43  39 1091162132
43  25 1976992307
13  0 1091875235
46  37 603924596
44  42 1550656860
28  31 1765581381
41  3 35243115
43  13 473865153
13  44 133573739
31  14 231505654
22  49 1154301963
3  5 1813148886
19  9 402032466
40  48 1497145728
5  26 1254422411
19  36 1222282868
12  35 1772843859
39  21 1633252863
49  12 871540475
2  4 1615417621
39  41 2067638080
8  42 875491296
29  33 2111925161
17  2 353854284
3  22 1144070600
43  23 677448158
39  24 1642087870
47  7 230193668
21  25 703817992
33  21 362903161
3  9 940624382
22  44 1083724400
23  44 1365457035
16  9 1042797138
24  22 1936564027
35  38 478013290
8  27 1693598694
6  36 1997222449
45  33 290858958
3  40 2135480751
14  3 2076729570
27  12 544021735
12  27 811164530
14  38 1522408626
16  1 575171788
27  9 1863999739
12  21 148614977
4  11 2080465211
18  4 176843322
36  7 1266590495
33  34 1814734263
5  9 296834759
10  24 765733741
10  45 13356806
40  5 1782083513
19  35 1652199739
47  41 2003874863
12  15 60535390
1  30 462803937
26  14 741955654
31  35 1568546459
17  38 1147543813
15  32 86925939
44  19 782916089
5  47 402367753
6  11 313055954
37  5 530314254
21  16 640119216
45  35 667487338
20  18 1464616081
38  4 515559971
5  35 1817054034
10  49 354780756
40  36 1488282913
28  20 1396431243
13  1 1077259715
22  41 1124454518
37  19 853950752
8  40 1735021853
42  18 1992378950
35  31 1789209674
47  14 1028043560
4  1 1349861165
48  26 1717190664
42  27 719251948
31  37 1064079496
12  17 1401382592
11  24 1300825657
38  23 812752545
11  40 1266401135
20  13 1307401013
10  6 2040066101
17  39 2142521908
32  11 545507155
13  5 2085255803
8  41 1338422832
4  19 1885335466
44  36 232101413
34  22 221754955
41  36 986970491
38  35 338767431
19  27 948500774
41  22 601376237
9  37 1134978247
3  38 1285782576
30  12 1769162460
16  38 2073292951
12  11 965711714
47  4 236183635
26  31 970832386
14  35 2030835014
48  46 647985170
5  41 1428412450
31  26 1646918082
12  31 628333923
45  46 2053327488
15  7 2064672931
32  10 1410454353
39  45 141850359
42  35 92451222
45  36 1954832213
28  40 1094796795
8  41 2111299555
17  31 1230498349
23  26 1308594440
25  28 172230674
47  33 1132922383
15  33 1243170244
38  10 919494495
33  22 127446541
15  19 2072274528
32  35 1481214600
30  38 1326388662
29  17 1888879194
12  25 1680773545
3  35 61057625
41  11 1244355954
45  48 354884952
7  2 260067640
28  40 585695440
28  37 1485253332
29  25 2055568828
25  28 607169047
7  15 413236532
14  27 578176585
5  11 1665528713
4  34 1972873392
42  26 635129962
46  30 174359960
4  32 547642277
41  40 721825651
18  30 977941371
5  44 372610122
25  23 1218068017
6  49 567977377
40  19 1134132122
47  32 385219708
33  18 1486952392
33  16 56359144
22  46 646127871
40  5 97542741
9  49 59819498
25  21 1672307440
30  3 1900640214
19  35 2115432200
16  33 1969685607
27  20 1309873098
34  8 967753094
6  36 1748989064
10  9 1796360626
27  18 900027721
13  49 178117189
44  40 1333081020
43  48 1667484123
26  38 1534499167
21  25 2059882790
7  36 155937436
20  45 1030601069
34  48 1861871660
10  29 807422299
46  31 531104231
21  43 445030668
27  3 919782118
2  37 99176273
25  35 144639222
30  9 2087699196
48  33 2062033611
35  8 42621811
22  45 787969670
47  7 119998679
1  2 1670784771
4  47 1198724178
2  3 2033001091
4  31 167512291
24  39 556370858
22  39 231613212
40  7 911649684
27  33 790813941
24  44 142498244
41  16 2078626736
36  43 1857399969
21  13 803592657
15  10 1364922961
2  41 1299911245
48  36 1785634436
30  36 1911092915
25  19 1148898181
8  27 1291391417
43  7 418169242
9  28 1131404211
42  2 1343299041
2  29 1249620507
19  23 527868351
18  32 1603207019
47  7 1679069105
26  19 439144628
15  24 610408363
6  22 706676015
5  12 1811239852
16  10 929312044
38  35 192386130
22  37 377024999
22  7 1302345546
30  49 561712869
11  33 324804442
21  41 1833074087
40  10 1629839754
16  32 92604090
22  25 870898997
20  8 1884792619
31  45 1909542968
48  32 1195142135
21  15 1512590016
11  36 489178076
28  42 1058736039
24  22 1843091687
49  35 1905359727
18  38 618270020
12  17 1788398954
17  45 2020994519
40  44 527789084
19  0 583119824
40  22 833338401
26  38 60102499
9  4 1047027995
16  12 328742675
45  6 559541675
11  28 1540371072
44  25 1705367369
18  47 930607710
8  7 727743005
34  35 802002517
27  3 528296318
29  3 930628447
17  35 107740205
5  10 1272121056
6  46 608773384
12  46 699619747
9  4 1465937541
25  37 1215463831
21  38 1923615466
6  7 295441908
31  20 710476319
27  46 442035632
5  11 957405444
13  42 1751868034
5  25 509962231
29  7 167028251
26  21 1798553806
47  13 1405104140
12  29 1525625394
44  48 497641217
1  15 1216798665
14  33 1441829182
42  46 1862500380
19  5 1662032339
47  31 248934636
18  26 1055240850
8  42 2128253952
47  33 1564637013
31  34 1436712473
0  29 450679435
37  2 1230469299
37  25 286510826
33  16 896313656
24  30 1647029193
12  15 95570356
1  27 360088738
12  4 1353830845
2  46 1456918834
15  47 1813606198
10  26 1390654196
3  29 1732724799
41  20 1270426268
38  0 1851199651
21  41 2041608564
41  35 1869695322
0  2 1381929472
30  49 185138020
16  33 178570256
13  0 1481737959
2  5 1370361167
34  47 822943240
19  38 1852309769
23  48 426709080
22  6 813647616
42  9 1364962162
49  46 1949085994
0  7 1336321
31  43 1948868414
30  39 577377719
15  3 1870514737
32  13 1677755989
25  42 1143422149
36  41 1210857356
16  13 2027500063
17  43 709439829
11  47 1236124277
22  36 1287055278
20  46 1387370164
18  22 908936109
11  49 805460619
1  45 252134220
5  45 2073051473
5  49 443139619
16  12 973696550
16  48 169166494
3  39 921131729
31  13 1454675454
31  27 1924640523
47  16 2118877076
5  46 197882920
39  2 1686950348
41  3 80798168
6  19 1266451085
11  41 1977131317
30  36 693339485
29  6 889247118
25  46 1874095010
35  3 993172176
5  48 1492085962
30  36 380866462
11  34 734114043
12  8 991692362
34  17 715485255
40  36 615465880
4  10 1836060752
49  24 923363091
49  18 1570784624
31  30 161729298
47  7 415951022
31  40 2084222234
3  1 974868115
44  35 1534262416
37  30 1376538058
30  34 1392618379
20  15 140794636
34  0 1785470134
40  35 1860448533
16  18 692298744
18  41 2041814270
34  31 435294233
11  48 654533143
27  7 1878851251
4  29 1338713506
7  33 1539506230
20  35 1529926726
4  28 634270639
47  1 863753780
3  25 1551901581
26  18 1930038238
15  11 1449814055
4  40 1598030203
31  27 59187558
40  41 1922694881
28  16 1034252579
46  42 1243267475
40  42 682082330
26  14 1382971881
28  46 106413496
44  40 767034472
41  4 1487229341
10  40 1395353620
45  18 2024037642
21  31 1758860493
0  12 92302338
27  20 738292765
37  42 1108808555
6  42 1224988482
42  20 2020375852
5  46 558750329
40  13 1985086669
3  18 1091409134
1  5 772570990
30  4 872585386
1  20 225355640
32  28 1001511369
0  25 1560939159
39  33 827064051
0  9 1704735216
13  21 168446779
38  5 1797580926
14  37 1153636471
38  9 1575551608
31  49 729023972
21  41 1885770477
21  28 389989900
15  25 716284898
8  30 612270868
28  34 500969092
45  39 2137904330
6  19 969314701
49  13 1196947239
3  11 764655338
41  14 1134839997
38  2 1868472875
49  29 2059876008
0  23 971015052
38  35 152417873
4  13 385316127
3  18 1919781381
49  32 1393405988
15  13 309758881
0  2 862465598
18  31 98341351
16  13 906467288
38  32 888220410
33  27 895549732
27  3 171515642
9  0 889022202
1  11 857394292
4  45 1732716223
11  33 333980772
19  7 1995588487
10  2 387621138
12  43 1379152406
6  1 869097205
22  48 1507527433
21  14 1642527369
7  21 1808841801
26  19 708504263
34  3 246849740
23  24 2122438788
0  10 1016966790
32  45 86476424
2  18 850346231
17  34 1750706979
6  0 602434423
12  35 1074481835
28  16 818030830
43  19 216871062
34  9 1936075411
34  18 1355618677
28  45 554063040
7  48 1821092844
4  38 1986632593
3  16 804878914
31  37 192250593
16  22 1945449206
0  48 1938340929
34  17 745963530
30  49 786364560
40  48 721168397
47  4 1098285029
8  14 1859381647
48  39 1346390684
12  13 1890095914
33  20 1476420335
21  24 1968465651
27  31 801541486
40  3 228852912
45  48 464759239
12  45 1949914657
30  34 656388648
48  8 1821546703
35  16 430666810
13  0 1431297623
25  3 16047237
43  11 1827957188
30  35 647726002
49  3 578431757
31  12 605425031
5  7 699335128
22  17 1018532468
3  33 431039345
26  23 208592947
0  34 599094333
34  13 432751072
39  12 726629761
16  40 1220522156
11  7 34106433
28  17 1556614592
49  21 854146266
0  47 1516620353
43  18 1214077180
11  17 83880534
48  37 1986310782
6  45 143724448
0  45 1889415607
28  47 941886700
6  17 112874880
26  30 333490516
15  9 1527164256
23  9 1944509900
13  30 482176373
3  6 618465206
17  18 363595050
27  10 1108267724
19  4 2035485178
27  49 1351593950
13  33 666822557
18  13 1855611475
25  23 1323816307
28  29 359003681
44  23 322529961
6  39 1926445081
44  16 711743931
26  5 657818499
31  12 1238836952
16  35 374894127
10  7 520367072
49  15 456383860
13  42 1352034149
49  18 1342168088
6  28 115126373
14  33 2115001452
40  24 894489913
37  36 1071842221
35  42 717759837
29  20 63000866
28  35 1823612751
11  45 998631374
7  0 361803708
34  29 1720970268
36  3 1110496345
0  44 1365330111
5  38 1115591976
18  39 698566510
35  16 1227939802
34  15 705347882
3  49 57530259
48  2 316400672
31  28 1049908329
41  46 1024929982
46  43 1242620348
10  6 550291512
26  31 1763299597
15  4 771035728
21  0 959778813
20  4 1668190283
11  44 506980157
28  2 1886889821
17  25 919952320
16  38 36263555
43  7 1654638279
9  15 1620996165
23  12 1099348703
26  29 1110604837
10  47 62990608
31  4 1689986942
1  32 1959305579
49  11 1116400610
22  5 78708088
49  27 442317381
4  6 1753528077
13  0 731990066
30  23 727268661
12  39 1613502549
41  1 1030749309
36  10 1542763566
8  7 1693764166
46  25 28532507
0  28 1154187118
39  2 772694836
40  4 1242331565
28  8 1937488595
48  37 855041711
25  24 1758350932
40  17 1891441
28  48 1194159987
12  8 1244587539
0  16 417309159
25  36 713934852
21  31 143395940
33  34 119653833
12  35 1212078076
8  23 489676850
11  49 409494051
17  2 187163365
0  33 2129749963
35  29 1817205688
33  30 1574605247
28  33 1609327273
25  34 792932392
35  30 81163248
27  34 303651832
10  8 769378801
44  18 1615339069
44  29 2114894330
7  20 139915745
21  39 428551055
47  13 1666831111
8  22 907566481
18  44 1274510049
0  30 528111185
48  30 2023216387
42  6 101988130
32  13 299032834
17  25 535611592
45  41 872886503
6  38 386951492
39  3 771687958
8  17 980446104
8  11 117652416
44  8 1830222134
10  48 571893039
13  38 1881738699
26  35 1638901
18  31 1268625408
18  25 794912262
31  36 1220234788
16  31 241636141
20  33 1374572416
11  0 1102644810
8  47 802399392
1  17 215125774
19  17 1332888171
48  33 1919742579
13  14 535552519
9  35 1438724372
2  3 1784940371
32  30 955130179
5  22 939702451
21  38 2030005219
15  47 295066386
20  47 260626081
15  24 1649512030
15  38 562967508
11  9 1987603010
2  32 608615233
38  20 1588327261
14  21 1099786524
35  5 1111804426
14  42 329520875
21  11 1556356159
19  42 1654306129
44  15 1911842865
1  25 1752043866
37  28 788585789
7  13 638190374
20  12 398108969
18  1 1647889985
32  33 22278305
1  13 608745588
46  23 818643060
33  31 1173148823
32  43 1153322022
31  39 1853546193
34  5 1963823612
16  3 1453285473
6  27 2138098000
25  3 667426145
41  19 957618120
45  40 140700297
15  16 890874277
11  32 838530511
40  30 76306810
38  32 757464525
12  43 1234985389
49  21 684941301
36  30 1743047184
45  36 65349801
16  14 1878167959
39  21 794633620
31  13 235590544
19  37 1680249194
43  42 1802519587
21  15 33263109
19  35 1465489798
11  29 1534422137
42  47 365101052
36  22 1110731219
16  19 1908707757
20  17 841649494
3  39 1818063839
30  24 948841753
16  7 913554385
29  35 525364626
42  24 458125088
4  26 1776975569
21  41 1057557977
3  27 647468433
42  16 45925449
9  40 275085649
36  5 578140464
16  5 2020961291
32  18 647089428
14  30 2038107622
15  38 2140930939
29  47 1502678970
43  5 195124012
41  27 2066506840
7  27 585441832
22  4 1181026590
21  35 715966657
23  41 366254819
31  7 556676752
9  43 1450758099
13  8 2118769835
36  39 2035708658
21  37 1844868814
14  17 1105116316
43  15 252680733
11  39 287051549
0  35 253386402
48  47 1469508360
17  39 1454071274
19  8 1709604175
37  22 1196186968
44  41 658582065
10  15 867243804
35  8 424575709
23  8 741652023
37  5 1260126986
16  30 2132722029
10  44 377516110
8  29 536249624
11  13 1395072087
38  37 515467441
28  22 1340536987
27  47 1354252549
12  32 55294414
42  10 660516778
38  25 1411292152
3  27 1349756665
0  7 2037091428
13  31 1296306381
5  3 2039009985
20  8 1161270587
15  44 1990134180
14  37 1577012150
40  8 2042600755
9  42 2109161219
22  2 714498480
32  25 1416531549
2  43 615151177
38  16 557017752
1  43 458845437
35  9 1034933263
41  42 12921430
3  7 396439687
18  1 528636142
2  14 741238922
13  45 1214313798
22  49 1886705351
20  7 950505129
45  6 949196084
38  26 1709766956
13  25 1886090438
44  11 932157217
39  12 1338717444
2  44 1014609779
41  34 1470125187
29  28 1104405287
0  19 1934816040
46  19 348953307
17  13 2117933782
29  17 60617212
39  21 1376703528
46  42 1869387022
45  28 1772628255
4  12 1784146941
12  1 370983570
21  44 1031237983
31  16 806775853
20  1 1270018640
35  5 693151371
39  21 1712176705
40  2 2049273739
28  27 1853045691
43  35 430704338
33  12 1587128680
24  43 1804734819
46  26 126746770
1  36 247487811
34  49 886890726
18  7 1902282511
1  40 1552998697
40  15 1203888859
33  45 1255561141
4  25 1678602669
40  19 1973334114
47  49 948521169
9  35 604133913
31  12 565050699
43  10 2076430837
5  6 287837194
1  42 1387234545
38  11 1077185255
46  12 62254607
24  29 1936765266
47  28 1814769500
