1250 50 28 46
32  37 1492859691
28  25 1307300195
47  43 2099599828
47  6 846682499
26  22 953648155
47  20 1047332724
29  24 792478086
35  42 799568598
24  27 727968339
45  34 1386125591
38  44 1023336223
23  27 511268267
2  31 639702614
2  7 1495565684
8  3 993177590
6  13 1398897438
14  26 1614197243
30  12 1875312157
35  21 1847612574
5  19 313412013
27  3 358474842
8  24 1375432191
36  1 370903712
9  40 1866058986
27  14 1864108844
14  9 361692247
13  47 1665543135
9  40 1446941121
20  28 1857573418
24  36 1110577305
2  28 1448635089
28  25 985555341
10  40 1528807536
15  11 844822280
25  6 1932683832
28  31 609454230
42  9 500553761
31  49 1311899327
47  35 952470171
45  12 1363478897
9  17 1333316703
24  49 1463340424
9  15 2048123603
39  2 625036408
21  2 781375256
7  17 1072644933
11  35 254454527
34  40 1734833716
42  11 1009621681
48  36 2147459805
1  47 606947918
9  42 133492320
24  18 324540873
0  15 1571346259
37  3 2069654947
35  39 841790328
49  39 19201880
23  28 210527300
0  25 1836632582
5  1 1227254032
33  7 1567465341
21  7 229876861
12  45 341440423
40  27 307610665
35  18 1212702116
3  34 136351513
14  7 1574938105
43  41 1392347986
15  27 1322745444
16  18 269699138
12  34 419302611
17  41 1049474021
34  8 606458626
31  8 1202162588
37  14 746392043
0  45 572865203
25  24 1827908031
45  44 2121913883
3  28 1440628249
9  36 745518188
39  44 1987254646
42  24 1158623292
7  17 1458005667
45  18 1044257537
13  47 1653818605
16  1 1255426318
42  6 557881499
0  28 1501092442
2  0 1045229788
18  0 928699567
9  30 921002921
5  27 1724397448
17  49 801741644
28  27 1613384737
38  21 340737318
16  11 48715808
48  2 2090466889
14  21 254130097
33  20 17210780
27  48 567821132
39  28 1519119840
1  26 1866545907
43  37 1055491997
35  33 291065783
46  5 283510322
30  43 1228925779
31  25 1016871363
35  48 796041528
30  5 2026229492
49  21 945340471
17  40 1587656891
21  11 1890810930
2  43 383843792
6  47 1252871312
42  31 1786536579
26  33 541137905
9  41 414323125
25  29 1947139586
17  36 1470261932
21  8 1263032911
35  24 846253095
25  42 1233530149
35  44 1893415493
37  1 254217523
27  49 805193420
7  0 559254991
0  31 1693759692
45  10 1941566546
39  12 1732167884
2  8 1983800424
13  30 1239507909
2  23 866147011
42  1 87672634
3  34 1444785194
8  20 1608493399
46  41 1389825313
21  49 880336055
1  23 1711967306
4  22 473087190
40  36 949854808
1  7 217330505
14  22 160339032
5  6 580131305
13  19 1193393359
37  47 771932519
47  20 65713940
7  5 934353703
1  37 1308558474
42  28 828261009
49  27 15855957
30  31 725653764
1  7 675208007
24  25 1166532584
34  4 836104334
32  30 1544258225
39  7 1212826026
32  30 158458880
5  40 1181444079
18  38 300201736
6  29 1977219890
7  35 2046205445
47  11 1898327232
1  13 325880775
6  7 593841267
47  9 1539813072
3  7 1753099340
29  26 1218263993
19  48 1682934748
28  4 682604527
1  6 1938831110
46  10 1666867062
35  0 1193101775
22  19 349517299
24  22 33218529
14  30 757381587
7  26 1174374981
12  46 1857305526
13  36 2067975742
38  24 1144403459
34  31 1350993351
17  11 896638571
18  31 326279461
19  41 1196046906
49  21 785553081
35  25 597572409
40  29 2009523978
49  35 221324455
32  34 123659479
16  31 940820105
2  26 1451830404
48  27 242844856
32  14 765790161
23  1 938753062
32  27 1143830716
0  33 421373611
29  4 828759492
13  27 848838296
12  27 635106330
8  44 1938085027
38  28 1154334109
18  29 1323375090
11  38 516181113
21  4 238077338
44  15 41136541
12  46 1227596969
48  31 175216132
30  17 1751268005
41  4 452049235
5  16 1268965185
43  1 1869512279
39  3 1841129804
3  44 1325412056
46  4 38003063
34  1 1406995781
7  47 74906040
4  0 1952909905
12  30 1532176549
45  18 1233623164
48  23 1241896699
22  49 1112182177
20  21 1230102997
43  24 644883033
16  10 174758809
7  10 1794593573
2  11 1360153824
35  47 390174698
15  16 1817206181
39  38 378392082
12  36 52842069
18  0 392058231
10  23 801711190
15  36 748420859
28  46 1438706268
6  2 729612426
45  2 65780528
10  41 1858107093
5  11 2058654841
41  27 1606747145
40  44 1359349323
18  5 575863574
4  24 691330196
8  22 1904233548
41  29 936867238
3  41 2015289653
24  0 892197374
11  45 1453744645
20  42 511778174
7  42 1013405137
43  17 120931258
5  28 1078508137
2  12 869637778
13  1 2108178781
45  29 2062452673
46  35 887882804
43  39 187847205
28  31 1515164071
11  12 533257012
37  40 336748345
36  35 875847618
32  41 366908263
34  20 1642945263
24  19 1462223107
45  13 236667866
31  37 1894429498
34  14 214434339
18  28 1810919413
44  19 1215919827
14  29 2109466226
41  23 1746067021
29  32 1086483161
45  1 131069981
48  44 1661248877
2  36 662277166
38  49 757188723
6  7 980791054
19  29 2136844941
11  0 1279616183
2  28 1592743265
22  0 1018380543
28  34 213901955
36  33 1899802637
25  16 1472704585
16  10 1157866853
20  49 621151903
45  48 1780060692
43  30 305452854
1  39 461435160
9  48 654151434
1  15 1139119874
39  34 1096329492
48  33 1722266878
22  23 139566761
48  6 618785239
16  33 890316304
2  36 2074830180
31  30 1609938126
20  17 1177655281
32  8 158657021
19  12 491998800
41  9 629691627
47  33 1765661783
37  16 147311489
45  11 2042557264
25  41 217490745
12  38 816460394
45  4 268516452
11  7 1409612503
48  44 1819126782
29  48 1663210775
20  30 1529399337
26  28 1134591294
37  14 1892386451
34  48 1782855388
43  8 2135139145
25  7 993472392
26  1 1491615832
7  11 1719661906
10  5 1596687616
10  47 1900378834
34  13 1339277673
9  45 461310938
30  49 1715660527
22  46 552018598
17  21 399244189
32  0 2006886914
13  8 1716676734
26  33 1973599218
33  34 991566186
5  47 1268187127
39  0 718270185
12  31 1877607826
30  13 1983327964
9  4 1102496610
8  34 2006488844
43  36 2115700914
1  0 960039565
27  40 910226554
6  21 1688303139
42  24 1835415639
10  7 1881731275
39  27 1054103466
27  14 1279077493
12  41 841313346
0  11 830225328
9  40 628260656
38  7 2109357369
30  7 797571257
12  9 1982035626
38  29 343102876
2  35 796813954
36  29 1351312982
33  24 784814359
18  30 67299556
6  30 320393907
7  13 2099314384
22  39 1189936067
5  15 378897008
26  28 1673142981
44  2 156356207
14  26 854082041
24  10 656814804
10  20 921517623
30  26 1079256004
41  1 1533720296
35  26 1753620349
39  41 1756226712
19  22 971865667
42  46 369515995
29  34 252388032
9  17 1986996705
1  44 1597513432
42  22 1568626513
0  46 2037397234
0  16 2059528175
37  27 192298756
9  37 635729800
17  47 608449121
44  13 1604987645
11  20 1190748045
36  35 718107662
44  13 1341813274
17  39 625391229
2  26 1625817414
32  31 1309900411
48  34 827239255
17  41 1289249700
9  1 2060295781
22  3 292918147
34  20 169847527
9  33 75298103
31  7 984275240
38  49 595377290
15  36 442080319
17  46 568581408
22  25 2140428305
33  6 973936310
9  2 596146668
42  8 666913586
34  5 1175063012
25  43 1105520971
18  19 1869868604
23  34 1001512735
38  17 592887884
15  12 1737106460
4  41 409971309
27  15 1599509920
45  42 874486523
23  32 487064627
6  12 1224211280
31  26 1800461310
12  16 591974660
10  45 259027426
44  0 467091335
6  21 1845999203
14  17 139330812
39  49 1500333261
37  21 1424751806
44  17 1428579752
37  32 1795742296
28  30 1148527318
19  5 1892344382
23  12 1550432429
7  32 1041371581
34  19 1649718957
25  19 922510198
48  34 1617463367
19  26 196457944
39  40 449596164
37  32 1850187435
9  17 359201536
29  17 1841228668
12  41 617521253
34  26 1882087619
19  23 1443536608
32  22 459439267
16  38 1546352201
4  26 978878555
48  18 71639585
9  27 259715355
0  31 765395713
44  28 355556232
18  7 1880130210
40  11 1772057997
14  46 608451333
28  7 2081988305
36  38 1942547315
21  49 1299777230
9  37 970713667
28  21 637062215
38  10 1435251950
27  33 1747881242
14  46 1120752835
21  18 927804984
48  23 1103851311
37  16 1175082064
37  48 1365476550
17  37 438195686
10  24 1735678154
24  25 86129569
6  40 357832855
36  33 1784902946
4  44 1886373985
19  12 747218657
19  20 759821059
3  24 761256540
25  19 1202602827
34  2 458702365
0  1 787603618
30  16 2044464985
42  35 2055673675
38  30 42038943
36  30 1866878985
10  49 2109528438
9  32 569210878
44  23 542779922
43  23 1150817332
12  5 949766256
24  35 1214724763
38  46 1914137748
12  29 138510002
16  27 560440363
35  0 1826597585
30  5 1629148166
18  40 1871387806
19  42 1020185923
24  35 664904932
48  16 231144582
16  38 202709631
0  5 443826016
46  39 1582215591
42  7 256737913
23  2 2068294215
11  26 144958546
13  45 1990100427
48  2 1466803402
1  37 1603313014
44  1 1496925633
33  22 1997837805
42  19 2118605240
25  10 278819736
16  40 1621508980
34  41 1938084102
34  5 1665561664
31  39 2007948889
20  35 2024039536
13  4 1872035201
14  16 1283658063
34  10 1092076282
13  35 408931568
32  26 1580367847
31  47 830848630
10  17 204715653
33  25 161922435
31  21 233003803
30  3 57075377
45  43 555366395
25  11 934258329
42  38 1134507567
6  28 280000387
11  9 1337241927
40  10 380492545
5  6 1493799926
40  12 2072679206
5  15 454714177
3  17 2010695543
21  37 622648014
33  19 4123248
39  25 223494302
28  19 383755131
11  28 1150871436
9  18 1875932848
26  29 136551172
28  24 1795679343
29  21 1263795969
32  20 1409171364
37  16 1766196398
22  12 728312174
43  28 1411535098
39  24 1201220872
14  42 945465617
19  45 512282198
32  8 1453858382
6  18 357813764
21  33 895986780
35  34 205994259
13  6 1079924657
17  48 357060064
28  33 1875104658
9  8 1143806592
49  9 1166951584
40  36 1872017410
29  17 1083799819
8  30 197083673
24  8 1660367510
0  3 1973444710
36  22 1503230818
10  31 1092573807
12  30 185947528
12  17 426302439
39  4 915510172
22  34 801583869
32  25 2008182686
26  24 586426565
44  9 877787500
40  42 807552407
49  42 1704573972
20  14 468306176
33  6 1749013466
49  15 234858309
21  28 1625444097
40  9 1795669635
6  9 1425014260
1  28 1704293395
2  43 1136504651
23  4 1141301389
41  35 1246345553
34  24 997406088
33  0 517164774
6  47 1023814118
21  29 1050107176
2  17 99036825
14  43 1311464442
11  23 832625163
37  10 71575319
8  14 1950864704
43  2 2115367817
20  9 1159335299
19  3 385707038
1  40 954162135
41  13 785245351
0  34 1331034935
34  19 1899163899
38  30 1996139810
19  6 981194523
21  9 1090470758
23  7 1635951038
19  43 11936613
3  14 284263152
21  9 663310602
10  30 1863974533
15  17 520671725
16  39 85994049
33  1 365482807
48  11 1485399057
31  23 1223477672
4  41 1215618838
28  38 908422104
5  39 1909332954
3  46 1442858132
37  19 75566227
9  14 1994800616
15  3 83599882
36  29 1778254982
38  17 579262275
32  29 227882334
32  23 179801
49  33 282097178
20  25 246004403
14  16 1081661326
21  17 1765162803
35  17 1609625333
43  7 137909934
33  42 1346959223
16  30 694173118
36  4 1734157251
2  26 1419391022
46  34 468126300
31  3 1212894747
1  23 562102106
10  19 1528108466
30  46 1233017535
13  12 920052008
24  36 1442699217
1  45 1461697338
15  10 2137436416
23  42 518924575
9  42 430342210
17  0 452617995
35  8 1824251632
17  43 542199431
16  26 704224713
30  4 118921599
22  25 1636576013
5  46 1046379912
25  32 408176029
2  3 1663288487
19  21 1522773696
15  22 1554519038
11  34 126092253
38  35 1169100547
45  36 686580684
24  1 889865280
35  22 1487211152
17  9 569933497
20  43 1682427276
36  30 171325958
19  28 1532506477
4  25 764882543
4  45 455760393
30  37 1104544337
44  45 434728286
41  8 983497434
1  48 859499594
18  28 111046630
39  26 488795362
26  6 292539211
21  41 740820506
2  20 1996770209
14  17 1120865592
26  28 568325715
27  31 843200955
9  24 172032785
38  7 127765768
48  29 455018135
6  38 428521072
33  39 1521222483
24  23 535203878
9  35 595884581
47  0 1885246396
6  38 618300958
12  46 545775820
6  49 1628667349
38  9 1326441149
16  24 1224001007
48  13 928288569
31  11 682000965
49  16 367596368
14  49 661937269
47  4 2051694803
44  2 808249073
32  14 841728906
35  38 1246608760
41  2 1400837212
48  27 1502035274
32  28 2097766178
33  44 212148483
3  0 1351508462
25  28 1609635252
34  6 1103377916
38  8 225106431
43  22 1732976756
45  42 1721791935
39  13 36316852
29  6 1670814612
3  42 792320685
24  7 1776414175
32  49 580471432
36  34 1264019488
46  28 1577792811
45  14 1507371380
0  32 540809644
0  21 1498729550
30  8 1862941863
34  12 619143063
27  35 935300380
11  38 1400769421
12  34 1213391226
26  1 104962051
8  21 631047848
19  43 210831313
37  25 1138998428
28  49 634563694
10  42 615179331
27  29 1762603517
49  45 454976847
21  37 1874792818
15  45 1138429400
26  27 432226269
32  41 524078502
32  1 1216639506
46  22 808959911
9  1 495751543
11  4 930292226
6  10 1787942813
46  6 1777314774
9  28 1918969952
31  47 222301911
2  42 127784875
8  16 1100882665
18  11 641113741
23  12 601753755
29  35 456769202
30  43 2018337358
15  4 526861922
44  37 500518526
47  22 2036784883
26  45 1821069857
34  12 451325851
14  8 126960102
1  3 1477967622
37  11 88092106
34  35 843509000
1  13 1170451366
40  29 312068322
19  4 579602700
9  29 1565891819
4  7 870707567
28  17 1340432177
3  20 1715738972
4  18 744496157
45  5 164507330
37  33 1097203079
47  29 1688224482
34  10 121278153
1  17 1860506797
36  27 600767619
0  28 1426696933
29  14 1679177328
3  25 825690678
38  28 286077436
0  11 1823524555
14  11 1007379606
12  14 1094090623
18  42 1163644370
0  30 684028872
1  14 1226271727
35  2 906264514
26  47 1024247708
37  44 178226054
45  2 1048008471
29  23 159324748
39  30 704832952
46  34 727496071
6  33 1029207445
49  11 1877571532
15  12 1617797345
6  34 789810038
29  49 441997187
13  44 996163590
37  8 83046077
3  27 224331664
12  0 952925328
40  36 453364791
4  12 1058130157
15  44 1161011641
3  11 1123111857
10  8 1730858212
34  4 299100794
6  45 1810439413
22  41 2078690462
1  20 1685257430
10  12 1155902378
48  24 1937845875
12  41 678935863
39  43 987093877
25  29 297406628
47  46 962289416
31  21 1348117041
26  10 776818821
30  0 183571544
24  38 462699514
3  32 1947415640
5  42 1795188582
23  43 1614263158
5  9 1458725251
27  47 877038623
1  36 1365291811
23  44 1413803112
26  22 1239647413
29  46 965241655
39  1 443633709
22  29 2127082465
30  7 354977475
25  0 40875231
35  9 1837397473
48  44 1074045175
2  10 342311720
2  41 1542715783
17  18 1717480869
21  23 1324271935
26  15 648152025
16  5 1299518562
7  2 58113448
20  9 537053340
34  46 575663431
40  4 1258526198
32  33 21734201
5  17 2024864133
45  7 2013613759
25  18 2104107394
26  40 1070195566
37  42 884829031
4  1 86136916
44  47 1106598502
26  36 899209921
48  47 1692586390
24  21 671209818
1  48 607995759
20  33 1557534148
42  18 390838237
48  18 1140149383
10  49 1997719180
47  39 1795354793
36  24 1588864970
18  46 408778082
13  35 1901080820
4  17 452954728
0  2 1676743719
9  6 105954638
9  14 415128782
3  0 27920254
13  36 1617428720
15  23 43352284
17  9 7514645
28  33 429547548
11  9 1258901618
40  37 2058472323
5  19 1122491979
26  5 503167615
49  0 777440718
39  32 472113485
6  37 2113902670
20  18 1144502829
48  22 429368923
2  8 625971167
36  2 658373393
4  9 1927519885
40  37 1183874719
32  21 205011567
8  17 1283226368
11  0 1726182468
17  11 1697168613
8  44 513374393
14  16 884275899
25  24 1852234950
33  38 744181405
44  17 950158338
5  11 1549481005
49  3 158172290
33  37 548383528
36  40 940151347
40  49 116321648
19  45 910145976
38  29 1908645040
32  1 1788657484
39  44 955045941
0  41 902477190
16  24 1633815547
11  44 1689540601
23  38 390755749
6  1 1052015026
44  43 630312033
49  36 1468403647
14  32 1368921799
20  9 593685044
24  32 912105093
46  43 1764125963
8  33 1863173971
13  7 1971366051
11  16 169414778
0  29 2055917942
47  24 1713052142
21  33 1728497651
45  49 946572815
24  46 1555122989
25  48 1838417216
2  30 1105229870
32  31 1327719697
2  16 1467920562
46  21 904338500
7  38 178545397
41  33 151609577
9  28 1122659620
0  48 1272858069
24  32 472242127
31  30 1209941633
28  16 351937474
10  31 771939395
44  48 1556742159
38  11 1974038474
44  19 2144890919
31  3 1644174244
48  33 1702925096
16  37 1283075032
8  26 1762984410
36  4 1925091529
5  44 1320473155
28  33 511683651
38  49 1205002090
1  2 1922083737
40  46 1145118374
4  29 527243721
47  14 305541118
44  25 1211362050
12  47 995783584
14  43 59196932
33  37 389046587
43  45 364971242
17  29 2008376927
34  1 276713902
42  47 2004671576
41  23 1591069871
30  43 1227393517
21  41 634769963
41  20 1332716627
34  1 246134754
31  7 936888974
43  20 1926060276
6  45 9269696
11  32 753475167
40  10 2073566648
36  26 57700445
18  29 1963825741
33  13 758822404
18  0 1219100839
33  11 938020583
40  22 1652321760
41  35 1134912939
27  23 394936695
34  16 731349554
6  9 1657596482
15  30 2066076554
27  41 246199052
18  37 795196931
34  44 1725443597
37  36 1162329641
24  34 1510548152
19  36 296722607
17  48 1483248273
34  49 747614789
17  3 952741137
2  44 1161249654
37  46 752932139
12  28 506641132
21  45 951424556
49  36 105559083
12  49 1748937445
20  40 392948482
3  4 732304067
11  9 2015314022
30  4 2005453229
22  7 1798587452
2  4 669900822
30  12 949544981
3  22 1294449038
16  19 398937162
23  47 1123943635
36  0 1713950683
21  33 2103730178
10  48 1668317591
3  22 1808163681
11  24 1217260299
0  41 1632828621
25  17 1252475459
23  41 48715044
37  15 1838043612
35  5 1869390621
16  9 1336524015
0  6 440898050
23  24 1555891111
31  30 1839367677
39  38 1577142312
46  12 875786756
1  34 1331141164
49  17 555785753
26  38 583286207
10  40 193796572
28  41 413314133
42  32 425679330
31  41 1272098165
1  5 1346653753
35  3 782985518
25  6 995506395
4  5 712892902
49  47 1360247995
33  19 721582722
25  36 1317039114
22  29 1723515629
34  13 2110943772
38  25 181556344
40  12 764960905
31  23 1223204453
28  16 1661719681
35  8 1182716774
46  20 343438844
46  39 158490411
9  43 1936639688
25  47 1325389863
36  16 1457297024
18  8 214057008
12  42 44263355
0  26 996429926
37  0 83174206
33  9 708729470
8  9 2109032440
14  42 1242020064
18  33 1399794927
45  10 1381113565
46  26 799847066
25  4 1602072471
46  20 1195882251
13  38 938845641
39  34 982323101
14  45 1114382948
0  22 1897018159
24  38 2095198997
6  13 1330013198
37  25 296821453
46  11 615012968
46  38 616488890
48  16 121438104
45  15 1882365902
32  42 1969740339
28  42 1679630365
0  37 1366759952
42  5 1349573731
22  7 900641478
17  16 1973215761
14  9 782632108
12  32 506714524
27  2 988400911
36  17 877998642
18  31 872195963
25  6 338434890
44  30 955489194
30  5 1137402969
36  30 538710820
1  29 1245542889
35  45 752358867
19  14 1485879978
36  7 1743540565
23  47 791407434
3  43 1132374699
17  4 2145863379
0  11 228024647
22  7 2048610643
18  4 1270889143
29  15 2095316991
46  47 1518313835
24  3 2090429773
7  44 931249694
17  16 1295397004
30  3 1823025287
22  27 372052111
14  27 747906325
0  6 751163457
23  32 970496421
17  21 2097382991
39  38 1653039304
5  33 1697794421
23  18 1743525512
22  44 1791408290
42  21 1176919981
42  44 389223105
30  21 651485435
20  42 37958920
24  31 1064274579
47  3 2096759409
7  19 723556066
17  1 427275041
43  6 1278050805
28  27 1189752510
5  25 2004296541
16  19 1791489791
2  38 750250991
29  43 1431550996
21  48 883789101
23  46 1571694992
22  39 1620216660
39  46 1425512659
19  1 1793181385
10  18 1395209118
24  32 1546987385
0  43 737389890
16  48 997330640
42  19 1029528707
42  9 1135781040
5  10 2009804644
5  34 968316314
5  36 645225013
4  36 1073298566
27  1 293096722
4  39 1553052356
6  16 399926432
38  10 1491293181
30  20 1670190037
11  40 835249354
16  43 1627209625
41  5 916523502
1  0 2092763456
13  33 1194231075
5  24 404672858
36  21 2069307839
31  0 2005892968
13  9 1697810875
40  19 1450320815
12  43 497758888
0  20 1359291443
28  13 2048292787
1  15 1565701317
17  27 756328774
46  29 282244277
46  32 132329342
23  29 198845642
1  20 1299577773
6  20 1755260183
22  8 1412334431
48  7 1473111324
6  40 1514324706
46  34 596989116
11  44 100297410
43  19 811361298
13  14 584655601
19  47 1706633171
39  6 870024043
19  31 1637093849
22  39 1042612119
46  48 840397103
30  24 1039571888
31  22 1025543525
0  2 151987515
49  21 449367822
20  19 205752828
17  18 2141991512
5  14 862763280
11  9 1171070390
17  48 342023452
22  48 1156052817
47  7 1997764796
18  9 726126263
29  33 862160855
19  12 788020786
39  9 2134946654
36  23 597836499
28  21 404124821
1  37 1114273647
21  3 1546401566
13  33 1606464755
9  48 546033923
1  0 819894051
43  31 630300288
49  6 1597650750
46  1 844499045
29  9 870439325
36  6 63170544
31  17 1458184739
14  23 15819259
22  44 1298663346
17  39 1802555933
34  33 1057669706
5  2 62634534
48  44 1647324065
24  35 644492611
21  46 1163796487
9  40 884541148
8  2 1130387624
7  41 688592083
4  42 768469005
0  26 1503244037
4  26 683165806
6  38 366979572
42  18 1364581267
31  19 458029648
1  17 2029971304
27  30 833622410
27  11 1091930848
16  6 832260883
49  31 427333387
45  25 254802226
2  16 1124908049
43  10 1268512072
44  24 1008416250
17  20 2066524810
19  22 1061393742
16  5 545113459
0  42 947886153
14  26 1847435585
14  7 1801905271
20  26 1661813246
21  19 1003475340
41  38 1455693293
42  14 1756363262
46  40 2082799028
8  22 2129427408
15  31 328673867
31  15 2116917777
20  24 202600993
11  6 175707082
15  24 1200214023
16  27 1421176180
37  43 469931668
37  17 1602673047
43  42 2105433057
28  43 1631225073
33  19 743356080
21  14 973805062
1  5 833143322
16  48 1962945067
4  40 868632933
25  34 394592197
