1250 50 40 32
36  4 232190540
15  35 508849853
47  32 1316570679
29  35 1886319431
20  49 1460739219
25  36 1870963179
23  37 1302259107
22  4 2122478992
28  47 2060897439
32  20 1944902455
16  9 922280097
16  6 242749117
45  25 893174152
45  27 185180824
48  49 2129183463
26  35 1850728917
13  41 231165879
17  11 753178730
45  6 1504599188
1  19 355716714
13  30 102102945
44  49 1354744519
1  7 2005496152
19  33 828697715
8  46 1985380990
14  25 643474343
7  45 780582690
36  20 1218249593
19  7 797447723
30  38 1012454259
35  20 21479846
28  29 271274858
25  47 2119825129
2  45 1554359747
21  41 2014658766
39  48 309999289
37  21 688928146
27  11 1448792314
12  7 584726603
9  33 870609257
48  31 1194917719
3  26 1246300676
5  45 1861259945
17  31 1922669781
7  16 1157803043
29  18 324603805
6  37 1303516551
11  25 753213249
19  12 2085164660
38  11 226177385
14  30 1701620851
45  34 354794159
27  38 1242597845
28  22 1676981091
13  11 36515202
40  4 370837160
29  19 2122278488
45  32 1836571388
22  7 751634585
33  18 1766938512
12  32 1063547418
45  14 362210671
23  3 1248670372
38  33 971298422
47  8 1116588586
3  11 25614418
38  29 749001749
40  29 1257068866
26  20 1497943064
12  2 684220403
17  9 174675276
46  11 293978862
39  6 1636320123
46  37 482683444
27  8 454668722
45  40 1853983791
13  49 1130304172
42  32 1694162024
43  40 418703174
48  43 1609456584
49  22 862129063
2  37 1935626107
36  31 6171378
43  4 356115330
37  20 1969656188
16  21 701392209
2  3 1442295335
11  37 1874668526
24  11 1995461571
19  38 441791549
34  24 1321143741
8  28 1146346317
46  45 561616570
30  16 111029556
29  33 666317874
27  35 1771100611
23  21 1760155788
46  45 281115745
14  0 1611497288
25  23 695355323
25  8 230928464
14  28 893136621
15  4 758179639
19  47 910873406
32  23 1022437972
49  31 975021972
22  43 1526417618
37  21 228301308
5  36 1488352707
8  42 1489657154
21  29 1970472898
42  26 1063919607
19  33 1720628031
33  38 1177623465
18  0 1305832454
25  23 208547454
31  43 1150964575
41  22 1509605597
13  4 1156108995
43  19 2033511935
0  9 317043689
32  34 1386547801
25  30 1247813888
37  35 864108610
24  22 1939689763
37  23 772061184
45  31 25073492
23  39 1404421867
45  6 1312641645
2  17 151887316
28  20 1679954783
14  24 1058789772
41  3 727938801
2  48 670040025
11  8 2144490142
32  45 2110630169
46  39 360775962
36  48 824361496
2  42 1504837991
22  40 1432233836
49  9 978627924
27  49 1227150625
4  13 341141288
36  4 1308674003
30  24 1658149841
48  23 1474975890
49  22 1161125997
33  11 1607594122
32  15 1415120301
8  20 767812068
13  7 1784507653
2  1 696218831
6  9 169177667
7  47 1832140910
38  34 1687203617
20  16 1871420267
36  41 1579603199
11  24 658122858
49  39 1252447277
24  26 1484252622
19  31 366889161
31  5 1526859461
14  39 110251669
27  36 521044425
26  23 114212583
11  22 992835973
8  14 1157889322
19  23 1092148946
11  20 1079908181
0  48 953644439
6  17 1225743013
26  36 1625276595
12  14 281741576
38  27 1662708792
9  25 1558122461
24  8 1795837481
32  45 309689496
45  20 1523974924
29  14 1816133104
14  29 669851811
19  28 432795550
42  14 1198229945
35  33 1191022794
1  35 138751014
4  38 312084491
7  12 1410543071
17  34 2023461862
44  5 1026260574
10  19 598496581
45  20 550319398
1  21 786732104
28  38 296870557
29  9 1752582246
4  30 397402926
9  0 237648807
4  41 957717848
41  49 1368566185
3  45 1832663810
41  31 1624422505
0  17 1125771612
45  29 1513131357
5  26 1150948697
30  42 672640011
5  43 370073003
28  40 571697183
40  1 561141650
25  30 29797055
35  11 1472362920
38  2 1584903620
41  22 1292240909
28  34 1107593169
32  24 23397283
6  1 1415622393
38  43 1025861626
31  41 952490060
34  20 1657602724
38  44 1617521067
25  1 299070699
26  23 263577592
10  6 177731701
7  48 264003386
37  4 1708508807
7  37 331697178
23  43 1655227845
49  45 1244273321
21  31 1310617442
24  48 410118666
12  9 1279974216
12  38 599341361
31  28 2058698567
4  44 612606947
38  26 950941122
26  10 523473125
28  17 1370862945
27  25 146453926
1  43 795608081
24  18 1945616543
18  27 2066390520
18  12 1793951338
28  9 700882109
20  29 1468021655
43  49 582594620
7  13 1192625833
19  12 753540677
38  10 1307687579
0  22 1661579942
37  40 1227300480
26  17 603017441
24  3 1050010261
6  33 397221222
11  36 706584688
9  28 2052716488
48  35 469197567
42  28 1947285392
39  6 1605344382
35  10 1575389394
46  14 574054974
7  28 1366486340
44  26 549970248
24  8 1915587111
23  29 1467099459
0  19 1065201253
6  25 240485140
36  25 1961675812
16  21 263729157
13  26 1150894656
9  42 428323472
28  31 308830921
25  40 857701495
36  7 1968637779
38  25 813006685
38  40 1721705273
21  33 1206447631
49  24 925317831
16  28 1850098393
39  28 480172049
41  6 1658423339
18  2 1661708818
3  44 1922435851
4  23 573480426
16  13 1801692632
4  38 559559740
8  45 1574785775
39  30 776666170
6  13 1017754647
6  25 669917991
20  4 1052697321
13  0 1967046021
46  28 692617592
45  18 860362846
29  40 1878407315
11  48 524645423
21  6 532746984
16  34 1781659906
24  9 1612416193
38  11 1712949082
41  42 1894932049
27  13 782169608
16  46 1732993382
1  24 345122575
42  22 1967859201
36  14 1224353435
34  49 2135185286
27  29 302281696
10  33 2054653754
36  35 1463454455
36  4 76109675
3  22 314791701
8  28 1131665016
47  5 922080249
33  45 2139345996
48  13 1983978080
40  17 1486626568
34  11 734739774
37  17 1500300977
23  41 877133485
28  14 527768728
24  2 1322056518
39  0 442126880
2  31 390341130
17  29 1411568935
22  31 172561706
5  43 1215742005
12  10 663042566
48  22 74141243
23  7 1116563193
10  43 994246593
25  23 787712896
48  40 119560007
25  9 262192891
4  36 1573314831
49  7 2082818851
23  31 906301765
1  27 1914023052
39  23 861224573
17  7 1039070892
47  5 1407564050
29  41 679917954
37  30 1559793828
29  25 972453830
35  10 561197887
36  33 1747990021
34  13 866902108
11  33 1854646956
2  11 249667405
22  24 1770680021
8  3 1963672281
14  17 271611828
9  45 1883874639
17  22 1788998845
48  34 1442422181
5  46 1220064627
17  30 1281094479
12  24 1305837623
22  46 551858423
27  6 307089670
9  33 434642860
19  25 612560248
24  35 1514389193
41  17 234727436
15  40 366000438
43  24 1922486277
27  17 741302948
13  14 1372437092
16  7 1765963871
36  33 1619821071
32  16 1776076013
42  4 2078825436
1  20 1012877683
9  3 21123466
12  29 778027550
11  21 1420853013
41  12 1136200605
43  12 88022846
10  41 196203216
18  4 933245726
27  13 784861965
32  16 1481763801
8  25 1357467969
44  43 1368655101
5  29 1343460720
45  44 1936328597
38  31 1698111609
25  49 1624715337
21  4 1023338205
2  43 83842879
43  19 974616243
34  14 1998322954
34  42 1382897580
47  39 611334987
5  4 2084464173
41  25 2117831971
3  47 2128225246
39  48 1347856192
12  10 1113197819
48  2 545707666
2  31 1184254811
42  7 2090614483
43  15 1504868538
6  31 244381165
6  5 1009383198
45  41 1113719552
30  15 1275956999
29  41 1945860804
18  27 736894519
40  26 402982641
2  23 1527930873
48  45 865007885
25  47 255912186
15  22 553598863
38  22 260664945
40  15 1429884143
2  33 2060302680
11  14 1868007740
2  45 95611637
1  10 908770932
13  14 783720180
41  29 738182430
1  43 825039458
38  1 29704584
13  34 131828437
49  46 2112120582
4  7 1944135567
41  38 264956441
27  36 1574154909
42  24 1942303001
30  3 2075967470
43  36 2095501528
4  45 1409045014
20  19 371818879
13  8 770837854
36  4 893068781
17  21 776972084
14  15 512863475
35  14 388069413
3  38 1809581273
1  26 53875896
23  35 2117434968
19  46 125309610
23  10 1311956426
28  38 347800596
37  36 1643075074
2  10 1106928060
40  43 597610866
0  34 76935930
6  39 856717655
35  8 1202956347
30  26 212567640
39  30 1570481061
1  8 1573592257
45  22 1816176509
25  35 1541460060
47  21 1083912952
44  34 1635869732
41  16 1042126363
1  11 1402398212
47  7 2009919324
8  29 1854602561
34  43 1928953146
14  0 1291061948
5  13 1886123193
40  31 613291589
39  10 1571305838
45  6 1731770303
40  43 485517270
26  3 1391791245
36  18 413211319
49  45 513906781
8  6 1761474728
15  28 1704913546
48  8 1311491710
17  5 1768974630
37  13 717870779
39  34 949426438
19  18 258839270
1  33 1801213212
49  7 1263115379
43  39 898552392
45  43 495149909
22  42 374066700
30  44 1546544220
33  44 655206853
39  44 1906801623
44  24 602653172
47  8 2031254984
41  22 1628526754
6  48 706344626
4  13 487898260
8  47 1970607597
9  39 1973084258
46  36 2030695247
3  45 527359930
11  5 892666055
23  44 768595725
39  17 1631044776
19  27 1148167343
46  11 915274144
46  25 1675556163
17  1 2042933678
25  5 98385729
6  5 16247089
26  24 600192106
43  28 177943571
43  9 888029695
32  1 1693685859
17  14 157473571
2  37 731045701
42  0 1978800450
19  35 1472446364
9  37 1817483235
12  42 62271537
15  31 1342317358
0  34 2140513182
24  26 7499634
22  24 1670866098
37  25 1172257959
0  48 262990925
33  29 1375175008
0  42 812568111
5  24 168642289
13  18 299091896
38  2 1417674521
8  22 1836897335
6  21 1314327156
27  49 1842689277
44  27 663736666
34  43 879068897
44  25 648542974
2  1 770186685
30  19 219268455
9  42 292047970
13  23 1427931221
18  30 192509142
47  16 549443870
39  2 536008588
8  47 105425919
41  46 43634325
23  34 1076644989
21  42 1067374428
10  49 1988032962
38  34 685522289
28  25 1525254015
13  43 1878512735
36  47 271770195
47  48 1752790651
37  29 1048645208
15  13 255652758
28  44 1955312699
45  47 816387785
2  19 150656118
5  26 1115613777
14  7 562619552
18  21 1770870011
48  25 1301057255
6  19 1397284625
19  6 1943807195
16  44 617797516
28  14 400815421
39  46 1657811574
31  32 726959317
22  2 966858122
36  8 906304167
11  22 556310955
16  13 1389078057
17  1 1984343804
18  34 1296006692
42  12 462617832
41  28 559510787
35  0 1223716508
44  41 1703820765
48  46 267179393
28  15 669196606
6  41 1776515241
42  46 49219343
34  12 345419091
21  5 1228215027
49  40 755176044
3  25 1959902717
49  21 2117623721
21  13 1854752220
23  22 1338471210
4  30 2020764352
38  29 1754096710
49  17 1152268865
29  20 1427520429
35  21 882908786
6  27 220631410
8  19 1616874382
26  9 1897475814
41  8 376836664
17  49 596466400
18  22 752561336
1  3 705979897
6  21 183096342
17  30 1329498090
38  13 1288422760
40  28 2146774419
24  32 155155271
22  9 723117784
11  42 908889620
28  47 1674921025
40  36 1613254970
22  10 2107831376
34  14 1310457298
6  33 769712760
32  7 1469150905
46  2 1171365312
19  40 674972665
23  3 2097751785
39  10 976164871
11  33 196486029
46  48 1433672408
37  3 1675791112
20  10 885262934
21  8 1573466156
37  14 1823619200
10  26 1904096829
43  36 24403375
14  29 568955497
37  26 131608796
3  8 1155500995
10  40 1842735092
16  29 453218285
2  49 1973349118
3  9 468376521
1  30 638477656
38  30 1425224230
9  5 959348914
2  29 1671507430
34  33 1467136174
48  8 1719760009
2  47 1748759144
21  13 1343758412
13  25 416383222
41  39 1781892132
2  12 613225916
34  2 266871896
15  29 1375703385
19  14 1040133700
26  19 1180588102
30  11 1856468295
27  20 2084001580
49  38 431014317
21  15 1835165541
23  1 1355120461
17  40 1938160871
12  28 645730275
0  11 436105715
29  16 745799813
40  0 1846701670
6  33 1931777627
20  48 161751230
45  17 1271096633
24  39 727153912
31  11 678240129
22  9 1484668042
42  2 363893006
1  49 155233492
4  35 2083527272
46  49 1861447411
12  22 1211602043
32  27 1967609022
4  5 1174734615
27  34 931097239
4  36 678867124
21  25 1974101161
39  34 963565910
0  39 209425971
33  48 1946797343
29  16 179885117
40  4 247217237
12  36 593678308
1  33 1993477137
41  48 1756403596
46  49 907892187
32  36 1122074676
5  39 1084743022
17  21 1905993465
47  29 156909716
33  13 76871365
8  9 2040849736
46  26 935190136
38  33 876124631
27  24 2132668415
9  26 546239680
29  35 193753546
15  33 877720703
7  15 2040892674
34  12 707362276
5  32 1755749244
35  0 1448823689
33  28 900138220
10  17 1086763875
27  36 769993027
13  16 1981717626
18  10 1001229386
11  28 2065007447
37  29 182131642
34  31 1050644077
17  10 859691464
11  14 2027411402
42  41 737068208
4  8 1647589075
3  0 1792514185
2  13 1372719773
31  36 1589057944
30  44 1306739181
23  30 335543779
16  39 1791183149
7  17 689610921
29  33 272200385
0  34 622996347
1  28 1625309143
44  24 396909740
14  40 1338362566
38  7 1372159314
19  7 1763727805
35  7 568512602
29  2 825699014
41  16 129322994
38  17 1786876161
14  19 1860659444
23  21 1534402614
0  10 1428884853
18  7 1550772106
9  47 1389698037
38  33 1378999200
18  8 442273937
28  20 1214082600
1  3 409939673
18  10 1380791175
4  18 1841313831
4  3 1312328094
9  24 1622013902
31  20 1291435305
35  17 404801157
16  3 2057515836
15  2 922450964
48  7 969935913
29  13 878012286
3  46 248565300
16  17 1999509518
25  1 1288075851
35  9 429327182
43  35 1081950148
30  26 1757844344
3  44 2042039073
42  6 1172174230
4  43 496247591
23  30 885054138
25  28 1213857498
26  30 2087563932
20  32 771166988
31  15 1691395861
12  42 1757589005
24  5 2135362919
18  36 1910900428
49  23 926053701
29  27 2058544130
15  0 1427895918
39  10 1350454244
0  2 227561789
15  0 1472100221
32  8 1906319638
4  16 995230149
48  11 806936763
17  39 1995329079
18  29 1962940067
6  29 418750025
11  36 574805868
46  0 1161422937
18  21 928175479
19  15 1637486443
48  23 939194704
22  6 1000624870
3  13 1276469779
32  22 515761165
27  16 1274366332
34  38 122034251
40  6 332093386
32  24 674553345
23  18 1971623427
44  4 347183099
25  6 1549862763
33  19 1104904110
39  36 765489945
48  12 579051497
7  21 129309247
15  16 892678164
35  19 1104558679
47  35 511436386
22  36 1710184789
47  22 119512062
38  48 2082872202
46  38 571199079
13  32 1523789806
30  15 229486597
7  6 249512892
8  7 85658631
13  21 1699885991
28  14 1492694135
11  6 808703330
15  10 764125008
13  34 402980148
28  16 805869811
36  11 2012102184
34  12 977838905
40  44 901455227
44  49 410219448
5  23 1777704551
31  30 1260218846
4  38 465616788
23  38 46666089
24  45 580237974
9  18 1906779911
32  5 1982881821
6  41 2021563407
14  4 1962124670
23  8 603295802
9  10 533680791
34  4 1096728004
34  30 356945856
24  33 1765793670
15  3 22682921
10  14 2036416354
1  2 1843872146
31  33 298220171
48  20 734510056
25  4 44184005
12  38 1333118351
49  14 1728306801
1  27 2042349188
38  30 92643123
42  1 1048953675
47  13 1457628986
0  37 1724541746
13  32 1324354525
2  11 840395060
16  34 2033712692
42  19 636005124
41  47 1259876892
49  47 1233847005
8  31 17774290
14  25 2032044392
35  17 1218476409
34  14 944963289
30  14 249986582
29  45 927636085
26  30 1877640426
44  7 916089469
43  24 2072000170
34  2 1573676658
1  18 839795955
16  19 1864483129
2  48 2045634638
46  43 912960384
24  29 1752077365
36  31 688970114
4  41 422004778
14  22 622922749
3  36 1266058361
23  2 1872767122
49  35 1169820328
49  23 63654778
35  30 2029345403
41  32 1831463486
22  11 1687094169
10  20 1446490437
42  17 1521495386
44  14 853736773
26  47 1185154145
37  34 1092392745
5  46 2133571306
37  8 1338127121
30  12 1538885178
14  20 175312936
42  19 1999468341
45  41 1375448559
18  6 1241996203
17  23 1207325068
15  37 1022765246
34  39 116276376
26  44 1470238967
2  47 781684764
38  14 140114278
37  25 1113534994
43  29 914629586
5  23 1093127844
41  29 1173617108
33  30 1149898110
46  11 1549073656
42  31 1326463037
24  19 406799908
3  40 625898769
20  2 1243537651
21  7 621743508
17  49 503254223
32  26 1383180532
45  13 74670088
18  15 1899222678
4  28 2052854958
41  13 1059709766
32  16 73612695
3  9 838638563
18  25 226133022
13  45 1494073664
22  49 1010341015
9  41 1795247460
18  15 939641563
44  47 403561034
22  38 1183851846
10  5 686000380
48  41 769288238
10  41 309513394
4  27 223673690
22  23 1659041052
39  37 184603630
19  43 266124740
11  3 123668798
48  1 266042732
13  25 480011553
30  48 2028883664
6  34 837600268
0  17 835924432
11  27 1930933080
20  48 799149068
30  10 904681913
21  7 811859474
8  0 605637838
11  16 1438517667
35  47 1961422718
14  23 1633484004
31  18 1824500457
9  12 2046252883
20  33 1858226064
48  41 61226046
17  45 1216855944
33  21 18146380
29  23 1528372128
31  9 1230679736
12  44 547092884
17  29 2114570594
28  12 1612957595
30  29 974589335
20  10 707390956
2  39 2078250826
48  11 822081660
9  36 689267678
20  2 1813062501
5  9 754848172
47  38 433232036
5  33 1078606025
26  43 1274283096
35  42 1503032367
7  38 1877443126
27  0 2089483730
7  48 1626048510
38  15 1606368980
14  24 803186460
17  11 45521754
34  30 1639764170
23  8 786408449
7  17 900233804
0  46 104113464
5  33 671719424
3  48 746273225
1  3 2019303583
36  35 2135728739
43  28 497683066
36  16 1311298768
45  16 1314788475
32  1 951527948
33  21 1215969358
28  19 1366100654
23  19 178173491
46  41 564633288
49  39 2080765296
9  16 1271476338
12  25 1843705632
31  36 560177388
38  16 1953312108
20  27 297021302
16  7 1691910317
18  5 1222162796
0  16 305170971
43  2 2141583795
32  9 2127789132
21  27 1048002527
3  41 193802435
31  20 1407387683
8  17 1182778951
34  37 545666895
4  18 902556122
47  43 667818800
19  8 707269019
1  49 810954168
2  19 873497937
28  12 1485767188
27  13 1190438608
22  7 1196916463
37  46 2073348252
11  5 1677492305
32  25 347885106
29  24 1976347320
28  33 722018411
10  11 1895091436
32  22 1297998509
30  27 1726457521
41  44 1269016257
23  35 2086463105
38  2 1345581620
31  15 776736459
5  12 1797249703
18  10 1586921485
31  26 151575306
40  38 695634136
21  40 2057957062
22  35 262182134
5  38 1426628676
13  11 247183292
34  36 1135870915
28  40 1116962350
31  27 746247999
46  32 558706240
14  1 1307787753
6  15 1146162966
45  33 1577004379
27  41 1962294927
37  33 622385543
3  2 457458377
29  0 888318852
4  18 1469517320
13  22 1180795406
36  44 437797601
14  4 116417328
37  12 1432460188
49  3 50921715
24  48 1380816044
6  5 1744618379
8  4 4099698
10  20 995997141
2  16 407619997
14  2 435758826
20  7 1533846518
1  20 2064780545
21  49 957197545
49  36 1689234245
22  13 521514130
19  18 92344495
7  42 1183759480
22  21 385015720
2  12 1104839685
31  17 1204962934
40  38 2108574826
23  3 1827135364
46  31 1939915741
30  44 846992099
43  30 854754491
25  45 1952852249
45  24 1273710966
9  44 1314630752
32  35 2005225721
27  39 683361727
23  42 1046212792
11  33 386771369
45  36 2033316448
39  38 1557159429
15  40 472800645
6  25 548506945
40  46 958258885
15  29 836986855
13  1 1939047635
44  34 1775485934
30  32 216581287
28  31 1430860540
32  6 1321140973
40  37 1617197863
30  31 130840677
27  47 510657219
31  24 1263339006
43  13 862133809
46  29 264242518
29  17 2093172435
41  6 484085407
47  37 1376086322
44  36 2086197196
0  48 809382393
48  5 1618060055
49  38 1413588836
14  47 1578810460
32  3 140319606
12  22 1768111748
28  48 755243787
43  34 787111326
29  10 1428458517
26  10 583117981
31  7 316466575
36  27 328811328
49  35 1593802551
32  1 1543590596
17  24 887657627
41  35 457017969
0  42 243869924
11  31 2098987198
9  13 2119729837
3  9 807538380
48  9 1179470691
34  16 1626214559
3  40 1472013233
4  1 1400890111
29  35 1526245151
9  23 38812081
34  16 442719927
42  3 257345847
46  1 1302639076
14  37 1719078258
4  29 2067337632
23  25 1573972555
15  17 1352858273
24  6 1676947984
45  10 873557633
5  49 1462493592
37  48 441473560
47  42 1435489941
5  0 957727861
28  12 450662734
21  3 536335726
22  43 1875849610
46  49 1301776382
4  2 157390069
2  28 2109689004
19  22 690781507
46  43 1948382441
23  25 1506788308
10  2 1311071604
29  5 1313930989
11  42 504159097
43  5 1477593761
9  3 668241210
37  14 1163631260
39  29 1684399992
35  21 1568540171
41  13 1493137329
4  48 1164406769
28  6 1361652953
27  15 1740016508
32  42 1059626242
41  35 97534387
35  24 638566756
40  0 1298027787
28  4 1939000331
36  47 1985917003
4  28 149564929
43  34 1733971547
18  41 1757025047
13  9 755064968
20  47 160657646
27  19 1633681615
13  49 1212149400
44  20 1343030570
21  4 1190084632
27  32 487769355
12  15 516257688
33  35 247233327
48  45 1155368372
21  40 439268354
0  12 773092617
40  47 1985220466
48  32 1288760469
22  2 237900157
0  5 1181664500
17  1 661726895
14  39 1382915062
45  23 1687335315
27  17 2078557692
19  31 93352641
39  41 1760528768
38  27 1565898553
33  27 1199056583
46  23 1678091437
38  34 1501663637
32  24 1128070289
42  47 1514820869
24  45 489918426
36  16 924859960
27  32 523969176
25  1 1922067761
8  17 381155114
44  0 651339355
19  22 1266887872
45  1 1719937131
3  7 503940509
9  32 56002782
0  25 492596479
48  43 1072734311
34  39 1200199797
42  34 2012803707
32  6 1431384065
29  22 2099049894
46  0 1183561837
17  29 1786933947
33  47 1154010913
6  26 82028228
43  10 1669054777
4  16 889422699
45  24 576349066
44  16 343106666
15  3 1315038646
20  28 887435431
9  48 854320675
30  48 1251853653
40  15 2094328983
41  32 2001553166
25  34 273665631
2  17 1888547184
46  14 262672243
49  0 1240481997
14  27 1220946067
12  5 939869251
19  36 1029629033
22  23 1500829244
45  22 946978382
10  34 819557884
48  26 1870310077
36  32 4522676
15  41 65682517
2  38 337031626
19  17 1618014396
40  24 1693728954
47  48 519045112
42  11 778486186
33  13 1607425745
40  3 1420177876
19  12 346095336
31  35 1711635945
16  21 1784434030
29  35 650729788
43  4 1825604447
12  3 1004023473
27  22 435847685
42  4 770068365
36  30 1464793924
19  8 152387046
44  26 134388207
1  34 1613768845
40  47 1130900587
10  12 725777039
15  42 715891825
44  36 1455577448
10  18 153698877
