1250 50 23 11
36  45 1957119976
39  4 1539681472
16  39 937947075
11  41 1557397297
26  3 758038419
40  43 1301143594
18  32 1527994129
36  32 487105969
15  42 1530128223
31  32 1973774783
36  43 661130267
48  2 69330515
19  36 792091016
11  8 1585601969
46  25 499274105
23  34 226183684
29  30 1843111269
1  13 653541511
6  16 993722440
11  41 613716962
2  11 182850504
35  43 509481838
32  47 360546501
20  34 922144653
29  8 836166055
42  34 527579585
21  32 1612797945
18  32 1256062742
37  29 2040283010
47  10 1210548261
1  4 1732114553
15  10 1472224701
24  45 2103679867
49  44 532027127
14  46 566914481
20  31 1892721457
29  41 1775041804
28  39 378377281
48  19 603535429
4  34 1312244587
3  26 776216898
33  0 1114988611
9  43 70124803
32  19 157540292
6  39 441232645
0  8 1107158651
4  49 219674086
20  32 1174517033
24  20 1114505657
48  25 113725370
38  11 2132145651
5  4 2058932878
20  3 803463728
4  15 228118260
10  25 1088917004
41  45 592970484
28  15 1841578957
20  4 1250301410
26  31 26644075
32  20 696243312
47  17 1592407338
45  1 1504045697
43  23 566855758
43  15 773311190
30  8 1311142248
23  1 1719829580
36  1 1866761603
48  21 1748667059
12  38 822091911
45  20 728762033
23  20 817451280
37  20 1975394868
2  42 448114719
20  6 27422358
33  25 1640093271
10  31 15026552
10  18 1128331443
12  23 1033253287
12  37 1198462766
14  48 2067309269
44  25 589834593
30  41 727717261
9  11 31675027
36  0 992702014
45  42 2093821712
42  44 1630878487
34  11 767281717
32  19 390233691
2  15 781442356
42  28 1743199669
17  3 11077319
15  47 1040752764
3  7 519796303
40  43 1059015357
46  31 748916246
11  38 449725059
0  46 1062187047
43  37 160751858
45  46 328108164
30  43 569192929
40  3 2030890010
10  47 1658564716
5  11 931959473
21  26 1410884445
22  35 252048744
47  40 911489603
16  13 1023573247
17  24 1247013006
21  2 19221113
43  35 1346411454
5  11 989041924
46  47 638730057
49  47 1512214963
9  18 1062146690
12  18 879847926
7  9 929071480
16  25 1405666922
37  47 808332330
34  44 1563088058
23  42 1839281455
32  14 1468878012
35  16 1611322164
26  30 173819672
44  28 19403744
22  15 1279148266
5  9 1002363392
21  11 284956428
39  37 1514797899
29  25 1099243958
48  35 1090000482
5  47 1006463214
47  26 122672040
23  44 1975467679
21  20 1396913894
42  28 1714269837
30  43 943661942
10  44 585127958
7  17 207787092
44  45 993453392
19  7 626080133
15  2 1097642496
20  11 486210990
27  20 1527841525
2  40 98080794
33  14 1299787437
20  32 1567560215
44  36 837392707
23  27 1048159652
26  49 291812588
10  38 569196417
7  14 1554122976
33  45 1648803226
30  14 1638380820
23  37 1581109801
19  8 1633574043
9  40 1711481222
8  35 526564062
34  35 1904787134
7  43 429114409
36  9 1350836349
26  2 407539294
6  17 1297755689
37  48 933106922
34  46 1201639874
27  14 796383600
30  48 1967360284
40  35 205776278
17  6 338576924
45  24 1049663909
5  22 1299058626
16  8 1269976142
47  28 705318308
16  9 1842975472
38  13 1485544517
12  39 2049430229
0  33 32258347
35  38 1153990773
41  46 867243040
7  37 1209497934
11  15 1888022753
1  9 1854849075
26  32 1108572506
34  35 634060438
49  6 705033171
18  20 1696941469
33  5 1162957839
37  7 190332196
14  46 1006675761
20  45 922211558
3  17 1537259927
27  24 289166951
25  14 22541276
14  25 904640325
31  42 1401493331
39  49 1953102921
35  31 1945944077
44  36 1970073317
49  18 604149049
14  49 23638284
37  32 174125032
38  30 1584342884
1  27 641782286
25  34 525636413
12  37 664128883
29  15 1155563409
6  2 428054513
21  18 1927604306
49  41 2086267590
44  0 682420017
2  3 1738998499
18  17 1772596085
46  48 1788991786
49  2 759228401
41  7 18121997
48  44 1896013436
11  49 310710864
27  13 1160718073
3  2 1406492604
3  0 2072020556
24  41 1023655242
46  29 2102853664
1  45 1505832886
14  24 753549136
45  10 497888620
28  31 515043029
40  22 615551787
12  3 730818623
38  40 2123189623
36  45 706091945
10  29 765206372
33  39 1136913981
26  42 827381374
41  44 1336245299
3  5 932135440
42  30 1974545543
41  17 1145651325
10  7 1748086370
2  11 1464607975
43  7 2055253701
22  30 1931620818
24  28 1496075252
49  34 221654139
15  24 1806286249
25  35 1077166492
49  17 792212472
18  29 929155117
4  12 1214081518
32  15 1707976656
38  49 1348847066
8  22 1414323973
40  48 1891216963
42  44 1719866950
16  19 85939712
26  19 1369349581
32  11 1415557357
0  26 1210028799
45  9 613498097
15  34 1369911303
33  34 505420694
35  37 182156685
28  26 1746060324
38  0 998988837
42  29 956868849
7  42 640715074
21  29 1188283717
29  5 1944920279
22  29 470567615
10  27 2133669995
13  24 718188839
13  28 1443636762
20  24 983700525
39  48 1412981140
1  29 814728064
48  22 1007153642
35  37 371055755
15  49 789079816
33  24 658102107
37  4 647891323
15  16 392221574
45  40 171717705
33  20 577309301
4  15 1493724281
7  1 264274730
13  25 1849219988
46  24 1715286378
46  33 217868987
24  31 1384662639
28  49 1909683938
41  18 957800247
20  4 764436455
8  15 1776324051
21  2 1697559347
33  40 504571033
41  48 513256851
3  38 1037501607
22  43 1088569073
44  2 1592278546
17  10 328534290
30  27 596780536
36  14 2107497999
18  12 1102722187
40  14 1060525416
13  33 1239215050
39  38 308797423
23  26 1970041002
32  37 196616101
34  0 173376100
11  40 499660741
22  33 1360638867
6  37 1932913614
2  12 377504326
26  33 1641103313
8  6 11389737
13  14 1175609143
17  20 496140371
11  6 456342162
36  9 554893567
47  40 1387095990
12  25 132629905
21  49 1241040019
38  23 1988876323
28  34 1150817997
41  2 1654639745
6  36 1635072561
16  20 1155811462
10  1 178995592
18  39 290245335
32  42 253025452
21  29 1030657698
0  12 1932106007
11  14 2101637945
36  5 586561057
24  8 2112378595
43  38 1313457563
32  4 1714832474
16  41 220935318
8  25 987116867
31  42 1708392337
38  7 506456292
40  5 307234135
8  5 484434766
15  24 1353826971
47  30 1307375084
5  10 1468062457
42  26 1935634298
36  31 65362864
14  30 1440316705
35  12 1046488299
25  27 671329010
20  12 1913801835
20  21 1601005174
27  21 1436419212
28  33 660357865
9  20 1383978726
26  2 2072770978
32  38 772604918
49  27 315071786
49  0 1883000433
4  43 189721949
49  29 1939213606
1  32 398552247
31  45 1791170425
21  22 140899784
41  18 1780950831
27  16 1077496254
17  8 1170678244
46  40 1357027432
21  3 1756575899
31  17 194779102
28  26 1322013561
38  35 1935553692
40  22 1702263376
48  13 669108617
2  16 331075888
46  47 1258758280
39  9 1811645351
0  29 1326229701
24  13 502333609
43  13 1340487560
31  14 49316522
29  11 1703136101
31  41 1456856023
31  7 776947743
9  38 1044864822
7  15 1646996543
16  44 268300082
3  5 412153571
32  15 1660027660
27  9 638747264
2  43 1421309562
34  8 2031546384
5  14 193531488
49  41 323067012
11  3 927026824
2  31 411811759
1  14 1291088832
49  13 1225353158
30  46 2119126176
10  26 1105174761
24  22 492776456
21  42 912238820
32  3 1553311199
30  7 841883714
23  34 1922714335
37  46 675999805
39  29 614259520
12  18 749806087
0  14 1577630263
46  13 1189682164
29  46 1921558186
18  19 1309913688
36  18 1593075978
15  47 1068679024
40  36 24699909
4  28 538419725
44  30 950807724
49  6 1200740933
39  33 855186580
27  39 973956836
45  33 317770607
40  0 1235589197
19  21 1348807233
1  2 2007941422
31  8 1648684438
36  22 759330666
0  18 192708600
4  46 1270495405
30  32 1145033494
30  36 1217390621
21  27 277323146
17  18 1334152450
49  12 1448804524
24  21 118648193
3  30 735360180
9  32 1796262988
46  45 723059908
26  18 1624515936
39  16 538459827
16  32 528648624
19  35 1723438527
34  17 135855030
10  4 1597479605
42  13 1996148686
45  12 1506278704
44  30 162909113
22  29 1824222238
44  39 1958518704
3  4 1013369178
4  38 651391972
47  3 705131850
20  4 2123366864
2  0 22289988
42  48 1337769622
2  20 38674941
9  22 167850330
20  25 580558153
40  45 1066088249
4  20 700240163
35  2 753923700
41  20 236678870
38  43 708810759
45  49 1197245168
6  42 199731060
41  32 181576179
48  49 513500519
38  47 2131521258
26  48 151731439
18  14 125223768
28  4 71411845
9  11 468965425
4  0 60974342
31  5 432025044
38  20 1679701521
2  39 519063952
25  46 500144346
14  7 1188584742
35  5 649579037
29  42 777435484
35  33 1570152147
3  23 1204740813
4  11 1459703983
23  12 1159468737
19  4 1847012758
2  19 1074507468
21  8 2130704202
17  7 1160024839
44  5 495509239
23  17 1853557149
36  3 1799508018
10  42 226666412
3  4 1465414833
17  7 746211742
13  42 204754729
39  23 277930182
47  10 999250878
30  26 803525472
32  38 356041172
26  22 1043582998
42  38 1083915245
4  44 1692719853
37  5 752754629
26  48 688499164
43  38 316387509
10  33 727436926
13  28 799127315
1  2 1407931549
1  21 2095187663
44  31 1482267969
25  33 2031676897
15  8 1925245977
47  16 1428469546
11  19 1999235977
12  3 1839151097
40  24 962527903
6  27 1879834692
20  8 1686541518
26  15 1157759687
42  34 547648331
0  38 2073742186
8  30 1066194388
43  21 1018849132
25  36 750323641
12  27 1700976182
35  36 1098947490
0  2 1203991542
15  33 1133807051
8  46 909904837
2  11 629912224
33  11 126929010
48  4 671153225
7  3 417159203
2  7 468645207
13  0 1828045025
9  7 1447529004
16  46 1686074041
19  17 2136375215
34  48 1726993207
36  7 1128490705
49  30 109047785
30  25 1666750085
37  17 2107299874
6  11 383530643
46  7 2130088794
20  35 204789585
16  3 936305015
30  8 1500376957
44  29 1974325644
36  44 277022005
48  49 705354739
10  0 2049568749
12  45 2129448985
7  16 1612003941
11  24 1749900662
20  36 1592955621
49  29 1005727957
47  45 844983955
32  28 1450178350
15  28 941306652
4  9 1958393347
49  21 1824085520
27  23 416098229
42  35 1957443098
9  49 1396369927
7  14 790268952
13  0 1492969987
49  41 1741361329
45  25 1140832124
39  13 30822832
22  10 1115782273
9  37 230722516
24  35 1283242041
42  18 1735546284
6  41 1229511204
49  46 787657044
12  25 25502467
48  47 1035209141
10  22 966253488
14  25 1087081325
26  11 1443045161
14  40 1574825558
24  29 1394196002
47  22 606196472
26  12 1046677094
35  11 53236492
33  22 1793291500
27  42 1817120422
16  19 1156137512
35  41 1248497691
10  47 848302199
31  3 1704694566
38  45 1788035167
34  37 189197749
21  29 1301184966
47  9 1634666272
33  42 2128875128
38  23 1632209846
37  36 609541999
22  45 1993879832
36  24 418527629
38  44 306744395
7  46 1749051822
38  34 406644651
12  1 720714270
39  23 1451546256
4  47 1338799510
12  14 1997670212
9  4 1682101168
47  29 1604236090
26  41 1796445816
24  12 2056407564
27  5 164194506
32  27 353179543
28  35 52467907
42  19 713281816
28  45 203396572
11  18 691403262
40  30 1231796682
20  12 779390148
45  22 1182369785
13  0 1587611005
5  49 1268011923
29  36 593813257
22  11 258643401
8  23 462065393
27  32 820621109
26  40 405334251
18  40 356045715
40  49 2013757419
49  24 1903268435
6  0 888099310
45  37 2139998908
2  43 1061115400
39  26 1525224052
37  11 2128678877
45  9 942511420
42  8 1980664067
48  41 886626080
46  16 223585155
3  8 904283176
29  16 2117318680
33  26 24224971
42  27 928346315
37  29 1998852293
12  20 130909899
40  16 205227185
16  14 99313179
28  42 353966757
40  29 1508567667
13  5 756591743
40  8 600003316
16  47 1976726776
7  47 257107074
29  4 347101372
33  43 1090890427
37  28 1639040211
44  2 1171899591
15  33 184554273
30  42 1962400272
33  41 1566964633
26  3 79973565
36  14 267062515
41  26 316456245
32  18 178780461
8  43 991474590
5  45 714681720
1  32 1685840799
15  24 1637977621
18  6 834587843
34  11 1430225842
36  41 1939336844
16  2 1384537027
27  41 1331627590
7  11 1449232464
36  32 657907031
37  41 1842484385
12  16 1678676854
39  24 1675409337
25  20 1698044417
17  4 1173488936
32  28 1473184172
24  12 1676974954
34  36 108642610
47  46 1942355165
29  2 1106451543
6  33 1634274563
12  9 2073234934
49  33 353821062
31  2 82219499
6  39 1885578104
25  36 925561649
48  14 1515235638
48  6 1677185704
31  27 1982830357
4  22 81997093
28  43 71245157
3  42 423024886
19  43 1067340041
11  10 1209153177
11  27 676855059
5  25 1525289430
32  20 1921060046
17  36 148771741
34  22 1207390108
36  19 227341286
8  33 282848360
3  46 750257230
13  36 665075607
19  5 1416386779
17  30 232381611
30  34 346182085
28  12 1204027665
11  19 230317396
22  33 1702390995
4  10 2080637140
11  15 1198404711
1  15 380290699
12  36 264443345
31  23 1312791038
23  41 1933239647
36  4 222947556
40  6 1509160330
24  34 1275292303
16  45 408170000
13  16 1931281537
15  1 200059783
9  16 674543340
49  6 321488521
37  40 807642348
6  14 682786544
27  38 1250381729
22  14 1968929415
5  20 1266525682
17  33 1404228354
0  8 667615630
2  1 1382929321
20  22 1539820989
17  9 579008271
26  47 597859374
49  43 1306155245
41  15 2041139397
22  14 923302743
22  27 1462036610
21  34 138876792
5  30 172590118
23  21 2028371637
23  19 1257612777
19  42 1629621331
33  44 1160467986
35  39 1635807193
21  14 911276413
38  9 2070324994
47  1 52383846
19  0 1111380888
43  38 1616589688
8  21 1698833873
48  17 1041436627
34  14 1631180354
22  35 1111243728
45  8 597725853
30  24 331765238
24  2 165020186
26  1 248048403
15  16 355212664
37  14 873589309
24  44 1997345819
11  18 180924836
26  41 444239544
16  46 1938516925
40  9 1401185747
22  48 227823344
15  35 1448668797
19  24 1858294903
34  6 521367647
31  18 51459946
2  22 1298732444
26  24 91708315
20  36 748453157
21  45 671431655
30  27 936154210
47  39 497805853
49  36 2086155628
41  32 927742831
2  35 1602820555
49  34 489682159
30  42 1707802981
48  19 27858426
30  36 1044463949
8  31 577973874
22  47 738006325
33  9 1678461690
15  29 182864554
44  9 1762585275
12  17 1257637759
22  29 1249479861
16  46 2133229939
47  18 1552579610
12  23 1716653784
28  34 221090141
2  26 1004029137
11  40 1492741192
33  19 112602708
14  43 1583339658
23  5 1601108466
26  34 1895196922
3  11 2051965994
7  11 2109153659
45  47 70693206
26  23 19300427
18  15 1747500484
20  38 904912553
3  23 1954317744
25  33 1847545590
39  15 977658246
28  18 1672749109
39  14 1689762680
3  12 663172024
38  25 1845506545
41  11 710172905
1  33 1125834075
43  10 440227255
18  23 1654472098
15  6 149859496
3  27 964345409
5  13 1809900984
26  33 2062379546
34  26 2001046142
45  24 1195231826
6  25 1368163702
36  13 1033801803
28  15 1665314184
37  41 585165542
27  28 1838714480
36  19 754796288
2  33 368583280
40  32 1358873999
20  18 1567099352
18  11 1459530170
17  46 1179562809
17  45 167419557
6  40 272415278
37  10 629165647
33  13 277099818
45  3 724440994
26  12 1945532091
33  26 100922573
34  8 2045704089
42  33 1426238607
17  33 1139331750
1  32 943167064
14  13 2067243314
1  19 1119485248
47  18 201479858
48  3 225828900
43  4 778689529
30  25 784067250
26  21 716773517
19  30 1101792705
15  3 1495756791
0  16 1200219996
32  8 2007477309
9  4 1554402105
1  48 2046334271
40  22 529971314
44  36 1451084484
49  36 306796606
14  15 772891024
36  12 508831648
1  13 141230043
39  42 232295226
49  9 1590344259
15  47 502303557
42  21 1896776240
27  18 1234102825
17  39 1692867637
28  6 1575654138
13  17 1175927964
24  2 2014692557
30  36 1337237091
35  12 1618211910
13  29 713364926
40  8 1651051284
34  16 796468977
42  8 616305574
10  32 970931772
24  43 643132815
19  32 1514609630
8  23 1069423632
28  30 768112806
4  9 1801574359
46  15 1052614406
20  18 1853189245
28  2 878877842
5  35 2005398700
23  42 842292213
7  14 1293555623
44  16 1547329076
11  1 662249438
11  42 1655608269
20  2 232104463
26  7 1972428957
42  12 1316029069
29  27 922730248
10  42 684040775
25  44 1698902356
5  40 1585131416
21  37 1032886655
23  4 418024759
29  2 779091722
35  31 856622976
17  37 217273934
10  42 1078334968
13  8 1963999213
41  32 264340259
49  27 1589925047
4  18 230226179
46  13 1213075629
24  22 1683588357
49  5 172088234
11  45 773555607
6  40 1979519290
18  16 992715915
1  48 963918866
10  40 324766574
46  48 1010913868
28  22 1997629840
23  18 89327227
29  36 2059149165
12  39 1364575529
3  27 481320613
33  4 1993139211
20  42 1816174065
31  22 1018702800
33  6 1052793050
35  43 14052029
2  21 987288052
6  24 1700585146
17  34 369186006
32  7 181024192
24  12 1406434483
27  22 129499213
10  0 1281894426
13  48 1699696142
12  36 291619459
17  22 329807430
24  6 110814801
32  36 285341658
17  5 351589048
44  6 1280369762
46  10 1042189663
34  37 1970041974
19  39 747442905
20  47 1312744758
4  38 483160834
46  29 1017246162
30  33 1570200556
3  48 1998419507
21  44 649428818
35  24 1999539835
20  0 1899862915
4  11 1350524277
4  40 181522755
10  11 1781048725
22  10 366458750
27  42 1246636653
16  28 399319263
41  36 804602165
31  23 293279979
21  14 2128726259
43  17 1106159106
5  43 1722013572
34  29 1151523651
14  35 1916608688
23  29 1449534885
10  31 803164515
17  36 1724695066
6  11 702909144
3  0 1509719553
3  17 352892769
43  45 813126294
23  34 1225833481
37  22 2085138368
0  30 247004602
48  25 1087838537
7  1 195267786
12  26 957494898
14  4 859012697
41  44 87489047
46  12 1086276497
8  29 2047854842
26  25 1562353287
42  14 1688602324
12  2 1743323354
23  4 1374776211
41  9 1173225084
38  14 1069983746
32  37 198330321
28  27 1616420624
38  16 451603377
49  2 1799214723
49  4 908543846
29  12 578265404
24  14 2100716178
21  41 959646957
36  16 1443620343
14  4 1513022278
18  38 2048528913
36  49 568215659
7  20 414799134
11  44 95914781
27  47 188853753
16  29 1693473965
16  31 699862344
10  18 1519136276
42  30 1245814193
38  13 181149262
41  38 1084894273
18  15 158090483
16  48 1057550793
1  43 1211780812
22  24 537187305
4  40 2113672482
23  49 1123556338
32  35 1747274981
1  16 322590625
17  19 664349971
33  23 883128532
7  18 1738631462
8  19 38537614
41  14 2093888777
34  19 163063885
45  0 2044922550
24  39 1479476117
9  23 1588783575
28  39 1486667342
19  14 518002500
0  24 948501465
17  0 620334248
11  14 2036654861
36  39 1740005073
49  45 2070427086
30  34 1820510556
7  34 1323770172
43  37 1597797186
9  8 337478700
22  34 1029314190
31  0 1740548941
30  17 1011821680
6  30 1448866174
30  26 1926000975
16  44 286843352
27  1 2054219035
3  26 431550996
19  28 1255445053
18  26 1185446204
48  39 2049243807
44  32 237458039
45  42 1847071295
16  4 388736823
25  38 1351322111
25  41 89257791
18  47 2031943320
35  23 1274068738
41  27 2011913509
5  28 520698418
42  41 192594672
11  45 1731594038
14  47 1006790155
13  11 103545169
49  46 152558888
3  48 1666538965
10  4 1197698019
37  11 2044869166
25  1 742158585
4  31 1873243668
43  6 444922757
49  38 1113458635
41  47 1847572091
9  28 1690687577
22  34 2020610481
36  27 1402803060
36  34 654735517
11  48 1188032259
26  12 1893725494
44  37 1009947611
16  37 1199446799
45  29 1367297515
22  15 1673363903
49  37 1459586039
30  21 1200759174
5  38 76665308
33  43 912513197
49  4 1863237229
18  43 69492135
11  38 1428833239
32  31 1799016891
26  28 634985154
5  3 2069654356
43  7 2031073182
41  32 537284675
33  11 1612521683
17  9 129307240
8  22 677021015
36  48 1229852986
33  47 671296761
45  33 1206221944
2  10 884121763
7  2 1416667513
42  0 2030909504
4  26 2076644610
36  14 1938606754
20  24 1443126067
44  46 1621119623
15  4 37591980
25  36 1214992624
8  49 1529279285
19  29 1376964810
45  16 1251315944
37  14 459752739
38  1 618833584
36  25 1678133694
12  38 967886251
4  9 1967340376
13  6 1748184984
39  12 973022314
42  17 601773615
18  21 944167857
22  4 1736121162
9  15 339837495
24  34 1730397262
7  17 1721455178
38  30 2143197988
5  27 522600899
23  44 4262654
33  8 1551718191
22  1 118436600
18  23 824886850
46  28 40903585
47  26 2131569005
9  14 877506969
1  0 429160063
1  2 476370843
43  41 540081269
42  10 375243429
17  46 215652223
47  13 1321417357
46  4 1251183818
10  20 939522150
0  44 1464751076
40  46 242281280
22  31 1324792202
24  21 1336903588
34  15 1989633118
19  45 304798219
12  30 2145276916
39  12 108935979
38  3 752627998
6  5 1028140111
27  4 1282222403
22  44 1068424696
20  19 82772048
14  7 927990937
49  24 1221780713
17  47 2133367574
48  37 2101717603
27  16 1412861874
23  39 135714056
37  17 1551822975
11  25 816601034
13  37 1266309365
28  48 708035240
43  32 1330090572
43  31 2053275222
28  12 1952138553
35  32 408501264
30  4 720441618
25  27 1253633556
39  34 1045998948
34  12 1183928447
7  36 1866440265
12  20 1298554618
44  4 966866588
40  17 1745537335
22  1 656026366
17  48 2013756017
4  24 466093967
22  9 1272973949
16  19 451588129
14  7 161607763
11  3 1851393122
26  39 2061096205
8  43 836791502
23  48 368752604
33  12 1696449989
27  7 1190169218
30  34 931052578
26  40 676004496
24  40 1563429272
6  3 1776219403
32  33 349110342
47  36 1455620577
7  25 1304397625
26  49 638086599
23  34 173121585
19  33 1108973729
2  33 1455734545
37  24 340619110
29  32 2127116270
47  25 718736453
34  8 253441404
25  0 1232375623
1  46 679314109
44  46 972915528
4  30 1144109050
16  1 501495386
44  34 843640768
3  8 1882076106
5  18 1516621526
9  40 80968709
14  41 674185470
45  22 666189651
19  30 744364787
28  42 478117677
48  33 2079903197
17  23 1839190284
10  42 161460585
12  0 1651602604
15  35 2080459025
6  31 851567659
22  28 1354652337
22  8 1976410704
26  19 539760942
2  26 4716330
42  32 162505281
3  1 1486950502
27  6 1401389538
8  2 339338280
1  41 2113196608
29  8 1851736053
13  11 2022107216
33  24 1363195103
15  36 939061007
43  6 1005725852
1  12 419413673
25  37 960052939
28  21 806288014
20  11 1570878606
11  33 1376793172
18  43 842248243
38  13 1441531657
4  31 957990944
