1250 50 12 5
7  5 1124530779
24  12 1244403182
39  7 230838396
5  44 333398386
18  17 570185626
8  13 1773890561
30  7 223104959
48  5 1561146185
45  19 1467504887
5  38 1899501802
2  24 1209752372
25  8 1948966319
38  28 246936467
0  27 1782189904
42  45 1766563979
34  4 560392366
16  11 623842762
34  19 893433885
23  32 796462731
45  21 1675347481
0  48 2124203078
42  23 1120137907
20  37 1032078161
11  47 673507016
13  42 1575051073
34  3 165858061
34  28 322609382
31  49 417126315
3  44 1744501295
36  4 1835642933
13  18 1540107239
2  11 2139002605
29  20 288045291
31  30 72973669
31  9 188771786
36  49 1976946391
47  22 856398357
17  28 433100238
6  19 1193243059
20  37 308101372
48  11 1763174443
13  30 1988601388
34  27 1341978439
42  32 686465226
4  25 1904277001
41  49 507637855
47  27 1062211178
36  23 1838110090
3  35 45731145
19  10 1236435078
44  32 725189433
38  5 2115721382
45  42 1066084103
27  12 737221519
45  20 1673677070
37  39 1439635095
9  40 1365096954
42  32 838936074
0  41 1995574294
49  9 2002422328
21  17 482088932
30  11 497312452
13  42 1576768348
9  19 934262966
29  2 1705625308
28  24 451330063
40  46 681822993
3  30 191765449
44  33 1261590531
28  18 1505106814
44  26 406056308
28  35 736691695
47  27 1576356536
31  22 69249583
20  13 81493716
6  3 1606034607
0  48 624661641
9  3 2090573249
6  0 137048934
3  37 1258240348
5  36 1556102980
27  21 1977445768
28  37 1417860412
14  40 284371554
20  27 804668971
22  10 830336354
29  26 1657248303
23  41 1733685032
10  49 184953758
25  38 1021091766
3  49 2090530572
16  27 1051189105
13  8 825813825
33  8 237980289
4  8 37171731
16  26 1773101521
37  16 320679209
40  42 210779063
5  31 1669127311
47  15 403122836
9  14 1035704302
32  12 1097916034
46  17 1850549141
32  19 392933286
22  39 2058700376
17  29 32008809
30  14 1437032378
18  6 484827272
43  3 1100722921
18  6 615829585
47  44 1047953412
30  47 1494832215
27  34 969763220
16  49 1938742942
4  9 2024810547
16  6 755460243
14  33 1724688366
19  4 1714861144
40  44 168107186
49  41 161182462
46  30 1596149944
16  5 604519253
42  21 1981486989
38  21 89891426
32  6 232718206
16  14 1359260598
22  35 1000086457
0  31 954036616
46  5 661655778
21  24 1773144977
4  41 175273324
0  31 1113236176
38  17 79716158
44  49 970579406
16  20 843638426
0  39 1766524388
40  39 1277885524
6  28 1184182152
23  29 2088583409
25  16 267439960
15  38 1332179469
33  4 2048312999
32  40 1169295940
33  30 669150656
11  29 2015182186
22  29 1553700139
44  3 163777304
33  32 1177735897
21  42 172475635
45  42 402343488
37  39 1919383732
21  14 38208157
24  46 248097724
42  37 1475894993
24  18 1596496763
17  30 485728861
43  47 1753747293
40  2 554656654
46  8 2126174572
19  45 1902240196
46  45 675019286
44  30 813930757
32  11 181159351
41  46 930451350
39  35 1209653864
25  17 508971026
10  38 2120432180
4  46 39369188
1  46 1546619727
40  32 107972457
29  24 1941990617
9  23 1047475584
9  0 2017944290
18  21 532348219
42  46 1871631411
44  0 399040670
25  39 1892074753
15  29 912942482
29  41 1025220586
27  3 1600084268
18  34 1744617739
3  8 1201406163
28  7 217521611
5  39 742707063
0  10 1676936981
21  15 1543340758
28  6 1569931410
1  30 1847542297
8  17 1722596294
1  11 1249123116
36  43 762094883
49  4 122738907
28  36 181171958
33  29 1738506451
34  38 1496384524
35  48 1669287167
26  12 1946571633
20  48 418993526
12  10 53816619
42  43 1366436849
3  48 491591205
49  8 1711439710
15  28 1787369344
45  41 156542017
47  13 965283915
40  1 129503705
16  4 1966955298
45  38 886071202
42  15 722866932
42  20 1343263629
34  28 30655269
46  36 323187496
10  42 316565953
34  27 1804058377
0  46 169179092
49  6 1958737712
21  15 1319945949
9  32 1476822903
3  41 1532693983
19  21 5622091
18  16 2135736287
0  2 757760986
22  3 1844124280
34  31 103009718
13  44 1764758210
29  7 418719212
24  26 2101417473
45  30 1308816290
37  32 1022628051
28  10 1071371229
7  11 335922088
45  37 319777476
24  27 139852523
27  35 1409596442
0  39 1094756563
25  7 1000242074
18  38 1573013081
17  10 1608679239
49  26 2132641326
42  37 1532277998
28  42 528113242
45  47 1678631601
17  48 1453213754
32  19 1572154282
19  9 1131947435
29  5 2038968436
36  8 99018415
1  14 1532703062
6  7 241033944
22  1 826256658
36  35 12666834
17  6 1971516152
18  11 1897907340
48  38 184943053
7  31 259901562
6  9 520557260
5  16 199559222
25  1 144862257
47  31 1952549619
43  15 518036100
43  15 1924494467
26  6 71776576
15  4 46363892
20  3 2129896085
48  47 1352238411
44  21 479477869
33  49 1971628966
29  6 596185295
11  2 896037148
32  45 409476509
19  48 626023766
20  39 961753910
47  32 1419968993
39  11 117059735
10  1 1219527950
22  21 936958352
34  17 1731439681
43  32 1397940597
37  35 1826661874
30  10 233845005
47  14 853115359
44  15 318102099
24  37 381667796
8  12 1562703032
23  5 831002043
30  32 53479273
48  7 2074005500
12  30 2066368195
16  39 2118672849
2  42 966354742
10  9 1154238409
27  3 1990073161
34  17 438845366
1  22 1001753681
25  22 1831388926
46  45 1709391307
39  40 899872619
43  34 478414718
18  29 456661992
25  17 2002779507
34  25 1134904310
17  23 923021596
44  6 684598128
41  1 918594839
3  18 1307748019
14  24 1393383721
24  28 1049224260
14  34 1292147887
15  8 570995730
47  19 1791969963
28  5 1299446936
16  29 2145686211
15  48 1456083948
42  34 827952344
34  48 973310791
5  21 1637659441
5  33 179302754
30  26 362658640
7  43 1343518493
10  18 1721122012
9  0 1333129790
22  23 2000376952
42  32 1668864712
37  11 1045054171
34  12 1003195153
44  33 28396995
46  15 1668063090
26  45 993498876
45  0 1023959651
17  19 891690400
33  27 487096020
20  6 511186440
27  4 2039121270
17  40 1201016415
5  30 1394286957
27  10 1910403976
5  9 1368810462
15  2 44119796
19  39 1115703003
31  12 1699693930
25  17 1437101858
33  47 901314436
5  35 688686134
31  20 16879125
14  19 1608069939
22  4 1865560684
32  1 133530105
8  37 305679481
2  34 812979096
16  39 43696267
25  35 49639130
46  12 1081755796
48  17 492200989
28  46 592054331
27  19 431664381
6  40 1336664912
10  15 312542397
16  8 592262356
14  16 1781925130
1  5 1452254375
12  23 196345813
24  18 165891060
10  35 1845485762
36  21 426143115
17  25 2133213093
33  6 2023574280
9  41 833900249
37  12 656247213
32  21 633974909
31  13 617606503
36  10 1315857793
22  36 1725481104
40  45 245902462
15  4 1835354544
9  13 525810875
19  29 1557374790
30  1 865088183
45  15 1789910906
21  25 723105531
7  36 1290124185
25  22 727285518
38  44 725179868
5  21 49863083
20  18 1046862463
33  26 767305826
26  22 1533705034
26  46 680810000
11  47 1466754196
17  31 1412851825
9  49 1914529590
9  3 1253569241
28  26 2131420690
2  1 924515593
21  20 425348648
35  40 1283354648
6  35 377568666
11  37 1917741367
42  8 648285280
4  46 411896406
15  14 377822501
21  10 1163639662
2  8 1823241128
21  45 870818665
3  12 850550146
25  6 1588947351
16  24 1128791022
39  17 198157976
12  13 852836192
28  16 255486889
44  10 583772636
10  43 244794992
40  34 501247641
44  48 1163279785
31  14 1397410586
42  46 656104859
45  39 619234657
1  27 1096721647
30  35 979937156
25  34 1810371838
42  38 633531968
17  47 1650592588
6  44 1836627155
38  42 2107053953
13  36 597971847
42  2 1124045385
18  34 1931434830
20  14 1942017639
35  42 567920798
13  26 2078210041
44  36 587701648
38  19 1862277532
39  16 605524847
44  15 607709628
33  48 1988649635
37  21 1549862844
45  12 136974586
43  41 1207451531
11  15 22299862
39  24 1677451817
36  42 654556004
46  31 13063769
37  39 1333844709
47  15 1544326306
24  41 930174880
0  48 1827210662
49  9 1469578798
23  32 1920110854
33  49 727468257
19  16 2118166186
9  1 949388637
16  29 1613171980
36  14 1556878225
21  40 879469019
21  8 41794742
23  20 1896739597
43  40 1841511202
28  13 744934325
7  44 899425536
42  19 488568675
34  6 475179388
41  9 1721026625
45  43 1644159599
14  12 468804400
34  18 376816567
9  29 1578541784
45  2 1651610013
7  45 1835142249
37  10 1669119783
14  3 1931850096
3  10 1474469039
24  46 1988870658
44  5 842577666
33  26 748643263
42  30 104260176
20  13 74847
43  44 1801729242
49  0 1463843233
4  49 1289598357
21  12 1356306053
11  34 273888156
20  24 1611323680
42  6 1220530791
13  47 1044804732
49  30 759625629
32  39 1098324088
18  25 1254523264
10  33 1246792340
21  20 1348095201
28  2 2142770366
4  37 957798755
32  38 529196490
20  39 780150175
46  33 1584406500
47  6 1946602077
43  13 245876211
21  48 1298984410
44  24 1066092474
40  35 1924941407
28  4 268779779
3  32 741814410
27  12 1865310722
14  45 2030677416
2  5 1823076808
4  42 1592246043
22  47 737243660
33  0 1534910008
2  11 1115375793
48  49 203409576
36  28 655486827
5  25 141444762
47  4 1527787998
26  35 331977166
26  9 1933802599
14  46 1722532485
38  8 1831893957
20  48 80817155
40  27 1650009032
4  26 764184999
14  15 610277724
15  32 1779668610
46  47 56430439
12  31 1180235582
25  13 804310564
2  27 1261746593
29  7 1151812172
31  37 262824910
12  29 1778786800
15  18 1413847087
45  17 446875065
49  38 13258001
0  20 761519584
46  22 1806248113
36  9 694648429
38  29 2103235341
2  14 1017944550
36  39 875033513
0  25 1661113654
20  42 801800083
28  34 115885309
28  24 2055836145
45  29 913295574
49  34 1839874618
49  31 1892174420
46  45 2106743022
49  1 846727361
31  20 2101036825
49  29 2027734593
43  11 1167209715
36  9 2063208891
8  40 36215335
6  32 851009832
31  24 245321751
42  24 1534170692
26  5 916495317
11  7 1355963683
24  37 1592142580
9  35 467620946
2  20 31458239
6  19 593368179
45  9 1505109137
0  48 290339790
12  29 439833682
40  1 1382626512
29  1 1538716162
33  28 1685230782
16  24 633641609
37  13 1160895499
0  7 1357015640
0  24 338027203
12  43 115393823
17  41 1797924597
29  38 1113080875
37  39 757577995
19  40 969099993
3  41 1757276072
19  26 2073305476
6  8 1570356708
1  24 1947852231
39  48 2110980231
13  41 2111078334
39  46 2005030950
14  20 132852038
3  2 609598472
30  35 448681549
22  20 643554400
37  19 144870014
10  3 879088004
17  28 1198579914
14  38 350678218
32  34 525289987
44  1 432443427
48  37 745940107
19  34 812569433
33  44 501102531
6  11 1578806674
48  30 969842996
46  11 516162861
3  8 189435748
11  3 555661077
46  12 1686113008
42  28 968052165
26  18 884980430
42  7 1341871859
24  2 310436688
19  15 1321598138
26  9 1589008461
11  17 1135458055
16  0 323892467
40  8 1222221189
17  5 946674897
21  17 1265461396
48  44 357542420
12  2 957979619
11  18 354155345
43  17 1484125270
3  36 579069038
6  41 1572647769
46  48 139817187
9  21 595948050
40  16 442522088
48  30 629827592
22  26 931207664
30  46 1174570611
37  3 460033749
28  33 625409192
23  31 1390827928
36  30 212057196
41  12 9647164
44  25 1138922029
30  20 713109224
18  12 1272146224
46  28 2023592711
26  44 907890797
18  40 1525039231
4  18 1234285788
27  4 633896330
48  27 1124879500
34  18 1144731845
5  29 1599594758
22  23 847415451
7  0 128108672
26  10 1125109636
48  35 275552005
46  3 406277195
33  24 614424703
34  15 770978550
22  12 1513398333
39  32 400671432
33  40 971102448
26  25 1051951256
18  42 169399033
0  14 647792855
24  14 1469966921
0  33 104488259
20  49 532933593
30  2 1240680575
47  7 1962316404
9  21 387281516
13  44 532582279
39  19 1260434034
38  23 1189929106
9  28 888725388
22  41 1999916293
17  37 504160057
47  46 657899291
41  31 579161705
38  28 1177344388
35  2 471588135
20  8 1320688335
27  18 1275355102
8  41 1691147628
6  23 1418177396
0  17 858304926
29  42 1348780183
5  33 891350787
8  35 119665585
38  7 1230199210
18  32 1620931684
22  43 305174899
15  26 515067148
26  15 1375537456
40  42 707487334
47  10 1259875733
24  21 1718877581
19  29 932048099
35  4 207224431
44  29 1996958619
32  27 916492220
3  10 1875577346
12  32 731187154
4  37 642090735
32  38 215612995
34  30 181668118
42  12 877399774
25  33 1273547627
4  47 609665666
39  35 1455253663
40  7 16657461
33  40 1196057446
2  42 1363277245
49  13 497006676
25  22 1226339148
49  19 542542716
28  24 550155445
25  28 1605276793
6  46 175214020
31  41 1356304562
23  41 1492664074
37  10 1191400974
33  38 1023554168
35  34 1998910618
31  32 447743479
21  22 1578649589
26  32 633499500
23  12 1178668495
47  9 107631490
12  27 610943701
28  24 1571738788
34  15 221385693
22  2 1419466632
0  33 1165680702
2  28 1438277754
13  38 1235333309
17  2 1710110677
33  36 1670620133
0  30 1226035195
5  49 1360180074
25  11 725192782
30  2 1288153009
8  10 690249229
18  6 1970811362
48  19 1705166525
43  48 1295453615
10  24 1892901986
6  39 713000734
22  35 1402238034
17  38 993426723
31  28 1097508987
43  31 271269261
28  46 676855198
38  39 1820624176
46  1 1327212509
22  14 1098143046
29  24 1952425651
25  45 1786454209
46  35 1182786248
9  32 1747560189
11  2 990158988
24  20 202402683
37  47 1566316163
49  46 1575935385
41  35 1060585815
27  12 2128160632
9  44 1969405718
42  22 1509559538
35  13 971762997
37  5 1995834193
4  42 2034671722
20  17 813894943
39  10 1253861752
28  35 1716623037
49  42 1914903591
42  11 541500732
5  45 335302793
8  1 814352162
7  46 733332536
22  46 1694203792
44  35 1046230230
47  34 421652927
22  37 533022840
43  9 629817942
44  9 728057796
46  5 1009803066
10  44 1212628503
6  30 954381458
35  39 1510003439
14  21 1946138500
32  29 2027447703
21  49 203205735
43  10 589510802
3  9 65666096
42  35 995389408
44  8 936647217
30  18 39926838
15  8 187895345
36  43 2098269947
29  3 610830307
25  39 1179806109
36  30 1484201741
34  28 558830887
46  28 1360669301
41  36 756756576
30  28 1907835422
44  37 1166464525
22  28 1001092913
20  8 973058550
42  2 2056745134
36  45 127757180
15  37 1577988102
28  18 533237503
11  9 2068927117
6  28 1659329236
42  14 2090098263
16  20 1834452928
11  24 595858015
21  25 1310378191
10  17 662381148
24  6 808994893
6  46 1215981705
15  10 955613624
38  17 1999238459
40  42 1386355375
7  9 311817537
42  23 441405303
2  43 1145011425
11  28 253526811
42  24 1479773288
18  38 1189459485
5  9 278225570
35  3 224207869
43  5 684264819
13  26 237321813
2  18 1406494852
20  7 331517936
45  10 1883335280
40  8 408164221
23  30 773815820
34  40 290872057
43  31 1153756161
28  34 1426962886
33  2 64834167
16  33 1264368635
46  20 421534376
0  49 562289151
5  22 627836336
4  29 727483679
43  37 259392011
24  48 1770569500
49  38 1928523415
37  38 2086113063
27  10 747170795
43  29 1167722705
45  35 932774034
49  38 1549312997
5  38 360889565
18  12 1149600278
48  33 1882696632
39  0 459210743
7  27 1439363852
49  21 1495049629
22  23 810779977
41  45 658333116
31  19 988769703
21  39 2038371438
24  40 754480362
47  48 1074525621
3  39 20049791
6  8 911603416
22  7 341704271
42  40 2092593871
42  33 1001738799
5  45 1596705539
42  11 1303180010
39  4 1124883270
17  40 395306153
41  27 132674487
16  21 471890727
47  11 1502119593
40  19 1047905775
31  10 969895759
35  0 54951267
22  20 800734566
6  32 288412126
19  7 644244121
45  34 2045597652
22  37 537919458
0  49 102630870
12  4 1029655080
20  12 945775274
26  47 513194052
4  23 485045981
14  47 186225302
1  36 13129311
10  39 55116476
42  6 650100314
40  16 2097688743
13  45 702680684
9  31 2125768586
37  38 792182210
33  24 800449129
45  41 1908874877
3  18 554759508
8  34 1285816127
10  3 1981252620
33  45 2063793478
33  4 376809734
21  33 495927274
44  45 1866763694
2  38 1189578607
8  42 1257938973
23  45 1281669749
43  31 87863446
42  29 1765137428
20  33 680785651
38  37 338739726
3  1 197150285
10  20 259329140
9  47 741988767
27  37 1682347037
10  1 1501917018
6  0 1844579898
20  16 1309819088
4  38 1611854910
31  40 1173030517
22  3 1476901418
41  19 198313005
21  10 1327005104
46  13 1924603733
0  36 80407400
30  41 1699360341
8  14 640568703
33  34 1865389533
6  37 1445736953
20  49 119398123
8  21 430373370
15  10 1680727271
42  3 44753459
23  1 294009675
47  18 450909234
27  5 2059263065
41  20 1323414225
3  20 26720924
19  25 1054824318
43  35 13517360
44  41 1990686093
23  12 1216087078
42  34 2107542647
49  47 1331386447
32  6 921416686
46  27 1796362621
5  9 754956606
36  28 653926209
10  36 1911455966
16  12 1018399120
15  32 446526999
32  24 1820906759
33  8 1963490702
2  34 75282347
0  42 2027260634
18  36 1305503865
8  41 902273600
47  3 1263561709
18  32 2032665903
48  23 1540241023
32  37 249161390
35  26 1234372831
1  17 1212755357
27  13 153921357
41  46 363192691
23  17 1040164398
16  19 322586619
6  8 1230338474
25  7 1649517725
49  12 1469848494
4  43 1123022973
0  43 29170455
26  3 284888896
29  32 1160206698
28  22 1198652332
10  21 1948974159
43  39 276390242
23  19 1410210942
21  34 356960950
25  19 1804730845
25  24 1183450257
38  14 636068087
22  3 2048211264
6  15 562520307
43  25 1155942636
23  18 349607375
19  9 1725234931
15  4 1123129421
12  0 1888921627
36  44 546152555
36  30 79170672
40  49 1210929040
9  12 2059065257
33  8 13161647
2  48 1693333452
30  40 1185834032
33  43 315656263
16  48 1164126649
44  37 2080113899
18  44 2049855575
12  21 1458061443
31  43 232635941
41  42 39554018
9  23 1417039999
32  44 1202516919
6  2 1745792633
20  14 244825554
39  46 169269252
18  40 1124533432
38  33 892962416
41  27 889733081
31  2 1905714253
1  47 216267779
41  4 1506884948
13  12 312148964
44  40 1748706780
44  38 1120473123
21  46 750941871
36  4 276722884
12  29 2097869208
5  4 614971794
25  8 867466507
38  4 1551393449
24  23 1449038516
28  2 727173817
5  34 1977793327
22  23 95856438
2  33 1784640299
14  5 1922971356
11  6 1010829906
3  48 447399729
24  38 1640281961
48  9 1778014036
17  24 1197032984
26  2 2086208136
34  42 555364060
36  48 1246451866
46  29 650969893
33  48 498040444
35  28 1048967860
18  10 782962113
7  17 1739012750
20  27 1508239501
37  48 1366206903
42  30 289412795
5  45 990385681
35  34 3436354
19  20 382801776
12  13 1240220351
18  15 820532079
41  33 714166398
43  45 1431788914
9  47 838998962
29  13 1869943128
39  24 441912429
42  39 1182152960
20  30 1418386368
7  24 2139414477
34  9 1611705099
16  29 1446629004
4  42 489285589
42  31 753847575
7  43 552349217
21  4 932546069
31  3 1420008971
37  46 642626159
20  39 780376243
31  35 1281599093
1  17 1536825802
8  19 1806837618
6  0 969726969
5  46 843186760
43  32 788440962
26  29 1551793126
48  28 1343857492
38  47 466846353
44  20 1556251400
47  45 1582193325
28  21 470970224
42  32 1217968965
46  20 158281020
40  11 1549327674
24  44 2030175948
25  41 708682366
39  9 981732448
44  28 800343122
47  3 367323331
44  26 79754517
13  46 655463233
28  16 1787881534
15  13 177438045
32  31 1802241372
21  42 937314780
13  21 663469962
14  35 1160089149
40  27 266092854
37  43 417512787
0  2 1097925728
10  5 1261212949
9  40 207730947
19  3 952747602
28  16 1483684536
42  19 1209528010
35  5 1345830614
0  5 987917720
33  44 1577091081
27  2 593038365
47  8 1547292348
25  9 1114710882
43  41 1561802911
24  17 1737053749
46  0 1651055847
49  15 1692410476
30  47 233691038
13  18 160517312
4  28 1749782992
3  5 1749175108
39  43 2023660736
5  21 1574641429
44  30 1924545096
35  44 1853657651
38  25 1993577565
15  0 2119078516
1  32 1568295528
26  1 1245596591
48  22 1304057131
19  44 1691060738
15  25 1068251002
25  48 1277388000
1  15 2044579796
22  26 1813441233
21  18 1573218343
22  29 1304585670
1  30 692944007
48  5 1033304321
4  13 544830358
47  32 1192175616
39  43 280453191
31  5 866324932
14  18 503400639
35  40 1284932894
40  15 1284296371
46  3 1932592312
30  20 1839597185
43  28 131229583
38  49 1400447982
23  45 379806348
36  5 223597692
29  42 1454250907
40  20 1183693194
31  32 2106001777
36  9 126142535
19  36 944716115
12  20 227961456
43  7 799564130
6  40 154325550
36  25 105257927
21  38 2102039038
29  4 419403982
0  18 1238351889
10  8 1543315802
9  43 910992963
6  1 280744703
29  1 553101139
13  45 623939800
17  15 12417109
37  34 335827822
49  12 294743502
32  33 1928723574
42  26 307270043
48  33 1946090717
5  46 1500603014
35  38 1382360932
21  40 2078614423
8  39 202295716
35  19 1685451662
28  46 1021375994
2  37 344978857
28  5 1151421616
25  13 2042953005
40  14 1224623239
37  18 1385158945
25  24 1131454826
36  47 1251255514
47  14 2110765674
7  0 509897999
33  26 1994175275
2  6 750709562
44  10 890717488
18  32 1170182142
34  23 69392760
33  11 1672503065
15  12 329829867
47  49 1631078454
32  2 993992887
29  21 1042432442
9  46 741092674
29  0 1299633895
17  16 1911430581
19  46 1316099970
41  3 63324759
9  4 1736138240
5  16 364819448
42  2 42577612
39  4 1440898026
10  24 562640079
9  30 1262627343
23  9 150439325
21  18 483141004
18  41 2137344612
33  9 916958109
26  6 1188765834
38  40 660573766
22  21 268642388
11  41 1765780123
26  17 177360011
35  16 1555384197
8  14 1215346244
17  40 305870950
2  3 574599186
49  5 1478430993
17  12 2084830110
26  9 1796913883
35  37 2062706097
35  14 1906146823
15  33 579845465
29  13 529825939
45  21 633409058
34  32 1425754130
27  46 454233817
34  23 1746166998
31  17 1809690099
27  20 620749246
8  15 1311090732
23  32 779783333
33  4 1655573722
43  32 1835242723
12  26 1486438713
18  7 499253143
3  35 1616017278
49  41 1426245374
1  40 2088945271
31  10 1578548821
35  20 812804548
33  21 1809199609
24  28 39749423
47  40 66053180
32  23 1575031596
11  36 1201922148
35  4 280367513
33  30 2017859701
43  20 1546572216
8  7 88670509
45  36 900435968
37  47 1303221334
33  46 155578743
