1250 50 16 30
33  20 1130703075
38  6 1152233028
17  30 1186586103
31  19 1147933594
48  17 777221219
14  42 77138445
33  21 367559649
8  39 1290917777
48  3 1314098396
37  17 1817369437
13  38 647176440
19  38 1300337561
28  10 1781344934
33  34 1897950970
1  5 1643021240
7  48 873679266
16  35 1528490989
28  33 21919052
38  30 317510533
44  29 1839312587
49  3 1509661281
49  38 1639909535
2  31 1635664947
39  18 1350501545
20  37 399857739
48  27 2097464201
27  3 1724141636
10  30 686845360
39  33 921099011
40  35 1702124658
23  20 1171478972
35  32 1778146947
25  47 945465585
9  34 235923052
22  37 52199588
28  17 1150275542
24  47 1663382678
48  32 593275612
9  12 240747851
8  45 370625519
5  45 156229442
38  18 2138292950
25  31 1003019178
15  33 1212160485
3  0 181827969
31  15 1583683404
41  17 886223152
44  48 908799584
49  23 1627820180
24  3 1297183680
22  13 1996574840
6  11 535279378
35  32 29195003
0  39 341971195
27  44 446422165
1  39 1538639932
23  37 290092366
25  44 1558535983
48  40 1929337673
34  20 452896744
25  10 1276467160
32  21 1763456126
32  7 307812924
0  26 331637080
3  10 328719878
27  18 847166631
20  19 627615996
6  45 321486120
37  16 663135152
31  36 506409217
6  14 1052619640
32  2 48176198
45  34 703747162
18  43 1895030059
16  37 370422707
48  14 560158103
43  14 337869753
34  46 2042647353
39  46 1558519571
47  20 312731230
40  34 1515965398
7  29 1051015218
22  12 921022023
1  8 1469812042
32  23 1433313907
14  27 941796849
45  9 210960900
4  37 1427744551
29  46 1571547867
12  49 1964445565
26  14 2069485336
2  30 109246397
33  14 450938258
13  24 1174200189
42  36 449579919
8  2 1761721838
41  30 889183066
21  35 232784369
46  20 893969896
27  49 1959223685
26  32 171662445
26  38 1223505909
46  15 1163581069
24  7 1812017136
30  4 1206940363
38  45 2006920816
4  33 343045480
17  48 500333644
9  38 2009138008
45  18 25547866
14  26 520804570
10  2 1149661665
18  48 1950995581
18  8 663891392
16  41 364091981
21  11 270614901
33  24 260541354
46  37 56616832
45  5 1839747360
22  39 1820421444
35  2 597808429
2  40 791349792
26  41 388582184
40  33 24852603
48  30 1844977973
38  0 805546282
20  47 1268781223
46  38 1323420602
2  22 1168103597
36  20 1878478087
17  45 2034372616
45  40 1496422063
48  1 1672728276
7  13 727306660
3  22 2071614478
7  21 203541841
19  13 1971628171
33  35 849603427
0  44 1333721006
30  20 1542919057
42  20 1348657340
24  15 1869964727
32  36 1720873192
24  5 2042526838
24  2 1259976824
17  21 546835272
38  39 355044335
9  33 1269153555
45  9 132109682
5  7 32191604
25  48 54973057
24  29 1313992782
47  5 1458108205
1  37 955872899
15  34 1791234857
13  19 954009856
2  30 872509668
22  4 795132964
20  5 474432943
48  31 1521349395
36  45 1360152305
49  20 1682871186
12  20 1205055023
48  7 1406751584
19  28 282415550
7  2 1936006867
22  8 1498121576
14  30 1332112495
4  16 637143494
30  3 2056147296
33  18 2040100637
26  8 579172957
46  39 1567435374
11  36 1254902766
12  0 135314189
23  29 1152042385
2  23 408366533
1  40 1598210512
2  49 973007932
35  42 107360417
9  11 580290321
6  13 882671169
40  11 1025956266
20  35 1123717415
1  35 722841100
30  23 1640082989
33  27 657771576
46  25 295715057
21  0 1017687222
31  28 274996378
21  9 584441497
24  43 448019803
22  2 1359305568
13  44 1796784544
42  16 2109957969
34  42 1981226457
17  9 373046968
49  34 580593593
36  22 1653579189
5  3 892324251
17  45 748457921
42  20 584080187
43  17 58843480
49  9 1234760435
26  11 977171323
32  14 1096995045
27  5 1150922188
14  47 1440982355
48  25 1263793798
14  31 754697708
35  36 2112911174
12  25 1498873473
44  3 1492386014
26  48 137345490
34  9 683335754
9  46 101482506
3  37 2091865064
8  26 540791885
31  1 219889146
32  49 1771965967
38  32 1553465432
29  34 95306743
46  17 1298259575
38  43 30084366
12  30 886582690
36  44 1504310564
46  32 1932124541
18  17 242038240
22  48 1578555191
30  8 233077306
18  12 501989213
22  49 525469145
3  17 120249678
21  37 1941350427
1  9 231700850
2  6 227612903
29  16 1306489682
32  6 1931126819
5  47 182564354
31  16 101372288
17  10 2066366758
34  29 1120863703
9  34 1020567093
7  43 60251390
43  36 1273352792
35  34 1867575344
20  34 1673177116
44  49 419123115
39  14 1111293980
25  16 418377658
19  26 1745424440
11  25 94012798
21  30 207324869
12  42 33204168
47  49 899541839
31  22 2119646569
5  0 194751628
21  48 1220580492
34  9 1575063390
5  30 1335013299
29  20 1394849710
48  0 1671731869
24  10 40151658
21  2 351256982
25  31 352773706
28  47 2101388554
13  35 1803842735
40  18 669951344
8  34 1142456158
49  40 503256676
6  26 1246819722
25  42 1999846842
30  35 1357224147
20  45 865994208
12  0 1582466830
29  27 1677960620
23  30 2025241781
24  9 1836356360
46  35 6984164
19  43 1627182708
1  5 1541120204
47  48 1379114803
10  36 256700013
39  38 2143613813
21  36 1758024712
4  25 841618508
5  32 399862608
37  27 506821056
47  11 811732838
40  42 908338027
48  9 791120928
41  21 1688379482
19  33 507854331
44  7 1676157498
44  11 1361660370
19  49 433399880
22  38 41028844
12  39 861258024
26  41 161011264
18  7 152683558
38  17 79127532
0  11 952343845
12  15 1498467580
39  19 810238643
42  22 1642317841
21  12 966823030
15  42 428017462
33  35 934606383
17  20 1385372636
12  16 1212845017
41  21 1401411827
1  49 1907199784
27  39 181455800
10  37 383673639
7  40 2069541435
33  21 837792537
16  7 1154664473
1  21 156943492
8  22 2130039795
42  7 812057147
25  22 1428246664
48  32 1274007397
33  40 1431106844
12  9 903872788
11  14 838280189
39  28 536550381
48  12 1192805792
7  4 1748731372
24  45 628025027
0  19 728052916
4  31 1568761285
44  43 108043032
7  14 1520654105
24  32 273642219
23  27 41210620
48  0 261764902
20  0 1854837197
8  24 713675447
39  30 225129410
46  37 1503670365
18  49 851623065
45  21 2147063783
45  37 109984452
31  0 1600219532
11  40 1404624026
34  11 140093057
31  18 1696125341
6  44 1917356981
35  40 590499838
0  12 2017918541
45  5 208478817
1  46 716270742
6  34 1994036320
31  14 958316897
32  16 2101902690
48  4 1717736674
46  11 363754889
35  18 1240793414
18  21 540016189
3  21 868986837
49  17 2009840480
23  21 460346246
19  36 1605974220
27  13 907457550
18  32 2076028658
25  30 562438504
48  47 1698502327
39  3 1237794898
35  33 1029077533
47  23 1967854554
34  25 796436836
37  9 560769277
19  21 430593563
5  27 95882147
28  21 586626511
39  42 1996612899
5  29 808322937
25  13 662992635
47  49 1375919899
17  38 1469660685
19  20 2089081657
11  6 1499276055
5  1 671393982
0  49 528676119
16  42 1092035374
40  9 260559737
43  25 492332374
27  13 1433081294
3  27 919313735
40  14 219157854
48  31 144613458
22  11 1972035696
25  5 792125139
20  19 285162785
12  38 915087586
10  21 1604026194
39  17 1530322672
28  32 393920928
21  6 108543075
37  28 159527293
24  5 699633496
40  34 1339003302
11  48 1753899534
25  47 434053385
32  4 240780020
9  18 823220543
49  14 1967525454
17  45 1598823912
49  9 190301066
48  27 145067189
31  18 403070386
15  45 1207803483
6  32 647300741
38  3 2088927616
12  35 1078957684
16  44 217091430
49  27 137599173
48  7 529910132
45  43 1102111545
38  30 1004726664
11  22 705614042
40  46 725648520
31  5 2083236143
33  18 1956919770
8  32 501304081
33  25 1756119255
14  39 1242954731
22  7 1780120495
9  17 1258004587
13  43 1546519475
14  27 1996348575
35  47 826694374
21  38 1643449769
48  15 217794193
24  26 1899227240
4  34 1910908479
46  49 612666410
40  33 1190252713
19  0 722875223
5  41 1041408820
19  35 891025829
26  49 1523979680
7  35 1244866531
18  21 1445386758
21  10 645899038
46  48 1369657759
18  30 1900894692
42  6 1821543358
16  15 2024290909
18  25 208284339
33  22 1415850821
35  17 1411555643
10  38 1405588907
42  43 1026747229
38  28 1138464855
15  19 1965416869
1  19 1752610008
33  9 500574371
19  18 62581642
47  3 1940720635
20  9 1461930937
2  46 1816680198
37  10 155726840
8  11 1585968230
40  38 1276452192
47  30 1891439772
47  16 1158053645
38  37 771685637
24  15 856982091
25  46 1555050300
32  49 2096777971
13  5 1428203779
0  30 1470309571
1  40 1895808371
28  12 138557438
5  1 627303578
45  11 131401551
47  46 366817767
8  25 1841829030
31  19 1681957955
30  3 1884110633
37  41 1126573212
7  0 1854023352
13  36 558917333
20  46 336249355
39  49 791186056
15  39 2061160893
29  47 586764840
42  45 1080070888
10  36 47041556
33  12 423103064
22  30 2025610403
17  46 119859517
11  24 783968972
35  44 221373719
30  7 874755820
23  42 233786298
10  26 1648891580
46  21 1045003640
4  31 1431386482
45  15 1171998599
33  26 1039514529
4  0 1043180337
17  15 108598234
16  28 1900110265
31  37 517177509
27  33 671257298
3  34 1333741244
10  16 1399391058
42  26 1608498367
46  33 1210169827
37  19 1355686078
48  0 380296583
32  4 425752486
45  48 1650586409
40  48 2131084290
40  30 1615294600
1  6 2135391266
21  19 613570245
23  1 567031736
35  14 616636964
26  24 913989972
16  30 376148458
43  24 1074296222
15  17 1488214364
47  1 1413081098
26  48 444803118
23  33 2084516025
18  38 1217529443
44  39 316982659
12  43 1419080018
12  8 1770677924
10  24 1220064073
16  20 986951069
49  1 1895131160
17  3 1630472684
17  11 856039756
46  12 829201859
3  41 1351679969
31  25 930482052
11  14 1567296783
17  19 830222844
34  14 801463421
23  15 1122597246
47  17 1915347960
6  24 1110977280
38  24 1236705723
16  6 281116957
28  12 1399693993
11  7 2018662293
48  21 381213934
45  20 652321868
27  1 1065670357
17  37 1514723618
27  42 212681185
1  38 1884753723
1  27 1925130749
40  27 344321011
13  25 892962848
42  27 801619746
11  27 749841087
2  4 647750254
25  15 101105716
7  19 2130348255
26  37 811575765
11  45 1619105275
12  40 1009242510
36  17 2021062335
1  13 1628393642
25  49 888868711
10  17 1414129122
23  26 529507587
12  14 1850281057
29  25 1107035082
46  13 1960320098
8  0 1856783357
4  26 658949942
42  16 657481946
12  40 206613871
30  16 929998072
18  25 967632346
3  46 733436723
26  7 2133694494
23  41 2008176069
38  25 353540486
36  24 1740063589
17  1 798632804
3  6 690157915
20  0 1592741462
28  22 496179919
11  2 1767453457
4  5 2017042131
42  14 172789430
17  49 1854173555
5  33 156733979
48  9 900009997
15  17 475037697
3  33 1167682230
6  11 874323312
5  26 1827200651
25  15 479415112
28  31 974231521
10  28 96150564
0  3 1947382935
21  35 834135235
23  2 2115078233
43  21 1549068953
14  6 1461503603
18  16 761093277
49  21 1551128774
2  35 1937370256
34  43 203137185
36  27 934626569
40  28 1360011535
6  19 1945431833
12  23 1648987156
43  16 697336848
31  36 906515286
21  13 1531163332
39  2 272555417
43  45 46682491
16  17 1799617269
23  5 764375710
49  18 126261437
30  29 1561587399
40  30 665645497
9  37 679802575
8  44 1399459216
6  29 1813824695
2  11 1050639158
20  46 1754933321
39  34 884693774
23  20 949758329
43  0 22254857
30  13 340901700
15  39 1244502083
33  22 1092808707
4  19 727392635
12  45 1972808983
36  43 1524789142
23  39 1021266760
10  27 327934755
26  1 245495298
34  35 36056716
0  17 38610955
32  2 304811118
41  22 661873218
12  19 740318589
20  3 1484771948
8  44 7418452
23  27 423678202
37  14 92336869
31  29 1570810889
26  41 140751037
11  39 1114849093
24  5 928810317
22  20 1899955786
12  4 1500323229
27  19 1383507370
14  15 1194636393
30  46 1147678453
43  13 252214242
45  18 1467280608
5  14 1049802350
36  10 49646018
22  46 1061852104
32  8 1624067961
36  13 902895465
25  20 1708426218
45  17 399306708
26  10 1610525100
29  10 2143359857
2  19 258414281
42  3 467039888
28  17 1654145748
26  4 1656484717
23  8 697605313
4  7 1344871746
18  47 439645483
38  2 70057748
30  19 1249907011
47  38 1651901879
17  20 470855809
26  13 1562724731
0  44 460837230
10  26 301520153
20  16 364090636
25  7 2132625453
19  25 2078251213
32  38 1739580281
46  4 1363250237
34  27 616191547
43  48 1388102795
30  32 1050771306
47  31 23673008
31  6 221548717
29  10 1117128778
29  4 1447784368
44  45 1856937766
16  35 617933363
22  9 617985044
11  4 209012478
11  43 93556181
17  24 1072477909
35  12 1307543391
22  6 1912495952
5  11 32853599
34  40 190430053
2  4 861275347
22  18 746463252
30  18 1145325953
20  13 590983542
41  18 1328259333
34  35 69919802
49  35 1325211212
20  45 1561885325
17  33 74601599
29  21 1455494892
31  29 1091448587
14  30 894176575
23  6 1333359182
10  2 176781514
9  7 78285889
2  11 1000310228
32  49 310270715
42  43 1597519562
40  17 1383973285
6  49 2024951479
25  1 1774669953
18  28 244799533
47  22 1562778578
35  3 618302615
48  2 1594820266
27  49 597532728
11  22 722082128
22  8 1121566244
27  19 477364239
16  18 644390997
43  26 425780917
23  6 976745122
31  0 1105989476
28  39 1387633357
31  5 2020961366
32  47 517605526
46  5 1306636075
4  0 205850227
48  19 801627489
12  0 527375331
4  34 1760820382
41  35 1701387627
13  5 497232849
19  25 1750432560
39  4 865661443
47  11 2006228795
27  38 943355322
31  13 1435387433
33  35 1846495568
17  43 1985538356
47  10 1375308150
34  44 1266919639
37  35 1380978362
31  35 2120321183
28  24 187697744
4  21 1781514929
15  36 645999580
43  4 1927768715
37  28 1042194977
13  17 691339155
6  8 1252093867
49  30 172712648
6  47 1890978332
13  26 1064438079
11  31 1054210715
41  49 1179775201
11  15 1944124655
23  14 919766306
25  4 357769910
41  11 725353502
16  30 75097405
26  5 1308812649
43  49 1744892769
14  24 1538977828
37  8 2113525551
40  34 506684910
36  13 2043618125
1  10 2072190194
49  18 202830061
13  11 35899453
26  16 53342046
46  20 327044405
45  28 953308387
28  22 1520164183
44  0 82706566
26  1 861507910
2  44 1288057877
6  36 1448193743
7  39 1068180971
41  45 92149111
48  21 182460805
1  49 1362119675
16  38 1351551110
42  3 290285960
34  43 699969086
30  9 1311982337
2  32 903832992
29  25 1373610180
24  7 452601549
33  42 851551075
29  17 761112278
32  40 294887293
5  14 1900015655
19  49 811087861
2  0 654645687
48  4 1717984105
33  34 1969728382
46  34 499960319
42  6 1698174974
35  11 111930530
15  12 998955943
7  41 650092388
9  19 804901045
46  11 1296751621
33  37 106263486
40  5 1268676021
30  26 644410032
4  24 1568805796
22  16 244548749
7  9 1522108323
30  26 1771657675
32  18 386114677
36  42 652130059
20  16 37334894
35  33 1332677558
13  24 612598470
10  49 2106963659
35  38 1476384522
15  45 1709724898
49  12 621370618
2  5 1650573948
39  20 1602845527
46  39 1992361763
43  21 648287309
35  40 661891777
21  30 485866873
37  46 749923299
7  12 729763321
47  0 729389040
21  8 684223831
41  2 1472820352
37  13 1658262763
3  39 934237098
31  33 1516783208
29  44 662658294
35  38 1601312509
45  44 933717773
41  5 1244649571
14  22 1921699168
44  23 90097663
47  22 1216000664
7  6 1426510048
2  1 227032606
3  33 710993990
44  5 1690693762
7  33 1144619211
14  9 1661409680
46  12 1023190767
28  40 1246632334
16  44 596890518
32  39 539608205
27  31 264647806
34  15 1057757573
33  45 617364495
44  13 806392342
10  9 447455348
8  37 973018544
41  27 771492713
48  4 52879944
42  39 1046567595
0  29 2026557993
28  18 1292997178
6  21 1604333416
45  41 348679747
4  22 323810823
22  19 1111237472
21  45 521414992
45  46 472938078
10  14 707057729
16  14 856600329
37  0 751933893
45  26 410914614
6  45 1248736978
35  21 953328881
7  42 1200544027
8  15 1785151560
6  32 1611670176
26  16 1590360341
34  3 1756835011
31  25 244034929
38  30 702414391
32  20 1295097075
42  14 1071638753
39  48 436079826
23  37 55731389
23  40 1746091634
18  0 563938900
11  16 824307106
8  14 1116052662
19  5 654980858
21  39 527329366
29  48 619537641
20  18 1290526348
4  28 1002215232
19  2 602917100
9  23 1443029420
3  26 390015295
48  7 1707669145
34  36 1195348988
47  44 565125499
11  2 1843861985
28  38 1405511768
27  17 2020129676
48  6 936969353
36  10 1580988332
17  32 780159357
7  12 40845823
38  48 1911476461
32  38 1350575706
46  49 1483786
28  36 1724358508
16  10 1660062714
45  2 2049500696
6  38 1875644139
33  4 278694038
31  30 2092467437
29  16 1965066878
3  49 674508925
15  33 1305843422
24  29 469194471
9  5 514418958
46  38 1695475142
7  48 1557104033
15  21 1176557638
48  2 1229613618
33  49 103391248
26  31 525208362
26  23 1805370672
40  47 1286929039
13  42 1649203721
9  37 239294053
44  12 2107027113
3  1 882730738
37  45 737871744
35  30 575633372
0  31 2050553578
5  7 387729154
21  31 1557583213
21  11 955111377
13  17 1318001285
42  34 818822732
40  42 1864578746
45  32 1399101226
42  2 190536621
36  22 23909205
37  43 1698144243
18  31 2061878991
44  18 661812074
1  25 1850241788
20  23 390129285
5  8 253123513
48  7 1594492515
7  16 831460046
16  8 409941442
1  6 1360278151
29  16 1182423840
4  46 793153987
6  13 1495103152
38  42 1189028384
27  21 1131391095
25  46 748126285
7  0 1547989824
33  20 1939027468
21  41 548137357
25  47 224988923
29  18 402402975
29  39 1767338223
28  36 1885890209
20  39 1918598614
14  32 308839206
5  26 1178424813
4  19 1281879785
1  25 1968239950
6  20 750339781
37  44 732568241
48  36 1801441189
14  8 1940273643
8  26 1113278682
0  44 2019721210
15  26 1054107401
36  34 2134395635
40  21 1294244993
45  42 1552484000
46  22 106584905
42  0 1227654049
36  16 2009012760
3  27 560809382
4  7 565617687
34  7 674675669
24  8 733917503
7  36 115612097
11  42 208112529
24  8 1228588270
4  21 304931481
39  13 82746463
30  44 1914094015
45  39 1100561427
37  1 622441264
26  6 1104883719
46  38 1118516826
16  13 98851481
26  37 1294928949
28  6 2032255321
43  16 1437779396
27  40 1190675081
16  29 54458022
41  18 430560466
26  9 1623619485
8  19 2125525478
10  37 2083236708
46  48 1912615673
28  1 1926747230
35  18 1711581282
17  49 1522230516
2  19 1372012969
11  24 747629598
31  24 2037643976
23  42 730349207
21  2 1285416310
3  30 1772657950
41  17 494239886
35  7 62595895
5  46 458870762
2  24 1138293429
14  8 1002017459
23  30 1721244925
11  3 1472533263
21  42 1656915935
32  1 543948237
49  14 1615328092
4  20 1293505388
45  0 1002867264
13  6 915694358
43  18 1051509605
8  20 640579680
25  7 1810453583
12  1 1223242200
36  18 701218694
31  7 573371547
48  21 1382917133
26  13 1242647898
43  30 531583431
2  28 871499084
41  45 727400814
1  28 1492626253
2  19 1739611403
6  18 1710546513
6  13 2094389324
9  3 174175261
48  23 785766350
15  19 714907977
33  22 624242659
8  45 776133599
0  43 1735079724
32  29 1795858687
16  44 1935911992
22  2 1343360560
39  49 1514982173
32  10 1592084086
36  5 726691685
47  37 800985199
18  45 1819958803
42  45 1496176362
47  28 329948820
43  27 521064476
27  8 1278205807
32  44 371689580
32  47 355075915
29  46 108434380
30  20 881532314
47  14 205955073
18  15 266695481
15  36 892688436
8  5 539274481
30  18 1211950242
14  33 1554968798
35  49 886641311
1  26 1805824379
32  17 1142461323
15  13 1205295203
14  11 1395556156
32  40 660393216
19  18 1402845532
45  2 883132247
49  26 89901026
29  23 150808172
16  26 1526296145
32  16 1925075789
23  35 1286734876
27  49 1138991464
8  25 1904343705
7  21 1220301754
9  39 333005678
15  35 895513198
40  48 360022395
24  43 1991017694
30  24 2038627305
6  17 433746449
1  14 1767525765
49  2 1171627469
25  49 777301009
6  24 964278325
10  19 211693542
8  11 649917871
29  45 2091134503
31  18 291056934
10  43 1396379170
36  35 435438255
33  19 680848709
35  0 2035323659
3  45 1480983817
35  22 1683410474
7  11 2138805952
12  24 1511350992
17  18 923416967
20  38 638167407
39  24 730238544
17  26 381872180
40  19 1451524880
24  6 1682295661
30  7 1726008514
33  23 112735617
42  21 1578281769
18  39 1081938260
35  33 1216620148
13  30 651944103
12  42 964452802
40  11 1845239221
33  41 2080466443
19  14 264702823
18  43 1456716694
5  16 982367048
37  38 1750243593
25  12 1040443552
32  18 2135039944
21  37 95034251
0  42 25715630
31  0 1499505477
46  29 1383435507
43  6 1543271416
43  3 1860692784
7  12 1598412609
44  48 991056526
32  38 1743142420
22  14 1170536046
37  27 237144236
31  49 1194641142
38  0 1036174113
19  9 483323659
21  20 504765120
49  24 33045990
48  13 46054409
19  10 471655352
35  46 1731912570
14  22 1018459042
2  23 1259875516
14  38 1628173462
1  18 991967994
24  33 2045429314
21  5 695772511
32  30 766280422
26  23 423772053
11  38 1842378702
27  48 1371765657
49  9 672418618
23  28 1083327132
48  19 1832261373
14  45 285123057
26  49 2079054826
32  10 1345383343
39  16 575729503
4  47 665608011
46  5 1110887476
41  30 1045376213
4  20 739222644
18  40 1956066767
9  14 1293741821
18  28 1825350340
3  4 917084096
0  6 1700146443
38  17 730410352
1  30 237952822
36  15 1550057457
29  12 740887128
39  3 2106583168
2  9 1590243441
9  36 718193014
0  16 2113577957
5  34 229271849
34  11 1859559978
45  26 1596772837
49  11 1944443427
36  16 639368758
22  7 115161578
38  37 1286547821
34  26 1990301761
12  49 111375486
35  26 334812478
13  47 282988983
26  22 546118965
49  26 1001628368
46  26 52980213
21  42 1609878118
6  28 1175052537
38  13 1127335677
11  4 603664439
46  38 1284190271
3  25 1687591082
20  38 1058478247
38  49 1155347511
5  2 61908440
24  8 1341090090
17  11 1003273644
7  3 945279671
33  1 618462801
15  39 1885031351
7  21 1499179080
3  49 2094611746
7  24 1535202184
33  11 96769565
40  7 1211512884
4  44 691866583
44  0 503102606
3  4 94881262
20  7 1615712805
17  15 791980467
15  19 1739857386
8  26 1129121970
2  1 1249933677
23  40 1048444049
36  22 1953644165
49  27 1648368837
