1250 50 41 30
42  23 1128080058
39  38 978485444
39  20 1892785425
10  45 969651626
26  22 1133426819
6  23 2048921986
35  16 193603995
22  42 1527245188
36  23 1797602394
24  47 595231778
39  17 2129608421
21  11 2109880199
30  23 267701456
27  31 283300707
21  47 174506199
5  17 1685806733
30  49 699220080
12  13 1940754774
21  33 1343154727
45  16 1258777240
49  17 1948020901
32  16 1772677980
12  6 2104504354
23  46 1616566913
48  11 506345326
37  39 1869872738
2  34 1260655873
23  13 1892950838
42  36 1932658177
29  23 1024624892
45  25 265648240
47  22 809203933
33  13 278142366
2  45 1513679096
29  13 1358592165
24  19 1529295596
26  29 834451275
24  15 1990183098
35  37 1916842135
44  16 1730682106
3  9 1123659464
34  35 1843659820
47  9 807314495
39  8 903532818
22  27 732227194
32  8 893712218
31  34 1482919082
7  4 258736879
31  43 1129153977
38  40 289525340
47  31 1075826637
4  26 278902568
23  45 762561102
34  47 1075673940
36  34 312652601
40  46 2079762892
47  39 375332771
22  19 681003114
18  15 277247343
28  19 976366574
21  8 1934933260
18  35 995956602
29  39 1084377406
38  24 275660058
0  33 1757980236
21  28 899692488
33  3 108453860
15  12 160789954
43  7 1511875603
5  17 986137100
20  33 804649277
41  43 74592094
41  25 476345079
31  46 655677901
15  6 1344786702
41  42 2121638734
24  14 1934271479
48  3 2084927878
17  35 677892534
34  22 1745496287
10  9 1327211367
27  44 1364079647
14  1 2019644822
30  20 103489804
33  44 1221895321
10  48 1375386887
21  33 1806272150
10  21 95905538
21  2 1239562501
36  30 1050694296
4  3 392943720
35  7 737583787
44  46 1102089285
13  15 1037245479
31  46 961395774
17  28 49545899
48  33 385632676
40  29 1848249160
32  1 1651745985
11  46 76662233
46  32 2020239119
42  7 1546036918
10  5 1418662468
35  17 1991259498
27  23 1254457438
20  43 825946998
13  35 883597194
17  28 170187779
26  35 120471095
20  49 1345404933
15  7 790812350
42  29 975549583
24  30 1159523347
17  4 83600148
10  34 36970611
11  4 1142683765
42  24 1451554833
9  25 551674717
21  45 432317925
45  33 1901132969
40  14 173061514
15  18 2031979660
27  26 2133611258
10  38 1994128304
45  33 1461717630
40  10 1588028865
18  36 1700840068
13  14 936833012
39  31 585273449
21  4 1356790618
49  27 1588189765
28  32 587617630
12  27 699952000
11  34 1771412098
15  42 1177105203
10  26 773147268
11  33 505473300
2  9 195950835
34  44 564743315
0  34 553068535
5  16 1920080968
27  29 568304076
10  46 1597752115
6  15 1581696068
24  17 11902878
1  8 1623970975
1  19 1641893156
46  47 1958829265
16  14 508395258
18  10 1125133734
24  6 389961637
36  34 503245911
28  4 1805804873
5  18 1754101274
3  39 479801033
7  49 1678921092
0  2 656421982
28  0 179107965
41  26 1755801235
15  5 1775921325
16  18 660484561
10  31 1359505574
34  14 1064061518
2  21 759899724
46  33 2095660242
37  7 1395074250
36  17 1266387435
5  23 2009102148
41  15 1610981493
29  28 2003756264
38  28 226254458
5  17 833160980
5  43 2074328296
43  1 1839155912
37  28 319493345
43  5 1152127629
11  3 1982547581
41  33 355822902
29  21 1471020655
41  22 1310323900
32  43 136981394
3  30 383162546
37  32 1984053910
49  30 837849853
36  38 1681756286
11  18 1135402927
6  47 937528235
0  12 809275327
15  31 1603463946
28  0 92528154
1  6 1879767658
45  14 1056283521
16  26 1365890963
35  1 236718215
45  17 831038621
9  28 630677694
31  34 1335608726
32  37 1488702050
2  40 72690187
3  10 1962812449
8  1 1565333736
17  34 61378888
12  11 1698206930
47  48 2057617218
11  6 1828352811
32  0 1270249133
35  31 1128639132
28  41 446934985
1  32 1009914812
8  9 1048141228
6  35 692504634
41  44 950061537
22  48 655674770
10  31 1786416769
20  4 1087626226
36  30 982468753
11  5 429437773
29  17 656373301
42  1 1121696171
6  40 828873446
19  37 983112550
9  25 324761416
37  12 528796838
41  14 1427328218
5  29 1610665331
37  41 955106296
13  23 256334516
5  6 1667629926
11  9 293417530
17  19 394456217
45  46 409358321
2  5 1722176943
9  3 1241684413
31  34 1168116631
34  49 913173601
40  19 42685929
21  1 761557225
29  14 647411996
33  31 1178858034
20  28 1993995788
17  38 2042650903
1  0 475840643
25  19 215469633
26  13 1186435171
4  30 2123999632
35  47 1248488755
31  4 492207268
28  29 908077951
31  27 1091432174
9  38 1663843264
11  35 502716366
41  18 137448421
27  12 1138722841
35  0 1546366212
14  49 2091676252
14  13 1298661611
43  49 192881735
13  25 547067340
15  20 1811287749
37  36 164324039
35  45 270432499
11  48 181372246
40  8 571385944
16  34 455474992
16  18 994708007
34  11 763278494
17  14 1323896493
21  24 641591879
16  18 1008622554
3  20 1372318108
39  6 1266767592
20  33 1328647798
2  33 1230802494
0  35 1854858845
45  49 1225854675
46  42 371431451
17  36 812044717
0  7 783633151
27  46 1494239386
22  17 824076434
9  0 1866896972
9  1 1851939941
13  21 1080570173
31  49 1696533430
46  4 227807848
43  48 668166211
35  42 708862892
4  9 1578961559
49  30 1948426080
16  37 885914573
25  49 1856497562
19  7 2074058778
9  48 226244633
30  13 1753348806
32  2 1229936321
13  37 55774715
38  4 1995074467
38  31 732314158
36  34 214437561
16  12 330964292
5  17 408638960
44  37 1770313313
27  8 203930710
42  16 2025928982
21  13 78284873
13  17 792315294
30  34 1839455758
41  32 775214125
46  43 2092019487
28  1 136371605
33  28 1564570692
19  34 844581427
29  43 1098785800
5  21 939227929
5  13 1469050312
39  30 2017228680
14  5 1977995387
2  28 1548680080
17  28 258583277
12  22 1713503323
6  20 1758828132
49  29 1372478168
44  12 1897588167
43  46 1933963829
27  35 1628199490
0  1 2064818249
25  32 160893117
29  42 1741506245
17  37 1259181789
35  6 2032077859
40  42 1531920333
19  42 878446091
9  31 1305686611
17  37 993021770
8  5 595029509
47  42 539995496
39  48 661742444
27  7 133504070
49  5 791178278
20  49 243459670
25  35 565639413
16  27 1352297011
18  21 76284429
3  13 2035322166
40  0 611502856
9  30 710460891
25  33 430570697
14  17 2130767501
21  3 1955819933
31  30 1964754714
26  35 1144922602
46  23 1852089450
26  22 1240418657
10  7 1882425056
44  19 1662204686
30  46 1454057251
7  16 1683211346
42  38 1654167005
12  13 1187123890
30  32 1573827822
12  19 591900911
10  23 213978030
13  3 1040409071
46  27 99377083
16  4 1782596176
5  17 1375786341
12  49 464195150
49  42 1802025758
26  46 1483414012
26  15 1449484167
9  43 1145394529
10  2 1509058344
20  3 20684018
20  6 1663345225
8  44 1756831163
1  45 1695102246
26  3 1239826481
44  46 1024743602
3  13 1873441
0  3 1498531817
46  20 1262581721
34  43 1519444222
23  37 700638150
33  48 996958893
12  34 1327739201
0  7 343723694
49  31 1718802061
36  33 134911161
23  17 198188092
23  19 1260174173
25  28 657706053
42  41 125887577
35  30 1560310678
39  35 430035225
6  42 1222655458
26  38 2032958363
38  46 1973770637
42  39 1927856620
4  37 625424685
8  37 2040712892
49  4 1650951808
17  21 745614459
25  5 306642474
6  30 1275051281
30  24 1569061005
28  32 1459018014
18  16 1136994713
49  43 1682667463
25  22 1557187312
2  5 1492656686
8  10 469619778
31  41 891696023
49  2 744561096
35  23 1760742831
12  44 2075773585
1  16 33306073
37  44 1917465303
19  17 1566629345
29  34 1830901862
32  42 1476902390
34  25 868166604
16  29 1011679878
27  45 1783413833
1  9 792470756
5  39 543913848
32  7 92454333
45  16 1324625090
24  34 1033265736
26  0 725739327
17  3 675699169
25  20 713321858
14  21 1216519857
37  21 1738610690
20  19 1432064209
36  6 403880285
42  27 378370640
26  37 1428960497
14  46 111465603
18  6 325175032
18  8 104621102
20  18 95955296
31  47 387659435
1  5 897381156
37  23 1372327001
3  7 846627622
34  4 240975513
5  3 783290866
43  31 960116349
8  19 1754830514
35  31 1272472781
25  45 1776481692
3  22 374976804
16  11 2055735062
15  11 1928238472
1  42 1422300581
35  38 1231766308
30  35 1137129660
25  23 595260577
26  39 917056610
22  11 595599401
49  46 24830706
14  27 1284288681
7  48 1186640528
37  13 2071210170
11  15 9514730
11  48 474615338
4  18 354438174
20  31 546847081
34  38 2046389242
47  35 1688761569
42  37 441026893
41  45 1313668291
38  25 95993038
36  16 30899766
12  8 1169743033
47  6 1710901039
41  27 29310518
43  10 489582090
6  10 1541744502
17  26 1283797587
46  9 650353601
39  8 704614335
36  19 1777866995
39  9 165919522
6  5 1251322290
1  26 1687863527
17  41 499172571
13  47 1779484516
7  14 1346906441
35  0 990323545
38  17 1332442259
4  38 1073557329
32  28 1849165663
24  4 800311646
24  18 639308996
10  8 1707657467
2  47 1753715935
16  20 1816849988
5  36 1553715864
37  3 384105137
25  24 785911257
3  45 368909209
47  23 9024212
17  14 120905025
4  17 719881237
32  34 1009345596
9  16 1562437181
41  33 1329963630
19  16 18448161
29  42 1299095439
21  34 1284439505
38  28 1688386329
48  17 1202507844
44  39 834438012
27  6 1522744049
14  40 698373511
39  4 129390089
4  39 1668258860
12  18 2145715928
31  0 2014738249
30  14 756930955
11  36 708022572
9  17 1668240727
42  37 1597338733
1  2 1384409173
8  42 930527713
31  37 1765310375
30  40 182325203
28  13 695099801
48  14 1367674261
3  6 1386940745
48  13 346083674
6  48 62162133
23  12 949350005
0  28 379041388
15  22 931532517
16  45 512291475
26  27 1869010391
17  5 1435664788
34  3 832534455
6  9 1676865980
2  33 896829068
25  5 1840898677
31  42 115961996
45  39 2030401931
19  31 1995869719
28  15 880161603
28  6 593400478
15  5 1059440856
37  8 461383203
37  44 784405573
29  4 349022225
8  18 651990466
39  20 1616556610
9  35 57839252
13  15 192194161
4  2 1098988435
44  42 257966430
24  29 531600763
37  38 823225474
22  23 638726674
36  16 645678704
42  31 158330364
6  44 1352119838
44  18 509193069
2  9 1703707745
19  42 1712882100
4  9 741877551
26  16 1149413570
16  20 177402298
36  12 1022863046
47  33 474364681
42  24 48103207
19  26 325887115
26  30 751135043
38  32 1949799464
28  23 286961103
41  8 1382896476
18  15 40082951
34  9 1053120687
4  6 688720169
40  3 1373262260
25  10 956054297
9  38 1473942103
27  47 1103190353
44  29 943382041
26  37 489655664
38  35 496623422
6  35 1053223607
0  38 1791305140
11  8 1487574629
36  40 1360711838
45  32 1877785712
28  30 1011337092
32  39 21581246
21  28 1883940555
33  3 651723758
21  8 1419053961
37  41 2042441128
11  43 1243014545
27  4 1979478031
48  28 289928689
6  46 924675913
29  4 1185619478
47  19 306592473
29  49 1041282643
32  28 2139673705
2  30 1142147488
33  35 767212592
49  44 608282675
46  49 1397469129
37  27 710988163
18  6 179310200
45  43 907836043
6  7 1554094399
5  29 353083412
20  38 1228008083
6  17 731181126
31  34 1497182099
35  36 1827906099
0  14 597293678
37  26 1300869274
27  7 262860698
43  46 260223591
24  43 1245116059
28  18 934797585
13  5 77671823
28  32 1111297697
30  26 1579523911
16  19 1365386964
23  18 1848830268
13  21 349808637
38  15 1582168108
9  27 1855332847
3  27 1441666166
32  21 1289728670
7  13 842333247
21  29 526870107
24  34 150505419
1  8 445710466
33  28 1088574109
35  22 377404949
11  19 337523501
32  26 215614582
22  24 397430204
8  2 101049849
32  16 127573927
7  11 274804712
16  28 1049614791
5  32 1367758766
48  36 1855722533
45  5 1057607527
17  25 473664074
11  13 961938595
26  49 494376015
36  29 1846077612
19  9 162901701
46  37 947168419
49  9 1339233869
27  40 540367530
22  46 15043161
23  36 536238316
3  15 155843323
27  29 1502311430
25  49 328824621
17  13 61809087
41  26 758759076
41  32 194606134
38  5 417019171
17  40 1160894782
22  30 283382606
18  9 1224935065
32  36 1309153481
21  31 1804661492
40  9 1035097126
6  10 903510467
22  37 1717265383
26  35 585788260
46  27 1943227513
4  45 2075351356
30  12 1465106190
7  40 153825029
28  48 859791550
6  37 2107087036
41  39 1512271216
47  27 774489832
48  22 256122045
15  4 498879754
29  45 601961931
25  27 1131346096
30  24 1103828280
47  14 1841519680
46  49 992794113
36  17 1612578891
17  41 1980499642
41  39 591978786
41  5 73924360
23  4 1326503715
40  3 1768929340
45  42 74028188
12  4 1721821171
20  41 888684846
3  29 2128010826
30  2 2051741224
10  47 328363049
45  4 439919113
29  2 1557179543
29  48 266610361
41  24 1984867966
34  40 800586698
48  9 1381714402
9  7 2034060233
45  3 1985012375
9  46 543695342
32  47 1730435960
19  34 553952379
19  38 598677796
25  20 451076516
31  29 1984987662
25  47 658398937
45  14 753516986
42  37 1236442339
30  29 1243249943
27  48 1197545268
1  6 301036655
39  21 159183364
11  49 395099197
21  8 1136896834
11  24 1140850079
47  2 984705778
32  28 35637143
36  17 509650260
11  24 134062294
32  3 571341855
45  20 226555556
23  18 1754671464
9  45 990034183
1  33 1166230217
44  36 659550494
12  47 799776493
46  15 801351245
28  31 1005149893
39  0 1760350637
48  49 2134777010
26  3 166085952
20  8 490544290
7  45 426554456
10  23 1772783506
13  23 1806587854
33  23 189458693
8  3 764164175
30  42 1762474602
4  0 624712064
14  7 1725946364
44  19 1912756380
28  29 223438173
32  17 173511406
33  46 1976785676
25  44 1189268967
11  34 2084851277
22  12 849641592
37  1 1418981604
14  26 1736166338
0  39 1929539367
18  4 1507049902
34  3 859637639
28  10 978343400
42  5 1797319881
30  48 1197033982
45  43 1266844253
13  12 863871244
4  49 2024057817
18  44 604054535
23  14 307313848
5  28 2029829832
0  7 406736364
44  17 1947395448
40  6 1149875578
12  34 1588025616
39  33 349659602
38  6 1959139663
33  48 2006738621
23  31 36520270
20  25 290181693
14  48 764473642
7  28 528260349
21  35 250493724
3  0 696889790
34  14 1347936343
45  30 1596533194
43  35 1237633027
43  23 513752250
36  39 1310165449
46  44 1657716046
6  34 1478937764
4  32 1060515877
5  13 1724214354
41  30 540832790
26  36 2042804136
11  36 716436393
30  1 1602497295
24  19 166362277
46  28 483699810
49  21 168118550
28  34 1105258703
28  42 1296047493
7  43 1820935394
12  20 266088673
33  30 513061747
3  14 158309024
4  24 54707330
27  35 1973604838
20  24 1735645539
45  7 1660280515
37  42 1184717460
1  46 470883725
1  46 571218135
2  47 1348073879
25  44 930434529
41  47 1215348187
27  34 310790259
38  2 2005126401
22  45 464970283
18  36 768566941
18  25 1249542996
45  31 248620808
23  26 1324593171
15  29 1893572243
23  18 532774656
31  21 1129037260
15  11 803369000
22  47 1784011709
29  23 2074628918
18  40 780552663
49  12 1998865608
24  16 633463281
16  35 1520256773
45  0 1685815644
45  19 79971539
25  8 516273663
12  49 1686197422
15  23 435089775
37  28 661420305
8  26 825502138
20  8 518028617
8  16 1835626403
32  35 537948912
42  4 631974920
0  39 816784141
11  26 1282830524
15  18 1957741357
11  42 1890597650
25  36 1405824673
30  4 429593724
44  23 2031336540
7  8 710611674
31  29 214729656
46  8 549849333
36  49 1900336509
20  26 1763647706
20  30 916476379
42  31 1199200847
8  27 1159937466
5  18 97492571
15  17 2031435408
37  7 1975498024
6  1 1679176864
22  23 666953084
24  11 232320858
47  39 1733775326
44  2 1236632921
38  33 1610383406
36  8 997707273
44  24 439535251
24  20 755118376
35  46 1812967845
38  43 433519594
49  8 829711663
18  23 510797057
11  18 538510050
7  26 725902996
17  27 559812827
13  6 1940547527
8  30 857744844
11  33 1909286588
11  9 1415052865
11  1 1903151108
1  33 1325344054
23  11 1897172064
34  19 1005254009
33  18 641527500
17  6 148615954
27  25 1243073117
26  20 326093343
9  44 1871441627
0  14 506615218
42  3 298723398
27  28 1763068254
8  19 1761235527
1  12 409574825
39  21 1781356020
49  9 447654852
36  34 752948453
44  20 2041838384
26  35 1141173863
38  15 1409212933
12  43 1159709814
8  34 1811147410
47  25 1790461167
1  39 1229624490
21  36 50117979
35  7 1891405159
30  35 1717830919
20  9 2102516945
34  13 1463611915
5  22 1884737640
3  42 817398848
38  9 1175902355
16  42 1017779659
22  0 1245621512
33  7 2084394591
15  20 993906146
44  32 443972499
27  9 1907923609
44  6 1334873932
29  32 810130496
31  1 186087450
43  11 188564847
25  26 671977789
14  17 477561245
7  30 468162341
10  6 12330629
11  0 565169468
6  40 962329503
32  9 495007773
10  43 481309269
6  28 1025350650
48  31 1964713125
22  36 725013756
14  3 512150793
40  49 2134501439
3  35 885743368
0  28 2114375714
46  43 1622917624
31  37 1776444176
27  15 593956983
14  40 164985952
37  14 990020989
2  25 90436634
24  0 457137682
37  48 1466284292
9  2 1662286886
44  46 1783549528
47  46 1291975885
42  36 1407825442
46  19 303635410
1  29 2021026402
27  43 160768888
28  7 2068013708
14  29 1101634978
42  20 895227909
23  3 1371182119
45  8 550249166
11  47 870296936
29  18 1928138253
10  42 693537439
41  22 2097459196
49  20 656805409
17  19 2019885366
37  9 1834963538
4  14 1125357667
46  23 1619701511
38  14 294736674
2  11 226864579
25  18 1970488563
38  1 1816478316
20  42 1460801356
24  21 1209903070
45  10 697239026
1  49 652588364
37  21 550558660
3  6 772577823
29  23 882929649
7  34 12399560
2  20 557134706
13  22 471893710
39  19 1102083192
46  38 1915684729
49  1 824089561
18  8 1071383182
49  21 1540188788
40  12 1796736269
19  4 1997626448
48  40 1406539478
24  19 271471535
28  48 159062096
15  48 966595965
36  38 1823705767
43  4 797600438
27  0 603420100
25  26 169225856
27  30 1837388301
29  33 773946069
6  41 820974510
14  9 646081684
11  47 835108663
28  44 1142508749
29  40 1528267026
24  13 27894432
42  32 99039654
43  14 1592653705
33  44 1459060690
28  4 2127075865
22  7 1092596475
18  17 97307702
42  44 1297904342
24  45 1361851951
45  29 526086248
18  5 794188928
26  1 524851982
37  38 1902263081
15  36 823233038
17  11 375665546
10  13 1508239762
25  48 932109789
0  49 2091083595
18  32 862853703
34  14 113423261
34  12 1495983371
23  14 927257051
30  48 1975544155
30  14 938285219
0  2 320036154
46  34 1272875650
7  48 1275876965
13  9 1116187023
21  27 489128014
39  10 2140424134
29  2 1417616070
35  8 458129928
18  26 707764524
17  15 1486634931
30  28 1410947832
33  48 937876758
37  15 1190147637
39  38 2021302722
39  15 360947367
21  29 966996739
15  10 659684455
18  38 724420831
8  31 1095203093
13  49 279945588
44  20 1499718319
25  48 1844350874
36  14 589168915
28  6 286449455
28  18 240496489
0  25 526824956
39  11 103139707
14  9 947406317
43  15 116324801
14  13 1544396942
44  37 1329741515
32  47 1632830485
22  30 1894863575
26  23 1692696320
6  45 1611901255
17  16 389763149
19  24 352685355
24  49 325518512
16  1 590034853
15  39 868418751
17  30 231838106
28  26 324223792
49  3 1001227439
34  16 706435552
18  40 1246189993
25  10 608980215
22  48 1045102619
8  38 993168847
14  5 1363026354
12  16 1429480937
30  8 1091641704
48  24 758898168
25  16 964320793
42  7 524222499
7  24 1197849482
13  8 2077478850
42  13 500826678
14  39 1001760456
29  15 917537329
35  48 955221289
26  40 1883496119
22  6 1915110309
20  32 1765142370
6  48 718545808
46  45 793474719
41  37 1552712725
18  37 1799391894
13  19 1353724453
11  33 577213871
8  11 1455899145
44  46 1138872308
9  20 1278651047
1  39 733066893
11  18 1310494068
1  42 1309335229
19  33 1437872820
22  20 580042455
37  1 226074887
28  47 636517253
34  43 380487288
3  36 1376927758
43  32 622879613
7  26 876340493
22  37 1124894148
12  6 987110250
14  29 476259005
9  29 863289521
20  43 1353207190
24  23 893418499
47  38 336762128
28  31 730253477
37  30 385639144
3  45 1026487830
11  44 1032141239
26  45 1833492459
37  38 265402293
5  2 322002185
17  29 1500956882
7  23 2050255216
20  11 1776817436
8  10 91132375
28  18 770436874
38  44 632875028
20  3 1312576048
6  34 1957327844
1  25 108378117
17  19 1676857462
3  28 2042838455
24  30 1202498675
49  16 981625884
23  14 482122542
22  38 242519323
2  42 530429555
38  41 120018331
15  19 169915592
1  28 422088001
43  40 2017263420
8  30 2065911181
11  20 1953566476
47  17 1340931066
37  10 764446554
44  30 1721768947
28  7 42667430
6  21 34581989
18  8 538125671
47  43 1288718102
1  23 1455011344
16  33 324899597
10  45 510458999
38  36 754841560
31  24 368105635
17  27 1381655426
2  32 960834609
24  15 23040982
22  49 678400630
32  46 414104891
29  2 1414109484
13  18 1679452292
37  29 85299162
21  13 180072076
20  41 1564706838
38  3 2113838914
6  30 407367145
32  16 29204746
19  49 469349781
22  14 1124840477
1  22 221349988
35  44 1624273735
43  6 745957255
10  1 137520868
6  8 1841665997
20  3 8788740
20  47 1584053375
29  47 1076428632
40  27 968075689
12  30 82156529
17  38 1234069262
18  20 813653957
25  14 1817343372
33  12 486544913
31  24 703025314
39  42 1440427008
13  24 30075306
33  3 127009919
44  47 1521857540
31  16 877448301
25  27 507944994
16  20 1233738762
6  41 1714625441
48  5 168151991
12  48 184032803
34  40 944117353
49  17 1107960142
14  22 1552949759
20  0 862996996
17  6 456731930
7  6 1444366393
18  9 1148229995
3  8 1596020695
36  39 641441088
30  44 1945766676
13  14 74469994
42  36 1027620402
23  4 653022511
43  2 96523219
13  9 485972564
10  13 57798768
22  16 326716188
29  24 1242704079
42  21 1708604051
13  25 481423248
35  6 1472706717
28  10 403749907
1  7 1857411240
9  20 1941841848
7  18 43727556
41  34 312352197
6  42 699932938
7  37 576331206
1  44 1209153118
45  22 183975052
7  45 968256435
9  12 920471320
24  40 1897299922
48  24 1537767956
4  19 692469429
0  34 192137811
33  44 2049134612
2  25 885798246
6  10 2077018927
20  49 2037949984
43  31 1447368144
49  1 2044192681
9  4 148817252
35  47 211471832
2  26 74997696
14  9 684743753
42  44 1203419890
