1250 50 40 0
23  33 1067430851
30  26 1551036492
46  7 559905370
42  39 788547669
42  15 560804734
13  17 1275821304
26  49 1807105324
27  28 1561112642
27  5 1117878075
1  18 884241133
31  34 617455463
1  29 2049049109
11  17 533216902
42  33 1219607834
49  29 1327664609
23  33 182690846
7  36 414198975
24  49 2009472751
15  19 654953791
30  5 1053002152
43  8 2087710668
39  21 544670126
23  5 1823117964
10  43 328464470
7  46 11377102
23  6 1508168380
44  11 1999760568
33  37 499077119
13  20 1664363586
45  47 1537124786
48  35 273228084
24  42 220315794
34  25 1220546031
9  15 1519019820
37  44 209527389
31  35 1096695678
7  41 822536291
5  40 1378696930
25  31 672646762
30  8 937845864
15  49 263374497
10  0 692154011
32  14 1659755615
26  41 300366790
42  34 899581583
33  39 1532332897
39  18 1269951706
9  23 320379573
28  38 799769236
19  30 1301456402
2  3 494518849
30  23 1375259073
37  9 33108300
25  6 1276205967
13  23 702322271
24  23 1918560109
30  24 1649855398
7  31 1226428582
43  9 1177641591
46  40 585202526
30  42 2067733394
40  35 650714654
41  25 1825828793
5  48 1811743924
14  30 1555302129
48  26 626524174
20  43 1515037596
28  24 1291167379
25  2 677610367
17  15 1015667286
49  12 1335258051
11  41 1356401152
20  16 844540441
30  6 2112980604
30  6 1707710909
33  21 275781114
14  43 325917250
36  16 711683811
14  2 439762040
47  1 161831598
4  6 1551867110
39  10 1000610152
22  37 492928031
3  41 1661441205
48  2 969103536
4  37 1752517034
0  21 1441475551
19  25 1726965480
0  35 1780215389
36  17 1874410435
6  39 219975905
46  23 139484382
19  11 917321122
48  25 448536511
47  12 1842757483
0  12 1163828765
34  12 300267209
13  34 614730698
31  35 330601213
27  36 1136178207
13  28 438032002
33  21 976384942
22  7 1511899800
15  18 215609677
44  35 2131213011
38  48 199050096
37  13 1226558509
43  5 239272114
14  0 886724450
29  8 1428110155
25  20 1034707414
39  11 189607139
8  26 1533106265
42  38 1259338356
21  19 2127551190
26  8 1036199145
2  43 547947382
38  10 1029128668
5  33 203796479
2  49 182109103
29  48 1111637077
41  48 1841341369
6  48 1438706842
39  1 797936800
28  15 904083534
2  15 1064222079
10  12 23353686
14  12 1248304172
48  16 437696915
5  8 1527644219
20  14 1681559395
0  28 1847831964
36  19 1687398180
37  25 140219041
41  15 1776574776
13  34 1202025760
29  13 668134727
24  42 575876193
46  40 1981855192
6  45 2047764490
28  2 627010645
26  42 1953956367
3  9 447330717
19  39 1931877822
28  26 1824660326
32  43 1717496366
39  33 1987723150
21  42 2029660576
9  22 608229839
28  18 807072747
2  43 79964491
0  38 413519084
5  38 1621257265
13  6 1557381025
44  41 645881623
32  10 353372869
36  10 1214829542
0  10 1210206980
12  34 443838919
37  17 1284563379
48  32 1946856690
40  30 803107109
23  12 349410185
0  24 658987533
33  49 1533826396
16  27 365262595
22  42 750980167
22  29 1597966916
14  26 515037284
31  45 2139142990
19  34 1818002940
10  17 1576220169
36  45 2088897873
30  4 720579264
43  35 1349404885
43  41 838687257
25  28 2098131539
13  7 1828269764
16  8 2055651464
18  13 770564723
11  14 1395209149
29  28 516815969
25  6 1818707820
18  9 793243733
13  0 392085762
48  16 2035060149
22  17 553538070
20  49 1649146689
40  17 583267731
33  21 188346943
12  15 280178006
24  11 1150255126
40  33 772486902
33  24 72753285
43  28 834233772
2  20 104262418
19  17 799424424
25  1 879068718
17  30 41579356
25  22 87173565
29  20 2584529
21  32 1157657942
31  49 1110740129
27  2 2019043540
4  42 1867315240
24  7 372914034
33  26 638529347
15  35 1839073363
39  35 1840700628
35  29 1714628342
49  9 1757304955
32  45 916698126
34  35 991383163
23  25 1335342055
24  35 1976634125
17  37 2010151121
18  42 230452504
0  19 582954648
30  6 2050444231
19  16 1018086291
25  22 194442860
7  16 347072722
49  30 1145516707
0  40 589752563
5  44 1651670629
19  28 69885973
20  14 1640250433
14  48 817831511
11  38 651572534
16  39 883408774
40  5 1450509431
7  13 251550117
46  49 1704812772
13  1 381001592
22  34 1213158833
45  33 961695437
16  3 323996737
28  11 96256000
19  20 760242084
26  13 898745394
28  35 1979275066
0  32 430622634
16  3 1114874852
25  29 1048037900
36  12 1285920442
10  13 2025016514
12  40 2115951584
28  16 112955284
28  19 1836535661
12  13 1869960219
15  4 1065644811
45  27 1650060047
22  9 1752918026
47  13 346384109
45  31 1388944367
41  3 105190911
30  32 361590692
40  7 1498144480
15  22 1849489506
12  9 644071037
11  20 734982579
34  3 1847546738
24  37 1717630623
46  42 1265288618
31  18 2030799115
20  8 2093071971
9  44 956325788
20  32 428636324
19  34 1368993431
1  35 944202897
4  46 846222009
17  29 1574060249
44  19 1537146027
31  32 1012127898
28  4 2126916048
43  31 1391027176
13  47 1911760476
12  22 673030576
43  40 1840372555
18  40 1281882268
43  21 2033237925
41  22 253322775
16  28 1262109720
19  25 1952136239
41  3 947167136
21  11 2135389368
40  29 1004112583
5  45 1484958997
23  18 882606562
49  18 1313385845
0  23 730838097
21  45 1115759220
39  4 986944656
37  17 1281023679
1  13 1302977284
19  34 1631432674
45  41 740298625
12  23 121832158
11  18 705108902
0  33 1939483397
32  34 1869909172
12  18 1928124516
36  2 663068874
21  5 931833398
10  12 234256672
10  8 191532973
6  21 1925041516
11  1 1249777017
24  22 664882592
7  5 337371997
44  25 689408301
27  47 921632910
25  46 124499964
48  21 2082864212
46  8 1534598782
47  13 1210320183
3  6 1329691207
16  13 1658076030
23  42 1638719532
22  28 614056236
6  31 1524138983
47  1 1910855599
32  43 594224407
12  3 231329705
22  6 1727522556
29  33 1922940662
48  45 1930791564
34  8 402813394
34  47 1466772418
27  47 364337538
12  46 705457633
40  31 550172537
23  6 869038868
37  0 1680421228
5  26 577453696
8  26 2126743740
32  2 598370682
41  20 1510023439
11  2 553468549
6  19 414558630
11  30 2060726072
42  30 113574940
11  18 286060715
48  12 1732580727
41  27 1767531373
42  37 1100940890
49  24 101089435
39  31 1827875859
48  4 807755797
13  25 1327846348
48  20 1192266255
17  1 1053360417
24  26 305042366
25  28 905739025
3  9 1174562444
8  23 81412286
39  11 2065083233
12  10 1019735128
22  6 1375017081
14  35 63701396
28  8 1404197693
6  25 687091168
9  21 736321908
14  47 2054851295
4  46 2089443819
28  32 2025660488
17  13 1000820974
29  11 901920374
30  10 1084071376
46  18 825056734
23  15 1633078489
28  30 2111077172
40  34 498646148
31  15 348569459
37  34 224571763
28  43 1578039468
32  43 465967276
8  44 700057825
39  24 821759307
33  11 132568755
3  9 2087541275
37  45 2080775425
3  23 1371572104
35  24 1900323359
9  18 138619498
40  12 465078375
2  3 1842408711
28  45 1514108293
29  41 1643626263
16  22 1656672179
32  10 492776992
21  5 1978025939
41  34 2042518467
9  48 214527212
8  30 2095906076
23  13 307880283
45  27 385641599
42  44 1509018143
31  6 338099218
12  42 1007524235
8  41 442041257
26  49 288350387
32  40 1158979191
41  37 727929412
10  44 702853233
19  42 393301078
18  4 1165126004
3  31 236798350
29  20 765377617
6  47 451177423
43  32 1175174630
17  41 192043106
28  21 852410033
9  12 1272467586
15  5 822694774
34  25 950442637
11  4 754045906
37  42 564961015
45  36 1858265226
45  43 739604379
29  28 927130905
18  32 716175615
38  10 1119186267
13  42 1819570885
15  29 197852638
10  36 2023184688
11  18 72886349
36  47 1572164061
28  46 1088228029
40  46 493315404
30  5 594717459
45  35 730497774
17  5 1662652496
39  10 1053847476
7  39 1549379006
1  27 1692149960
18  23 537411642
28  5 755792875
3  36 703754066
2  3 94190156
20  39 1738960263
28  25 143439762
40  14 792818699
21  40 1714035374
8  26 272886179
1  35 671943387
19  5 1752754174
29  41 1834964152
2  36 568393663
17  31 192073433
3  44 314187506
25  9 506722320
5  40 583052249
41  15 1070393348
21  8 557706989
46  36 1306570867
24  5 1723952076
16  0 1942168284
44  37 1827303323
36  19 1931412584
36  3 1575616226
38  19 1821165179
27  29 1408301075
30  49 261866693
23  24 1563408286
44  13 38156819
31  25 921779452
20  4 1804192510
18  6 2023834961
27  31 556009143
1  22 1954252784
13  16 875865267
42  48 99280391
27  48 1262759843
35  10 2142712794
42  21 1076541125
32  14 1454880157
31  10 2077623605
21  0 133699975
4  47 183445147
18  2 264633352
30  28 391833872
3  14 516621549
43  12 158771390
10  47 905149427
24  47 425273421
0  22 413993091
13  6 463884001
24  25 1292067836
18  47 707835260
0  42 1784986270
33  11 1079151873
8  15 76094651
15  49 499943895
40  2 2058720999
2  17 1541550439
43  12 261559022
41  26 1825335255
15  44 1727720874
47  18 1602700211
40  15 1322929305
22  37 1311173408
48  36 200306986
22  10 1917264303
30  44 1954499048
15  1 1305673555
36  22 1231657289
35  6 317193355
18  3 370645088
20  19 1102290995
23  3 1318059960
16  5 2014064456
21  39 495454173
44  10 1948135495
46  0 542859719
18  37 895760060
10  31 1318531037
20  13 508891448
49  0 1911677864
1  35 525088776
24  40 514369065
33  40 202418942
49  10 1428277358
29  31 2025729888
11  38 383049402
48  43 1925636000
24  19 312995673
26  1 1222467744
8  3 1970335457
0  42 1233821450
12  34 1169391554
35  46 296588929
28  45 649849317
33  46 1978991271
28  31 1811882523
40  13 185122068
26  30 1896613845
31  25 392761958
24  25 254911851
24  15 1936909896
46  30 121258428
45  9 514844639
8  14 988517019
17  47 1964891639
0  7 461858983
41  40 1992427907
46  22 1373497407
4  32 1465994990
24  2 1642804077
17  12 1377921587
40  25 540099509
26  35 1063092792
31  29 872461995
37  2 624336918
24  18 518068066
48  32 57550039
25  31 1584872558
38  6 130590955
7  32 1162114996
40  1 2125684493
29  42 1700764046
30  35 2112964575
26  13 986268664
28  10 1875187894
48  4 481263758
31  30 499307711
28  40 794400137
17  6 1348233653
36  49 1732323151
2  8 268061592
15  8 655645520
5  20 1433401145
11  8 376337390
19  39 1953602959
45  30 1014687667
13  31 1694744970
5  20 1437346934
27  0 1138103547
34  46 493439463
11  31 341345376
24  17 1853642542
42  29 1577977923
5  8 1143126254
25  48 9843918
0  18 1886811043
7  48 1046158049
33  30 403264044
34  41 1437760724
24  0 1367580883
18  38 1219571492
7  14 214588953
19  29 1136881872
21  2 1848461940
1  5 1548813951
48  3 554667135
22  38 2053192377
42  39 195755680
15  25 391640708
25  13 512874082
29  11 1898681561
16  2 237042795
33  49 1137373102
49  38 736527857
33  39 1262473542
45  7 1742237648
22  27 2084768301
2  42 108161096
33  0 1260224618
6  26 284491576
20  18 2096615644
24  23 877353164
11  22 149953912
19  27 265767539
3  12 1576957679
19  44 296374183
35  17 2009177743
7  30 243377208
42  35 1595502332
32  38 1539795377
39  9 1962731027
17  33 351434204
1  23 172634344
43  35 163452955
47  24 695745344
23  41 893824118
40  22 2071306489
3  20 1553041080
38  18 1304033352
32  0 1896346137
13  4 152706501
30  12 774055154
16  15 1276067531
44  31 1055628936
12  14 751796653
37  17 676614200
40  12 1745054403
47  20 1677158738
16  25 1877409758
10  12 1015886911
49  39 1786147880
39  13 254843432
33  14 162618160
46  13 1980266795
20  5 395720646
44  24 1596976610
27  9 1378073106
19  35 2081470475
25  2 1796300719
28  10 385901733
0  37 743871019
29  34 1863327073
4  39 153684906
39  16 1460469907
39  17 504375073
19  28 1533127697
39  14 1157411489
34  19 587117761
36  32 1777206872
27  36 1930202989
42  11 845570864
1  24 452229822
30  45 729763587
5  20 790381782
0  13 862549449
11  2 504235871
24  30 954137243
11  23 2143641525
36  35 1736640034
12  17 2073122322
34  31 493276273
11  31 958213306
0  34 722476668
25  27 1082127348
41  38 1424660806
49  46 1296449615
25  6 1800405266
5  45 479535105
25  27 1150389924
28  40 1582497113
6  17 1615548604
19  30 1116741176
9  39 1115926625
49  23 1323308837
38  6 810296737
30  0 853592674
6  11 716721202
14  13 621465091
12  44 2009760689
37  20 1102781224
17  38 1568465460
35  27 175275935
0  36 366924645
20  26 501715925
25  0 1944902074
7  0 795866456
10  0 1761794797
17  47 985681521
31  15 433158124
29  34 1664827749
25  36 114010445
45  29 405807995
15  18 1331243788
16  48 1879866833
7  32 1961101198
36  13 1451908006
28  30 589005969
33  38 1087669683
15  16 15407499
30  38 2139904746
4  2 615890600
27  40 1122457992
8  15 500455220
23  36 529281542
32  8 332705448
15  8 66290067
14  38 1129473887
32  34 1773718859
46  40 203846062
16  23 186573757
47  6 1173462600
49  42 1478416704
36  18 383176692
21  2 166672897
36  25 1956893552
14  8 500356250
31  49 1569732599
20  33 1527991010
30  46 822796283
10  29 815974267
27  40 1383168914
2  47 1072864913
20  43 1138319994
20  24 456497881
15  41 1322505022
39  8 2019601670
26  45 2037102677
39  8 1552898913
20  5 1606349646
43  49 1818163377
6  1 740574303
40  12 1798357852
25  47 665359264
15  35 478049187
34  44 422979536
35  42 1805858673
5  23 1021035225
33  3 478891673
6  24 1880688954
27  34 911954798
49  25 2034632943
24  27 44796077
21  19 631750242
23  12 1831580486
33  0 703833428
30  1 1208306914
0  27 2102230328
35  24 706848529
48  42 976899861
8  17 1208709625
27  26 1176221983
39  8 782867593
30  6 258819642
46  47 709581863
5  31 1390954390
18  49 1358612743
0  11 938593767
32  46 356073727
31  19 1254647468
2  20 1381099995
10  44 1115189356
7  31 781682995
4  42 900188181
17  48 298838507
15  17 318704377
41  9 48795972
34  46 872375099
37  36 787840601
16  17 258153059
2  3 2001689628
27  26 1890065403
30  12 419589454
48  17 557067250
27  41 1300301907
2  1 86769726
2  27 729400621
24  4 633913993
20  27 687437999
21  34 1005195785
32  46 188271802
43  0 437809759
34  46 1650430012
39  1 1966275296
43  20 154177623
48  23 1930165301
35  41 80767392
36  42 1939036689
43  6 1466744523
42  6 922905284
48  33 990025221
38  29 493371692
21  14 84492653
12  43 532205080
10  25 106790139
15  13 1943454036
39  37 1971766549
35  47 1307144337
12  15 1732963704
20  37 1931618514
43  1 96237660
47  48 332895339
13  1 978734688
8  29 220797075
24  7 1248375958
42  34 202648494
10  43 1301483725
29  22 1560171940
35  27 1719590849
8  20 1988367490
44  35 140176102
5  48 170803172
18  24 941469861
40  28 2022954815
48  12 1415537337
10  5 1943328941
39  6 2115047174
4  15 1522833707
32  15 1636573090
32  40 2024060349
0  16 1079432540
29  25 561877320
20  12 1539889908
18  17 433055356
14  31 1407438714
11  13 1461986952
28  13 310297244
32  45 207967572
37  34 231029573
40  44 1175209959
28  0 209264720
36  38 1877447128
38  2 15515353
21  14 1398037126
23  36 1429618656
4  39 661437362
27  38 923627192
47  5 654615827
5  24 517770206
4  49 237525862
19  23 674676358
37  40 2137516750
36  46 1874274257
2  6 851089780
11  28 831438848
46  5 1750630176
21  43 1446836078
24  10 1386568867
39  42 1512563801
20  7 1759383953
43  49 120568512
8  43 1009943334
30  44 1922155870
9  24 531969240
21  4 645193869
48  49 834680768
14  31 1341144915
47  5 594714575
47  7 13237692
18  30 1609271448
1  46 260776580
1  34 73985731
45  21 268945501
38  45 637856741
38  18 671945074
20  28 1320150847
40  46 980559950
9  10 492815453
26  22 273982097
31  46 632292230
29  27 108419260
10  37 1880290818
24  19 1723061259
8  46 190993664
10  22 710692118
10  27 1493092330
46  20 550559379
45  43 1126058125
35  2 1415444363
35  49 658677156
26  31 327790731
27  37 2092061981
26  39 1612502581
18  10 1421330563
38  43 1834585566
22  42 2023432043
25  0 2094500807
45  29 897711402
4  23 2031256752
48  34 1694549640
26  7 1136633067
20  16 1985926391
28  31 1847480621
36  3 928135971
40  39 176964176
34  25 284687770
13  10 730052055
6  35 1332649044
29  47 392524556
43  1 403678258
9  14 1288648111
12  36 188369448
9  7 1777496917
1  30 1828404485
37  47 212439185
41  18 86635023
36  10 161887594
42  14 1401167899
3  19 1222862585
32  17 1317322224
12  5 1760680078
38  31 48003981
40  26 92434132
48  25 147748013
26  38 851960446
37  6 551477392
19  41 284736910
46  19 739011464
30  34 1370233150
46  21 885466821
18  39 2136806250
29  48 1969629346
32  44 1021585321
21  30 643929559
28  14 881359434
34  27 401400710
45  36 1721431617
40  37 1528451320
8  44 1178169554
18  9 2076853268
32  5 541291197
45  22 1901050326
25  3 676903186
33  1 901503051
40  11 1145763250
37  36 652841373
13  41 1329777765
34  45 2120318707
32  37 2133595286
29  20 810533002
37  46 2053384090
33  10 1591249324
27  15 50391039
11  5 1637711745
42  8 606079900
7  5 1997858906
15  39 761625736
7  8 929580340
19  35 22204877
11  22 1565655942
6  33 566275835
9  26 995270128
11  20 892566395
31  33 1925299664
47  19 1836625598
30  47 1881499846
44  4 828043047
28  25 2129603273
30  28 741458857
31  20 1190350442
28  25 1416582360
48  1 763159150
7  43 1658260705
16  31 2136494960
2  1 359399493
30  4 639710195
40  31 78538028
5  4 762596044
16  20 388683508
44  4 2018726622
26  11 821919841
17  3 707303432
42  38 956565103
43  19 114175426
44  34 1442356997
43  39 522603083
27  20 2132034212
28  16 332694894
9  5 213651286
15  23 1320164943
28  21 1217667526
32  47 125976371
25  5 131731929
14  6 1832319105
14  9 401042853
28  36 575176926
28  25 812692335
21  16 1085998872
46  28 1816594338
42  15 695443572
33  35 160334423
36  27 1352925072
26  33 1151695355
0  1 25447839
13  17 795423036
2  9 1253607984
9  46 343192602
46  17 1332126045
24  49 974245243
45  44 1444002577
35  46 1600127275
49  27 1672664822
12  48 425071946
25  6 1880770459
47  9 2023499621
41  5 22106612
21  18 247886212
37  25 1721853761
44  21 289353277
33  31 720717904
24  27 1664748161
24  27 500863566
30  11 277271326
9  30 2099255039
46  28 72499742
37  19 1166279443
24  41 1051596969
41  25 38137435
6  40 1748365826
36  9 2115765573
25  30 211211383
30  24 1036515782
7  15 912315871
23  37 578927695
42  41 375122068
19  13 974921692
22  28 1940188782
15  26 310763626
37  39 337646345
28  27 973057661
13  42 2060269903
18  45 1502735063
29  16 1371218453
48  1 1347942120
27  21 1348421558
38  37 1587419644
30  31 194010801
26  9 301907421
38  8 1855848754
27  19 976739725
12  9 1921188392
22  34 911849143
42  26 1556770669
44  13 281749664
39  29 351575640
41  28 1976289210
45  20 1241029135
25  28 451953962
3  40 1043608299
43  10 1496271992
20  41 1166779020
25  6 1453077116
6  36 38690787
38  40 901445128
2  32 1377567988
45  9 1003537550
39  8 1803373653
48  47 28038734
17  10 187094694
39  37 2025827104
29  45 633774403
31  12 1318129521
36  21 2118073693
26  42 974074618
34  20 1984307950
45  33 1315366033
30  11 1132253356
27  45 1325615732
28  17 1379314756
48  43 474161084
46  18 190088902
35  9 843201909
49  31 533697197
40  48 1838504237
0  23 992669038
3  19 1870401018
24  48 778728586
5  25 941462294
17  19 1865932980
42  17 1410816060
27  22 1319359961
35  28 364029967
27  26 888398062
18  19 1225045886
48  9 12358870
8  46 1181053632
11  15 1855749287
4  22 2144989980
2  26 2115314825
46  45 1218781654
12  2 1369791750
1  36 1871794523
22  17 600194217
38  37 531036128
45  6 1587375470
8  32 1423703118
46  48 105007551
19  14 1204137274
31  23 721933138
6  2 475441861
6  27 2117043742
25  1 1278413720
10  26 2088791268
21  25 1049189189
11  9 1012214839
16  15 733746240
41  26 1036387604
41  11 2067882969
21  28 497424827
37  17 1548747095
20  37 833288067
18  11 2070223014
46  6 908498529
48  38 1138952325
20  40 1770908799
14  21 1979250127
5  22 404686595
16  11 1203916818
4  49 2016089989
20  16 894573516
27  33 1177928768
2  18 1140518511
20  36 1429363110
43  38 940364334
48  45 2117352816
29  40 224370317
23  20 1296872279
37  27 536522569
19  17 1338012297
32  49 960227778
36  17 1592886053
45  36 2132114736
44  16 419744622
12  18 1654960854
25  41 770448100
22  34 1663630451
27  28 1386494028
40  47 301771277
24  22 477647515
24  23 16806668
39  8 2006492125
25  48 1936443924
30  10 684853615
40  7 2007675697
37  11 119654834
36  19 982166677
41  26 1061392967
30  33 68244099
39  48 2002496704
14  49 1053733003
46  27 2121250775
37  17 1452691530
25  0 1533620837
2  17 1719011805
11  27 1529542666
20  34 1845452284
13  41 127127199
10  32 1718298427
2  36 201672520
23  46 698085106
9  8 2014244292
40  30 1309733119
37  36 1762342961
49  3 1198286059
7  43 129340369
35  40 319617436
0  20 518424510
1  9 261826985
32  42 513430496
26  31 1319708719
27  29 1693782835
5  42 571834
24  35 1273294515
0  49 1983133094
41  10 1303990422
4  20 1865812331
1  19 635842813
28  44 884293507
22  5 2031856705
33  12 1363640189
27  12 2143373447
27  34 585522593
14  46 177640091
25  24 681176118
40  45 2117090155
21  13 963833767
16  1 534806996
1  48 462004130
24  8 1544637495
39  42 1052110522
31  45 1147058472
8  12 1862513891
7  2 1754035653
0  12 961802767
42  14 445247348
3  7 253956830
29  7 1358753400
6  8 299171718
12  20 479306889
43  10 1598688458
14  5 2084361886
45  30 366820753
36  45 472296855
21  1 778137249
21  10 1471316312
37  33 687713082
2  35 357997922
11  40 525883440
39  15 1532007897
45  37 1079169096
49  6 480593873
3  13 413944275
10  4 2119511253
32  49 1584157
26  4 1622523320
48  8 434067871
24  7 1605403764
40  48 1013560944
30  14 1976091857
15  49 1324902018
22  16 302580024
49  34 96470642
7  31 576476174
32  21 221533201
4  15 1742905466
13  46 1972081252
32  27 897378484
49  0 531697497
6  8 1617070257
39  8 228210732
17  34 643155669
24  45 64884501
35  30 1876082815
12  35 1475058122
17  28 26284075
39  8 1863703591
12  32 2133093783
16  17 1431534296
40  18 1404559126
44  7 27869011
19  26 1793340875
31  13 224729437
