1250 50 49 32
7  42 844174063
34  9 1162485614
19  4 1085201356
19  40 498193048
40  43 1315282061
17  26 1055093746
13  43 1425229475
42  20 395024962
40  45 1937606639
49  6 753358856
7  1 1855117219
44  13 1157651874
40  29 778541499
19  48 129352375
2  28 1559427355
40  49 91194596
7  29 67763851
38  18 1435145978
47  20 1258577231
43  46 1518219495
1  14 1864098874
26  5 972794480
49  29 1902341430
20  18 304406406
39  11 808029958
37  7 1429682755
18  10 1401066367
37  26 1055903256
19  31 2139900020
32  1 263697170
21  12 1660055227
34  40 1682865293
25  48 1925841238
15  38 119232698
31  21 1366454178
39  5 1698683578
19  21 2060233785
28  12 998999575
41  16 873462507
4  15 1101492357
6  25 1350274610
14  34 1223071155
10  44 41073328
11  14 961062570
18  22 2054133596
41  6 1436560322
48  31 1799687686
19  20 926957922
47  24 870909283
36  42 2050985830
8  34 1400939004
29  26 328136624
41  4 1425930787
13  34 1105778892
41  3 37734132
27  47 1892071395
18  4 46751399
44  40 481529789
33  19 2141898194
33  36 925024270
1  48 1730414590
35  23 1789328934
18  8 1799404276
2  43 567634126
37  5 767341624
31  49 1605489336
44  5 37194197
23  38 1806140242
9  24 776597008
25  43 209035436
13  45 1779824896
1  48 1029445776
1  5 2140280147
1  41 689068416
45  6 1262512275
44  0 794510870
44  28 860801289
4  29 293412969
19  43 936972937
0  40 663373249
18  12 1119683924
37  1 545620948
22  40 1171194392
17  6 1656914905
41  10 1614110804
19  48 1028790873
11  19 1601246109
6  45 592398000
27  31 1839116542
9  36 1102200798
15  6 1463176558
30  43 487600024
9  37 508221589
1  26 1097513643
28  22 2055628711
45  35 623143178
36  45 2022059754
42  22 350317110
41  15 410526703
14  11 1894911810
38  46 1005697224
35  5 355621293
0  44 1304097150
45  42 819721655
28  11 1469397032
7  46 1121747442
46  36 714841590
4  11 897600084
10  13 1740812939
23  44 1639463329
49  44 983357508
8  25 1829248889
13  22 872752312
34  45 1803638079
11  12 620068700
7  43 1232101581
47  39 19232574
48  49 1932883581
16  29 792373121
13  11 1400846768
15  21 607686389
38  25 1544861987
3  34 922572657
14  23 1693042386
22  10 1812942083
16  33 537710798
25  1 620251475
30  25 1303588170
42  29 1114049688
3  36 1746644335
30  14 1004617797
1  38 1082296386
47  23 2005377946
48  12 1705144795
27  42 243170551
21  15 1268005257
24  23 1917373596
19  35 899819534
7  9 655286561
19  5 1296153992
46  37 530201028
3  7 17118813
21  27 1441220621
45  28 308838247
44  38 1369447364
23  6 152625995
23  9 209528501
1  12 1460922045
8  35 730459517
10  43 648719555
15  4 1825448506
49  47 1736543963
1  41 1711639017
2  18 1180965256
2  38 1781721613
38  48 1003112419
2  17 1730641580
17  40 1207499387
48  8 832172254
45  17 126871001
8  26 2080002045
1  26 1951493310
4  37 659188340
14  44 608568502
1  49 1834422405
4  35 232397633
0  27 1730192208
47  14 2105210625
40  49 2143982517
5  44 33138495
10  43 1242450709
49  19 1198290754
34  35 1710363009
18  36 1488120165
48  16 2029454530
16  27 1924813769
5  15 90725539
30  12 320920313
5  19 618775670
15  40 1828932414
33  11 2048897825
21  10 1357805123
27  2 1354135340
45  40 259095615
29  20 1937116661
44  7 1774832552
4  46 1192833500
29  36 568817663
41  1 1231252237
28  36 313861045
12  8 795593399
43  17 349960162
39  12 92968017
35  39 829690225
8  7 1259909214
18  42 920111365
5  13 352089337
20  22 3087860
14  0 1675482028
39  21 725909352
5  49 1082071010
48  37 2138963445
15  48 959170817
10  7 1875890538
1  10 507880118
48  8 937012840
2  38 1985421925
0  14 1410147637
47  37 346506272
34  35 377603959
24  47 472244094
27  8 361268898
37  0 1027531132
16  41 1038880199
27  3 740580805
9  0 1314938759
35  31 193447817
48  26 1751765898
34  44 1523355939
13  48 488637519
28  11 1032645911
44  26 1685054816
21  31 1720044362
41  23 1127294884
28  21 179148656
35  29 1134431433
47  1 874764717
24  23 756139992
14  24 869377483
8  43 1217841857
37  44 75529815
0  35 1745423734
35  26 1230784619
31  1 388212232
42  15 1174104475
12  32 1975776829
41  8 370548746
30  4 693653728
40  18 468507033
44  20 2098562554
19  38 155942391
32  37 1215236953
49  48 1056919278
41  13 358871175
34  5 686603436
20  30 687445665
11  32 1390800240
29  27 688427363
30  35 1521935344
23  24 1118529755
18  34 1312839098
25  42 592752849
25  17 1398436260
37  38 557885703
22  42 1958469509
39  15 562853618
45  39 2145763786
7  33 420371256
42  38 889507146
47  17 220907511
25  23 950175457
34  6 1117151467
31  3 1965662142
17  38 1845143292
9  23 2089886956
8  37 604179169
26  3 1965142647
10  49 1209376521
42  6 979106279
22  31 1233916735
10  18 343147480
1  15 262532645
19  24 1195456272
9  8 1150909810
23  48 526175386
46  45 1483646915
33  39 410877021
34  26 156870626
47  16 846150631
25  41 344856850
15  49 18164951
37  19 633177113
35  43 1372321267
18  2 420365591
26  48 1939977796
45  0 1608013822
48  49 183276930
5  19 534121545
37  41 1028218977
33  29 742091924
28  22 1278275176
25  20 1382546368
21  15 1100157487
24  46 383720598
34  7 880234084
7  18 945612871
38  22 651387079
23  40 211181045
2  30 762244998
41  9 1640240238
9  40 806053312
44  31 1831945279
16  22 950556528
34  17 2041123289
31  41 2119888929
11  44 1409928764
33  12 1972478213
48  20 841903939
12  11 1365894369
20  7 755242779
44  27 461006094
14  15 270588091
13  5 1209670522
8  14 813673770
8  28 1599686069
33  1 1693967364
33  41 1189279965
12  30 12293854
7  27 38806822
25  46 1046055119
43  31 2048839603
21  8 311218590
7  16 981671704
36  41 589183202
22  47 1115019937
44  28 609714446
11  1 72958391
6  25 211062894
3  7 1373348578
33  27 1834518616
22  1 1175120082
1  24 157299146
31  15 1054136695
2  14 617063647
28  15 1429173294
44  49 830313621
10  40 27580692
15  37 1910109682
10  41 244802373
32  38 50693933
15  20 201568466
9  14 485352277
8  32 548483322
42  46 1268710444
43  11 808048137
30  10 131932270
7  11 1962754889
28  20 1258772447
1  0 347137123
25  21 595163331
31  6 2036472246
9  0 1824100162
45  20 1187334250
32  29 1056491447
9  16 1232108401
20  18 844498508
23  44 2069596875
11  37 931905966
18  7 976965380
21  27 16406261
34  1 1794536462
19  38 1450637252
45  8 434210486
46  6 1441005991
19  39 482816059
42  24 872123252
24  45 1034586590
11  18 297333641
10  26 528591994
18  14 791899574
14  46 804048757
44  43 827825294
20  5 709164989
2  30 1209237948
24  27 215704843
25  41 1795023954
12  22 1874151441
7  11 935153703
31  32 1940588496
47  35 858606689
10  3 1369450146
6  38 105336029
22  20 1190872638
25  38 686083052
46  14 592921242
40  13 1697190092
18  4 875089717
36  35 778895695
35  9 1408554383
5  16 308354074
24  46 1527314487
7  23 1233279234
12  0 979826030
35  11 993526110
38  1 1465703809
18  44 192625112
12  16 600656931
5  10 2073355094
35  5 781862868
39  25 1667619524
35  19 1980541396
49  20 1675823878
41  22 343767306
18  6 1891921761
15  11 742874528
45  7 419034961
15  9 1640049955
42  31 541693733
43  13 2133218809
36  1 183472816
1  29 1814899993
18  4 640641878
37  40 355543757
20  32 650454631
2  13 1834179092
0  38 1183708415
40  12 1074875562
0  36 1978069563
26  3 228844043
17  26 1180958488
47  21 392600029
14  44 1055082858
7  30 615562874
43  22 1362316853
23  35 285506827
16  34 1924856112
35  6 826790095
23  11 326557874
8  33 298996470
39  14 548749227
5  14 1787229417
5  33 2036914646
5  12 722965885
39  11 247628489
22  8 1642226759
38  36 321213436
6  40 1499329030
41  39 967751576
11  15 1583666137
22  25 1729467669
14  38 1446895524
2  17 1184650869
37  23 512074315
20  24 1325290280
39  8 1109354116
12  46 1927647026
36  11 98077921
22  11 487665028
37  7 1365667824
1  39 1707882838
7  31 93379330
28  9 129875919
2  4 12058002
15  32 1517086688
33  44 934486974
8  16 1555046015
21  13 140215602
30  28 702422794
45  34 431361939
48  39 1352578219
31  14 1733421324
41  32 343980744
29  37 1714323119
35  45 1329589836
12  24 1104259284
29  11 338823196
5  19 747467452
48  47 1724304544
10  48 1394098646
10  25 89261048
2  4 503861199
15  21 1872753684
3  39 2052488857
32  46 1650988979
4  19 1615156629
27  49 404680266
25  39 1513424269
21  19 209174791
27  18 739133750
32  12 910872611
35  48 1955948910
8  30 331433904
9  43 207714314
37  23 986140682
17  42 777919744
40  15 1734307582
39  1 736633736
45  2 867751282
16  20 1496740595
36  23 1105531470
22  18 1748303628
48  45 269206656
16  22 803994338
44  12 1727460795
1  25 1814559591
31  2 535155088
39  16 1472284135
6  33 444043100
9  32 2055036862
8  29 286559507
14  32 731622659
10  43 736133290
20  39 1990391073
42  32 1522826191
16  44 998044092
47  33 1489753112
4  29 676191608
15  3 1632217685
24  23 1102883522
13  42 1862449778
45  0 738725989
38  40 241557103
20  40 2061748480
0  42 1220076412
23  4 49049005
33  30 1532442394
47  20 1759690062
33  47 470132169
1  7 431132439
47  33 1447756243
37  34 300112129
31  3 1334358078
28  42 2066784424
10  46 1624127713
45  9 2085948705
1  12 853019776
24  16 1713260603
30  3 1091260393
44  15 1579718030
19  46 533152993
7  26 1345276877
41  12 626868834
1  40 1859053149
24  26 1874663744
39  12 160497064
47  9 1013291814
11  15 915000019
40  24 957513504
19  9 1926535435
28  48 29232623
48  25 1039731822
10  3 905428314
22  15 1918548790
35  33 1386819207
32  22 370052
30  44 453047604
32  2 1279729800
28  19 168781684
17  4 549130266
45  1 1871126490
35  12 1144988637
9  12 1567795924
47  44 1562828412
6  30 1819174588
19  2 2022617031
0  16 403069356
48  2 1587632854
34  49 190436317
39  23 1910072469
41  43 655189598
39  49 902148541
11  16 295482223
32  45 2092486151
42  29 1944218318
4  7 2055967026
22  19 648208751
15  4 1162746643
46  40 1071534097
31  21 2143591804
26  27 2025279147
38  23 739664720
16  42 1757432392
8  47 1431666459
3  39 1211930517
17  48 1279562218
9  47 975977592
2  47 958101055
28  34 372725259
11  16 1687203365
44  38 498763903
27  6 116656522
45  10 268748425
45  27 526380544
42  38 408687608
48  18 481868075
18  41 565141160
39  0 2048890599
15  22 2127251683
31  36 1775020206
16  49 976253275
38  29 1846953036
33  24 2015736867
5  16 1618655857
1  39 264972955
36  49 2115328841
39  41 411875141
2  5 1827994105
49  46 1851243977
4  12 404456667
16  31 39787895
10  40 2047450954
39  7 1073437897
31  47 174317530
49  46 1408007832
1  11 1553153678
15  34 110382566
46  15 1824023714
47  36 101965148
29  3 82110289
5  13 1976148303
17  31 631628598
36  2 939888328
26  10 854122125
11  21 1692463964
23  38 1381800167
1  39 372602092
38  43 1912877376
22  1 1612443382
40  25 1360499697
0  41 1687691593
1  15 1242436139
14  28 1869575062
24  16 1576534254
33  39 1112210102
33  31 928713642
40  16 2068668104
11  5 1346226720
31  29 155375060
1  40 1997926848
43  31 243957238
44  2 550888663
42  48 1826837100
14  32 31341549
22  21 145619613
5  20 2143689352
35  27 890844029
42  15 2017068783
18  14 598897774
25  4 312235078
48  41 89722296
3  15 522956504
44  35 258583166
4  11 1568764240
45  34 1331229498
29  4 1582392882
1  45 1019465547
49  2 1232109692
41  49 1472129521
22  24 55164646
26  44 39195960
47  49 1748247691
40  25 1501342067
11  2 732132595
38  19 677094926
31  9 1619044411
1  16 1822319617
4  27 2110010907
2  5 1900620285
20  49 859410696
8  9 1849674968
4  43 1826877519
18  13 966554838
46  23 1664537451
36  45 1948631051
6  14 590989581
26  36 1152521871
27  12 79926500
22  37 1840374323
20  26 1577987418
3  39 202485267
46  22 632927891
19  5 2114305325
37  6 853765091
30  42 409153794
9  7 288637216
34  17 814495469
40  5 480672365
18  49 306847317
47  33 434845168
48  35 969697216
37  47 299876531
15  22 1183817734
45  32 1651956885
1  22 1400831945
16  19 2086437199
25  6 1437798898
6  12 1816737562
25  23 207662211
13  28 453536187
3  19 34936854
4  24 1771422447
28  32 75091644
37  28 1098899684
40  26 1194413430
2  5 1328956685
39  33 1466867695
14  35 1599633320
10  46 1570743276
40  31 1520127926
16  40 876869213
21  44 1268924744
37  14 665812930
28  44 755729809
2  42 904565754
1  33 982410676
14  20 1359730708
17  12 1450443306
8  25 1818154316
15  31 151421593
14  46 494871072
47  28 1201849595
39  20 1281453279
24  4 1603268439
16  13 1447146939
25  46 162904516
40  23 1899947120
42  21 1547161499
48  26 1142761832
37  34 606501828
45  41 1038421346
22  26 1631531120
30  46 25585799
29  30 794730424
27  34 1753548553
29  7 997117380
31  11 1258462001
23  37 1521790358
29  25 3519494
27  38 289759129
30  18 2013863168
49  16 532327649
27  26 768906757
34  48 1191624083
43  27 620127596
45  24 2100684307
42  26 564865578
4  3 1203400532
33  34 1866098850
38  11 1937536551
37  12 1028456865
7  31 601265774
47  29 1356271121
5  8 917990096
5  44 1645997705
41  45 694526283
21  36 1651115620
21  18 1524526252
10  36 827404558
23  38 1435477481
40  12 1998713826
32  40 1407152092
14  4 1209413492
21  17 271583644
5  15 1169636985
45  25 1093991341
34  31 1289720433
15  44 1629364197
8  24 1246877293
32  21 956927743
29  24 1968929195
19  24 1630555875
3  7 96386800
48  15 824230982
27  40 1215431228
37  22 1326722936
25  34 1521045966
37  4 987329647
9  40 948078739
19  25 1210414837
15  6 154363859
37  25 508072239
15  18 1926797009
16  47 1476677081
40  3 1202872314
8  11 906582747
5  0 1237467567
23  1 700673879
2  1 22064644
30  2 401002388
32  49 550570305
40  45 652214956
39  45 1213263158
29  22 1803109940
40  23 1464432242
23  45 2010933531
6  33 686274445
41  31 577289610
29  38 587234090
11  31 1714649689
42  11 1510112464
9  35 810847436
45  37 236181967
44  23 772948602
0  42 2085935512
7  10 1605992224
28  41 1840570310
13  40 1109616459
13  17 1690997089
17  32 291385811
17  38 1810936061
45  4 2043114541
35  6 1965970798
17  35 1597301963
32  38 1720344241
10  34 795458593
18  48 1818109024
38  17 501319619
38  11 1905396452
3  22 429885931
40  0 1384792579
12  3 1341394623
34  31 1278598924
14  0 1085389071
25  11 745678721
9  32 1966157975
45  21 1483235821
43  47 1342720748
22  20 40449244
6  1 604595814
38  12 1351724839
43  10 31998456
27  40 1259904674
14  11 958040850
23  32 1661911713
17  42 918699886
4  34 424826146
12  20 1309686726
29  1 1292411242
45  21 1534078591
44  36 744562150
18  9 1476751351
15  31 48107546
19  44 494661452
42  24 1680054168
45  43 1445994621
33  21 1148058879
22  13 972140429
49  6 1729620860
21  40 1368787012
42  36 764747996
25  13 1770280724
2  27 158215940
20  31 286242539
12  43 397225548
40  32 14843683
17  7 115211183
38  39 485500639
49  38 472599796
19  20 990689867
14  34 867718143
23  46 442064154
11  17 1846292022
33  44 281030460
32  7 2120085898
32  11 1820828218
4  26 692606762
25  0 898069770
13  45 1890671693
11  32 940382069
15  25 580675448
47  23 1531292109
27  49 547992027
0  16 1419608235
36  41 1225810311
37  16 570827268
31  35 1732755324
45  19 281672847
7  45 2135930118
10  22 1293484378
49  46 327463092
18  39 1543768078
13  46 2091953009
18  39 108475291
12  47 218564146
31  2 580248086
43  2 808262456
40  14 1376124547
48  29 1851035938
6  10 1470539111
15  42 2031631119
0  24 776687231
3  20 10280319
33  4 461712884
11  2 627788847
9  12 1447441288
25  9 2028446672
9  45 170996816
42  18 1338179808
2  9 155028469
43  0 228526271
3  22 1836277539
29  14 2146115666
44  0 1717022604
40  9 479233505
32  37 462039670
36  5 93189477
15  22 2146651564
25  47 1753726145
35  42 1621305471
29  19 822738125
48  36 2089422371
16  4 123303474
26  34 1504544045
37  10 957750708
5  19 831249850
32  26 1832895407
2  27 512408611
18  16 334440700
4  42 728670661
7  43 670576731
9  3 1732264510
30  45 805970011
22  47 411630360
11  42 1411603202
3  34 195747251
22  18 1456749520
22  24 943929636
24  46 776141698
0  30 1260087705
44  10 1230757091
36  3 1066873025
22  45 1835130038
2  10 1004555290
26  25 1966362376
9  5 1334169003
23  2 780739959
22  0 2021501118
43  18 345202990
9  16 1385794522
21  19 903500554
25  26 1966099813
32  9 61155948
44  23 2065843135
48  34 824750373
49  15 421786071
49  10 1372003727
21  6 488087894
44  46 1448261751
33  10 682545209
0  8 1649927635
20  19 354297482
48  35 39746651
42  8 63052741
9  34 111099257
48  22 1102394780
22  11 1791776759
45  40 60302169
15  1 716679608
14  15 1528816798
4  25 1311837163
4  49 1611189915
41  9 960461523
0  33 449814784
43  49 198539340
44  21 1488493722
29  19 1253474880
26  45 1282934305
32  39 436818366
48  6 1495898477
9  46 1023711047
31  47 2122418192
2  6 1195087546
28  12 1007718047
13  45 184504734
9  19 814312603
39  4 1708329471
23  32 146260629
10  15 148586513
16  21 2075537314
3  21 1277466483
45  49 884085236
39  4 749805697
10  27 1994736317
40  5 42437185
36  35 1656682726
42  40 304014261
31  3 141942405
15  30 1464509512
38  29 195605806
25  43 1097661009
5  6 1619296829
0  7 1821281443
6  26 2130951650
38  2 1773385193
22  39 345445684
43  23 1226301223
15  22 50498878
48  26 1143875816
45  23 1771556217
19  42 1036890601
2  41 429114277
33  40 71083660
1  4 1603137080
1  22 904433492
24  41 146108107
0  17 1217850844
15  31 1226133077
33  13 363781903
20  23 930766707
22  16 108273163
40  43 1559220170
28  41 620632573
45  6 1571275663
16  20 2025972634
46  34 1140143407
38  35 1489046139
2  37 457128612
28  4 1498196459
35  20 1457477226
16  31 604117298
2  49 867678521
44  20 1046778862
44  9 229791062
47  34 1074076244
9  12 260680380
44  10 185577163
34  32 1894026239
42  41 505432400
7  41 18979609
47  9 537468538
39  15 1268702991
42  47 1067203956
5  31 959979569
43  25 348779957
16  46 933995469
6  14 1515537365
43  40 249491096
6  38 1680139409
26  4 1448036155
38  48 435465408
26  12 1400633398
40  43 350885552
32  13 1258285583
37  5 660103113
40  44 909103096
11  41 1472813996
27  22 2088928768
44  17 1244469009
49  2 1354050852
10  15 1530691728
38  19 1086237444
45  2 859815469
4  42 1535739584
28  29 95098444
37  41 1039399005
22  41 323663121
2  31 1341095348
40  48 2059575059
6  34 244519845
28  12 1501389000
9  4 1420157160
45  49 1991089076
11  23 1000327115
3  27 1757853161
32  12 1086050416
39  47 256097832
19  26 455176600
12  0 1641167467
10  17 967731139
37  7 42457225
34  47 885267395
25  32 134799881
41  15 941869391
6  13 96620991
13  8 947779262
20  35 125995038
33  8 1595856921
30  21 196810147
42  43 574938019
22  25 625364369
9  12 422395535
9  13 391610360
38  42 681314806
38  32 2082173119
20  13 1238175168
1  14 859047650
18  2 1860433087
38  28 37278954
33  28 1884840837
13  44 1598947601
48  3 356427901
27  1 1369750238
22  29 1668059431
40  29 1706350147
40  10 1166105573
8  22 2091510805
43  17 609887765
41  23 2125577582
35  0 2085758449
37  34 562857044
43  47 751470332
28  45 1168014858
0  14 540449342
9  47 645205787
19  13 1506455197
12  27 1608191470
10  6 614493639
13  5 1020451437
48  20 22673459
33  40 1010237370
21  27 150506680
29  49 1535414822
21  20 620295239
37  36 2121052784
23  18 682178790
40  12 762579110
30  39 1778004531
8  11 1890074292
21  43 1449547059
4  35 1665567733
26  45 1652463358
21  26 370248927
45  29 238681783
38  27 2146988592
6  47 1391029400
8  16 1019328455
9  28 1456271464
0  29 873832119
48  15 1982129971
9  2 1545520095
43  27 724074740
39  22 1890572401
10  18 1545943843
34  7 2043121625
13  3 224268006
28  23 1338764932
0  1 51701465
11  33 1591446690
3  13 1273998141
9  18 1383081431
18  21 962061410
14  44 299751635
4  29 646329057
13  31 78884620
19  32 2013187819
39  25 458387348
45  44 1851096809
3  40 2053450023
38  42 623013384
36  29 1590593878
36  21 1552877525
25  30 304133998
4  7 323999782
35  23 1060258245
24  19 326373124
28  36 1142428222
33  47 147680050
30  28 557328964
3  14 582312777
42  28 651524334
38  47 2093969322
37  43 387663080
19  42 1128449464
37  1 1647230640
9  29 633883485
36  32 284870356
5  9 416867787
30  4 1993646624
31  25 1587757845
38  5 409519398
1  44 1579141673
0  32 381103039
22  43 1838529651
30  35 282813963
38  30 1262613499
16  1 7519209
21  30 219445774
28  24 2147417244
2  32 419056728
35  30 1730626494
22  46 147845178
6  17 604698732
8  11 911244121
47  23 243730398
27  5 1257553874
28  34 2000282549
15  35 1252035409
29  44 1382933374
34  27 1534366653
17  28 1251922393
48  25 1892211395
36  30 1509652386
45  24 40064530
29  26 1734052629
21  22 378259790
22  13 1950707125
25  30 281800322
12  43 631984352
10  45 544154917
36  10 1510468195
29  21 1213468215
23  35 2067550008
26  43 1922768394
44  12 825034313
35  44 1413695312
41  47 1141504397
22  2 1323159580
23  38 1256494122
42  47 32226301
21  19 1798673748
32  23 79799095
24  27 1365160933
28  47 104659513
6  16 219563081
18  33 303574119
38  0 2050637971
12  30 474031734
30  6 1884218703
39  0 919482014
48  19 798150716
0  8 1721957369
10  22 1079822507
45  40 1637149152
14  16 66052938
23  4 1525654881
41  31 943829563
27  6 694650310
42  5 773016828
7  2 1044243931
22  1 672988347
16  38 1084350571
45  15 2136766932
39  7 876717080
5  47 1050481101
1  26 1888260458
28  38 691976131
35  12 206576405
42  44 387845117
41  9 584887041
15  12 1077818437
15  33 1661128703
40  9 723208154
29  27 179483517
41  33 378441672
39  17 1729699468
10  41 1107279443
29  36 724375841
29  32 1465889294
33  14 1935941154
36  35 1920179457
35  19 742815290
17  4 1054321504
15  24 1442394393
0  10 1971601717
3  11 2080055553
11  31 1099951221
31  37 455148112
40  35 673380955
4  14 96608195
35  23 2086963920
