1250 50 36 44
6  22 2086439824
30  47 1788359094
47  21 1772931983
41  6 2093028037
35  0 1454530290
9  43 42150702
8  24 631737556
48  1 717118355
40  9 1378552227
35  15 1289089382
44  14 1350760316
22  20 2020042566
4  45 582765472
3  32 2001323260
3  40 610363370
33  35 267001076
34  8 681153698
39  37 1437063767
12  46 592899848
48  30 936482162
29  27 1846101763
32  46 1102230375
4  14 1903994054
39  16 1756125881
17  47 1742319095
40  6 1925007016
38  30 196851942
15  14 920206430
18  43 216207717
24  15 807700601
31  28 22095041
7  37 1779468705
37  48 1606689455
44  23 1496082083
30  13 911935478
34  21 1346213948
0  25 949087039
6  40 1705209287
3  48 732541215
25  27 2039611708
40  13 1337596641
5  21 744032078
1  17 68752145
12  41 1523107174
5  20 2092487898
40  13 1651653559
1  4 995627791
24  28 302122036
4  18 1841044909
44  0 1444797584
4  49 224068061
31  28 247292194
2  24 1339236816
5  10 875759765
39  46 197083496
24  31 55783223
48  10 1492742895
6  7 1783561134
26  5 1502675631
12  45 1754978938
18  4 271933294
44  22 1760862822
8  0 532413474
15  46 951279468
15  24 1610971352
19  16 806634408
23  26 590307484
17  19 1639844662
24  22 1376598435
27  40 1351601671
35  46 385654954
27  5 703103299
8  3 2101272838
30  46 562354024
2  3 1083795617
40  12 1104262487
2  46 2104240864
14  20 1691995951
11  49 1813130115
39  31 472475749
40  14 1919919183
15  40 275836751
6  33 643195104
9  27 1975186019
24  31 16701181
38  42 194989882
26  39 1361530933
2  30 1357581136
12  40 481207254
35  36 1640347661
35  47 251487489
3  1 1024087374
45  25 280347108
27  37 1893539560
0  43 1552099461
35  18 1817348301
15  19 1432240496
29  9 1261884709
1  18 247899109
15  10 637129435
49  42 270686203
14  27 1776172120
37  11 1239823612
21  47 1115642863
0  16 504849874
1  28 413945406
40  8 2135491368
30  12 1595851232
8  47 270433075
16  30 309511643
47  2 295054007
30  9 1403424229
1  6 655155047
15  39 172232228
32  49 476021803
38  5 1474878080
23  3 1628279230
38  48 1341354063
23  3 1883068096
6  37 811812668
7  43 538714837
16  30 1702432724
19  28 898901823
14  11 1566557674
37  6 716000226
9  24 1872769564
36  12 1512829191
3  39 577648221
27  43 1980283026
36  1 1678794022
46  25 279365852
45  46 91587923
1  8 607675799
13  0 1192502795
12  21 668285269
45  35 1114465971
31  8 974581604
27  14 392372367
6  24 953957381
16  38 2088184977
33  28 2035858273
43  30 1725625212
7  21 343953377
40  21 2018831290
36  2 831335531
21  45 1740512370
43  47 495681501
38  22 497716030
2  16 1077600305
31  3 1338761469
32  29 1944819512
26  11 1801522792
7  31 1689508451
11  48 1335516588
18  37 693284784
38  46 1456388039
32  0 505571130
17  49 579308475
41  10 954365285
17  30 1520860366
12  16 465706655
22  13 1842359919
13  23 1232349434
8  17 720705123
32  36 1098901977
8  41 1907208537
1  43 1705056445
38  5 1454244309
49  35 1159968277
36  30 773258011
3  23 1062308352
49  48 288867634
33  10 391263772
30  41 1285650728
15  39 1401546681
15  11 2017296629
36  39 425271995
0  10 1074702217
16  29 2102802721
41  45 325826156
12  15 2146669180
41  45 345285618
15  6 1219926136
21  30 345156138
4  25 1718991390
35  22 1037461576
43  1 1819218346
40  6 1478875154
41  14 1969775015
33  0 1503311317
13  17 1948146695
48  40 1088197370
12  29 1753320684
32  33 666351955
34  31 1478404871
33  21 998052201
39  11 331991778
34  37 156992970
42  1 69484717
7  12 688870974
32  30 598042949
23  32 1509158787
4  24 1803513998
11  39 1805146992
27  14 2071614881
42  19 637731481
36  9 2131736172
13  47 1075261141
9  17 1613524080
1  16 1299616644
18  20 507867333
29  44 131022057
14  12 1423734342
34  33 326418221
23  12 280513426
33  49 1856988649
15  31 1272123502
21  45 178815643
19  2 1329098391
32  7 444907177
3  10 1048532391
20  12 1023136613
19  13 916887925
19  21 1369232640
16  25 944670940
12  45 497188710
36  49 354588812
34  13 335079800
15  17 1137459538
28  40 1455761731
20  14 738089473
39  11 1437435963
9  15 365345515
12  29 981490254
46  9 608897966
21  11 653350166
23  40 46031408
0  19 478455419
9  0 1079397140
34  16 1846563706
22  44 1872661582
25  2 1536099266
11  24 1082493701
47  34 1011769521
34  44 33481246
5  14 769565725
35  17 1543976750
48  40 331586279
20  5 1682149801
47  15 1303563940
20  8 1523675488
5  4 2111904810
36  22 270045264
9  33 1850588382
27  47 568082158
32  25 1045234483
5  20 29115028
0  24 158594693
36  12 1775544604
20  4 1235190399
26  9 1310800106
19  47 1960304220
43  45 1473863596
4  45 1353055574
37  2 1304177493
28  26 19153534
6  22 1398184662
44  1 200057293
3  15 525381024
36  39 1516698665
29  45 874201359
36  18 1486184152
28  2 337999189
12  42 1464874453
16  45 1429473700
14  21 1271558948
1  14 712451662
44  31 415095768
20  1 2005170790
39  40 560765304
23  38 706639062
29  26 1383911096
37  26 1857598826
44  37 64846115
13  21 1143250188
28  17 1336624421
28  26 237778070
0  45 585698454
46  28 1581677403
9  24 801297852
21  5 2010289252
10  2 1062117374
1  12 95649472
9  48 1310033665
10  2 1584222714
14  40 637728150
10  33 1514947645
5  26 1623908345
26  14 1992363755
19  15 220562413
21  11 742355950
37  7 585467238
23  25 721179968
7  44 832393031
12  47 1126765150
41  42 691210738
18  37 2071557649
32  37 1456934795
40  9 1337566614
5  37 391320246
22  46 1811589988
18  36 772283603
1  24 1735454513
36  18 1237130090
33  11 1243892233
48  37 1379654108
44  17 69858972
24  46 1862381852
34  23 1680792048
12  31 1657688318
48  35 551560559
27  29 667685963
20  44 13060504
31  0 358369093
3  36 821255298
24  15 617613171
6  13 1832670737
39  26 1860176816
41  3 1928994668
16  48 1460020734
39  33 247034439
46  4 675643709
5  23 232943365
48  47 1637307063
31  13 1557179195
11  36 178827726
36  30 387760460
13  36 1533503416
10  19 855177815
27  37 1923774561
1  9 59195098
2  39 1554929033
4  46 1528125268
5  49 301427974
6  15 1682683907
43  13 2004524030
36  16 2018469367
21  44 97954116
24  2 1498139111
20  31 1804243147
29  21 100708361
47  15 162316955
12  11 1219218190
11  8 2002839625
42  35 1710791301
13  12 65838234
11  26 49162860
35  11 1548313184
3  34 1485620675
2  17 371354560
49  4 1425997630
30  31 696084084
25  3 453006023
34  20 547946180
38  36 1858973664
44  15 470637527
18  35 636960342
42  44 1333305575
32  45 224961894
14  28 883679190
3  28 1408798754
48  4 302019681
27  14 1057831391
5  47 1638352594
22  42 1180368196
49  28 1569677918
35  0 115505360
16  20 30082326
37  5 2121725012
32  31 626350087
37  23 379623380
35  11 1197753837
18  48 172075277
32  10 1060262676
18  48 1674703993
44  1 1232688302
21  24 1932684199
47  24 1705463477
17  21 190816982
40  8 818760013
28  36 1184539135
32  45 254185090
3  16 427731589
27  29 1061909869
0  7 304715484
33  17 291105319
24  21 1880645307
16  18 2053743443
36  35 1871121246
34  4 1951719347
28  26 1976467178
45  8 616237439
30  9 1807949817
37  10 966132467
1  33 1742201482
37  26 1784156568
2  23 1478268938
25  20 442257364
26  31 3169472
26  18 1189394034
49  14 353802943
16  38 324859820
33  5 533954828
7  35 1318164862
4  0 1417277580
18  27 2009421431
5  35 732879932
39  27 1098214822
21  22 2053916240
46  23 1456789137
43  49 1793811829
19  41 1492177975
20  12 392576790
23  30 946615483
35  31 1052677545
33  0 2071694902
47  46 170785067
3  36 1828139573
18  1 282110909
11  37 1821435119
47  9 173724997
14  1 366801914
48  11 811137273
10  22 801504504
27  20 300612517
2  13 1852387870
28  44 426561855
23  43 132611176
27  13 2140429628
17  46 1320698027
15  8 1273388910
14  36 1401600257
15  28 1090979909
34  24 323134718
8  20 646974261
8  40 1299184072
35  9 304684083
49  27 1316617530
42  11 402929473
45  20 584130704
33  6 1115253248
37  31 277732420
22  19 34684525
48  18 999692371
20  26 1079373553
25  42 988474717
1  0 40154018
2  27 2074403215
8  12 683517531
26  15 45858386
46  34 1181477702
7  31 33206386
38  26 991123033
18  35 427215606
27  22 727898885
4  2 1320627918
42  43 232931764
37  25 485677245
34  10 178926346
2  19 84990236
27  25 624377482
47  20 2078631220
37  38 1859434875
6  0 535032781
40  21 210741002
23  2 1103409176
48  10 290388626
32  5 1098165753
44  0 2045851005
32  42 1029623048
24  45 658306479
24  9 950389890
30  44 1776389322
25  3 39765493
1  19 537394958
47  24 2058098303
38  10 140157481
30  40 432906110
34  0 1460689999
26  10 1800155483
28  37 276354386
14  45 895744316
9  48 1261739019
24  33 621759737
48  20 1254278895
34  33 599550355
4  39 480585099
28  44 2113131756
36  2 831633406
24  45 970209651
21  29 1455876784
12  14 2006653431
9  16 1731124206
48  31 1497041421
24  38 1385934761
16  27 181612378
34  48 287841013
7  26 1064583764
8  44 971795777
14  2 1050794859
21  47 1507681616
17  48 1434523320
12  24 58990529
0  27 293988385
36  38 213852089
46  16 1319006419
4  10 935711075
25  45 1835967374
38  41 5363665
12  27 1565098989
29  9 307716934
15  44 262748960
3  26 2036289904
30  7 2072972340
1  4 1650695967
26  15 1660728509
45  31 486248053
39  12 2077613658
30  15 1207387822
19  10 1074837782
31  37 1420342539
34  37 1960288652
27  30 1593995113
27  0 1439757192
35  16 637849111
47  32 72931218
39  37 2087247825
43  31 734156053
33  9 2018504732
30  11 1432321941
18  5 1627925390
11  28 1398469427
0  16 83183077
42  8 859007345
44  3 1986859834
16  32 161032960
28  26 983003676
46  4 965590019
25  6 2079614176
14  26 423093615
13  11 387308
13  32 77983188
42  21 1949409451
25  38 1341634641
48  5 2087852733
35  21 890750927
21  19 397095512
21  37 1494458697
38  48 941982269
13  46 137186595
29  15 1657698931
28  13 1725074925
6  43 1580228535
32  7 1883320445
43  9 1127524864
4  20 1350439603
2  36 138235168
0  18 1946041405
30  11 15178753
15  43 1496778450
36  38 275113933
34  37 1231253683
4  39 1638981097
14  21 325280360
16  9 1319324769
43  17 350363483
4  24 430658232
27  46 429913405
0  16 602689142
16  22 1055777967
21  38 1824398154
27  47 888813256
37  24 1947155987
12  29 575465759
27  46 1067558199
33  18 1157004531
11  6 944515279
19  3 272538950
15  34 1677126566
10  19 69773863
36  7 2025246507
21  25 1574727232
17  14 825779764
9  12 1738139052
9  0 1778864800
7  28 1979467634
49  9 352933036
8  22 489183276
11  6 1755197007
25  34 1667501531
48  38 1517433630
37  35 1954972381
16  44 1923048347
20  48 734861840
36  13 269856045
47  1 2108072948
38  48 1825324988
1  29 2061778716
2  18 1236906709
5  7 474330133
12  27 1708675546
25  31 1030033105
41  46 1534434428
3  23 1841849015
19  39 1483821930
14  9 505735403
48  16 1495004953
49  9 1225453300
18  43 752151883
25  39 1229368313
33  17 1249960741
15  5 135129008
19  38 993519856
47  32 1059890742
38  0 347935994
17  36 313287352
48  46 293013289
5  24 1082381274
31  7 1382204626
3  24 875021731
36  45 1597937683
33  11 1451014285
22  43 1413893420
28  11 1598997030
10  20 855300800
36  40 394449981
23  41 546713304
9  15 1865913860
46  22 1427378871
29  3 1606713348
40  26 169625536
19  41 56528169
40  3 1773647685
20  47 1817579217
23  34 1501896448
34  17 1752586034
48  49 1472778623
35  30 1843703929
9  35 1471317715
19  11 1530888907
34  5 386935400
13  31 1541568301
46  14 1594300101
41  49 382179977
5  24 405222833
22  38 630589753
12  30 2091630360
9  8 1945816702
10  9 1161482847
36  4 538610259
48  3 494299712
35  25 381993058
40  38 1450013787
9  11 146950000
29  5 1697409107
8  17 1839868616
20  18 39734739
16  42 1074762878
2  7 1246370429
29  6 1277509184
5  19 1280329996
16  22 2121909817
42  9 1364800559
26  32 1957327149
35  5 973739682
18  12 759738682
41  4 1001972056
22  19 942513717
20  23 1988000054
16  10 113700731
37  14 1237828018
41  26 1230790235
6  10 1684656766
26  18 1896322039
41  49 120549167
2  36 1676077268
24  27 1661283652
49  18 1512920226
38  24 613025422
35  42 1491817066
11  31 72565073
19  39 282749110
27  18 865254875
21  4 794266585
11  44 1338037369
33  49 228505893
39  48 1278517939
25  2 225404686
34  45 802920456
39  1 831719973
47  23 674010169
18  0 1723452080
16  15 1375741119
46  9 1642755292
38  18 338133150
12  38 865826631
32  39 1000230546
32  21 1897058027
40  29 692453041
25  10 1668874753
11  10 449661099
24  33 913532331
35  15 999872658
34  35 711959786
47  18 211810404
19  17 2114573916
25  36 25157465
19  12 990382508
49  6 1935906964
15  27 2062992910
22  21 1444655514
49  25 1472796053
47  46 911991955
6  9 1592550839
24  41 1418725216
18  41 1969982443
24  26 1873903082
10  41 707265517
40  47 929310491
14  40 1579189960
4  32 931753832
43  32 297651800
14  6 1258600681
16  22 276999179
28  46 1473186708
35  47 398584869
0  7 1536572972
9  46 1446268924
0  33 1211677344
29  14 1058360707
28  18 1891006598
48  24 1836673318
46  11 1325023470
48  13 1835884094
14  21 396140024
45  33 276846762
38  47 1327885688
12  2 824609762
6  19 1276662789
22  8 1283337299
44  25 1003453570
2  28 1294856098
4  49 926912584
14  15 1073154880
2  47 233494959
30  4 1216618828
33  24 1744386889
46  28 375629736
38  47 426625835
47  34 110155644
18  33 689227027
6  44 161368947
5  2 2053610046
14  28 1253879460
8  1 1872406249
15  17 2080560286
46  14 1071083250
38  5 1005562713
38  39 1177957288
42  16 254786123
32  20 678846062
26  27 1933712547
32  27 1630165654
11  13 1518777110
1  34 1596660917
32  8 288198420
27  35 81039700
14  20 1942331006
5  47 161214927
26  7 1390353928
44  20 1947266025
28  20 1439131887
44  37 174352134
19  3 1228353343
39  0 247177467
40  8 1132111400
22  35 1307417073
9  33 1879583504
9  42 99951357
17  37 887860497
24  35 2062270659
8  36 1520635062
30  1 1450977820
7  1 860477969
15  49 1551507555
38  17 505086738
19  23 962655279
25  30 1354817780
15  30 1907043198
36  24 1004815742
32  29 69718755
38  16 1067157742
4  42 1423971371
0  12 1195715739
2  32 605124329
19  45 346127979
44  27 1637398394
25  18 1984655621
9  4 935568592
14  12 933579755
0  21 379528197
28  36 1870509347
11  46 749669710
40  47 1187496991
32  42 2043863248
24  26 2003041981
12  42 1470364577
28  29 2056098513
32  12 583776186
6  18 1737795680
13  45 478576273
47  17 1818628298
14  20 1253655704
21  42 2134375511
21  36 213743775
2  38 1853598318
8  36 389797764
9  3 105319851
39  24 2052417790
18  8 1560944072
11  36 364142574
28  29 1102460841
4  33 1840145689
26  15 329233997
37  33 1338522895
41  18 915879033
45  10 832809309
40  28 1595815914
3  0 1693812181
23  36 1006219870
4  23 433122105
47  0 1250334362
6  33 659785117
19  22 199831987
35  39 1733127394
0  8 1577800454
10  29 1748571862
37  39 753976113
29  15 514721988
14  40 757844357
45  14 711828142
18  8 882158784
7  16 476930245
20  10 1482013008
16  13 1076349692
22  43 519024188
6  49 1547185068
20  12 747837955
47  17 531110495
29  0 35364527
9  37 1715183143
10  18 1624573209
15  32 670139653
44  22 1744582390
33  22 1067224238
47  4 2009811962
33  8 1543521285
35  15 214234521
39  26 2023017750
43  1 2106416765
20  26 494952932
17  4 1769252081
16  30 1399981765
23  31 467013331
43  29 1229877259
32  45 266952517
31  39 866320857
11  2 1022375271
4  9 489376918
3  5 1864323508
19  39 816551326
39  46 1012097637
21  22 286253997
7  44 275884693
11  31 1178837426
6  29 911743821
1  31 571351982
11  2 854574864
15  5 2098625216
1  30 65505689
16  21 996751705
46  0 735923508
40  3 1140946812
14  20 456304289
30  29 622603435
1  12 418924310
6  30 168785986
7  24 857192091
3  16 1238507052
37  48 1794612105
28  47 1662968974
37  10 1239712650
30  40 613155170
5  46 353300913
32  25 949373849
18  20 1137433300
45  5 2131752294
33  35 194889802
43  8 779827232
26  16 227507838
3  25 1705193567
40  13 1532227420
46  49 462338860
28  37 48365362
33  27 1394938386
3  23 1182745679
44  46 1877217872
30  48 837823459
9  32 648181971
3  44 1844547819
9  49 575643098
31  27 1569438433
29  36 34145637
46  40 1538064929
10  13 1695983905
45  35 508612967
13  29 739213001
28  20 1885783399
0  17 283071363
22  4 1120403690
24  46 614898265
17  35 809107401
26  8 355560126
2  20 786520676
21  27 158973220
2  43 698452880
39  40 1747148930
4  27 1737511375
6  38 1413146327
48  36 779990103
44  42 1487291524
3  46 1874814090
36  27 1247062758
11  42 489007222
0  27 1676246287
36  37 880043072
14  7 1039415357
8  31 759295171
4  39 1890347078
29  37 1390983177
35  42 1127841958
41  3 12138153
9  25 301715150
19  37 448541033
36  16 1711168000
22  18 1951213026
14  28 1348605496
31  28 1472550442
47  24 1993138076
32  45 346888085
29  47 1441415234
23  22 1620553218
10  6 185222648
10  5 458528591
1  10 422912486
0  28 1855462381
32  42 762621560
41  13 397431390
29  8 2037803200
34  6 632171015
17  14 1364071865
25  24 1673717619
9  20 1272385339
49  18 743821134
22  8 1515166113
28  2 1431124799
14  49 1708876974
31  19 1722596245
14  16 51246918
29  3 1880916526
15  5 808465617
31  2 185897090
16  7 2107230926
45  7 468775308
12  27 752980986
7  15 805100699
25  11 1108870589
15  20 1309871274
27  30 710143374
18  32 1990107330
42  26 552791462
29  31 1713502028
24  14 393745243
5  27 2115601644
28  13 763923849
40  0 1483417479
24  35 1577152436
27  19 1922760790
48  10 1763432539
44  36 80925528
0  37 425778585
10  18 1251052827
16  39 1295692880
14  41 468624834
7  44 1958186928
15  17 2071713745
6  33 1617706189
12  18 703920780
18  5 766072813
26  15 1145966995
12  37 295642588
32  11 1835952878
22  16 389272533
33  16 1697625030
4  41 136779322
3  6 1219074086
47  39 40809728
27  35 274848248
15  9 1427280527
35  4 673106578
31  37 1253469045
0  42 836590135
32  34 2038716125
1  21 622637085
28  42 604905939
41  47 1863032758
15  26 1046607809
17  41 1881845113
19  23 2112620657
10  34 5532321
4  29 1501831593
14  26 1884514170
30  0 1531013093
12  18 1395349985
9  34 1341250658
9  7 38409620
49  4 224744835
17  35 1652071656
39  29 457029015
15  12 1258412559
34  31 1895946384
44  3 1028374218
41  11 85779437
39  24 1144121134
31  16 666687851
19  3 1535076641
45  35 186270052
36  29 1018636164
30  12 617007111
12  5 345823564
2  16 1898061121
20  3 814114746
5  25 2032562124
14  38 1040100516
23  46 1742237667
45  48 1458104399
13  38 710586884
35  28 599310
16  3 2096635057
2  33 360323672
7  43 438456132
36  33 354915863
15  3 492552862
21  35 466299462
9  44 934162086
44  31 1772630202
49  23 894396078
48  37 800299521
47  36 1815521171
33  29 203599973
36  49 1908601393
32  10 587339786
28  6 1280031642
44  18 1116560041
18  38 1843871975
12  28 1251068515
42  39 1171944753
10  26 1400730046
30  35 82860987
17  44 922427652
13  35 1082758724
10  29 705554258
19  23 554314452
12  20 1849953401
7  35 1317626374
7  42 705476921
28  15 1181860811
35  39 159576567
32  49 105840121
21  13 1665833735
33  40 544347115
35  13 928115248
33  12 1575816234
22  20 1079475589
44  18 47963895
33  45 1681779811
38  19 1394310711
17  5 304497650
42  9 1472674117
12  35 1970016071
12  25 1854645844
40  20 771898240
31  41 1625980960
47  42 1607322960
45  21 548255908
15  11 1658719153
33  46 49307722
14  4 1346832662
42  9 1656668546
26  18 274984819
49  26 1154577973
29  2 1854032665
18  4 1112857643
13  23 990480422
5  16 429806984
15  12 707901500
15  0 1774072682
17  2 1097858806
21  0 2093548380
5  46 10448623
10  13 2078596739
1  7 1681356441
44  24 109199385
16  9 22650990
5  10 787838128
41  38 1838045936
27  45 45091676
0  45 647161944
34  27 962399570
17  23 1621765209
44  13 355406514
35  28 1947296378
3  2 943841424
22  48 140186662
24  13 97098481
2  21 456397120
38  46 887853955
48  49 963414142
39  32 1888050265
46  42 1945720544
14  42 98482173
4  14 1656574169
24  15 954765463
26  22 558544931
16  14 1978623541
36  32 319137106
46  47 2028055062
15  6 405658111
19  8 1163751124
46  8 397150021
32  27 1675853624
32  36 249215278
35  17 1846156430
5  42 239225908
40  36 1007210494
33  16 1598300195
9  17 1987386687
23  16 931377480
30  34 698610085
27  10 445615542
15  48 994324773
23  22 1286169087
42  7 2145427078
36  25 578466740
22  18 1739337612
16  23 129260038
18  16 1679321309
15  21 1660747518
9  35 2048429667
18  26 589474250
34  19 909967116
36  46 853273303
38  29 192607716
6  45 1317185390
25  28 544973836
0  12 369859583
37  38 1898135432
11  1 442750754
2  28 425400243
2  7 765547240
0  2 612182652
28  43 1921415293
42  29 225963633
24  17 1678065673
18  45 1192618298
40  17 433541587
24  36 966098764
25  42 2056451566
14  8 619938671
46  12 883396625
25  26 1963036774
44  2 399721726
16  27 255247018
23  3 2051541078
27  41 50855887
34  39 1273713091
11  47 492866294
49  43 1318578273
48  31 672551369
32  21 1704675514
7  45 1447248827
17  25 1052689715
2  37 2037756080
46  16 1796690006
39  7 1420525375
44  42 1286121090
24  48 1553980247
27  21 347059080
39  1 276499099
34  47 1690820104
29  3 417382483
7  3 80056354
6  46 1843430064
10  43 1155403088
47  36 2038173802
7  20 2050831618
19  25 2112272416
3  32 587842469
38  31 608664733
8  20 1651328842
3  15 1936412379
49  20 280161306
36  24 377947465
4  25 1142882845
47  35 1052732528
16  22 1642240385
23  6 1088872967
39  9 812819185
21  36 365125715
23  31 409820751
40  46 1341114281
17  35 923370873
18  2 1434329816
14  12 792215896
17  7 1521108056
11  1 864117490
39  33 641770572
3  4 421824773
43  49 727285160
49  12 1951545269
45  40 704436985
26  22 1257304376
35  22 211499668
10  42 1500706027
4  39 902530
22  44 1534544448
20  0 1319761773
34  3 1812349797
43  10 56249553
33  27 1640466098
