1250 50 13 12
1  25 380307379
11  38 210392128
16  9 1873307196
28  40 860616612
4  23 279512394
12  26 1146240665
11  20 1313860525
45  5 1208005188
34  6 325148726
34  31 545837319
46  27 420230639
45  22 1186574272
41  30 1395079926
36  1 1585372291
41  44 1688913814
36  12 673532151
35  9 1059412326
49  21 1244237290
49  10 1509421077
14  36 680561423
13  1 2043020228
18  16 982248190
22  8 1292492646
24  10 1964600101
37  4 188583834
47  8 1262231633
40  41 1940105992
11  31 1422306807
38  45 783284367
0  5 45062705
10  35 1224861273
6  10 1955377787
26  27 403455615
19  45 294761623
0  48 1976386943
16  13 1144804742
44  18 93875682
17  45 1682797296
47  1 356481912
25  1 1185797784
43  21 1238213259
3  23 1493552047
47  21 1432561274
41  24 22943906
47  39 2110931252
19  34 1693794551
17  15 1248025153
48  11 1517251136
28  9 1181315819
23  10 1697478170
36  35 990359844
18  19 1814794506
9  40 1017233345
42  39 1421155783
44  28 8439772
19  3 1517869246
31  9 1557131560
24  14 1560460023
32  30 1956617301
42  19 2013381560
40  37 1939626171
23  0 1143786891
47  46 711526697
9  13 798643297
0  21 1428591954
35  43 1516191460
43  47 1648829063
13  0 586509202
20  25 335640600
44  8 1522866424
31  36 524393058
42  37 1026667464
43  39 844785906
3  29 653563130
33  29 1662239079
36  46 1145612755
4  39 1473972576
9  33 401644694
17  28 44933425
45  14 650903122
17  28 436436348
20  29 1527361805
31  27 2118756000
45  26 1847247646
25  20 1736412199
41  23 147854275
37  33 1795943470
5  2 2147261560
25  39 329755639
28  16 673728546
18  39 246710899
12  27 1456414654
26  12 1466551319
20  44 1884278938
15  12 1784105676
9  33 1116478568
42  16 1458807173
26  25 2076970378
0  32 1270396262
3  37 404284439
25  35 1743540840
34  37 1528306353
10  0 75998771
14  15 324585758
22  25 1604225343
17  16 607375445
11  10 1391736702
6  28 300463938
9  46 1452594634
27  49 276083002
14  26 695335984
11  37 10889201
42  14 1150915290
19  47 1939207389
36  38 1207470085
37  16 363902443
16  33 1457603592
25  14 55065440
30  21 362927592
42  18 1036094658
1  30 1962120114
16  9 236767302
40  29 9604362
8  45 108776776
22  2 16501711
20  27 631236372
12  6 1601216520
40  1 1048441571
44  2 363555545
10  45 1934189400
31  13 75953694
26  18 587767894
46  24 985083864
39  49 936021264
19  31 1657333886
46  26 1809241320
0  9 1622282298
39  6 799963233
17  2 1914485424
14  15 636419899
29  15 1430183793
1  2 1472448781
6  10 1439202412
22  16 868246253
14  31 513228035
10  41 1969359246
46  12 232454409
20  27 327323344
49  44 330162402
29  1 1361220986
20  35 1001120416
44  12 1926549741
16  25 1179569840
7  18 958939344
24  23 2008838455
19  44 1257516807
42  34 1437008472
30  34 958605414
32  48 1060091874
6  35 948788618
31  17 476645513
17  37 2130891985
42  23 2026294105
0  21 1509490405
16  34 1064672892
48  7 181093100
10  5 1785723483
31  0 1139342926
39  0 696750255
14  21 288313489
16  17 82097846
40  27 480395777
49  41 302980034
36  42 1346988360
16  44 469153199
7  32 334438948
29  34 699383725
23  14 744075795
21  7 1887748678
7  48 1226014558
26  0 163555869
34  49 1221415327
43  3 1326334906
44  13 1083220718
44  26 577478644
39  41 1659277323
41  46 1315377819
34  4 31030940
0  3 1384341991
14  30 1815145327
18  38 80143920
17  31 1103277623
23  1 1551995899
16  29 1847124958
10  5 1614856432
22  49 1033248671
49  21 1149504806
24  30 1426331116
35  1 626030595
3  40 597243014
30  9 146077040
28  34 204619608
0  20 107568973
0  27 1275626125
6  33 1392585988
47  28 1802856058
35  10 1106449549
9  42 1154902548
18  2 1938790873
38  37 1948150774
28  35 2064495617
39  7 513693307
28  44 538893166
31  11 1289945021
48  30 1452212549
46  44 1734306669
25  11 876941867
28  32 2132730254
45  2 830558699
29  19 293642479
10  27 1868004353
27  19 1729276973
2  6 764593531
18  8 500804252
39  49 1741006682
15  42 1061716349
39  22 1260047258
22  41 792462557
24  40 774576055
26  44 914260663
10  37 2017723374
12  1 213317861
29  22 2126311012
13  16 1187486172
8  5 1206314851
33  38 369532021
47  37 2124038942
21  2 523237079
8  5 1968054452
25  10 1697314180
42  11 743822149
31  1 1269927775
9  11 887691279
21  15 1451216954
1  2 1741137996
3  6 661092282
44  32 237739834
2  34 583539756
12  14 305591966
16  11 728198705
2  31 423753780
3  37 1301103227
0  37 775955831
41  10 574360628
41  12 505251481
32  17 1604056854
46  31 1979601465
8  7 1579158186
24  2 836302507
14  2 1878651636
35  42 1711863698
45  30 1569810753
15  44 2124375663
18  22 1288187610
32  15 246924488
47  10 1317297572
20  21 1099354552
40  8 373573244
42  37 128755578
47  13 1857927225
47  45 55206181
17  41 78859854
19  21 1238872998
46  29 859559945
37  2 1865008565
25  49 1988716037
12  24 985836152
4  17 1062024292
20  43 393297339
7  6 30172701
36  34 425134982
38  41 2078532694
25  7 671616530
34  40 1955679053
49  8 76407989
36  15 121565716
27  11 1747907474
10  3 914045518
27  10 516346391
4  24 805329371
8  43 626193
47  26 1213642110
12  37 1336806465
6  38 687139966
37  28 757005191
26  7 924100327
26  25 2063819721
18  25 1858331702
12  14 1609827573
45  0 1612215859
3  44 1346700876
48  15 887627935
43  27 1855169398
46  0 75697114
2  27 323626758
49  45 32850201
26  27 641611261
43  24 246378388
16  10 2082282773
31  40 2139782556
5  12 132889225
28  32 1708441448
3  47 502326715
7  21 967400047
39  3 2073563140
33  39 189419058
26  27 1977021213
10  11 1909213986
38  46 752793555
42  19 1976800954
44  40 38544050
0  39 2104527926
9  13 1459547849
5  18 804476173
0  36 263545269
47  49 1383321900
37  28 1686477037
23  18 1203573829
13  28 163068823
14  45 1769875587
17  47 1064074962
4  12 967591200
1  41 2103406417
47  44 884231984
39  42 284935318
46  30 1730741814
43  40 1737492889
2  18 706344466
41  22 1769133510
18  49 1206008715
13  36 351146278
23  33 648975099
45  15 1488673516
20  3 1455974949
8  36 805152531
9  33 1122081736
10  7 1615206309
43  42 556106887
35  36 1941037678
13  39 595343715
33  24 374947992
13  18 262702106
34  45 58035937
20  13 252116010
1  45 1142838287
36  32 1549669445
41  46 231698092
3  2 1797149275
15  36 1761103979
36  19 1734440405
9  12 546537698
21  48 2118052968
8  43 2132158633
6  19 1300539126
10  49 1230605972
12  25 973391070
21  26 1570712477
47  33 37761592
7  46 1280175419
48  41 342008599
47  42 556793170
14  37 1691634210
4  22 1325634854
30  35 1045546202
7  6 506059898
49  46 861316195
47  15 970509302
43  4 284636155
16  6 1088427589
21  43 1577405370
44  7 950370206
27  1 1870408609
46  26 1902631285
23  43 294064793
45  33 1555422984
17  23 1244421980
19  9 668109171
29  18 321813954
46  29 1261252661
31  22 809733053
34  17 1537492885
5  15 1050401044
44  36 322431449
12  47 1984977438
7  33 1490192833
25  44 1016737479
6  18 1737121717
10  9 711897700
40  35 867638761
22  31 1732799388
45  33 1977855695
19  39 968816693
0  40 1471436019
12  16 48778069
30  29 735797294
49  34 462428815
11  29 1837515252
29  44 992277295
7  38 258304259
13  34 1864671601
20  28 1188806801
32  3 1445873795
48  33 2122267528
17  23 1909605144
38  0 1621242277
38  24 1224518653
5  39 599182143
20  43 1745514696
25  37 1770881427
11  13 1557882494
40  6 1854329183
46  44 969876855
7  22 321824150
3  49 1330430717
23  0 779434156
36  27 2038594062
31  21 865819442
8  38 1874013959
34  42 607476671
46  10 1622908992
37  13 1222702655
11  42 1746456722
28  29 1688676009
34  19 305959011
1  29 1750904080
44  33 1289135000
29  9 2077453379
48  36 1665596686
29  20 688371612
23  28 1587438901
5  27 1915293431
16  25 663041144
33  0 321630578
17  9 1602505657
43  33 1283001304
44  13 1100633014
44  33 1671838065
39  41 1041868637
12  42 1739434336
36  38 1532466808
19  21 1529957843
38  41 1077735642
44  5 1302075820
42  19 285744169
2  17 1989871789
9  18 1014056368
42  47 421726210
40  23 1729563381
45  38 622156331
13  6 1175868419
19  40 1747852295
33  46 427010417
49  15 506085291
17  13 1407401614
15  28 239375738
8  2 622440049
24  2 677369024
42  37 172631320
46  0 1340067108
38  8 481160606
40  48 742182075
49  29 645876248
41  8 2055670902
22  17 1104429058
5  41 1787479912
21  11 1143746930
32  47 1447392138
20  16 1275578794
37  16 1514122367
28  26 1775981959
17  46 11302585
33  32 324139654
34  37 1354825265
47  28 18535175
32  17 1807572385
27  16 1443014051
37  2 457522905
34  14 1476980602
7  35 1418222283
9  24 481799814
44  17 290159852
14  31 893667778
18  3 398625157
36  7 241215859
46  3 453798774
13  4 945266639
48  27 2115112318
22  33 1456491230
12  18 353156413
40  27 684749001
16  17 857358633
18  19 1993667275
39  32 1198431676
15  7 1617321944
4  18 130453916
26  21 617393958
21  13 1925123070
14  40 1205211401
0  48 597677638
16  41 1140044948
44  8 707935424
21  26 35386046
4  49 438181302
14  38 1047084946
42  47 946197123
24  18 639914527
32  37 1374783927
12  6 196635787
0  40 1134279122
44  34 565812720
14  43 779984931
24  4 741520919
26  15 1280734476
2  14 930505724
40  4 1866355023
21  39 192089475
8  28 903898268
31  10 1647199372
40  48 160332899
7  17 1790814828
4  28 1798848445
37  15 4338847
15  39 96927890
3  14 961143653
12  14 2008064114
34  46 1551005179
5  17 1126093888
2  7 500539172
9  46 2134799692
19  17 1410907014
20  41 1883579871
20  18 1190259570
26  28 1548690110
37  34 1002790513
1  2 98677715
10  20 1023914264
49  10 734633339
29  35 2028151655
14  9 814451026
16  2 2068399909
5  34 1900156311
45  4 410168439
30  44 2020149299
17  13 961744841
17  38 1491876117
26  40 1125799308
6  27 726919
38  13 713673455
19  7 1282226558
33  8 285520322
48  19 497422697
25  27 1401643300
29  37 775541680
4  25 1652759100
28  17 146966141
20  13 2128753632
36  37 933309683
29  17 1758429652
4  3 639875155
3  41 848860537
45  32 885063694
11  34 741851355
32  45 482102182
7  39 424882172
16  5 1938630902
32  10 396351545
21  24 323105477
35  37 2141521749
41  48 544618264
21  18 2098411803
2  7 1915882080
49  12 219161465
7  4 204130593
43  31 1999709802
6  37 2136197759
35  28 920445780
28  11 2070535683
0  6 933000393
22  40 1213077435
31  3 1518373494
1  7 1115021686
39  27 495750023
37  13 322876788
29  8 422102566
3  7 306129381
16  20 2013365779
33  4 249399255
16  24 1260693351
46  40 1630037363
14  41 566058483
0  12 1292961573
45  0 706640874
39  49 1754533633
41  31 4854731
8  46 1295091773
4  11 803821091
10  29 1590589647
11  16 423147117
3  20 478724343
10  12 762745757
14  6 710496802
3  28 228830902
28  23 738448411
15  18 946614799
30  11 1988801763
21  46 1022739097
29  45 284398655
40  32 31492749
10  9 1494552016
38  10 1308795952
30  24 1633168410
24  35 149857929
41  17 1817890022
29  32 1420696950
8  35 1821568503
6  34 1193289690
27  43 2129020323
33  34 967080557
42  1 380189475
45  36 1351501834
11  27 2070831787
31  41 1975711099
12  22 669608389
49  30 244290219
17  37 339340569
34  15 1537177811
8  43 804655660
25  41 2024601496
5  46 317847373
4  2 764516905
36  0 1544084245
18  35 1955734805
34  18 742009625
30  32 208886690
28  17 809193436
35  3 1871511236
43  20 1758156306
1  44 685664842
38  39 703306985
39  38 1124617450
15  36 803610615
31  42 753109262
49  47 452018767
33  7 1310862161
31  41 402734582
7  23 1553205274
4  2 1635466127
47  9 1014735779
16  36 1941628455
49  39 1972574579
27  1 905828082
10  39 799005050
33  5 253811913
0  9 731579013
33  32 1032938620
30  10 1884680818
25  4 1506729945
20  10 254211825
48  11 2037117723
32  10 269366799
39  36 134392452
9  42 1281939470
48  13 1641854482
8  41 642707162
14  3 1770197584
22  28 582673447
1  14 1162287226
15  1 908217472
3  19 1369600712
8  25 1804552407
42  30 1396734101
4  32 1293082878
4  19 903545133
40  20 1067015651
16  3 1642355019
43  6 596224680
24  23 954233597
31  22 770367164
39  10 2012700008
27  30 1315166982
25  1 403083237
11  9 118940443
5  9 992708693
29  42 2049010181
24  35 487941008
27  32 790166671
35  2 2106700619
4  24 1488826801
13  41 1990070592
17  40 2096399672
39  32 1323022278
12  42 28635264
5  30 974126003
25  35 56378602
1  30 207253647
30  14 532417061
36  49 1746067632
7  33 80830126
39  30 203507132
7  38 1576217864
46  37 700984668
0  32 1426608449
45  26 904348669
42  12 343725559
37  5 412274865
4  6 1105465457
18  21 581808896
12  45 379109816
43  48 460369950
4  34 1319184250
26  23 1525079796
48  36 1230188094
35  19 632434560
14  18 1089719517
19  6 392760998
21  2 1766693164
20  32 948076615
25  9 1389154294
28  10 1593121319
11  10 795287685
31  39 119404422
46  8 778311121
41  7 1137108649
28  42 1990587274
13  43 1107646557
48  16 1070738212
38  14 324033636
33  9 171827593
46  27 1236593717
10  1 678030313
6  4 1833365095
0  2 1812732615
17  13 568135444
26  16 810080734
44  7 2134144638
18  46 1677069941
18  26 2146488481
11  47 1291488755
18  12 1477609613
7  27 1936906482
15  41 511100168
38  17 538959061
20  19 1467777031
34  48 1809904303
30  42 891739150
5  3 1479784679
17  46 1757808462
19  4 1380770377
6  23 361390498
8  39 411102652
16  37 169655794
21  44 644884739
44  6 2131022188
18  5 1692721419
24  48 1746437523
10  2 383097775
30  36 1323616747
32  48 2088369092
18  3 1944712809
1  33 1136572167
7  1 1993812374
6  28 1994806768
30  32 550081483
40  46 358779081
24  45 481516940
2  33 530763950
13  16 232410250
8  41 339020885
38  3 1367958056
14  40 981527995
17  18 1427015299
17  47 1028868381
42  49 1169836693
17  46 12738961
18  46 1104056457
29  8 1277828170
7  38 1037507677
31  23 1103029941
13  42 1063299291
40  31 1642031770
21  41 816634437
21  47 1880817009
42  26 1126164239
11  12 699732344
2  4 1631634463
32  9 760502276
46  37 1463820856
0  8 465536681
22  19 1561127704
20  37 455539668
1  41 178161956
32  29 1143468029
45  6 893468245
31  44 990047067
20  17 1479182120
25  38 133060342
5  38 842694316
30  25 1880885643
28  18 941814547
44  49 1520341441
2  13 153436967
35  29 102038440
42  14 1246433971
25  36 1088050197
21  24 1320590869
5  33 253015951
32  8 92997268
11  30 1297141709
22  19 979403566
8  13 2020674938
25  34 613649691
27  38 1552900759
17  9 1186958421
10  34 826404295
45  49 1740181257
42  31 218719982
45  3 1784028575
17  26 51765383
36  2 132460351
41  18 540020452
26  33 546638315
44  1 2141576171
40  21 768499516
14  39 1769324746
43  16 1773576074
34  17 1631779068
35  29 1705072910
48  35 1166315013
47  12 1272137496
26  17 1004581842
39  42 961150192
37  35 1565248517
2  8 986485864
19  31 1301786371
48  28 735652702
28  30 845347221
47  3 965465042
37  43 232137057
48  6 1906588539
8  37 1481077981
37  31 690878348
5  34 1892746168
42  46 1721846849
30  24 1038670793
5  30 451243959
7  21 1335867542
37  41 1405345351
1  32 792117311
11  49 2025830438
27  38 826383854
37  26 1266694643
47  21 1785542157
4  0 26946423
26  37 927445934
18  39 88943083
18  27 1202417560
36  23 1944462601
12  32 2071807088
1  4 1714377998
0  19 1337475625
35  31 1642425492
15  33 184125655
13  15 449779976
12  26 1344048578
8  32 1651474625
16  5 232424099
31  4 1407284798
27  2 1506855488
28  29 1306958621
28  44 84892544
28  6 911875266
23  18 1356113031
11  45 650343412
29  26 748170400
4  32 75222414
39  46 865562953
5  42 69963615
32  23 1289236192
47  13 980038039
10  29 1299456148
0  14 1158332455
3  35 1996767916
38  41 310068433
20  3 1367423025
28  2 1337491360
1  46 734600826
25  12 1080337604
2  46 2145603367
3  44 1591047160
27  30 86321365
35  7 565823618
39  0 1128033775
18  32 464457059
39  28 576356447
15  6 1927778556
32  13 251121435
1  0 1865706245
19  27 948562932
6  43 123179800
4  18 561754063
14  48 1858007603
12  49 941938797
17  6 146701952
41  46 663439032
46  40 1457791066
37  16 1372189293
44  8 121271179
22  7 1079168364
5  22 1041091127
14  24 39688836
39  13 393654671
10  17 1274450783
36  20 2101084527
27  18 2114090192
19  31 681963379
42  17 1836485779
26  12 32015862
36  27 365445692
41  3 75991541
36  45 1849278494
37  48 1292930185
4  28 1193950606
49  9 1642312311
3  2 100920826
11  40 1167072989
38  7 1052428476
30  3 870801570
27  0 1305490185
3  0 909866425
10  2 1472870018
32  21 648908904
35  6 1278485725
16  22 1701307356
27  7 2087275462
35  18 2089775814
7  38 2140067708
3  47 933700513
22  34 724634629
40  47 700312171
44  15 807108318
0  15 233756352
13  8 2133686327
5  25 1136954110
15  40 72735058
38  45 663416877
18  48 443701569
29  18 1904861946
23  6 1203291045
22  32 263416172
19  27 1237738796
18  36 2003050354
15  28 331540287
3  7 389419654
32  20 356460122
47  7 1309026230
2  43 1188117516
33  28 285623856
44  6 987589481
36  12 738908062
8  44 1726609640
2  31 894344518
31  46 955119929
38  20 1355148228
16  31 1503348042
20  30 1246558173
22  12 1173837445
10  32 1845271950
45  11 155818866
30  33 1100125779
15  43 1501522118
21  3 1125829738
11  45 448722574
13  49 906349163
49  7 510824890
13  29 1554010656
19  33 1637784742
18  45 1148706215
3  1 2020381771
21  45 1043321322
29  44 1872191982
10  1 301706541
19  40 2108569122
36  25 1935718274
29  49 2100683104
27  42 1042687095
12  45 1734297575
11  13 1460996215
14  36 1245601810
31  0 610194417
22  40 375965422
35  30 264218731
9  43 1652964015
35  45 685318943
41  47 1131216114
15  43 91779156
42  20 1007024035
21  48 331064535
23  19 1016832024
15  9 1880074199
6  4 1172356615
38  5 384201280
35  34 885454725
20  4 1482506760
34  6 2042734071
36  8 1104274713
2  6 232764066
5  17 846149368
37  47 1656447101
3  16 810651953
26  45 742829230
37  43 269830549
20  33 584361287
4  32 893086074
20  43 627553483
22  23 1508714464
0  6 446503892
20  39 29597479
19  25 834979361
28  42 1162136142
15  2 2120534339
36  17 1288450248
29  12 1630834906
7  14 1175469244
29  25 784764099
48  25 1280408445
22  5 1458575850
11  35 117084380
31  37 1701574577
9  37 156329843
29  18 2102682869
47  19 921649637
1  22 1763046606
22  44 1143683804
4  40 349055813
31  13 1808766791
30  18 916104809
1  3 757571149
18  36 433446592
33  43 1486757420
28  2 420432590
34  42 1497045802
37  40 844956426
26  7 1146646591
23  12 1466764425
1  16 1143022917
23  31 140769508
40  10 485293397
44  6 431906307
3  16 2066630093
23  8 2051025194
18  26 357310370
18  48 1007176537
33  27 1001954377
0  2 1072181707
10  0 1360310441
27  16 1789033689
30  3 1337604525
6  3 36965475
43  26 2040266180
39  22 882578928
3  11 1390149218
10  32 1554431962
8  37 810410697
7  10 1993055855
46  8 721105099
38  31 1800125570
3  26 1136732615
41  9 1339537161
9  47 2095529195
34  35 49677232
19  5 55150281
2  21 1400773523
6  48 1941698939
5  39 476781073
34  24 1654136132
26  3 913762987
29  36 1483298605
17  10 268982066
37  49 22418053
1  40 1376712516
48  18 1830290420
13  49 1178812434
42  30 732310980
20  23 479912996
42  3 2825347
9  0 1040113975
17  46 1113951521
30  10 958544309
35  1 1635169234
37  26 1986024161
5  25 665489542
49  14 651695086
48  26 1045930457
33  11 1615122724
35  25 2076063377
29  3 719596242
1  27 2113437641
8  29 1953133889
15  8 1269435819
1  45 1807272975
11  0 943992248
21  12 1392741086
9  47 1204659563
7  33 1293296687
31  6 1634522387
13  40 1378772117
38  33 2087708896
22  46 1321905963
41  7 1171174778
40  35 1173872118
0  7 642573892
24  42 1134477585
33  7 196225825
3  31 1558292826
2  49 686922911
25  4 1479363068
16  29 1396084552
13  21 2077544543
46  29 470928684
39  20 949415792
2  8 764974412
44  6 1625578815
40  28 1115095639
38  41 1060601971
45  15 1337505387
45  32 512461612
36  0 1542060434
25  48 13951921
22  37 1448379025
37  3 1961189448
34  17 1590910410
31  36 685228265
38  21 781492479
14  34 104021388
20  5 840791113
35  6 359617466
21  22 229966107
18  9 1747669352
20  40 1528679360
0  35 1735821594
29  36 1609724699
30  14 1473356681
2  26 498480200
25  3 43944406
19  23 329985833
43  35 1045679427
24  39 1601447903
33  37 2013243731
22  34 695379867
29  39 418630362
17  33 1914973315
32  49 332484618
15  27 1568134419
20  31 132917506
18  38 155332888
36  39 600398892
34  1 123070208
20  2 1501373997
11  44 1100184221
22  8 483759130
14  32 1978557416
15  43 2094774235
34  49 1277358930
4  26 1201227409
32  11 175502268
10  36 1317188635
35  25 1704675899
46  26 924213
19  12 295412276
22  42 424957098
17  19 663714042
12  5 81840903
6  42 1327619477
47  27 1314567709
45  17 8698271
1  47 248019504
24  39 1165858102
25  44 1389293223
20  32 1412264073
39  36 1856803659
28  42 1961387966
4  49 735753605
41  7 68320404
49  41 2146518085
4  14 43287975
24  7 401130725
25  41 20722685
35  38 1676862906
13  29 716987580
46  20 374690276
40  10 1703079609
16  42 1343538836
32  13 51452574
13  15 1673681346
14  24 8532334
32  38 1512140919
19  45 1908765448
10  41 1074670120
32  41 1215967245
48  17 1068215137
22  9 518389138
10  0 2091273194
36  28 213770519
29  42 1197004561
47  45 609343653
4  41 1928031462
23  29 755247442
39  10 1645823899
30  24 8910889
40  34 4154086
4  11 268491684
45  0 1385923053
26  8 600317273
37  23 591475778
30  10 566373361
8  48 277840949
5  7 1629460863
38  35 1614206237
38  20 665713937
29  3 1490961669
31  20 574508809
30  27 1485545539
38  8 87750016
42  20 1066522100
17  35 729794261
1  36 1786136884
3  38 1553655861
36  33 321303526
28  10 496564353
1  42 625811495
29  5 1802478148
34  28 1901935021
12  33 637469603
31  19 556250779
49  41 1278092724
41  7 1393396925
38  26 649871343
22  9 1662744842
40  37 1342488390
25  29 505631710
