1250 50 31 28
19  21 1921905768
4  36 2029596032
10  34 1908212191
1  35 2057512319
30  11 494987853
46  24 40041653
46  29 974965252
2  8 590502321
44  1 1451381968
32  5 771803982
43  7 2017298551
23  28 1545111544
38  42 2134057228
27  7 2019878407
33  46 950978832
29  16 1547348893
0  44 2040938465
16  18 917053829
11  31 1157724417
41  32 1209938491
17  9 1736331592
15  27 606076782
48  38 1740930072
41  6 472105709
27  1 203466389
25  0 624927839
40  31 1299721306
16  7 76525443
17  6 469459705
8  33 1766487529
12  44 355853828
36  25 1274739797
36  38 1196371192
26  48 283285921
31  2 358232582
9  42 844964395
31  39 365788489
27  22 153454403
15  37 419609700
23  28 382552463
38  46 652611209
33  41 291951605
3  24 169282681
38  24 1576284689
29  9 550696105
1  24 527589117
34  21 615860754
42  25 1895985015
39  38 25536654
7  43 1274084633
22  15 187743925
6  36 608063909
38  21 214647090
34  21 2028973621
23  11 1670484181
26  47 457602485
18  6 812856493
33  5 1058470542
19  8 86161286
39  33 1272682371
7  13 2030611564
20  46 1648338834
27  7 1812087774
22  44 1929884717
42  33 1524589489
43  40 1030913594
11  0 1407506221
27  7 1998946049
45  39 1238921217
35  24 17881698
30  45 1697520407
10  44 1379907081
12  25 268855344
22  5 1121335298
45  41 547991852
20  35 550340297
25  43 768267139
0  1 525341970
25  24 316504107
8  25 1666462117
49  31 1953954969
34  10 1356750636
2  48 1352080988
2  35 239928312
17  39 1389248281
6  0 285466131
13  41 1538468984
32  1 455291919
31  37 1993793334
20  4 1901100512
42  33 1632453169
40  19 1941614295
35  26 1365107188
19  40 1557729843
27  11 1242583446
49  30 453304490
11  9 1339748343
44  13 2004058054
32  49 633729268
42  31 1198892562
33  4 1259648495
30  41 589341380
26  40 885207546
6  40 1957109281
31  41 2087136936
24  11 996769907
8  47 1587162542
9  38 1279722332
41  23 927907757
15  30 1994770269
27  30 210842955
7  1 1579068008
13  9 2045382119
19  35 914878086
24  38 1508560399
39  1 1265111814
5  18 458554176
35  11 1179019040
16  41 371949771
3  35 1256001318
18  15 1560413611
15  48 1883395385
12  44 131023375
39  30 238200315
43  12 13598868
4  22 935767807
43  2 1799444976
23  15 1252775090
33  47 4940070
29  9 1810878787
13  48 93596616
29  17 400240322
18  27 1069024093
33  22 160516948
3  37 1212097389
9  40 433328052
18  42 1898983006
15  36 1471461379
1  21 1691539826
14  44 989994545
38  8 420991538
3  31 1547126246
8  20 265838669
5  41 1178477034
37  23 1973377128
37  12 1014321464
5  2 1474108692
26  48 945717239
1  38 1197193881
28  7 1832228981
5  18 1190416333
47  41 462041347
4  2 1937684574
26  37 78353399
31  49 1213995225
37  32 1817565122
34  27 684218439
1  34 1033719289
24  4 635777165
42  28 1530326127
49  32 1969043226
8  24 1637730020
7  24 1717510259
5  16 1610184065
9  35 1426080478
31  14 1292718511
28  41 609997324
19  34 1103881520
7  3 1874520465
25  42 82185860
46  41 1327304627
31  22 1300315506
14  44 661906892
9  24 1639759169
48  40 1237034457
37  27 1049127996
1  22 174424030
13  46 93300111
7  27 1354153346
5  1 1911588847
27  32 532777750
23  13 301391989
29  3 790552100
21  16 1671567239
44  17 1885817060
18  1 1209890122
46  14 1208088185
14  25 1054727643
38  18 1719353738
45  32 1464932005
17  41 378171775
31  30 816767627
38  31 1065387846
29  12 1681819247
43  34 359133937
45  35 301229846
29  18 332260542
12  2 1401016580
32  35 1420442239
11  42 1930283930
26  37 772249906
29  26 1244708826
17  47 1177359582
40  5 917749606
24  31 1570470525
5  31 1691976412
16  34 1208420398
21  36 2115029837
8  38 67515171
18  40 788145568
7  4 1210836376
43  2 1578748840
42  27 1738198251
6  37 1115540225
9  19 1673374197
29  49 337212240
21  12 695424811
40  45 1367215469
6  32 472858813
7  49 348936699
31  7 287100223
6  42 629650725
5  20 1668072494
45  14 1705615595
47  42 335045468
31  9 1794758880
35  8 1060834026
6  40 884640858
6  4 412995413
37  40 704091490
45  46 342069335
35  32 1738348279
26  43 1956044171
48  10 1587855304
8  12 1125396922
43  23 1712816020
41  20 1840053147
26  2 52036813
13  3 294372203
45  17 1854373252
22  38 223720414
13  33 1495283646
29  37 1633398037
30  32 1353849597
21  44 1655996166
30  25 1091334930
41  42 1132033668
37  19 760642341
39  11 1136422191
39  19 1326629224
19  45 1154707169
10  7 647387102
42  43 1625289773
34  5 1355869476
26  30 376895525
34  4 381771966
44  35 835429928
11  19 281659272
31  20 63146129
6  0 246940919
45  46 1361644418
9  26 726161310
23  18 460967466
9  15 2106979522
16  15 89820355
37  27 782485813
14  29 603710985
6  36 326183677
15  7 1715238892
24  18 1569475198
38  32 153718663
41  18 64291702
18  30 345963818
29  6 435347054
31  41 1028022452
13  41 419925413
27  44 1312442848
37  23 1895366062
16  43 782859198
23  16 1407660500
44  49 1217748150
13  37 162451288
16  13 735357238
20  26 1043927851
48  8 1319584447
45  30 1862617017
24  40 1182693550
6  15 157062597
48  26 274156669
33  8 1379380915
4  36 1630289183
4  46 2130986022
35  44 1761932021
10  13 48070089
5  22 761835354
5  17 1784590907
43  37 188771066
40  33 776184287
19  3 1892554434
40  7 2144169674
14  24 387284044
8  5 2062017510
15  47 347654471
12  36 1705299731
16  45 255067207
19  3 1413902237
40  10 1995337968
28  34 1300583285
42  39 620187744
1  46 1442428679
43  42 850085832
23  3 935484264
35  43 25356706
3  5 380298302
33  36 334145052
46  13 1692915487
9  35 1471900792
5  10 251153865
0  49 468528878
21  0 2102519804
5  48 1724593935
46  15 1652074342
17  5 1404867567
9  32 798676821
37  38 1523477027
33  36 134207570
18  22 1544264618
19  36 650920187
14  28 862890769
34  14 258586287
7  35 2061856260
9  44 343500334
3  5 804068023
9  11 864483217
29  2 767162404
4  37 235149097
4  24 1959196089
44  3 118404450
38  24 424733112
21  20 1805489916
11  40 872105928
42  45 380511472
29  4 1025187045
9  3 717456620
36  1 622296324
23  17 1575606175
22  32 975813196
40  0 2016344615
20  22 1196817191
23  3 496784840
30  39 124400375
1  27 1531568018
38  25 1274664184
40  27 252599696
12  20 649264643
27  2 1244434251
9  49 1505346225
43  29 1036121383
23  1 1897546774
3  45 892147114
48  7 2068138430
26  37 4613456
9  45 2110697403
39  47 1389789362
1  43 970766837
32  42 809073171
42  1 2017812828
2  17 1801635788
33  4 2096901935
22  36 1837332612
23  49 184329428
46  1 1079190573
17  47 419179015
12  7 702178616
0  42 1959577052
31  39 1880382232
49  1 1836797229
4  40 574668960
11  40 356639700
17  39 1675015176
49  16 788696374
27  7 213560866
10  33 2062757409
4  22 985332270
19  43 636155844
5  40 352943008
4  19 35664803
33  8 861479012
49  20 1395092387
49  21 1202499817
39  36 2021569857
22  7 366577812
24  14 1698914545
16  12 166735606
35  37 1246798906
11  17 1026229132
7  0 1965344763
4  1 961813767
48  33 1766313854
35  38 1046691972
14  40 407993962
9  20 1062209835
41  7 93598946
36  33 675434439
48  42 1230125171
28  7 1625707620
10  26 947211804
25  1 162205844
43  0 168061497
23  30 588967504
43  13 1314883775
10  26 1652752486
30  46 992658056
0  35 1947606541
46  29 1798985226
13  36 1755815599
26  14 585053094
19  18 1479272136
35  15 1137752153
25  6 42750300
11  15 1901777396
23  29 237767734
14  1 464596728
46  40 1593225459
41  44 2026210172
49  8 1172120845
2  21 1586175848
38  41 1741855246
12  25 744870648
1  46 1507995160
0  27 1900565297
6  38 562474301
41  38 974355698
6  18 719158758
48  26 1195020510
14  25 1808594682
1  40 939210628
36  38 307857163
42  43 1039946985
40  32 2147062115
36  7 2056166235
46  5 1722668322
40  5 1083784100
41  39 1612656145
30  24 173779583
47  26 1911052666
38  21 496640229
18  12 1335348021
6  24 239975443
45  46 366170311
40  11 996997846
6  43 147898318
43  11 1211537900
29  44 270686556
3  34 1799758638
30  16 1786332819
4  28 364722799
38  47 33369970
23  0 604020458
0  46 27536514
47  26 1909259356
33  5 164509772
10  22 1403733845
16  38 1793892015
6  47 344578700
5  18 1118419501
12  16 949422571
28  0 37620896
30  23 652125144
7  48 290173698
22  37 1340611370
2  10 2025341579
23  49 26733881
41  4 757682133
36  34 1937423170
7  33 375258023
7  39 1283429664
46  4 243731412
8  16 915379473
45  22 1083737421
17  46 50316143
10  45 457304749
38  2 2073707382
3  7 461338804
29  46 1842520822
34  22 1506005560
27  48 126268721
15  41 2122309531
3  31 310841018
19  46 115876902
48  39 1570588143
1  48 1690712443
16  48 375627415
32  8 395681299
24  21 1433575282
48  37 1552072720
13  38 1197883813
11  16 2127159929
19  0 17592419
23  25 1227620623
11  13 1303401841
41  20 1755450735
23  46 2088557951
38  14 90377230
8  31 766050103
13  46 510943525
5  43 1696696860
21  23 1354693580
9  16 1414089823
48  28 383231384
33  22 1235494235
27  45 142357638
38  7 1965055623
7  25 90399783
4  30 629386775
28  2 720443048
3  44 1016612806
22  43 876000481
2  22 268782617
34  37 1235838395
13  48 1266404077
13  18 623615427
38  20 207585103
8  12 186027474
46  16 589534382
40  11 960019881
47  49 1080398167
26  31 254153212
23  27 1047949127
26  25 1859837244
41  15 1825837112
12  1 1108970707
9  46 1473453648
20  30 1483985077
40  4 531726679
27  17 426623109
6  15 1862617180
46  38 1890642545
32  30 346242081
33  27 1406680227
21  45 53707693
48  13 1766329448
35  24 1200890115
16  46 155436393
42  16 276842364
23  43 1092904477
2  46 3891973
8  45 2077431333
14  20 286039040
49  18 1078162454
42  14 1045555902
20  0 1233767478
13  24 5459971
45  8 479768032
31  14 36017439
3  1 2073385963
24  48 1298331357
18  45 1558334297
1  40 1691114917
47  18 915872797
16  17 573227034
6  17 1037771736
3  25 312793428
10  48 1979325321
40  31 828107898
16  21 1040286718
49  16 1352345639
22  43 950418853
13  3 891000750
22  18 784861158
3  33 602987694
47  24 1752199736
5  0 1178508674
6  19 1580839385
10  39 1420429576
20  4 1213363827
39  28 937145509
0  34 433980893
16  14 1164845802
21  5 1863988493
22  17 707388923
20  6 312289494
38  12 255943562
31  39 958144729
44  0 1952260230
1  31 359483293
46  25 1923682719
16  20 1737908512
42  25 1754379593
32  25 761811221
39  3 1043436404
24  35 1975403770
5  3 1667567912
13  40 344249649
45  21 921466683
16  5 1390687435
32  36 2002518863
31  10 827747808
44  0 248956707
17  38 52282885
44  28 1112112980
46  41 696857235
12  22 661647606
43  8 584912532
7  3 278302404
43  37 1296585260
5  20 1875386501
5  32 1931154246
30  10 1459614062
9  13 719601248
6  31 714925888
16  30 473210933
44  22 459684878
17  30 1088267465
26  11 866201007
44  18 90743460
32  33 1800192814
11  34 1735815543
22  36 663967182
5  3 1023218774
31  23 344186493
13  35 567886879
5  26 515794672
47  15 1792235840
10  36 1365299426
43  9 1822758608
25  36 1051020692
39  49 791061160
8  0 201134529
47  46 1121613538
36  19 525578653
44  17 1579007909
45  5 1283577566
25  21 173863923
23  49 1643702515
1  24 1652976091
10  17 1144994316
25  5 74684904
0  37 1934908258
47  48 1715387091
32  35 2071788568
43  9 1934879437
41  11 1170967606
42  10 3162835
7  40 1558919922
3  27 648817131
2  4 300917716
21  9 1502574477
13  36 829217472
8  3 381725898
12  5 583690148
41  20 1427971312
25  9 2037965502
31  48 1538300981
8  45 1859989444
35  39 860000195
15  45 1043470313
16  23 328167633
45  42 755996709
40  19 1713835887
27  4 2044634003
47  25 467172674
11  36 23774147
10  4 36687260
5  25 1430429859
11  24 1058855283
35  23 436980471
9  21 1501950430
43  45 1048935308
39  10 767002956
10  48 1322914929
49  42 935856147
0  35 1917525723
12  29 1519452466
12  4 1127424774
11  49 1659815378
43  48 343795761
23  44 197771232
6  35 757482409
38  42 138560334
37  40 1173000791
45  23 1280713250
20  18 1926807314
32  38 54420205
35  28 1666072906
35  48 181728067
29  7 950551565
15  37 2032951806
48  40 1475250977
35  21 1224523153
7  17 924709781
28  37 815177083
49  2 948142698
14  0 1599370892
17  9 1687046182
2  40 910277578
25  41 1049361706
20  39 1630753802
25  15 1743172930
10  22 1893490464
16  40 1695368496
40  32 1977363280
24  45 1358293653
44  4 956586864
22  35 995056132
13  34 239967891
4  48 2035561692
44  42 387523892
13  42 562700883
46  40 1479696310
43  24 981731903
5  11 174683503
47  25 530826435
38  31 1420053508
1  19 742110261
25  43 269482942
7  22 1892716583
37  17 621586447
19  21 1116324946
47  39 1023846923
41  26 862531592
44  27 1443959952
42  25 959162740
32  0 1087131546
20  4 809303504
2  24 1933786789
28  14 491539187
3  38 1347779519
16  20 1049710309
4  5 104013321
17  4 250932881
41  44 709556022
32  34 1259464417
27  12 1405728995
20  39 1550236374
7  47 1587499241
15  29 34005940
44  37 1090380873
2  39 2015121343
28  16 1313983326
6  22 757305215
8  15 1203868744
2  8 996512189
22  40 1529553960
15  17 1582993800
38  13 1350297748
48  38 1643198580
27  45 1156173781
28  0 1386888862
24  21 1668837222
6  34 1199094509
6  26 1746420648
18  26 2106096840
33  1 603513223
49  32 1882163594
49  8 1312132401
2  5 715286033
22  26 405927260
26  29 822954084
3  28 1075629020
47  18 1990791933
2  18 107284580
15  35 1052181768
31  20 999787346
13  15 1559643147
7  11 1907904225
33  10 922094346
35  49 286095259
39  23 852649686
8  29 1202083210
9  24 625233065
13  24 392656462
48  29 1381261705
15  13 1996999144
48  40 1301039604
6  42 767059543
2  41 1640996111
48  35 1979501601
13  24 2131533801
17  41 2104593070
23  15 782070507
24  23 965528698
46  18 35566606
2  33 1673739748
17  33 2067891950
16  47 109165042
41  44 1782660093
18  34 93907933
44  1 1868005447
35  6 452627256
40  14 910498650
4  39 1138626292
15  41 866279052
28  19 935758969
10  41 2112230246
46  44 830592420
3  27 1264231185
12  10 373146965
11  25 697017679
8  13 283281586
31  34 853632577
13  10 1283405704
48  33 402335999
3  17 46493420
27  28 35673931
3  5 189702394
36  16 1533500280
36  6 1894469689
35  37 632140432
6  2 312215389
43  23 956414562
0  35 539404347
14  0 1658914777
43  37 1188528755
4  11 1658103049
13  42 399798184
23  14 1581327737
33  19 1031900159
42  38 102314495
13  49 1141977524
21  30 1401393270
47  49 1815959434
43  45 484581950
36  39 1135605392
7  4 173900083
26  12 204549813
0  3 1415107365
18  30 1884060658
11  2 900348097
46  26 2102016203
40  38 13495519
9  3 298091464
29  10 1912724336
47  29 1617101300
35  27 683847697
42  26 1615735064
13  47 1419771038
3  15 185123025
8  45 931009418
35  14 1230639623
5  15 1443419865
36  25 1713720997
45  29 853370068
21  44 1685191266
12  38 131217408
1  44 1170797547
6  43 1010531564
38  26 1480758550
26  18 1353006342
19  46 685452223
37  14 739363744
6  33 1514533145
18  29 153329271
21  16 1677533312
49  39 931887697
16  15 770731249
17  18 245971372
10  23 714743706
7  32 1663457496
6  39 269664064
16  27 322662119
47  4 1438446983
10  17 697493696
43  23 1146063608
19  5 233652198
13  21 1817282069
6  27 1991498039
21  44 1822439616
15  1 529427842
25  37 1883774781
26  25 75758838
40  24 1182413884
5  47 1260622863
17  33 17280616
30  33 440485524
34  11 1657384975
32  40 1521037691
25  8 1072115172
11  25 517584620
33  13 1551295331
18  9 1492968490
8  18 959971684
40  16 59363790
24  25 1564312133
34  7 111921742
39  20 1437994876
44  23 1697227824
43  25 1947912481
26  9 670353981
38  17 1391864952
7  24 1648683168
42  22 337793119
29  16 2028555295
9  41 1743085237
3  35 280527842
40  8 1981385843
6  12 1083168915
40  16 1254913542
29  42 428849369
36  26 1447632775
7  6 561447157
20  3 637589126
33  6 1098246991
11  21 1048491591
19  41 323540188
21  33 311124075
29  23 1743197920
37  15 270620295
25  33 247830025
37  29 1528213502
47  27 1025376711
3  8 606705501
5  11 538422701
8  23 1194994339
5  19 1056143852
35  1 1274828870
37  21 18538797
18  44 515542963
1  48 1423346792
34  14 1136911444
30  19 1275910743
27  7 748262718
14  4 195953388
34  2 533031876
46  11 1376389667
9  16 1564659958
6  38 1016880640
43  48 948690795
48  46 554960991
45  14 235201618
25  37 964921758
7  47 1634116977
4  20 1402459113
1  39 1919315590
42  27 400459722
33  17 2086111239
13  3 223813498
8  26 568006909
15  5 895441958
48  22 459132780
9  26 1938166646
20  6 1900558068
4  42 317145868
15  23 376703584
34  44 157780583
8  5 1050630232
15  5 1328122595
48  35 1060505662
0  9 145157186
19  4 560857979
23  32 12854324
49  32 1859243430
23  34 1836342772
0  28 425772348
23  35 3769482
14  10 1509767812
17  3 591171207
35  49 776012918
4  42 1862270178
16  45 1079749240
24  39 1368473844
38  9 1982822575
7  22 1488610800
9  41 1358359085
1  39 1209417664
39  37 869223088
28  45 1364151870
34  33 441447350
9  46 1319342334
27  15 569969643
0  14 947766629
15  32 1485311146
24  45 139241948
23  22 2070314263
10  48 928703005
43  42 1009043010
18  24 2116538328
41  27 1342639559
0  28 113881658
8  18 2139858812
21  34 2140601298
31  22 1903316560
45  36 1067512220
24  17 1734575773
19  4 1324449795
42  21 1407560445
13  6 1717155872
1  30 1129791143
19  26 1548705150
34  41 1126095048
29  27 1571267090
13  21 156070132
1  36 1730669570
16  41 824769772
47  7 792632610
38  41 1721268300
29  27 770200100
39  38 682214581
3  49 1427787138
0  26 1991856986
4  36 489528314
2  16 632161818
14  24 705633177
44  11 671793651
44  47 195458078
15  9 424932432
25  33 1972265473
26  21 54565191
8  1 579526969
18  16 1944943909
23  45 843655935
8  13 1227686523
8  0 1610850990
14  38 1050234562
31  44 2135339069
11  39 411122402
30  43 1422934956
30  2 1111499373
33  30 1719830892
12  38 547663386
2  3 2074230204
0  19 1946728317
27  36 1233391766
5  47 990067
2  19 1114587778
8  17 1345247001
28  16 363541308
2  8 684467706
31  14 1393255305
14  18 224404968
29  22 1328603629
24  30 572155124
27  30 296645860
32  41 1502346787
16  39 1962972877
32  36 1830352911
29  12 641064937
30  38 752162193
35  9 1222901967
29  39 2111935604
24  47 2048844456
40  19 1966315819
7  42 2007907293
2  22 15143392
0  33 523414871
37  4 1803759547
20  12 1128718676
11  8 1912042451
29  49 1079730474
2  6 2024915071
14  33 2114391483
35  44 1954200147
13  29 1643929836
31  16 1371631751
21  47 1768022336
41  44 1227812166
38  29 523531469
29  41 2038257077
5  6 1159792377
4  12 385993683
0  41 1151633387
38  35 322096235
27  3 1715477118
16  29 541645022
41  1 239311692
30  36 504488005
19  26 2074900503
11  19 252957540
47  1 875287342
34  38 1438655956
8  29 1488988978
30  27 2109878303
34  44 751868808
3  46 880732262
4  36 1507636282
43  5 1861439776
22  30 1707531358
46  18 1304457121
6  23 277516745
2  4 330759300
45  43 377697248
0  3 1039741593
35  45 1604049346
24  18 1163070318
49  29 578114382
28  29 2013909897
28  39 718077613
2  48 2095349020
41  28 326184109
10  29 517477725
43  40 1271862686
21  27 424630634
48  29 302395310
8  5 979354287
19  37 1977020277
41  38 1522474349
41  48 1736167376
48  1 677870472
28  33 227601176
3  42 413071571
17  26 1923295226
36  2 891515706
30  3 2044539544
39  23 374350269
32  19 164561349
24  32 559860903
4  27 467957431
40  30 1731898270
38  5 1311616191
24  28 1668000987
27  5 1686857137
48  16 1944993515
7  28 1119698821
29  45 609360806
47  20 1282325735
9  18 807660187
0  31 646399773
0  37 996933413
2  5 384624572
8  25 707990533
14  46 292694147
23  7 721268702
49  44 1928565566
42  40 2061992412
37  13 1009424939
21  10 1107775515
32  9 281669811
14  13 606494662
48  21 1470908989
33  19 520421494
9  29 618790548
31  35 809418562
3  19 1777182055
1  4 1535972634
10  38 165964225
7  9 1591850252
8  25 782826333
42  8 1365908264
3  49 1493990480
37  31 1044221745
48  39 1901080749
48  23 1317343184
19  40 742393409
22  15 1268269435
16  7 628546105
18  28 357824740
47  2 1037776791
20  26 296090432
7  0 663358443
0  33 1672071702
10  38 2031883907
1  39 654003787
8  6 1961196148
17  5 1054100649
14  19 979861030
41  42 1798330914
11  15 1211970661
27  35 2010460961
34  4 1505486441
13  14 509825828
5  28 862233378
21  25 891788592
34  23 145981578
36  18 97643916
17  14 690489474
11  12 1018320658
37  1 1528551806
30  6 343175290
9  32 1253419514
4  12 1858453861
37  9 1913019515
40  11 19685274
48  21 1427668879
9  28 1250565176
17  43 1537527089
19  34 566418021
45  26 605135344
3  15 378266384
28  49 163499587
4  32 1753868632
26  32 1325331716
23  36 53646870
16  43 62226745
38  45 281858819
20  35 662514970
23  4 1073037132
48  3 1589095496
27  19 1068527857
19  26 599369326
10  32 1841497770
44  30 607761756
39  38 914473932
35  25 1054653365
24  46 1947485743
35  13 1201733310
15  38 2056164653
19  15 490118658
41  48 2087012035
47  39 1014052295
1  8 1723217929
47  1 1567551836
23  26 1975565869
25  30 2001771775
33  6 833710197
19  3 1026986068
26  12 391896703
35  46 711875132
40  21 1176882950
15  20 76988866
12  36 645695087
31  33 1850469945
45  32 1616551816
0  17 1428250119
31  26 1557607763
31  38 1248770821
8  30 1575953368
32  34 105201106
7  44 1012246842
25  29 852025598
29  44 1323799633
35  9 976590905
22  5 983091683
34  47 2114494479
43  28 1998220006
32  36 888803534
14  23 305312454
39  47 186966191
19  32 759112703
25  42 514764419
32  5 2095576755
8  17 402935389
6  39 2119733680
41  46 2005377403
41  5 1164977850
16  21 2049945982
4  6 762762314
43  19 45782408
32  16 617079724
3  44 551824898
12  49 1607473100
9  45 722351791
32  30 321154509
16  9 1047592343
44  42 1964641727
19  14 540949858
28  11 836251206
27  35 84647483
34  7 1277748081
10  25 1460440412
23  9 1350808794
