1250 50 18 40
15  27 46170469
31  7 975007978
11  44 745772496
25  47 1099127893
10  41 2004645089
25  1 141946807
1  2 1272048104
25  19 1050434621
41  4 554362823
12  38 2068252271
38  2 530962173
48  38 533440360
7  19 2043657408
24  16 346949873
13  31 475954327
14  36 1156634441
14  22 786865180
48  1 185436289
42  46 71026649
30  48 1183015469
40  6 1077301800
2  34 1903489449
11  39 1839699510
19  45 1032566438
34  25 229711430
12  0 1910620411
12  32 786520783
28  27 1178189459
5  43 50795445
28  11 1282991581
12  47 1767416971
42  36 1461887760
19  21 79796783
42  43 1363608011
9  19 1189783574
17  44 1012926755
5  2 1528037020
33  24 1891454758
8  27 420696285
9  36 1138932728
32  15 1811025417
14  33 216704839
22  36 1201661801
12  5 868924649
14  18 169975439
41  14 253923928
13  48 245195302
31  9 1743682810
21  47 1221470357
24  45 526453344
28  1 1543350167
44  38 478859777
13  35 633694689
14  6 719036372
23  15 762667744
35  20 1197729509
15  24 2047600697
46  32 1192221239
29  40 1594897294
30  29 1372584710
49  4 155368959
6  37 1837976252
11  21 581552433
1  4 811060394
25  17 301025239
30  25 1708484938
24  40 541927965
20  10 2039310886
45  2 1855259453
49  29 1376911256
20  48 771210476
25  13 688548970
32  29 1961074154
40  24 1340530164
40  19 1232678502
15  49 1611117571
19  39 1628206417
19  35 1704742437
24  39 1348682784
29  36 1386543801
11  15 681380430
29  18 1390204578
41  30 1892909282
34  42 681511547
24  16 1215062089
5  31 1968771767
5  40 1478249041
34  49 1123296126
24  7 254277733
41  16 901460735
7  19 1265040655
35  27 865010288
47  46 1252103328
32  41 1731894902
1  2 564920258
44  49 1963513589
37  28 1380453051
17  6 1192830475
47  25 444065154
0  45 1581215728
44  0 275251086
46  24 9256641
9  23 1962649030
49  4 746072351
41  6 1650082281
15  35 1587559113
35  33 140361900
28  13 2084603234
10  40 1819503377
10  43 2103116008
41  22 1312250244
22  42 271664513
39  5 799053929
17  31 1516579967
16  25 1135242049
13  12 658596421
18  23 1150845875
43  28 914542541
27  48 489151335
34  22 1386331488
13  5 2055300474
23  13 106092788
15  2 2045028016
38  49 1977712750
19  41 1390389163
28  35 1366593523
28  16 1809553412
47  11 1130740639
34  18 1641932848
9  35 567235882
6  15 122189386
24  27 1856934554
16  14 645696722
45  48 1969233057
0  30 1185450990
13  15 218941133
15  34 538156761
34  47 2003008641
2  20 629293126
47  21 1547377267
44  23 1322195443
34  27 1688121617
33  22 1072115782
33  6 1892274722
4  49 1328200086
46  28 6830234
10  44 1384450920
31  33 2141601092
29  32 1469370990
36  19 1095526792
1  33 1371671848
6  41 1407786077
24  19 361240636
39  11 1328521278
24  35 1447593288
4  9 377228863
40  31 631153368
22  31 933199488
1  22 1466899636
9  15 2018493146
9  48 2018746662
16  13 1277009456
26  40 605900160
39  42 819901138
9  25 1264416684
49  3 2047820404
30  6 1111474899
23  14 2071448158
12  30 1861808869
13  40 742336251
17  8 58093608
47  28 1311892572
34  6 1701014418
16  22 1116926951
21  1 1104738743
33  38 99302694
47  36 2074925197
29  8 13582050
20  6 443342885
15  10 1235227598
15  25 973478452
21  18 2125834970
14  0 954641278
12  14 1817500328
19  3 602971795
29  8 1494998002
35  24 72476353
41  49 1595706168
3  30 540949999
6  14 13113668
28  5 44064412
25  36 1155434536
42  44 6105062
40  12 1489397070
4  38 510087439
5  31 1417715617
26  20 1191453314
10  13 1546002875
23  33 1971122606
30  24 599389507
31  39 1874761831
40  16 9344447
16  7 1093667770
20  2 198259015
24  3 543995711
19  13 365714490
9  12 1251152588
1  45 780353686
6  11 71550635
18  8 912266017
9  18 200020218
8  2 1179548829
25  6 976343714
43  33 1642708128
17  25 240419791
45  31 1273616561
41  6 122084092
4  20 1829484606
4  42 507182770
10  6 1409961076
7  4 1694048792
3  16 905426061
33  42 109576187
32  36 1020227199
47  21 2002681717
40  15 1086911481
12  34 1294375635
28  27 1739279401
41  3 460903715
20  10 1113348024
34  12 1944649780
32  8 2131783055
4  36 32784892
36  23 1745125513
18  36 1305074933
44  15 1619146194
24  19 337403995
44  31 245762471
10  6 417098881
19  2 622606071
35  16 1207428440
29  37 87222215
0  9 749928720
13  25 967115592
30  6 1864208287
32  28 1752920976
49  24 1133596724
38  17 1634436827
35  12 2068395508
18  14 1038554595
17  41 1165066119
19  30 712872832
25  1 521952916
21  32 50493303
18  33 1469569938
39  21 69941689
26  6 128910486
3  49 588289443
16  27 189436388
8  33 680398257
13  48 1529111490
36  9 334385638
43  49 822691624
42  37 1246936197
7  38 504039501
36  24 2045841627
46  43 2100737102
42  29 1091972271
13  0 868308924
7  46 231899588
45  22 1400590758
14  15 568330226
30  49 1988051097
28  47 1973069693
8  45 1969909997
8  16 33883302
27  30 830101142
11  45 1644994297
23  13 25044289
0  29 2142963111
45  16 1358506313
0  14 1220767449
14  48 643567235
26  34 769443828
34  38 304850699
23  4 370634880
0  32 1011085658
19  28 1708814833
4  23 1748635758
24  15 61926703
35  46 1628626728
45  24 1271251256
17  22 273775826
23  37 2118491902
42  48 75108578
28  7 1337019504
32  31 1604238144
40  28 1412822313
4  49 29786873
38  28 553607484
14  3 989957995
32  20 751251504
49  6 1790173568
23  30 1901145626
12  14 1736742416
32  40 1606595663
21  27 706630188
27  2 89081841
48  11 569754519
44  45 316121215
49  25 298276320
43  48 1370679345
35  37 199936254
49  14 1337200736
18  5 2039126837
35  14 2067032770
13  41 256692805
12  27 347291161
37  45 1553066330
33  43 950329486
42  9 133124889
36  48 1245681076
18  8 1346439764
27  9 1582193731
37  9 1343544046
27  48 329130997
15  4 1381772960
24  31 2125698479
3  16 650999976
25  7 231942593
18  39 1144803699
31  5 1794657578
23  39 1650533610
28  12 541409097
39  0 208511745
49  29 1588458107
30  42 1844925270
18  22 511730723
39  40 390878665
4  14 983336214
44  16 1352614126
37  5 1815479754
42  17 864541032
44  27 1856096368
35  49 1112671678
43  21 718701196
9  27 1132797328
49  4 816649803
29  6 1257523287
44  36 1433502007
12  43 632511265
28  34 1161996534
5  22 129149650
37  47 1751489709
45  12 1787352209
37  46 1646960025
46  10 2129603896
0  39 1641450206
12  36 1839894421
32  47 840040462
6  0 1762370844
3  37 1356921121
39  44 770644308
27  25 691433462
45  0 2025450428
24  23 189847889
22  36 1230574699
18  34 1556702358
20  31 1772422562
49  23 13772671
38  19 460443425
33  44 739325268
27  33 889258045
31  27 1064654363
34  43 1791200715
16  39 29387255
17  28 1808084531
6  33 1286691547
6  46 2032731643
32  46 1463165706
31  10 2035973654
22  38 47178899
33  30 538642595
21  3 1791239297
14  39 2027823076
26  12 271525259
44  20 1186047869
11  30 843235261
3  22 741196620
23  29 1866038855
13  33 1041693273
42  5 643676035
46  24 1632043781
21  32 1108936620
30  41 1786440865
29  41 1073826710
27  20 179970292
1  15 2068504784
6  11 178652639
3  4 1862987100
47  25 238230394
21  4 1149859514
37  11 1870412047
19  24 1985913173
46  13 1291918304
40  4 98857586
29  35 2023632176
31  11 2099485280
40  42 543377209
16  39 781160761
1  38 649704266
24  1 891356753
11  12 1897646295
47  23 406259085
21  36 1425757087
28  22 239500722
30  42 765038940
33  34 1779972472
1  13 1792891791
19  0 394527106
20  47 257664944
10  43 2123696801
40  3 894503916
26  46 1990800312
24  16 1256257584
18  35 1177137918
26  20 1537146039
18  9 1665164453
41  36 1268600292
40  6 892226627
4  5 27366281
13  47 1681486371
25  13 652604106
13  28 1231336509
29  40 837054233
28  26 1294344118
35  0 1329017688
46  27 866213825
10  13 1670390321
46  14 1391023496
7  1 608207612
4  36 1424959813
17  4 1777523012
41  4 764434185
33  36 236313857
1  11 514009561
36  6 178556782
4  41 378652197
10  35 205427463
24  34 1296952484
30  4 1111192260
24  45 156152971
45  23 2090646731
17  24 1146297766
22  21 1259670425
36  18 1656366981
15  4 1548208930
14  24 1478723183
29  40 996315067
6  34 1692928577
46  21 1806178664
29  2 929074606
16  11 333909361
32  16 1543873423
11  28 813065076
30  4 2031894554
36  38 1808735985
36  2 1871284469
39  9 949064170
18  6 1264404915
7  24 752012552
2  19 521829805
33  49 1968387770
42  25 849824323
14  25 1906498654
38  46 1364280262
29  3 555988818
3  1 170581658
19  39 145487133
8  45 590709227
18  2 1658918103
32  0 680691905
46  29 692126217
19  6 1652039482
7  10 1240663087
0  40 1665049735
40  16 1376660339
33  20 1675611435
25  14 1704962766
4  45 853899122
49  19 189636094
6  23 590121191
16  35 2083549700
30  46 1347509857
7  38 369165951
20  1 272132140
14  43 1313081353
8  22 697361451
8  18 1696897817
32  9 496640045
46  35 1619368117
6  40 1486652699
43  6 1631654419
31  17 1622044929
41  43 1354841498
17  26 73355873
3  13 1135921000
29  8 458240743
29  14 299197392
49  12 513858970
31  23 1607954960
39  35 1064042492
31  36 1176993645
7  47 1136094255
3  26 1344791808
32  28 65033409
30  18 758305003
40  42 460204914
44  17 178991472
2  16 714018650
5  9 1275519977
5  35 1828815818
9  43 599248251
43  20 1905493441
38  26 1224639472
30  3 1770424077
45  43 436534747
18  6 280762991
26  9 1287994820
41  45 600474663
19  8 992094981
39  32 1277530010
13  40 1154902178
36  25 649016333
34  16 1045739591
20  5 410872568
41  22 1368988579
39  8 1683132485
26  49 1450370131
20  6 424615573
39  43 1931671837
49  44 992875326
25  27 1569387415
32  28 199675410
48  3 529249698
18  8 1931971607
41  40 364460863
45  38 339519723
48  44 1276914491
14  19 1318107072
10  34 430164134
12  1 746283608
1  22 1151924028
13  31 1929252980
43  15 978178248
24  14 505917012
32  22 1397361725
40  31 1616071048
26  0 390694377
40  49 1183245460
39  15 1111162152
7  35 688148975
6  47 1352793566
38  19 230492061
45  7 1160722660
45  36 392960252
37  42 503423277
3  23 652734575
27  5 306076910
29  48 1381191273
20  43 467648495
42  3 1347381706
6  19 1399555006
25  3 93352775
27  36 268367450
12  38 237418094
8  45 218934615
47  41 1224701008
45  46 1057337653
27  5 270177377
34  10 2127225138
33  16 1142277023
13  17 1479716020
38  27 1087173915
43  12 1701154745
46  22 78112710
13  18 1164662108
34  16 62860299
44  6 1501049121
32  8 74819481
26  39 854728381
16  18 1654855273
27  3 306322790
35  47 1561620120
7  23 190341592
34  38 18658397
1  7 1828090266
8  13 674376040
4  37 254626573
42  1 148078668
49  29 1770792173
40  9 1630467468
22  46 1318650244
10  17 1672276785
22  26 176371023
3  26 1101686584
4  37 1528949582
47  18 4748697
10  31 1010376639
5  7 643161566
20  1 590919649
36  27 1973197321
17  24 1292815096
25  6 1321421442
2  45 438595422
0  26 66976712
40  32 698557155
28  37 170789793
26  19 396516626
1  42 2034383718
10  4 743194547
31  49 776615970
43  42 838359971
0  20 1940991537
31  23 1541805666
44  24 1767407958
31  35 1559845589
35  27 795985547
14  15 1910542733
17  40 1883474732
36  21 63531823
4  33 609466711
11  32 393256990
36  14 1841202819
26  6 1785199098
27  45 1436139157
45  28 719449654
26  34 1846563892
35  25 12855965
18  35 1021850397
41  13 1124120340
30  25 977988630
23  3 1784661270
4  49 189144711
24  9 2073337360
18  49 1863716403
46  37 601178461
19  11 300235738
22  1 538127526
3  41 149817937
41  43 1047414019
19  15 1966563411
48  44 1391579641
42  47 1760200300
19  24 1926254029
14  27 601006169
22  33 778454529
20  36 697185426
39  44 1745582868
25  38 1812266489
5  47 1705534088
13  33 387108844
1  38 67405150
21  16 1777208033
34  11 1496125505
19  13 1848059878
2  33 376756479
42  15 1656514044
29  21 1342293135
12  42 629260195
1  35 465427347
20  39 427766833
11  1 640843679
36  40 1645779803
34  47 1877355382
7  30 1877137313
48  21 579595982
39  49 2103028099
33  4 903306307
10  21 167505319
25  26 1316807315
38  25 261773080
22  29 715980026
42  32 1010728468
33  40 745534784
2  41 1168875899
28  45 1943141233
38  36 1031410616
31  24 2110704446
6  23 1932049982
43  15 661255610
46  49 1276819729
49  41 230342960
33  16 1908907140
27  44 103762064
28  29 99092644
19  40 1522550706
10  29 1935052847
25  32 911521952
0  21 1757154060
14  13 826733020
32  27 559682730
31  25 250306072
49  44 1069084225
21  39 1511975700
16  37 690338369
3  33 1395986667
46  43 1422664985
28  18 1396365123
27  44 613887468
33  29 821569500
0  15 1474083716
32  45 818372502
41  19 2120382856
2  18 1985746645
23  29 235536192
1  48 1258617648
48  30 1809061315
7  49 647378268
41  36 726013080
41  27 22129458
24  38 49133368
8  13 1171477161
16  7 752622968
20  7 1017328224
0  14 117094141
6  20 1682371082
4  22 320124880
18  14 109070929
12  6 1128079308
27  28 1751960810
5  0 1605050564
36  25 1509004828
4  11 739641858
43  37 1871411765
20  22 682463540
14  23 1235129169
28  25 558770849
31  32 845931699
16  3 1160394812
3  1 1188960152
48  16 1381441291
1  29 1181527704
33  34 1047689093
29  36 1015754967
25  16 789394347
46  2 1807300493
3  13 830401203
12  21 572960350
15  39 1227994626
9  42 1608312616
23  15 515794261
30  39 1741742527
22  4 1782502663
26  13 1500679079
17  5 44436104
40  35 856129280
46  9 594426212
0  33 1972711021
15  16 194270455
36  3 1087944802
21  40 2141050259
48  22 1067337763
14  6 1712312001
18  43 1610795846
9  43 1073812430
10  12 365754388
21  44 2094734904
44  31 1982677805
12  42 99110101
10  2 1402955558
39  34 1125443020
11  2 618714335
4  38 1622670684
41  37 1388789722
14  20 1342423148
28  24 167932041
44  49 1249156372
8  38 1679608410
7  23 437337966
36  33 300985330
47  29 1363659651
32  12 2079275831
1  2 2063004706
6  38 859987121
12  14 171341833
49  17 295463660
11  30 2045986760
27  40 7978057
25  21 421154999
9  7 901919634
19  35 1272015031
15  38 548668897
20  11 852931551
19  20 1307843983
28  47 260918406
22  42 870109160
34  40 427035172
39  12 392555939
23  33 1570485033
15  3 2040216090
41  38 2042992827
16  15 760423473
40  48 952337740
27  44 383986930
20  27 1662374780
24  34 1420910859
11  7 447727575
29  23 604435811
28  26 2131235300
40  1 1040589700
18  22 1641558277
47  12 542681168
8  26 421263316
42  47 1382519369
26  8 1789845148
46  25 556522253
29  22 823155506
12  43 1498551319
17  10 761497305
22  16 1703130558
21  25 824316333
29  16 1175942779
3  7 1642070683
13  21 629851880
44  18 1302199067
19  33 539372462
29  48 1740197995
36  1 225967220
27  24 738669625
37  36 731607330
34  46 2034050144
16  30 1263356527
20  0 388493756
14  21 1576651107
38  27 1566476937
31  2 1824540955
10  27 826228746
32  27 1755697567
4  3 1154810539
17  16 1678828508
31  30 447431255
29  20 1784033216
11  49 485745417
3  25 945050334
40  43 1987180187
2  10 436410521
38  28 686680896
1  8 1287360533
21  25 853919051
14  8 695008258
26  12 1153157151
15  9 1827984835
2  33 1079577251
46  31 219287355
19  38 912982993
33  38 1408741725
37  12 249345410
32  43 1401422089
14  9 96395970
5  20 1032455488
7  45 2014465458
18  29 769181132
36  31 396355242
20  0 1274979048
44  19 921103004
28  24 2062881938
3  13 450451883
43  14 1626935943
4  35 378334315
33  1 965873307
25  22 494754477
46  4 1467461571
35  21 1337148910
17  23 2107628324
30  9 211402098
7  22 76381074
20  30 1488268602
26  34 1351693960
10  9 834639476
37  33 1444732584
6  4 1070429403
9  26 552367673
46  1 1563867080
6  25 2018118312
40  33 1625604537
17  38 1373804414
4  32 585475542
46  14 816816769
5  20 346989534
26  3 1896080384
12  39 84955302
48  49 992538684
3  5 733765677
30  42 707279330
38  5 348083047
32  7 405182335
47  2 1546148085
15  48 836484021
12  40 1104934463
35  5 1999494339
16  22 686954092
47  40 622731040
19  5 2078800961
46  29 1966518895
1  29 272537365
35  44 231865046
20  30 2092002574
48  25 1038570024
19  43 76865717
30  9 1613716541
48  22 2092538137
1  13 1309047652
15  39 887061743
26  14 1729230978
39  24 1859781365
25  0 1610968529
27  24 1864116988
7  39 1932702875
15  6 1743290793
6  34 196846574
0  25 716711589
37  33 1813981644
11  37 436460164
31  4 1089245880
40  18 1681988533
9  11 1127170218
21  41 1362702266
21  2 317231565
36  18 1691472421
48  10 683138527
2  14 251977316
12  23 1452058696
45  11 576674456
34  17 1674020584
45  48 783096568
40  37 1729795535
35  13 141909374
6  13 1691499289
40  10 1748310114
29  23 2143592725
6  37 395636658
39  34 614881487
4  33 1603597905
16  43 1046109289
15  39 183601611
10  33 1904730338
24  30 576309174
7  14 1179126736
5  8 460559084
41  24 936002458
16  7 366154511
31  23 1343169126
44  32 336308381
39  31 1627053377
33  20 182646772
8  44 1719636919
7  12 819384227
32  28 361490215
31  3 220474088
0  30 249733044
26  35 386668160
17  13 839786208
15  42 1526393830
22  42 22126478
25  31 896652133
3  48 1614190928
22  27 250813557
34  45 443961043
9  6 1107223399
17  12 1001015797
24  21 851468842
23  44 89962723
36  34 296537439
22  42 690917692
13  39 87899204
42  17 1039455248
38  45 991152057
1  19 977402708
22  35 332913692
40  8 6898412
0  13 1990098962
0  28 813442974
35  18 521518863
43  28 1372266521
24  7 431134745
13  46 1607480460
3  27 1801555971
3  29 2031791922
13  41 1968531521
1  2 218979734
42  48 637791348
37  7 568104278
13  6 407801891
49  22 1011668644
49  18 190912056
26  40 810344917
38  34 402358354
3  1 1382903463
19  46 2112126634
35  44 2124902644
12  26 1472859272
49  18 237503630
28  34 1703589306
5  40 904661903
1  4 1042395862
37  7 1010809147
3  5 1703519584
11  41 1959755051
49  20 1381995830
9  33 126023354
20  14 425814289
24  30 271604436
34  33 1881569090
4  37 598103253
23  15 2034552304
45  25 461339627
4  9 1122072109
5  27 17838252
18  0 247874371
46  4 131501357
32  6 662452165
30  15 2069142550
29  21 1229860068
8  13 1007583193
37  13 2036957736
14  40 590794466
40  7 2115735759
35  17 120461793
2  29 1809148125
29  14 736441545
31  30 1841793828
11  19 270374753
34  26 804653156
19  40 787367234
1  32 150707894
14  36 1567148571
4  5 1903816131
38  24 2018561464
48  0 1263670901
12  15 959783954
32  3 833760657
36  46 1898218221
31  47 1925164777
33  40 1045566304
18  25 1232953909
42  41 189433595
15  4 1723898978
23  16 2043124101
8  25 1711183187
16  47 256180416
36  19 604607081
26  32 449333076
6  22 1198191878
31  37 712032592
16  8 2103067744
30  48 1603160385
0  24 917231170
18  8 1663351567
20  36 1177457826
36  33 101847086
24  41 869198594
39  8 1280299068
49  6 1820393005
14  29 1751761256
48  24 1125570850
35  31 2063785437
36  33 1306487216
42  45 1057564670
48  46 122792322
8  1 485064714
33  27 2071958551
26  24 1129865469
6  49 932709234
35  45 527577109
9  45 569260396
29  10 740001067
31  25 1356865258
26  0 50993773
29  9 622981865
12  5 2115610786
21  6 1259372749
41  4 1276040895
3  17 1618877835
36  10 970655309
7  36 694461290
42  47 2013260685
38  25 482408168
21  25 2010840679
47  7 603113115
27  21 638456245
48  38 1938419037
12  41 1908599656
1  44 1131368248
7  33 234825924
35  17 585108721
37  48 901655784
33  26 1536645380
47  31 707265201
37  44 1042658054
18  41 2029821449
41  28 894918853
42  26 454179684
33  40 765801201
44  19 752804962
34  16 306302015
21  24 1340417222
5  29 1673906600
49  23 2129751470
25  24 232818209
8  44 1178383289
26  27 571778036
23  8 993564191
34  20 1679643886
0  34 1732118403
42  48 529462055
48  8 545440501
10  33 639517395
26  13 1990790579
0  42 1690594702
23  22 1602207684
31  36 363738653
7  40 39657822
22  48 1781345600
27  24 843676755
4  6 1149450151
43  49 927234810
9  13 1983407533
33  2 515792515
35  5 1712507923
32  25 497341863
22  41 580693858
28  16 1497437948
17  35 169195123
38  27 1207693683
0  25 2098518509
27  21 462759838
29  30 112507647
1  17 464186104
29  31 1901705927
5  25 1183351329
49  30 686590263
23  32 416652118
13  0 185572920
8  29 1075851692
46  22 1298273295
4  15 384742697
30  40 1283914469
39  30 1543204009
39  9 1954297242
27  7 1801677199
40  36 122444780
46  30 1987698740
35  49 677521889
25  22 133370279
37  20 1063023258
7  29 1498732312
9  7 85643599
49  12 981887629
39  4 1637627629
47  27 1693927549
33  45 382614636
20  30 1150464344
3  18 327574163
44  25 903157212
23  10 884497876
21  33 817621821
43  13 1983853902
23  15 528453222
9  14 1885326425
36  13 1795639753
37  34 301578222
20  23 1531301168
41  1 1492607387
19  0 1829335604
6  37 1827788984
6  27 1846993353
11  25 224881517
22  26 1166879524
41  3 984298421
13  22 273333446
37  19 1248145863
29  37 1692239750
30  43 1763198185
31  39 2110929796
35  4 1916780688
15  10 1872207492
39  30 995715018
49  12 1943712477
12  8 1788355801
42  7 267949965
23  15 1454888355
42  45 615559513
12  35 1552972863
20  16 655551222
22  42 178238845
26  17 1818482716
43  18 1814188056
8  18 1787156446
26  39 848416332
15  22 546544496
11  4 988907231
28  3 920776456
44  17 737796491
14  49 371735429
26  31 1255887893
16  46 1780528313
27  0 390884924
35  25 199528582
46  25 2124302253
23  38 1399561957
34  12 766166614
30  34 577365761
38  32 1845206239
45  11 250969446
16  9 1493743883
30  44 337287654
9  30 491182905
1  23 1072906808
6  45 752126363
43  16 1320078257
16  3 2038064942
13  32 259063757
29  26 1356271675
9  23 970781127
11  2 1297030359
28  26 1241906080
43  9 963494353
13  35 1092894444
9  49 1839399411
20  43 885810744
40  48 1523300069
21  4 1951097705
4  36 1458987026
5  29 1628251667
30  39 716904735
3  47 644640543
0  30 1096630239
49  42 757617165
40  11 1464999725
10  22 1851921236
2  32 1568043106
24  36 701277415
31  48 1036544130
30  13 254458179
27  33 841048789
39  5 310160310
18  30 1420793725
44  14 1215945542
27  45 2032382532
