1250 50 19 47
14  5 1175767788
41  26 41635580
44  8 1078064753
30  22 890554144
4  22 1388197442
25  19 1365509360
44  46 1614375501
47  27 706481484
39  0 1362158855
31  34 1473296135
17  4 1700693583
38  20 1702852769
39  27 476494513
30  43 884934400
41  23 1046826238
37  14 381192008
21  33 1176939903
17  19 1307295632
11  15 335312611
4  22 1243235763
31  10 1313513471
35  15 938250
35  3 478110937
3  20 1183096075
11  0 2054967340
4  0 95771221
26  40 978590203
20  5 371558922
35  39 154728346
31  15 1973154788
45  42 496224711
27  24 42507836
14  1 73508492
36  30 413187583
28  47 2079356690
26  30 1240487659
27  18 14222907
41  18 733683887
12  33 1874340839
39  27 1005521846
29  41 469286235
36  30 2024037459
28  16 210900469
19  21 24016162
43  14 1877900519
6  2 955214688
34  15 829613886
34  9 364501485
46  8 879496530
33  11 1324315881
23  27 1366076370
21  19 2015059691
45  39 1699001790
29  34 1154017778
16  11 306736346
5  48 1988739240
35  27 1235785062
45  22 201769276
32  17 1897674527
39  25 899771373
32  21 5967462
28  45 1391981266
10  11 1682286319
31  4 1530557894
13  14 1932371002
9  39 40459496
1  12 586502224
27  25 2146899710
6  26 1576753478
24  42 1184780917
18  14 1511836521
2  39 1556813035
5  46 1549990952
10  21 416345395
36  32 895843848
3  21 1973686959
10  46 1305044505
42  40 1601176401
43  48 1885764521
7  42 220979108
40  12 1494531517
8  6 104447942
35  46 361321145
6  45 1241896757
34  2 449119348
40  39 2011180383
1  31 834652707
41  20 509074509
41  25 1859578120
32  3 856776096
49  0 1606267439
36  10 1222459748
8  46 1761428289
7  10 1190330076
25  47 915918897
33  12 933609557
5  25 980883717
8  25 2080481689
17  8 462263464
45  32 393474278
24  47 293473435
29  8 2081246985
26  10 167488855
3  27 2025655834
49  37 1089557861
35  44 263842919
28  13 860873812
2  25 1444362094
12  39 590190398
26  43 1821742232
34  11 1488735635
13  11 446494283
43  11 1432773356
31  29 1118566340
13  46 371400554
39  9 1103943396
6  37 826876029
40  46 1065940447
45  27 516910771
20  11 1447281078
49  18 1874413889
46  31 1224385731
44  10 2035790113
7  26 83028596
38  22 371940003
24  47 142190743
21  36 1507646366
33  31 1240099118
38  22 286404403
1  42 424392220
14  5 1685396938
31  24 1738195129
16  27 1276869497
5  39 1867557589
7  32 717090300
45  12 1653257198
39  0 1829949601
34  22 520154850
32  10 1403227231
26  5 438579555
21  6 764891171
29  38 973735656
2  11 1205592175
0  30 1646785077
25  32 147627793
18  15 1182168360
29  22 1261426711
34  10 1664252724
0  6 1566356737
34  9 433930628
16  8 706094383
26  0 1600359487
37  35 1805942622
13  46 1216468961
49  31 1444954934
31  24 2648061
7  21 1134652146
3  32 1567920145
29  8 1174538008
5  0 2020593131
34  26 1298006070
34  23 583305709
7  23 1780420593
20  39 1084761882
38  33 902196746
29  16 1696923079
39  35 431167152
25  38 1870924693
7  5 686962587
48  12 200557493
33  28 1709667782
8  49 1033619899
3  35 843997602
5  37 431417614
33  44 435934580
24  46 907409022
11  39 1588880201
48  10 1965265662
2  17 587785409
9  35 1204901386
7  21 1273513955
30  40 979358546
14  29 341400922
35  4 117157017
27  28 1708344833
45  24 747156972
3  44 625955200
19  45 131932418
37  49 212927617
21  45 1758497774
21  36 1075632125
14  47 1105797950
12  3 2126083891
31  40 1030445763
46  35 412122107
15  35 1355059074
43  11 1856545906
35  33 1440922666
39  25 373796319
17  49 894712380
38  0 859810359
46  19 935982786
44  1 1020895375
13  0 585045607
18  40 1672119653
26  35 127543873
36  19 1434183285
24  3 1632239205
30  29 714273308
11  41 1820894051
27  31 1568212638
43  44 1694008605
4  10 839634004
17  7 1685156652
11  35 233653876
33  9 1106704619
24  27 684877280
43  24 315073415
6  41 581043235
10  37 1984780309
6  46 289709877
4  41 24472639
34  25 1302310670
23  2 1529727734
4  34 1923240156
32  22 1274466996
28  43 2035676169
32  7 1396302923
25  26 1683259538
19  10 976834479
30  31 207170709
45  0 2004744475
33  27 609948188
25  3 506116423
34  29 1409148050
39  14 2008997632
49  2 244217138
0  19 361388018
47  4 1876917862
13  49 1205128621
42  43 614754754
27  21 565958151
25  34 1093576867
22  49 30358793
34  46 2026065364
28  27 574255759
40  31 2054602120
31  18 843057492
39  49 2128416319
12  0 775747141
46  1 433393042
32  21 262468035
26  13 1324291577
8  47 1971316555
42  49 279223036
33  32 968875028
9  15 256962421
6  12 404433019
28  23 799150563
16  42 578723858
2  47 1261499855
27  3 1074842462
45  47 1025277748
26  27 279829535
47  32 1227655291
35  40 1622251568
29  43 294840864
7  41 2136382309
20  9 187334801
14  23 150448859
37  26 1842678685
31  8 745712980
1  36 1642834453
3  43 398241535
41  25 202385559
16  7 511861751
32  47 1230361714
9  42 1117744910
9  37 1232900007
39  17 1228101407
13  19 2109723921
15  49 1383542313
27  9 2091605764
24  17 544129426
38  8 30393030
36  3 1900414526
49  29 312379166
24  0 428266969
32  34 1914092295
35  39 1101084772
21  14 1526741434
32  7 2102771264
45  10 800705891
49  10 823251797
44  34 2129602124
32  14 2072275204
2  42 940654302
36  5 2032995639
16  2 1081132344
33  27 326338444
40  0 604251240
32  29 915468825
6  17 319807190
47  22 1972388138
33  14 379145580
15  43 1165618880
3  5 721095804
39  44 145998185
21  22 1222056857
30  20 1613407651
13  33 1411914641
19  5 224946187
34  3 46033637
29  39 1744674915
31  34 902072829
47  37 2073986187
48  34 1703317408
0  44 835170560
31  11 33700927
25  33 962625066
49  17 82543986
49  17 1242797522
28  31 555947538
44  47 1774700962
25  36 246389035
30  35 1248186292
25  18 405628353
41  8 873758821
10  46 1263357782
40  20 1807292001
49  18 1712752303
15  4 1166078699
11  27 87900945
48  2 840979183
21  26 2009329170
38  46 1043120821
6  1 1091890155
22  42 1217194784
36  42 1735566115
46  3 1632520094
48  28 393443432
46  0 1321435672
4  2 1653233873
43  29 605125
44  20 1855537477
40  30 1561144935
8  19 1213194808
19  11 177467664
46  40 1954576421
5  47 1225714381
28  36 781328152
19  11 1508955549
7  10 199742866
40  21 1572572723
44  29 1849310523
30  25 2081145353
32  36 662925637
42  8 752921728
32  15 1295112477
2  7 406704184
39  10 1040516671
13  49 1682108976
40  28 478092347
17  8 934207965
21  45 1107491141
45  21 1015109926
40  3 164428145
11  14 1594128243
49  35 1823207684
49  40 869900984
16  10 1391431931
37  44 1551455875
7  12 645073282
31  36 1719444278
7  10 110024002
28  40 2074431060
36  47 1373543683
10  18 1304819840
38  13 630037989
38  39 1332396650
3  31 1419564065
20  11 174162501
37  17 946906729
43  33 776162951
42  37 834542330
29  32 2034770554
45  36 1708726759
41  19 376282588
40  0 737155253
13  1 312957734
16  42 273758978
41  48 1149556197
5  21 1813315189
28  24 1869243647
18  28 434983963
24  41 1885602611
17  41 1113877098
38  9 1830363396
46  15 105234184
48  8 1620378273
42  8 53610241
48  23 1691325931
42  8 70400415
44  23 958259076
15  31 2025310886
5  37 1887568325
20  8 164452313
10  47 974162459
19  25 1354233673
39  34 1280165607
35  16 168890471
3  49 178533439
35  1 166442955
14  45 571538771
44  49 437714095
22  19 1434956632
24  0 192954155
45  43 1876804855
28  41 1416544077
45  0 1430823718
49  19 1528848568
21  46 258123519
47  3 1148056612
12  0 488531198
14  43 499674159
5  2 299886654
15  1 1243771374
10  28 1016638623
30  26 288564805
43  9 623702259
17  27 1073913202
8  44 1122459854
39  16 30810527
46  27 585964818
30  26 350351408
11  30 579309584
14  15 1302607217
20  9 1477093214
28  0 414277136
17  18 854957166
30  2 951365923
43  2 1194540405
16  38 61684549
15  18 1682400834
12  38 1984887582
30  29 787615332
36  47 1397772584
16  49 118350791
34  27 708919014
49  40 2079995716
9  37 154203435
39  46 502398018
32  13 1860051647
21  15 593103667
1  11 589853236
29  45 908812286
18  5 1492255171
46  41 2090516675
24  22 1915703529
22  14 1666772406
9  13 193895233
46  9 1702879659
1  19 1817266373
38  4 1787505896
23  26 1779690870
45  27 894146609
29  13 269854275
31  20 1448794189
21  41 432956905
43  45 1644419407
20  42 1779738877
21  45 514626561
8  42 1617675011
9  34 1701022896
44  1 1636892008
18  36 789455847
8  3 1675634033
40  42 171124591
17  12 1941379512
42  21 400882921
2  21 1652075768
12  22 680689812
12  4 1351501520
5  36 1094608548
19  1 1826885322
2  23 1729818283
38  32 1685563351
22  1 890443292
13  4 1283012465
20  39 991919166
10  47 674251575
4  6 930737307
12  0 1164679435
2  26 1108942049
41  44 993684522
38  33 1461164177
11  16 563485254
43  8 2116262310
1  0 214044871
20  21 1680849597
25  43 975671132
47  39 1238694411
17  10 1789743832
18  36 938469068
34  21 895425577
42  43 1261560218
30  0 1379252825
31  47 263058972
7  17 1209356729
2  12 597012025
26  7 184458088
22  29 1707837166
6  10 659427177
5  28 447468445
33  26 1540990193
15  32 1810295092
46  26 777726470
32  14 418396611
26  31 152792946
7  5 122021670
26  38 1996356839
40  4 800241399
38  30 1040297957
39  2 321231958
13  28 319675615
21  41 976426136
35  48 773716424
8  19 1003062690
44  36 766936032
18  47 382172293
19  40 206585375
37  15 1588322657
12  14 1708980996
42  4 1928159211
11  17 1504626083
3  29 189473421
39  40 564971061
2  8 451541363
9  40 338635273
19  0 714973758
30  10 883424782
48  31 910389079
27  2 882995945
33  0 1381985086
0  2 1536962475
19  22 194795880
10  21 662971911
19  39 1745113785
47  45 2143667482
35  2 1377844867
9  19 373896354
46  45 2128455085
22  48 1598410638
9  49 1498449577
48  20 729150870
3  28 2054107740
28  44 78373459
49  35 70254213
24  26 1456926970
42  30 1840035806
19  49 2007828579
2  47 1922938987
29  18 159712571
38  1 824021253
46  34 1471541470
47  1 229352028
48  20 718907735
21  26 747655107
10  33 329501258
9  49 473132787
38  34 1774448686
20  23 221931974
9  23 432898034
11  47 1271434127
3  31 1580871349
24  22 1605185405
39  41 2562010
44  7 1075014060
27  14 1438148397
14  15 499389346
11  40 1066811897
24  44 1485976656
43  37 1067311082
23  17 621776365
34  30 792100991
9  24 64293181
28  42 272424749
12  13 1492250481
15  49 847020350
2  19 1558125800
38  40 1890777398
37  10 490736545
17  3 1388822763
30  33 1059715887
9  23 1318773340
46  7 1697220360
43  39 1566288442
20  47 372797230
20  41 1587029594
10  49 440713181
16  15 402033478
1  9 390955634
9  5 1574706031
33  2 669145620
35  47 1875268702
27  45 129355064
27  8 2009525392
16  32 1868968779
38  25 2016413144
12  48 229413446
38  45 1134998476
26  11 639109305
19  35 582509566
9  45 2105050238
10  37 1647815510
15  10 505761177
38  44 1247880649
38  32 1896252053
31  47 554068627
28  36 331543871
1  22 1517007799
20  33 521938502
4  8 1249554961
34  7 1239669278
29  46 1795871768
38  20 1215285673
43  46 1097488748
8  26 1067407658
11  41 1322154909
36  34 121700153
27  23 238101481
20  11 657017743
37  48 609715992
40  26 1578810594
22  16 611494156
30  14 1557275323
13  16 1398332254
7  15 869444111
23  9 812151055
20  35 1787917780
31  20 2024798044
22  15 446024231
37  8 1428850256
19  5 1030112242
45  26 1383099757
24  5 1518409954
41  5 39848124
26  24 952089575
42  18 1691183299
15  17 1327653482
48  10 925323096
18  47 1934313327
15  5 534370130
4  16 908021201
18  14 949574910
41  21 2117671367
25  35 1567625238
41  3 1149805145
3  17 1023955708
12  10 848018188
47  32 1798364054
44  40 1332144390
8  1 1723256742
0  10 1206018860
41  3 2104759934
10  40 582214755
35  44 1351958087
46  10 408740012
43  20 758516537
45  34 1486168879
18  43 322220495
35  36 1682336582
20  33 277083773
1  29 796025323
13  34 1807451028
35  48 2123729820
29  0 214237141
6  8 1468912306
0  1 362470510
14  15 177816764
4  28 1648675512
37  12 1415774845
40  35 224131739
32  0 1553271988
40  31 1558114749
29  23 1431048081
11  21 1857032282
23  16 22597513
34  28 1327870341
30  17 247262696
16  44 1261274630
38  26 693051408
46  20 550993417
11  1 1643992467
26  8 1462177614
29  1 504166858
7  2 1862142875
24  40 1991349881
1  40 642901451
2  32 834264907
35  18 1147146407
4  30 1415567198
47  22 123682890
36  40 1394751921
33  23 1071131235
34  33 51275321
45  39 754248936
15  45 1451723066
4  15 2085868364
21  15 1680385525
3  19 918824667
13  31 673690366
24  4 1410654100
11  43 1115362461
28  11 21694449
5  2 642516728
2  0 418553988
26  34 1635546498
31  21 1486167245
11  24 1299534883
30  26 513178696
11  18 1580784412
4  42 1871080799
45  15 2122588075
41  1 327841183
10  36 522291575
17  16 447122436
36  6 2026082759
1  7 72740237
41  32 231539133
4  20 1103292273
6  34 1475439572
17  5 189891987
47  21 1180727455
17  24 421189183
34  39 1405280669
23  11 604289017
30  13 1505039645
8  25 1208722832
38  49 715243048
20  42 351069548
18  27 962929404
9  19 566668932
22  34 759178231
5  46 649087525
47  42 398772025
46  19 1100644063
22  14 1155117147
0  24 1584804335
31  24 1734992515
37  21 348539646
46  6 1296612866
37  33 1358860878
24  16 1071856828
17  38 1168233071
45  43 1302910376
48  21 1816077853
8  18 1828822727
8  43 1595738655
26  27 403733853
33  6 1062278893
24  10 432547540
33  42 989473811
45  18 1461089913
7  3 1936157819
38  18 73930170
9  23 1895239761
7  40 1058798100
31  21 1655651207
2  37 2109698390
33  43 170113118
10  37 1540132465
10  31 1361619597
20  22 997582330
38  37 302241770
47  17 1139766943
15  13 919907409
48  44 400795834
12  35 1872694472
1  21 284720361
16  31 1063690252
20  25 575320701
30  29 1519135639
20  5 817598968
17  29 408001392
14  37 153878777
35  30 640547439
42  5 270434838
47  8 606249855
39  17 1669368478
12  15 1362082250
14  32 2136553741
49  11 57625762
0  37 310621213
38  2 253924989
23  48 5518923
10  3 1432764215
40  18 191492952
43  35 1318283691
48  24 1584198548
25  28 1627453113
46  48 822229913
48  5 508121072
12  33 1981734192
5  34 1532685941
48  42 1982237664
8  9 1688625496
27  43 1076547248
38  41 1191829935
49  36 598309485
19  32 315955761
10  26 1996115357
18  47 229318180
9  26 1494529922
23  8 699692934
9  26 816577249
5  42 467344094
15  41 545304563
28  46 931390859
14  23 1299259725
18  39 1519344218
39  12 116578860
13  38 664883527
14  44 94325570
10  16 1995054857
29  31 38844170
12  31 761807354
33  28 13938283
43  16 470790278
39  28 606748174
16  46 1939011425
36  8 1659772115
15  38 331855073
11  28 1771102856
12  20 2008039226
42  17 1034235591
22  19 692635658
49  23 427981428
37  45 558128059
7  48 146506812
47  11 680012154
35  14 714755919
30  27 1014504221
24  26 1837598892
37  3 1457820471
7  42 1998858055
22  0 711238218
9  5 1614992628
39  34 1414325940
37  10 2091447777
37  2 403837964
32  22 1572254060
17  7 1854141173
7  6 511830124
24  35 1749849756
15  9 1756578435
25  11 722420063
1  23 2107465951
18  49 1661209209
16  24 1070696352
35  41 893543580
30  45 443797867
9  0 828655323
49  6 2006651426
26  32 1463490106
26  16 3549034
5  37 1771741222
44  45 254003561
24  19 2105218903
44  43 1607209148
2  32 13410036
27  0 2016826668
3  31 1168722637
36  20 1069406538
45  7 1079747421
14  0 1137077210
10  30 1047154891
22  28 426122378
46  18 974861126
13  11 570373270
21  23 676995599
15  38 1170719539
30  12 44260016
26  16 157382741
3  46 65596664
24  33 961880602
7  21 1425356424
24  40 997138556
30  6 342237540
26  13 1787004979
17  39 456762266
10  32 1845283373
48  29 850594927
30  2 1078655451
47  6 351694389
10  26 712223236
29  42 1976608835
13  2 864139247
47  20 1729721119
4  22 1459151819
24  30 1936218307
34  17 1805619616
22  0 1385189627
37  46 1087564560
34  4 1438507079
37  48 1948321575
0  49 1003900657
9  4 1237902874
23  28 1058455642
33  45 114303948
35  24 446072274
29  5 1739226762
19  38 1684124558
46  20 1206393349
29  20 487024818
2  26 490059261
33  37 1022263004
6  43 556483019
32  48 1923101853
21  8 1195759243
24  25 1566636720
15  3 1972089577
8  40 1035877468
19  46 1833874362
29  36 1229002505
32  14 1208214153
17  35 346527947
30  11 1200334068
33  47 1673409016
44  18 1394730561
15  14 1944021104
49  38 1470664923
47  9 193283772
17  29 1855067162
26  3 1569807264
1  24 1513513475
24  11 1106004585
15  34 1756208255
29  15 1157823066
30  11 1395105596
13  47 1559272575
0  20 1584001539
39  6 1204334547
41  35 905549515
43  47 2128396671
18  29 281648426
2  0 785240969
32  23 1691754211
28  27 1235727440
25  5 1952804267
24  36 1153607394
48  43 324420900
30  6 1841519560
27  24 1899846518
8  24 1622461481
6  31 1868499309
10  7 1485585550
7  2 404182127
1  47 1129764553
47  34 1878135392
32  38 736247331
30  2 1453454195
3  36 258689262
35  3 996304611
29  20 1938306223
19  30 785184547
2  17 2117855615
37  24 1794488084
5  24 2071066973
6  1 1656389084
45  1 1351812955
44  47 1946384582
24  6 1757802073
28  38 881278311
4  16 345219907
31  46 1264678079
26  1 2131003475
35  43 645819777
0  36 660243122
22  42 1507676228
12  22 1060606400
8  49 1073606356
5  2 11307449
34  49 384543132
21  13 1439585525
21  36 507787151
14  5 109584288
40  37 1152590803
39  18 232266291
32  11 1285171523
18  27 135568524
12  3 2111478498
28  35 181163173
34  49 269269470
39  9 474711169
27  38 269214085
44  13 466873803
19  8 725964422
39  16 2009983607
18  2 571578459
36  16 142670016
16  37 432481365
47  10 458387348
40  39 1319895899
13  45 345231408
43  11 1662262763
12  20 1518418239
21  45 261852249
8  23 1348824023
24  31 1914574167
29  42 1092632461
37  25 1315159196
45  0 1615097659
26  19 1123070830
27  25 2124009032
47  30 607559364
34  17 1068115661
33  37 1466444685
30  23 1967291511
31  3 68327259
45  2 168306646
29  14 254274460
42  31 810994937
2  20 1879653764
5  43 620871747
13  18 1657333509
34  47 699777855
10  1 229416940
32  5 1974978427
30  4 542990110
34  47 1284812539
47  23 57570746
21  40 766281152
4  32 1531443356
24  26 1960765546
18  6 475956335
16  26 1346919276
43  41 227236984
15  24 795952314
13  8 446486097
4  18 2011081236
20  43 1802190431
5  8 1287942251
29  44 1987849203
7  47 870411363
29  42 289906402
5  15 132258433
7  1 1247146816
3  45 1914588086
46  41 2147379588
34  0 1057672028
33  25 1399346031
24  3 369776363
45  0 1601416850
6  21 1391462676
31  24 338292559
25  9 1909719635
40  38 785368385
49  31 1807644677
15  37 2137394814
10  12 875381465
34  8 84089657
29  41 587907075
34  29 1988698448
46  8 36871188
34  29 1361128262
46  14 596251970
24  11 820762743
40  10 1832976219
14  6 1000416404
42  25 1460300165
2  48 802842481
13  45 1128882701
48  28 388944286
27  20 1609086575
0  23 318541691
3  13 276850952
11  36 288487789
38  33 1211229306
2  11 1775379296
45  11 2107330674
28  25 1178077361
8  4 1159383073
30  7 1552014470
17  32 100486981
12  14 436316662
19  36 1041024145
33  29 266856116
33  32 437459188
48  28 16852725
44  18 1305142786
30  48 616303690
15  9 1314344317
12  16 230395392
41  3 816108844
47  46 584574597
3  12 1430153782
46  44 1032151553
21  9 127295891
2  5 1485067954
48  19 300320251
6  25 747425913
14  31 1830364488
48  32 193468522
12  11 713538110
12  30 2025239140
26  27 1193054871
2  26 841072785
35  5 485560416
27  26 377412365
39  7 428379431
42  31 1594086261
18  13 1733589109
24  49 171499064
13  47 1837609791
6  29 1175072353
0  15 756540101
6  21 1418916861
35  8 1922769644
35  2 705950967
17  0 1577768119
20  9 879185925
32  31 81531426
44  26 1278912224
5  49 1247101184
2  49 2133751830
32  29 727234233
27  32 1151961512
41  42 183509917
19  37 323222518
36  32 1256350568
26  0 1513220709
33  24 1437737909
12  23 1517620946
37  0 187149832
41  5 330359051
8  12 1590092031
20  45 219559533
44  32 2071015561
4  13 2097998410
4  13 655489688
17  42 580010896
24  34 953567442
49  19 699961776
45  47 1994057175
38  6 315845870
20  34 1671182937
40  43 1219765419
42  46 117902057
6  22 985373340
39  25 221846409
30  31 1660826805
1  21 262763301
34  36 1433020881
3  40 1248486967
24  49 1548369154
37  21 1321712163
49  24 1470556615
6  23 707094788
48  38 367584716
29  39 1965684455
47  9 128011418
27  28 2059041384
14  41 708245101
19  16 1421747042
23  27 1766280877
3  18 587258770
35  25 1187199001
48  30 348623271
14  13 193828406
3  11 1899901405
29  32 2116456107
0  25 962272406
19  17 48735948
42  34 884313481
14  8 1405942566
8  27 984168760
27  24 2026902594
36  35 1877831662
33  25 1314077605
13  16 762345184
40  32 2050195354
42  4 1901218685
36  6 173519680
6  42 1452439275
22  1 1404172683
22  26 2017381005
15  49 582494818
44  23 707901651
38  34 897820227
48  35 1452078767
19  14 1204434402
28  11 139095241
32  9 2023435268
43  39 1834107448
25  23 2029442924
36  19 1025017080
24  2 1910969868
36  14 498987648
6  9 1359050267
16  44 370458270
35  14 1926887994
42  41 1370364987
24  28 1611474204
44  37 947643571
22  36 1778614285
25  7 1628849276
12  30 2008529577
24  32 749610855
28  12 616141678
5  19 1622237852
44  17 1741224026
19  40 2251421
5  26 1590678945
44  21 332639411
3  40 914896790
2  20 1591670319
37  15 531209954
3  12 2100232830
42  31 1432840861
21  49 743807455
40  9 1038821470
46  19 1749206581
28  17 1572644963
37  27 753060438
27  30 1720743490
49  20 1288907084
41  14 1160676670
25  19 1885247344
6  45 387911021
23  24 30755728
29  45 442796011
47  21 830233509
2  4 1586388170
7  41 1037393181
11  6 1744131666
19  28 174322274
23  30 514658291
38  22 124238540
49  3 651893081
41  4 262046566
13  26 101328426
0  7 1726789904
34  41 480102334
34  28 1192877558
46  43 48125810
13  5 1081994782
11  33 1079902247
47  37 969085225
42  2 1223959400
