1250 50 11 30
39  5 940147150
14  46 1626626806
38  8 1598109147
0  2 1633910505
28  12 504722919
20  46 1424672103
6  25 1596274627
48  3 2061618388
40  17 1051498223
14  36 501132020
26  25 1314743184
44  26 1188622934
17  15 2060566825
22  46 1411487088
47  36 1441553670
43  19 341151423
15  7 842243223
42  10 998974001
49  6 483539020
5  21 1207999769
10  23 1357218753
15  9 925440264
18  22 1308743575
29  43 271690654
28  1 264727001
5  27 2004197109
10  38 890021553
27  2 1291351145
3  32 1099924284
34  2 937547199
7  19 444929819
10  8 1624669453
18  35 1306639976
17  11 525251865
26  7 1048117482
28  41 294962423
41  15 1048424225
6  1 1607347309
24  0 901195391
43  33 538517714
18  8 725185962
41  0 252996489
44  15 1960786445
28  0 448884252
5  46 267602744
34  49 1465056665
44  49 1067541117
7  37 924079133
5  46 1447925554
44  4 2050728652
30  40 2044431387
12  16 65884298
37  1 660384291
31  37 1176948248
48  37 194980801
11  25 552158338
46  39 1256567830
23  32 505348643
47  29 1935921324
2  19 417336692
14  9 543706306
28  45 1447981770
33  7 680579209
25  7 1651054389
49  14 1157126115
3  33 1971735849
11  14 404082854
5  13 513143001
47  48 1359164965
48  6 2099959777
13  22 785439816
25  46 277127265
39  28 1275103999
0  37 1795307315
28  38 2092185073
16  2 483032194
34  25 1351907995
48  21 834016224
10  27 804350994
45  7 1234384034
30  0 289820988
11  43 1455971649
39  22 243876313
26  11 90584961
31  42 1299552729
40  15 1974222316
49  13 774861635
31  34 102791963
32  2 1715410536
9  32 1889809206
5  41 617495016
44  19 1465726422
9  46 136752725
13  34 1000739337
11  36 25903496
8  26 1457369799
2  3 1380454466
33  0 2140849618
38  7 2038049920
2  37 2047864179
33  31 911593242
8  37 1025399469
42  40 840884531
7  11 945633245
47  5 529186967
19  35 2036728004
38  8 2057611367
34  0 2103492171
32  25 987185764
14  37 872967528
27  21 994305556
9  22 362637110
12  47 1637012318
34  40 806274200
32  22 866338318
41  28 1378937178
9  11 650919721
2  30 416322200
40  14 1276968758
35  49 930975577
3  4 1849774698
26  31 578301554
8  22 437957973
20  22 1224711674
49  48 1784977116
46  10 210146406
16  12 1976865219
13  17 1682946126
32  18 256136724
18  43 1228240129
44  43 798546822
40  22 1733253210
32  40 1492395091
37  13 345509652
15  24 156595571
26  3 1603274317
15  43 631247149
40  1 371493697
3  18 321275036
9  3 1099199307
3  7 1232840802
48  22 932016726
24  26 1353139844
47  10 1824055844
23  45 1901326901
30  14 895367259
12  10 484759771
42  4 661231243
8  25 1268454610
19  29 1277697446
48  37 1228166210
32  40 1788215804
38  22 1278782604
35  1 939101396
10  7 295658450
26  30 980684862
14  40 3320708
37  21 1692782080
5  26 1960698610
39  46 1735205410
37  47 1939999343
20  40 1932323383
29  6 612826346
10  36 684715596
23  21 319171531
43  7 157520047
16  0 2140397864
19  18 1990897396
40  35 173270609
35  36 460150892
23  11 1761158319
36  7 1041138011
26  7 268196576
47  34 2099000787
0  43 1671039775
11  16 1220979833
36  44 219912725
13  40 1262262112
42  6 1192401902
33  40 747067078
6  0 711922776
9  33 749104764
15  29 260797037
28  47 1324838131
23  7 2030415742
40  31 1435734004
48  32 71124568
37  41 268015723
6  45 836568822
49  45 1568216737
35  9 1191137405
48  4 454035839
40  37 1749814847
17  36 2040196660
23  11 1519526780
2  6 1508247255
33  27 610082306
27  15 177708379
33  21 1958186069
44  10 1328317228
13  21 2010663884
23  37 1670602292
21  16 1404628264
38  41 176694686
31  2 980711838
13  32 2142627706
5  2 1968248934
20  18 7553006
26  4 1830634360
7  45 632787073
17  30 1394865554
3  19 1104283347
21  1 590785629
8  39 941369085
9  47 2125058440
15  38 691073851
33  13 1634724999
44  17 1039801098
46  36 210065275
1  28 1275228496
1  18 983686534
16  48 249671615
21  26 2087360296
34  14 197615782
3  34 1106321535
48  37 436971374
5  33 220407594
18  36 1504648092
49  15 557968745
43  13 51334836
16  15 2106333560
2  23 259256003
11  16 1515321942
33  19 2080138013
35  2 1015552125
35  11 1147023335
47  10 462921301
35  19 1438836805
14  25 1979455515
16  26 919545942
30  22 265862154
25  15 2137727073
15  14 2069851881
20  2 1078138354
46  8 180023568
39  41 1162775834
0  27 523493970
43  8 340838718
40  39 819548395
2  24 748372403
49  30 1837622393
45  7 616789596
2  31 951828600
36  2 1088376896
49  35 305869708
10  29 1090282575
24  26 565742203
22  32 1068192752
19  13 927943810
38  49 1095425545
8  36 22585605
4  3 1373231276
32  6 1313346610
36  39 922155561
35  45 129835149
14  1 1611005893
48  10 817841116
21  31 2137669390
20  21 1538223945
31  6 2087843235
23  39 2049983253
32  28 1283278965
36  20 843049462
26  33 2054159529
1  47 1965364537
12  27 173112146
11  20 1238702810
23  25 331408205
30  3 864869793
17  30 1854655711
35  16 437716603
22  44 251432736
13  46 1715623266
19  4 1199751356
27  4 883293161
21  32 550718184
14  23 2103945114
8  35 2079945270
17  42 1359765083
39  40 2064570969
33  5 1626333611
20  9 1107695123
20  0 88815726
21  28 2012905540
4  38 1390280314
9  33 1084855494
36  3 1039072576
29  46 960842211
48  43 108486285
15  27 2129053402
39  0 1478933395
23  31 1905966203
12  20 1950494115
9  23 1628680258
20  28 1734505839
33  32 897290083
36  14 697086349
24  33 1489486841
21  45 1706936549
21  26 814459116
22  14 264138898
39  15 969892968
47  15 301285745
32  6 1010291058
7  11 2141986923
34  15 930554540
40  5 497051402
24  10 1765668590
34  41 1409161985
40  33 1424537873
47  35 534623177
35  10 1136574543
38  6 455889918
13  46 1256315716
23  5 452007996
18  8 1058636023
23  20 1956048955
44  42 50633090
0  44 1971025927
25  28 133930723
41  28 775334337
5  35 1992517078
28  26 1795378722
23  45 1035052703
11  15 130444097
11  28 1886743025
14  12 2011701171
10  31 593327235
36  49 987001936
11  27 431083841
22  32 264186130
7  1 1132949327
15  19 1544080089
27  39 1792564626
20  11 438965817
1  39 943436969
36  28 917201548
38  4 546859958
42  26 1613165556
35  34 1325815348
11  6 457366458
14  19 704340664
44  42 783124524
33  45 1361539304
25  16 2049742924
18  4 1161662421
38  23 1556958391
14  32 1223755887
14  44 2040206451
14  4 1927927573
5  35 854323012
12  24 546485542
25  0 720529200
48  34 1795877870
46  20 1664769226
6  32 1329680658
17  39 2118927929
31  13 1663369623
5  1 950128457
36  1 924453561
28  43 438976631
19  39 2044890393
48  22 1367652538
12  25 593181917
32  3 1466954137
19  30 171215697
2  14 654059308
44  24 152693490
41  10 591201896
25  27 1430862585
8  17 238753553
36  29 1533379431
42  14 1594496180
42  37 397609547
26  7 1563521717
33  18 593144726
47  43 1743020146
32  13 2027306876
46  36 1562153574
9  35 1695821031
35  42 1124136011
40  16 1373427317
4  47 1162384519
11  30 2073620879
29  37 2106410027
47  38 1562935224
28  40 2026034703
41  19 1813387063
42  31 99073349
41  34 1570461085
18  46 79601714
3  24 1714507409
18  12 562696464
22  37 419234305
19  37 546244805
17  2 1560391171
5  39 359940286
3  32 1252682867
7  24 1578854880
8  30 1012635598
39  18 188501475
7  4 1498226893
43  41 16910510
47  48 1143202269
18  11 302614861
38  27 645788292
24  47 532131523
29  42 14455411
30  43 1564437156
13  32 364315392
2  48 123468893
44  3 1663679440
49  28 1864848560
15  44 1005838830
39  18 1175685665
48  44 1405539190
30  44 786658843
13  6 445096797
29  5 1947893669
19  42 2139708313
10  43 1412963543
28  32 355365228
15  49 1689393473
23  36 1930321026
26  13 1655433000
31  19 907016813
42  5 1523159547
25  47 1461250
27  44 297052912
41  33 1566253401
16  8 1340853329
14  26 940768747
11  23 369966222
3  12 1046691564
3  17 542419693
45  35 1732126344
25  16 270421795
38  27 830306067
16  29 1780037154
24  11 1734095598
49  9 1111647587
28  42 706405144
42  29 1595166017
39  16 454817007
11  44 1419304975
43  10 669470474
41  3 61753779
11  42 2061974685
46  27 970203723
4  2 745837375
19  20 503900493
41  25 87158986
2  5 316680681
19  40 1353629694
10  12 31324750
9  45 1768966218
5  40 186392900
48  4 623693593
29  45 271688278
15  42 759213848
44  8 316026969
19  31 194300291
38  3 489393533
9  14 2049612038
34  0 539944693
19  0 617392130
47  37 436921466
46  22 1651757988
2  16 1997896622
19  46 1439792399
32  31 773828307
18  1 1582588229
22  8 49371968
12  29 1728555497
35  46 858319849
26  12 1380871231
26  39 1628047131
3  0 755861393
4  26 541837634
29  41 2061435126
47  42 12244303
11  39 198096715
46  3 1770611616
3  43 1055314973
12  46 294786930
10  31 1504807766
11  22 1133066848
11  14 1138786865
26  20 1326841381
27  29 1891812915
32  2 1400331504
17  39 950230647
5  45 2059332471
16  6 1672058360
6  31 1731465864
41  6 1350001690
49  35 262088947
29  20 499018063
45  4 1197118670
10  5 1235833630
20  41 1851843986
21  30 1795636219
15  24 1876224867
47  19 951347934
27  47 424718620
16  49 1800221737
38  46 674030872
21  18 457667103
47  18 2052768359
26  49 1678079262
31  28 564570684
31  30 8533642
12  41 1898717075
23  7 1489002194
44  21 282681530
48  17 1818737195
4  23 588020784
49  24 1262151376
46  28 487417421
12  32 1484753671
45  47 273460263
40  46 724297626
4  27 1104113116
14  18 1206493434
1  11 2063853649
39  23 1847068202
25  41 1213303425
13  12 995629112
24  26 1016040501
11  9 1349119774
2  46 1209900212
8  28 846549864
5  36 1359074853
45  20 611983083
43  17 903179907
27  48 167797785
12  31 1495497093
34  27 1816277311
17  35 161597852
29  14 955042808
9  7 1353153607
33  30 429826148
17  13 1928135368
45  18 1951830220
6  47 1311066285
25  37 2094825969
31  49 897005297
33  0 289966213
29  7 548461097
42  7 1210589811
21  26 207404777
38  7 560801109
8  29 2122575543
22  39 715801183
16  23 548025362
18  20 1930845911
4  32 2092804466
28  15 831371512
40  8 1211707711
3  11 1045999058
12  34 156653824
48  5 280408971
6  17 2128641470
21  31 493773316
1  37 1101026505
46  3 663564492
8  43 717913459
12  1 884626127
4  3 1557383752
37  34 1995272949
16  36 885634444
17  7 140899644
25  0 200730124
0  31 2113366836
46  30 1393329748
32  28 1515484225
39  19 1866068057
49  46 1121734760
24  18 768360473
44  35 654707311
33  16 1458493393
18  41 838231528
12  25 284676778
43  48 1320656728
30  3 1991730896
13  10 375973278
45  35 2038442495
19  10 1525256109
28  23 556693006
25  8 166620681
18  9 973606066
35  8 1919907699
32  26 1230586462
36  13 2027689402
48  10 1274625722
3  12 1021204384
39  40 304473319
27  6 858155672
15  13 1649339065
29  26 1391830087
38  45 1326256801
0  31 1229496525
24  23 1779901127
46  47 682236588
2  36 1860285391
28  41 1151949081
27  8 1015368087
38  37 204665148
11  7 34129770
33  26 566169874
14  9 983901151
23  35 376786834
34  26 1929928994
36  14 792409885
18  4 560661472
1  36 1717416958
42  21 1374436834
33  5 2026918217
36  30 730183979
35  9 2120932360
46  41 952953163
32  13 127763507
20  21 1808931436
42  13 1169358368
29  4 1809211673
25  40 1467374912
29  7 1761985004
29  0 549154686
4  37 244290087
19  29 766065008
49  23 2069230379
9  34 391004357
19  22 1913202690
20  48 1492542989
16  37 511424677
33  12 2056752171
46  9 871626966
31  32 961005673
28  45 1964925494
30  11 1964842099
8  13 557001436
46  12 946417531
44  2 97142392
8  34 91556070
3  42 1557097681
35  7 2044364730
13  4 615019638
49  28 935619419
34  39 1717069432
39  15 1025060626
35  44 1305463809
48  38 1033932413
11  46 396994595
14  33 1172162557
13  29 18277658
42  10 592055836
26  8 2052713844
8  42 407006698
48  38 1186394130
41  2 1056379707
2  27 1474738286
6  35 1561275371
38  47 427162965
0  20 231576824
44  24 933752170
43  4 1670463112
46  40 82176440
43  18 1243731880
8  22 1822380461
48  46 762011321
24  7 2089898382
16  40 1258778121
39  32 1403031719
4  29 1728619373
25  30 660383619
22  31 274053008
31  32 448076567
42  27 141484261
11  0 1984865091
27  6 278381722
39  36 1409336965
35  18 1124555397
9  23 1957391054
39  26 538700326
43  49 651457813
21  47 2034245565
24  40 2070655030
27  34 794563500
33  8 1338081187
8  21 1168780599
7  4 2114946391
8  4 1673208312
44  30 236761207
26  45 2129020164
21  47 300669234
22  13 2134004217
48  21 1737481195
4  38 1525310397
37  15 978375399
47  49 967290856
14  47 74162210
14  4 1712395830
3  24 251917230
25  9 1350298229
27  0 218220554
4  46 1464680074
6  1 1462954793
2  9 1842200686
41  14 178777644
3  12 862522243
16  14 1982096763
8  28 717912648
24  25 2104206971
45  23 1512816006
30  15 961677391
8  28 1415073074
45  47 1710795468
33  30 500811738
24  15 1231841866
33  10 1933866441
31  20 989853533
26  42 2017223833
25  35 626981451
8  49 652475240
7  37 597479636
48  37 268806644
30  34 800155967
24  26 689826623
6  28 1584422502
24  20 196300578
26  2 1593655597
5  47 526320971
27  10 1734392780
28  18 1542188337
33  3 224788239
29  14 809884260
37  38 282910905
8  26 1773349437
14  7 1694137846
43  4 1165149748
30  42 501806791
36  34 578359662
13  9 796250331
26  24 929062291
32  46 2141498083
24  34 633510049
40  36 1232269922
43  35 773218204
36  20 1521716636
35  39 358768895
18  32 1817874591
0  43 1254181945
14  48 176423731
38  40 935710853
29  32 1393705527
45  1 1210546772
42  31 1674609298
29  36 572813878
49  39 105027964
33  14 1517231127
5  30 1183338714
33  29 1518585593
35  29 481606504
30  29 1068309146
42  31 484261458
43  21 582708061
27  23 925813660
21  45 199059266
46  48 634960887
24  20 656998991
22  21 1876980348
24  30 25334802
15  2 1769382672
28  46 957607050
48  15 1268989195
24  21 885121461
2  41 941762839
33  43 1849476526
46  48 1152229628
45  31 1624544589
21  26 206145799
45  24 1632898538
27  1 2016703990
12  18 1930831031
33  6 1782780707
20  18 1541767405
2  37 1913428275
12  6 1043201175
43  5 1443881198
6  35 1106020755
31  32 1582539364
44  30 150334653
40  8 318699877
3  19 469498609
45  19 1574716227
25  9 563068218
11  18 370395613
7  15 316309159
18  22 856312197
32  43 952055880
16  20 684549676
48  11 507930693
23  37 1824993982
3  21 1022540609
15  46 382651049
24  34 1202824244
40  45 203941193
22  43 1583437923
7  41 1916032693
28  33 664714597
10  43 1806388643
22  31 1364767199
30  41 137924074
30  3 475556963
8  10 16342569
47  15 17502525
11  9 1861237155
18  30 923370366
26  34 1450919643
39  30 324575480
41  2 55457931
31  7 386067405
37  28 2097870329
46  41 2086053882
25  20 726694949
39  42 996329846
48  28 934652101
32  40 1230537380
6  30 1369655239
41  28 1704390366
16  41 2024491969
36  18 1166586202
26  49 665407267
15  18 422354990
33  19 417389743
23  13 518122178
30  38 1231089517
17  48 1529690416
6  34 128313179
44  8 2030760059
3  9 52613299
43  24 1076189208
32  37 48823164
12  9 109976082
42  21 509786622
40  22 350733854
34  49 751873872
14  38 1185318085
44  37 366468531
37  2 543582715
47  14 1062007183
35  23 1278710504
0  10 553121684
15  7 1141411320
16  3 815700622
28  22 611958813
42  1 1185483082
12  14 407113534
12  35 133442354
45  3 1114384965
17  18 1062558213
39  22 100276780
43  28 1029995309
24  38 1198373332
18  6 1148431180
3  12 336995066
14  8 1504905948
40  13 389157444
6  26 1857190411
26  3 1959987068
41  16 2100463291
3  49 716285413
10  35 770074163
31  37 1387168007
30  14 1104115064
23  16 2099988923
3  17 1889560712
24  7 1696020922
15  13 1705374984
33  48 947442166
8  25 1590443246
31  45 1091502931
19  9 832978779
23  6 1382158576
42  9 776960810
25  5 1235728637
35  0 1126528282
32  13 927318560
35  18 1090867064
16  31 1874801593
45  33 1324433253
5  25 1758190361
3  32 774895020
33  32 586418630
14  6 761307257
11  31 2112341341
15  44 390507213
16  26 1529151573
47  12 1714663407
47  34 311155261
29  47 311768580
30  9 1339843879
21  16 929223523
39  19 1125114034
28  31 1593291664
40  34 1293364462
17  37 1123966410
47  19 1393657973
4  5 1045911094
45  37 2120193842
17  8 599783974
13  37 1487423034
39  12 1225827657
8  10 1517533315
46  16 655054485
8  15 667162752
2  0 168348976
17  42 828162426
43  17 901609053
34  16 182141089
20  12 1787296876
5  49 506935439
34  0 76772979
32  25 1282214492
31  26 1767650361
16  17 343469818
46  26 1164896100
35  29 1526922491
46  31 1002243453
17  1 536306194
9  11 1728950217
32  24 1149740507
35  41 1852640919
8  23 216998402
38  15 1007688607
23  30 444754465
35  29 2088210787
45  33 404744060
2  47 1771333441
37  21 1453227646
15  22 1638397735
28  3 1278233039
46  12 728879218
13  10 40475903
49  22 669985337
27  35 401855493
0  49 1427208547
46  38 886960526
0  15 529826763
25  33 834147144
18  5 1840465269
39  30 1937144484
24  4 2144563795
31  32 1509350867
3  20 329010346
31  38 610229491
3  13 925732594
39  3 755351317
17  2 531444631
37  9 2481076
43  19 952335752
27  9 32542102
24  21 205507774
25  9 1643862087
48  33 211119808
31  27 1673990119
15  45 391148833
39  25 716286312
31  1 2082076191
25  22 2061693561
38  37 1782868144
31  7 33431136
7  16 1171519377
44  17 885283661
33  43 2092872622
24  2 299892647
24  40 1941841600
49  11 963864170
25  20 896867115
32  39 172887426
49  43 382272524
44  7 1520367178
44  2 349550012
42  41 689512325
11  6 1174323413
29  32 508062332
29  43 1932625523
5  47 41004554
5  9 214217187
31  49 562882256
9  10 214191308
17  34 1167505849
36  2 531864852
42  48 720082848
14  29 625583552
20  47 1905689887
27  42 1343830513
11  13 2001554650
26  46 1892036288
32  15 1286359243
5  32 1662034249
42  37 274586178
32  22 886196006
7  14 1820321743
6  48 496567200
34  29 1649580795
38  27 1145481519
13  21 1581509284
9  41 1971236147
29  11 1403778282
33  34 587484771
46  6 1428279867
7  16 480766868
32  30 241254148
3  45 2064663204
12  13 802799638
44  39 1789430676
11  48 872382633
48  4 780419490
47  18 2102295690
2  11 505541117
41  28 432503039
1  44 230957606
47  41 1755322693
20  39 494149622
1  12 1588524658
38  24 111929932
20  44 470003382
45  36 979457358
42  23 1147535738
29  45 215693361
42  44 873149013
34  11 1637125403
10  7 1416576612
8  29 7143531
7  37 1512468598
14  17 1726772084
16  34 447210725
34  3 1404513322
37  20 198543832
47  2 1671269361
4  15 292248111
6  19 1111171667
20  35 543556041
18  49 1814605167
8  45 375165520
22  11 640196284
48  16 1358533294
22  44 1375977096
21  45 474721397
38  15 1771694877
4  39 1204067073
17  25 1151944742
45  3 387863273
21  2 1304684381
10  44 149912153
44  8 51124744
29  0 2056943351
12  31 1793986237
36  8 395878465
9  22 2064418607
1  40 155355212
24  13 2132624528
0  49 831369523
22  49 413698519
30  18 687240902
18  15 1366037137
24  17 1440995535
20  11 1107223631
35  4 1076792807
14  5 1866357566
24  10 1240018789
33  45 383614616
17  46 1648661686
27  14 1599841256
12  30 194482616
8  19 562023089
44  27 1004210551
34  28 1037910570
12  36 1222098828
7  46 395002436
8  17 1752643127
35  24 759187180
38  10 1109250261
24  36 145048494
31  36 1926620242
6  22 555159182
39  13 1409345895
23  9 1899649142
17  20 1549252813
23  34 94850725
10  6 885107296
44  49 549631090
39  15 881635952
41  17 1760885053
35  45 623359298
41  14 629315891
49  37 570590332
24  29 1760813270
8  18 1746557363
8  7 1680404246
17  30 802619690
8  23 1819993896
18  13 1549555908
18  40 1940323945
44  49 118526637
27  3 2134309413
44  46 1273090101
7  42 1916315349
8  33 1633837769
5  19 565051982
31  26 949896893
36  10 794332233
38  23 1361243915
36  48 1291025492
9  46 1433572792
46  33 627648409
1  15 792993468
23  26 560364378
30  39 922530060
30  38 1862440938
49  48 573928044
46  34 2103715433
26  46 1498321360
48  37 90385857
27  23 393179776
26  28 1462416217
12  48 242192606
42  8 951978
29  35 1131735428
2  38 10792991
41  27 1761355931
42  1 178006064
28  9 1393637052
8  0 1870427249
10  45 61158420
18  32 494883660
39  24 1677470301
38  44 960352377
11  23 868503331
30  0 331332854
6  23 1403208568
16  46 612298854
38  23 980640010
30  34 1226784660
30  37 1462779640
25  26 1440989408
6  31 1740542003
46  19 1955535469
10  16 1461343079
46  8 1066266377
15  18 1287389186
15  2 226303637
41  9 2003739388
48  32 1694716170
35  34 1141675654
17  5 860820697
4  34 777635610
39  12 1454973655
40  39 815386469
2  23 1808257743
9  27 1625183968
8  12 1128294434
10  25 1415365840
11  0 965821275
39  42 484497697
20  45 1045077673
46  13 881298662
25  36 1654354085
43  11 1923250154
31  48 1272519284
43  6 846018502
48  17 1246660762
1  26 1419588413
31  29 165556591
41  44 1518398235
41  30 1727519021
24  17 269334790
21  19 597342049
44  45 1651290901
28  38 1180752771
44  4 862413775
25  34 218563361
48  24 439350571
14  46 718886394
4  1 1993485347
34  10 1158603498
22  6 1310487772
3  2 1192561578
8  39 2095408327
13  29 204764786
35  0 1902122848
2  46 999281468
35  14 1313537201
41  12 1291132067
21  46 2084096905
20  28 393166398
3  1 2083999825
9  42 13266758
1  2 1435763249
7  46 1835300055
21  48 1866059562
30  20 1014277925
28  47 1727514566
13  23 289843980
38  45 1972998637
42  18 786272686
40  48 1619002302
33  21 1794109263
45  31 1113407397
32  35 829873632
26  38 496063687
3  37 1450695331
24  7 1534830418
20  37 921034725
12  32 551485799
18  11 1687543948
41  2 568907863
34  1 1062582512
48  43 633079581
17  41 768908679
13  48 1624247501
18  23 939051942
26  44 592414080
45  26 1389978152
9  48 1357092731
30  33 2085315432
19  42 644207434
44  49 1524241306
35  10 531620503
21  26 565645564
30  39 969710413
28  30 1828923927
2  25 1158041410
46  41 906293411
13  42 919211419
49  31 1614289654
45  16 1171123296
1  22 1526791399
18  44 1929542302
