200 20 18 16
16  4 102376166
14  15 1746713922
9  5 1537041354
17  16 364373473
0  5 1594083648
10  7 1277741601
2  11 136289770
4  11 394508405
16  19 449786087
13  16 373532045
10  0 1169897466
11  2 2106623230
15  14 1749742222
11  19 826599382
15  11 1114022092
16  1 1458207138
5  17 412795054
7  3 1711174311
1  16 751836444
4  10 342518803
7  17 1679283460
9  2 576505689
7  17 465998182
18  9 1242491853
10  11 748605511
15  1 878828018
8  2 1587955037
14  7 248147862
2  15 1388239205
15  1 1919543525
8  3 2050898455
6  15 115846830
7  19 463058029
5  19 172976697
1  19 2056460362
4  18 623605242
3  18 876896458
10  16 233148021
6  9 1514529946
2  8 969430578
16  9 1878825554
18  10 1512352617
17  8 1930769682
18  7 2141023942
2  5 1601765407
14  16 946388893
6  0 1855970444
10  11 399584466
9  11 1205844932
17  10 157842070
16  14 1807974623
3  10 1684247974
4  16 102943639
6  13 1899486816
14  13 1748612816
2  15 558234507
7  6 1664282697
3  6 611383205
11  5 886722787
12  8 1354458706
16  12 709775998
6  4 1259207619
15  11 2000786893
13  15 1975014130
3  16 1648239272
11  9 1753304755
1  13 2111271079
8  10 1815575684
12  11 2131919161
6  2 37486624
19  17 1528731126
5  0 177406304
8  18 1770124450
17  10 950928085
3  11 1391399323
6  18 1300884441
9  16 114786620
16  18 171579581
9  19 532816293
7  9 1394503265
19  1 287725955
7  11 982690054
0  11 856337716
8  11 565277701
11  9 756146235
7  15 636938233
13  2 813870109
12  15 1998752196
0  17 1811986022
10  15 662712678
2  9 42016109
1  8 592395809
15  5 309922784
9  16 1127990350
12  14 1062188239
5  18 1012426596
18  16 1908037381
19  8 850544152
0  16 496906895
7  3 1785193028
4  10 1923974289
13  8 2092921086
8  11 197576047
14  5 1741970268
1  5 172231348
9  11 1037620744
6  10 1161029825
18  2 523749519
0  19 1385731946
1  16 2071360469
6  4 1865776127
1  9 1134119349
13  18 266618226
17  18 1403147735
16  8 920125808
3  15 1697239948
8  13 232245694
19  9 775311728
15  17 229285568
8  18 2062067001
16  15 1326780344
18  3 1506974137
14  7 2015420159
10  3 1289685874
4  9 1671838990
1  13 1010513991
15  9 962703163
18  1 1300958326
15  11 2006697985
14  5 1768425224
13  17 163859486
4  5 563295395
18  9 1031661806
8  1 1523482396
11  0 157352524
8  19 300845497
0  13 1441626288
10  17 459261039
16  17 1813096428
6  5 1659834797
15  7 281379313
3  11 1800545494
14  8 1269901134
12  18 1524078836
18  16 503929977
8  16 1172467707
18  0 452087456
19  16 2098360551
0  18 569071616
1  0 231580400
1  12 618426763
12  2 1604647719
13  10 311497604
17  8 1294884089
7  3 563698895
14  3 890703282
14  9 132707374
13  5 1098225998
4  12 537848959
14  6 1512334067
17  9 415032050
17  9 236073411
16  10 213213023
9  15 274987773
5  3 925381201
1  2 44594893
17  8 1551181266
8  0 789212162
16  6 723597220
6  17 255798194
9  10 501739835
5  18 1858173803
14  7 50033666
3  16 344488203
5  11 1577462545
8  17 1437614046
12  6 1678280694
18  5 1813320627
6  3 2038864030
13  11 501319039
14  10 1317331144
0  3 47950186
6  2 460795491
19  5 1400251213
18  14 863033927
18  17 2075840883
19  1 533909122
9  13 683502885
0  10 1010122472
12  4 730294687
8  17 146575681
7  3 1997828573
12  17 1806034258
8  12 1992720696
14  0 795896758
4  14 1827113757
16  6 622483057
9  16 844365795
0  5 1104305361
16  10 689766208
