200 20 12 5
9  7 422103294
19  1 1901564838
14  6 2088670460
1  13 1515302856
1  7 1319692839
3  11 743522110
6  2 360695354
1  4 149662848
19  4 1824929608
11  0 1255474845
5  16 1359562120
6  2 273776237
15  0 812372507
4  12 1125364635
16  0 637786298
4  8 655256289
9  14 349400767
19  13 282075293
5  14 159217399
13  17 1852780816
2  0 891525944
14  13 807883290
5  13 236108862
10  0 1753943020
2  7 1540267875
4  1 58190426
13  14 442015861
1  19 2050596800
1  7 580314594
17  1 269587565
10  9 1130932452
7  9 870163969
12  8 1890724305
6  18 1898651416
9  3 356186001
12  7 821903868
0  19 357666264
2  11 1802214380
1  16 2003239893
10  0 1336739095
17  18 1578346444
0  6 1550000658
10  7 1568414677
15  8 234470164
5  4 1012699192
18  4 631174973
0  15 1575067050
6  15 2004559482
7  17 2015420624
3  7 1286915085
10  11 1920846950
6  14 1349950912
19  0 1309515940
12  13 2086170347
15  1 2072282334
8  3 1253300131
18  14 1456915024
1  11 1393344847
4  15 1522326722
6  3 889604954
9  3 1406980875
12  13 1695737438
10  9 1359822168
8  9 1851277911
3  7 1386683407
18  10 1959803374
0  11 1187414441
3  18 806530935
16  15 906031888
14  13 1635338188
8  4 777185096
19  16 390628864
4  17 507204810
0  18 274411452
9  8 1131058632
1  16 1153274021
19  8 526559118
12  4 1240204653
6  18 847113124
2  12 292284533
7  16 1392964133
3  17 1590331583
2  1 828010090
16  2 1105230968
3  10 477464360
12  2 1231754959
3  18 1743227499
18  17 1867428498
17  10 714285163
15  16 769994102
13  5 1743508471
15  7 483756621
6  19 1085398460
13  16 45113711
6  0 838425630
6  5 1826794716
4  8 1326311170
10  4 989259504
11  15 2099332595
2  5 1421463971
11  14 689633385
14  11 178178921
8  15 605960507
5  14 791857730
19  16 1066778955
7  9 610510104
2  6 1161424619
0  3 1634354113
12  5 1580660412
1  7 1962381588
14  6 1185262785
2  5 2102172627
15  8 815572981
17  0 2017375329
17  7 452359976
16  6 1465839535
16  18 195808296
6  17 454732206
10  17 1484985095
0  5 1206176723
4  18 1827515391
10  12 671386052
3  4 2101520350
13  1 1561176114
0  9 747165895
6  7 1373628034
16  17 1092451183
18  19 1569224992
0  10 1591942457
9  12 233558976
7  5 199192894
18  2 236144677
12  17 961437522
7  6 958259264
17  10 419705776
9  12 438482877
2  8 458798800
0  2 28325939
0  4 1561320197
19  2 869128158
3  11 1605760017
7  4 223068252
10  0 1643921049
7  1 1522163161
16  7 1244300674
10  13 1650978602
5  2 788964556
19  3 952131233
7  16 1138860457
14  3 2059231742
5  12 2083594892
2  9 328045159
6  4 270331536
7  18 2068541453
12  5 548434241
4  2 711128818
15  12 461081709
12  16 1245579379
16  4 1769844249
19  17 26022882
13  18 1542627813
6  8 973363851
15  9 1492303388
14  9 1431756894
1  2 148059771
6  1 1525531602
10  12 855205160
10  15 989508577
19  4 1045880728
14  4 869077972
8  11 1181504765
5  18 322880085
0  9 686326169
9  19 116070553
10  12 838686821
5  19 1419166227
16  7 2133519321
1  11 621307496
11  2 1420085601
15  7 1483762521
14  10 998089020
15  0 1700050102
19  6 1621436233
10  9 1079250286
11  10 49801527
17  11 1934841447
16  8 424998233
7  2 1005046750
15  18 1913187941
8  7 1532631335
17  5 1963696335
12  1 7040110
14  13 7453336
8  16 1447067972
0  4 2072761950
7  10 1910580403
2  0 930894775
16  11 1431336092
15  19 380678574
17  0 1270804445
