200 20 14 17
10  17 1190244100
4  14 254715742
17  5 1134550137
11  15 341012828
11  2 720561358
5  13 332942485
10  15 1828684962
4  0 1760714688
9  12 1616648168
15  7 1152256551
14  17 1049739163
19  18 1221609909
9  19 1226986815
9  17 130869065
9  8 1031852087
12  0 575517268
11  10 17194887
3  12 483760692
9  5 1986920541
17  4 1325945362
15  3 819306284
19  14 630205009
4  18 514568985
11  15 538616402
9  16 1066785013
4  9 1833017482
8  12 1255275495
5  2 1767973689
9  18 829467326
2  1 1500214749
11  15 378490595
0  9 2137745948
10  8 1555620793
2  4 1545662210
7  12 357684373
16  10 1859162031
10  15 205512207
5  1 43169492
15  1 8123104
13  6 1486212506
16  5 1897097250
17  11 1591304437
17  1 220154959
12  8 246074704
8  2 441230728
18  1 1107633538
10  5 2034657042
1  9 1033273485
15  6 361750075
1  7 2077814621
3  11 1480471432
1  15 1420250340
16  7 1099244432
11  15 376517487
17  6 1133697666
3  19 1644463936
14  3 549291101
11  6 1087365856
0  18 507096844
0  8 905196712
3  7 1262813266
12  0 291159307
2  17 1360883739
8  7 354460278
10  18 198619454
3  11 1909605008
13  3 1474933954
0  15 96148507
7  14 1229706737
18  2 1460039135
8  1 80010076
7  3 1216009359
4  15 1495700377
19  2 591122267
14  9 319689770
3  11 384115928
3  15 1107317628
2  18 2034895005
3  17 479448570
0  10 815933854
16  4 1365502820
8  9 2045584369
16  17 1658172855
3  10 1795512468
2  3 972590911
14  13 923989218
16  1 1659008305
19  4 1956028189
11  9 2106200548
15  8 1471032795
11  10 220593639
2  13 1400033597
17  3 627139218
6  10 1724447080
0  2 795743946
1  7 1825519742
14  7 2063786553
8  1 236616595
1  12 926813401
7  3 1334246628
5  8 1229650481
17  10 222023820
16  19 538752122
4  3 1829281218
1  17 1640386623
10  2 1322354856
17  12 1376352209
9  10 742119679
12  11 1963998805
7  18 1681849043
16  7 475826755
1  6 701033771
14  18 356204591
13  3 2130068142
4  6 943131893
14  6 924136148
1  2 711039164
10  4 1635823074
16  2 215387306
18  4 2067588249
1  8 1163069792
17  1 40765759
0  4 329777127
5  3 1228260355
3  14 1096929244
12  14 1574265062
19  16 659608044
16  7 2077613116
17  4 1209059424
4  5 1235117516
3  14 912860901
19  10 555529007
3  19 1314252483
3  14 327068519
5  18 1672155195
15  10 1716286687
3  18 430774429
2  0 1669868636
7  11 1211119490
0  8 283419234
3  5 1030006639
9  10 1307426139
2  16 1386442968
0  14 1958233099
3  2 120823806
0  15 787569901
11  13 1020931525
13  2 1231003362
16  18 1584068852
0  2 1835041966
9  2 746764941
14  5 1873880349
10  16 85536216
15  6 1311677071
4  6 1499738957
19  7 771254068
6  4 1154612640
3  8 1414124454
18  1 2138762867
0  7 1066931851
3  6 517812593
7  10 1524295330
18  3 927749789
9  1 97752008
7  10 1678650185
18  3 1732402876
19  9 1564602355
3  18 515409908
1  18 280286734
15  5 785176400
5  15 802104287
7  3 56446074
19  3 1119975310
8  10 292582218
2  7 480704097
5  12 910048194
5  1 1978886339
4  1 1180121604
1  3 1516412571
10  9 460310558
0  2 433073011
4  6 1384888514
10  13 1258234709
0  12 1775363652
16  0 1250712100
9  5 1572607954
9  7 146168632
18  9 1872178801
14  2 379375772
8  18 2049987083
19  6 1437845353
17  5 91004064
8  2 1340001261
4  12 301026647
17  0 105682457
13  14 1562764251
16  14 2055871584
19  4 1973485712
0  1 1059226590
18  3 279695293
