200 20 10 5
13  6 348748597
6  13 1098447573
7  11 1451677327
17  5 217212537
4  17 2039978441
2  4 756387294
15  4 2013246018
0  7 1820498726
0  1 1348001473
17  19 43306046
6  18 1504377977
13  2 1082058542
3  4 150567908
8  14 78773672
18  4 570216212
7  18 421419439
7  15 86908301
13  14 107662666
15  9 1951043849
13  9 951279705
9  6 567493144
0  18 826870326
4  13 1808067648
2  5 1590515923
19  14 1279256755
9  14 806836095
11  5 1392793983
1  12 1064141336
6  7 1258395689
4  12 1670877221
15  8 446056099
11  5 56871695
19  7 1904446263
12  8 379065080
1  0 1574161073
18  14 896562099
8  17 1511647551
0  14 1706144
10  9 557383243
5  3 1474175695
12  13 676151761
11  4 263894007
5  10 1792212287
13  12 996533451
1  18 1617164992
18  4 298896406
4  6 1020940869
11  12 715689644
6  11 480422295
8  0 477556114
5  19 1047860640
14  11 1215264502
7  3 1897197836
0  15 1201281560
2  1 1108673965
16  7 67645497
6  11 1498771955
19  2 65423489
17  1 448124878
19  14 1816349110
18  2 524191852
15  2 975919741
12  0 485445739
14  12 151981777
10  18 79781898
16  0 1553687166
9  18 400336009
3  14 1907878500
11  2 1350317383
11  18 625340181
1  19 55635924
6  19 407658803
15  2 1788997007
18  6 1240041898
5  15 158953686
14  3 957963514
7  17 47826579
15  4 1402713548
2  4 1048063324
19  7 1700493854
9  14 2070550970
19  18 1981196453
15  13 736017539
13  10 2018192635
18  15 1603598004
13  1 715594251
9  7 828748875
14  17 1406981604
4  7 612705312
2  0 679400234
2  8 368367235
12  19 465549065
9  15 1773926209
10  7 119803663
11  9 2034946233
15  7 842046251
16  14 700338681
10  1 932461369
2  17 50158705
6  19 684703776
11  5 1575339151
7  1 150521056
14  9 1576275063
5  4 1737655754
17  12 921011043
9  6 883694509
8  9 528071476
6  9 889378249
9  13 632102202
7  18 2040501875
0  7 237017551
6  9 2044220379
14  5 337713530
10  16 863438243
15  18 716383780
11  17 635490567
5  19 1668434840
8  9 1929871696
11  14 266349090
11  1 1954127070
8  4 1450391755
8  7 227313836
11  1 348574473
7  13 1754805108
8  18 201229038
2  6 2039886946
8  7 356061430
3  10 1879798916
5  16 337143077
12  19 644336550
15  10 673062812
5  19 1285037820
10  1 1941634138
9  1 676563809
2  4 1012528466
0  15 1268257549
14  1 155819415
7  8 806018970
17  18 2120781668
16  7 626797096
19  11 290250697
4  12 1821186642
16  18 191343069
9  2 644080653
2  16 1342563884
18  16 1571309101
3  0 1187672463
11  3 370188433
12  17 636815178
6  10 1916327582
19  8 2122569431
8  5 1702864584
7  15 613253066
8  0 1660144356
4  2 580723279
9  0 196415640
7  6 891398421
6  12 1960108118
17  13 14662594
3  17 901063852
13  17 242786143
1  17 928062520
0  12 1606849410
13  12 1128508475
11  15 931750195
16  2 2028283333
9  16 515638065
11  4 1766355694
0  4 1868483981
6  15 95003140
13  10 2024067813
13  5 1746603770
0  13 210609046
8  12 1956193158
2  5 941466715
18  7 672836497
14  8 1253434524
2  15 1475467180
11  16 2002980769
19  11 2135848704
15  0 1843904856
12  8 349319814
6  14 259345110
8  9 1622181695
14  1 1229383071
18  0 2073283017
6  7 713366459
6  12 1856641012
5  19 820397010
13  19 1323883554
15  6 391150185
16  1 1160574531
15  9 506590388
3  9 1664018656
16  0 2084027416
16  8 1593335313
10  5 1507534726
7  19 1188633242
8  10 1704819298
10  11 892219896
