200 20 6 18
19  15 599320745
13  2 814475944
11  4 184177979
14  4 1777760148
18  1 226594826
1  16 1757523737
0  4 930957580
12  9 93476295
7  18 753192523
4  1 361152345
16  11 191719631
0  16 732798263
3  4 1701018170
19  11 1700533048
2  13 642764781
5  8 2038669237
5  13 637103490
1  10 1788349414
4  17 1610838923
9  19 1124117874
7  13 143153655
9  7 507474242
11  6 1272197085
8  10 378363016
3  11 704315809
8  3 110102295
2  5 839712436
14  6 1253695355
16  8 858324966
6  13 1198510323
8  5 2088049026
11  4 1372593641
4  0 1383715856
18  10 166030827
17  6 1840797462
1  12 2084145080
8  9 1250245232
4  16 1353387474
17  18 1509718612
12  18 1100167724
14  3 1396138684
18  8 145265131
18  1 1560859204
13  4 1404729732
0  7 1312029927
8  17 1271529083
6  13 2083739044
4  15 1700545662
5  17 633827606
10  11 380250569
10  2 1739376018
13  0 1149518284
7  16 911272167
15  12 183834641
5  17 449586117
5  17 1893557659
16  14 853391751
8  13 2026176323
9  2 533021475
6  1 139987035
3  8 1452961212
4  13 1273444499
0  1 1361271652
11  1 426579515
15  4 702574417
19  11 2053492797
13  0 424612252
18  1 800246449
16  17 713861175
17  0 548795858
7  13 616712431
5  6 1211181285
19  0 1375953363
17  15 1437337162
10  9 10741275
5  17 1979506976
18  1 1145352083
13  9 1692280117
10  18 169921018
15  16 690099767
19  6 91747539
18  3 1792993270
3  1 495414207
6  1 93258266
12  1 470596332
5  18 1396092017
9  4 1843987601
12  13 2029891532
9  3 798360118
2  5 1074725096
15  19 1226724257
12  18 1648886876
16  0 1076029344
4  14 1778684467
15  4 1287781481
13  14 198801403
9  6 803112453
14  19 1494176183
9  13 890425246
12  9 313740028
16  1 984122362
11  5 687201707
3  0 789299628
2  1 1283631514
3  18 745787514
10  12 145262170
18  15 22116788
18  15 1319436820
18  17 1049005787
8  6 2922067
4  14 363904936
7  13 2121525723
19  14 19152819
6  9 1373716570
6  5 445375020
16  15 2113309402
10  15 1827197020
16  3 306947982
10  6 1856892114
13  1 632951530
5  12 538612804
7  8 605681431
15  3 921907007
12  16 333082720
4  3 1463301971
11  9 1783210322
8  6 2016780721
5  14 2117248690
16  14 116882683
17  7 655548389
6  19 1255953044
12  16 263131134
11  1 462088982
2  13 938512624
0  11 579015726
5  6 274041999
17  5 376572784
9  18 1032641553
5  15 995358382
3  12 677503531
2  12 1171770856
7  3 674800802
18  0 1673549716
14  13 87897406
4  12 450690537
2  13 2066988443
13  6 1251450251
11  2 124463956
3  16 367249677
3  16 744295742
2  3 1847219350
19  18 1908289718
16  1 848697060
0  18 1017683331
16  8 903193239
13  5 1662514704
18  15 273418234
2  6 1599515878
5  9 438829099
7  11 1957358527
3  12 2123143491
19  10 302350719
17  10 783612817
15  18 1129556752
10  16 137582783
14  12 1164796584
19  18 1846031608
15  1 43722898
6  0 565384484
5  2 1045685292
2  5 615305966
8  9 1365255621
16  3 168646436
0  11 417502569
14  2 166522897
16  8 814858350
7  17 562027467
10  7 33972979
3  7 2133886669
10  16 1886020544
19  7 550553873
9  2 879419517
14  7 1306009346
3  12 1544880245
12  14 1643434791
16  15 478800304
5  7 1981474446
17  9 1489890373
17  15 581360579
8  10 23617337
7  3 611981453
10  2 1722879626
10  9 830926911
17  15 1791634669
11  4 1419397910
6  13 1417666562
14  12 1000027269
9  13 1716131051
5  8 1757258533
19  3 1618870357
