200 20 12 3
13  9 988511234
2  8 1422738526
4  17 74171579
18  12 1213909890
6  15 1591490450
0  2 409676604
2  8 934264989
13  0 447902828
16  19 430682797
13  8 890228036
1  17 831305972
0  14 150234248
6  1 1983430560
2  15 894898527
16  1 946773533
4  2 357320903
14  8 1484437709
6  2 1856111405
2  12 259088816
8  10 66329508
2  13 667775573
0  9 388746830
15  9 1539513891
0  12 1894445958
16  17 1000715494
11  6 1563434163
5  17 159263873
16  6 570682113
9  7 430561227
5  16 1436350958
17  10 1261268830
7  16 600482222
19  18 847196821
5  14 237880248
13  8 526358549
18  7 629622830
17  12 609008652
11  5 509307441
8  3 1740540579
17  10 780577728
16  9 1477741975
1  8 1746834035
10  11 238588692
4  8 1644344714
13  16 1348705484
16  3 598584771
5  7 1757374362
18  5 545820616
14  8 1863316808
15  19 622382612
8  2 1482959207
2  9 1471628469
15  6 1887544987
1  5 641244949
14  18 1221737165
17  13 250919936
3  2 379333132
7  18 1569448092
5  10 908126792
7  1 1065088951
7  12 1620732112
7  18 1059540903
5  0 2137493219
13  1 1559132709
4  12 1377158216
19  9 71588160
19  18 2050150078
12  16 1425101191
15  3 535314744
19  13 1774337869
9  1 1728769408
7  18 1767703979
1  12 862254282
1  5 1497590305
8  14 1727635400
5  18 1103234601
6  3 2014138307
14  19 320787495
16  19 1535031384
11  2 631923443
6  1 1762257418
8  9 1944034567
3  11 1701902048
5  19 681706932
11  16 379592707
15  19 1327739679
12  1 1894406069
6  5 592722197
16  12 361009110
8  4 1108796804
14  18 952635712
16  5 796752479
6  8 1826284554
17  13 327209768
3  16 165672077
0  9 443300446
17  7 211142701
3  15 510674448
2  12 951570411
2  5 946546537
7  16 1244767424
4  5 103009127
2  16 710871837
16  3 3488824
7  2 558236158
6  5 1445996886
0  8 1666893901
16  0 639638175
12  16 466182097
15  7 913790979
4  18 1550990817
1  12 238753351
18  5 1774071183
18  1 565433762
6  11 1814194457
0  14 1264551530
19  17 346945611
0  10 1044433846
6  3 2052996719
17  3 249876553
12  14 2069907602
0  12 2065738409
9  19 1228255019
2  11 297255139
19  11 232019704
17  16 1578685280
17  14 242587793
3  12 1363485309
18  13 617975201
3  4 1973105693
13  7 1421622710
1  5 765619790
8  18 1690796257
6  14 157652815
9  13 1606992171
8  5 199817297
10  12 2096208385
9  17 1123307054
1  7 1799173360
18  6 118199631
8  1 1952305012
3  2 1690235450
13  8 56335223
8  15 2062524762
10  0 2137297233
5  11 1542938772
3  19 1106784540
19  14 787621939
14  2 121361509
4  8 1967401884
17  6 1254359725
4  8 428797466
17  19 1700305908
3  18 1134118856
6  7 1712690391
5  15 751517352
18  0 555628835
4  0 1371059477
1  19 1279738718
14  8 599226340
19  8 1829564308
3  1 1621903480
4  19 1472732183
15  2 37370966
6  10 1510993994
10  13 1211976619
11  12 493772720
15  4 986167409
15  7 1132033552
7  17 1906153759
9  4 1678438683
9  13 809132468
14  6 252698208
7  11 697607347
16  10 1628245707
7  6 255464924
3  6 1423482406
15  7 83238095
6  13 1929042070
1  9 202893532
7  11 2082349617
7  0 1696907868
3  9 2072103761
10  13 1377085918
17  18 1697765514
6  9 2024731146
3  17 1470814766
1  9 371315424
17  8 1205149630
18  5 204486248
16  9 1440049754
15  16 675212116
5  13 1555133811
14  11 314418863
12  8 1390578336
5  12 1613607309
14  6 144248418
5  18 1717889877
6  10 983432312
15  17 969956639
