200 20 4 12
18  5 1553970726
17  4 752346035
3  18 545848226
4  7 1963922050
18  4 758756816
16  6 803213417
11  19 745218029
12  8 599323917
0  2 355756639
15  5 2141326151
16  13 1514420291
11  7 1897235491
0  5 446601084
17  19 223910611
12  1 498041367
2  13 1961208864
4  9 866388314
16  7 1598987002
9  8 243662254
1  9 38018024
2  11 337711038
14  17 252844385
14  5 1599465364
7  11 1088416092
12  18 1585407051
10  4 745123057
17  19 1443142358
3  13 628495514
5  19 130577338
2  3 1289793551
15  2 87258193
18  12 1175301725
18  3 1571265466
12  15 1358339284
5  14 1216119604
16  8 690485630
10  8 840996633
19  2 1436941973
2  5 1043530010
0  9 993581688
14  4 1380102489
16  13 1423819233
17  16 709032117
2  17 2108452278
11  4 1116778613
3  6 450356633
17  12 2142355011
7  10 169017362
15  19 578705900
8  18 1513108467
9  1 1599512159
15  19 1909527703
19  2 1621852704
13  9 919827881
15  16 876864443
4  5 166631357
6  5 1427836474
16  6 1367411815
9  5 1550372564
18  8 1322315384
19  2 2038922712
18  13 855006119
18  0 1272073179
19  13 1952752077
3  11 1968497231
18  8 1854294320
11  17 1191601402
3  10 733918224
14  0 550044274
2  15 1172127961
8  0 1430946535
13  1 188143597
8  13 1055328394
9  14 1209490132
10  13 1596799204
16  3 1417176907
17  16 304983062
3  2 772219203
12  19 48636429
7  10 225138116
9  0 1476060735
14  5 130342293
10  9 1916197370
14  5 1033809406
14  19 839798562
16  1 1370883236
8  18 1615235154
19  3 1046186543
8  10 1148019558
1  11 1073954959
10  4 1793865898
14  5 515783393
7  6 1460949023
14  13 12881580
11  6 1896572204
17  7 299542792
19  18 556864848
13  12 1245891422
8  11 3743697
4  10 1664576284
12  7 169148206
7  2 832625453
2  19 1445160455
4  0 760296637
15  13 2056881253
8  17 588888584
7  2 2095956533
3  14 962071049
3  13 737449422
0  10 478008775
15  7 1813986565
14  15 887256513
8  12 1042821953
9  13 871477008
9  6 1822793561
1  15 1224678714
13  17 1660987914
18  12 2054595181
10  7 1182969074
11  4 1475636118
12  9 1275964782
15  3 856828707
10  9 1746154563
6  18 54452231
4  6 2109717683
17  7 428140640
3  10 297182612
1  13 1510451370
9  5 1770701165
14  9 1844892365
12  2 1838918189
9  10 1538002399
16  19 718077640
7  15 502022084
3  17 2033750201
4  0 1825557810
6  0 385452205
4  11 966925186
17  5 601426197
5  1 1129703157
12  18 777935143
10  7 1514910504
19  0 1931227525
5  1 1680473446
8  4 136053053
13  11 52174554
7  17 170680057
19  6 1619241811
10  9 2138674040
3  9 2131556963
8  15 2095026628
13  15 418871568
13  19 863048167
14  1 2111349031
15  1 2022709696
10  1 1571445675
10  13 277601338
5  16 111311612
8  18 2031195837
11  6 14810597
14  15 1053109856
9  16 1485497540
11  7 1708720032
18  17 376507698
5  4 735929924
16  10 920380092
1  7 1869705597
19  6 1335138614
6  11 1371123609
2  9 774079944
14  17 1236503664
1  17 1631121454
0  6 1133402400
8  0 1501980442
16  7 936287752
10  3 829083196
0  16 1427471347
12  15 1785705751
12  16 1451031661
15  8 555616669
15  9 919387375
17  3 1898336731
5  15 1160647498
1  11 862546201
6  14 798877693
6  19 1338090952
12  0 886862306
15  8 1855182054
18  10 27991822
19  5 1637785129
6  9 872121390
14  15 716009719
11  9 1141831165
2  11 1156301099
13  18 1260743047
16  4 393749330
10  1 1154936029
18  11 1236683380
18  9 1333229394
15  18 749921412
