200 20 17 3
5  1 507039564
9  7 76277022
11  7 788188165
5  17 513486251
17  8 2084917673
3  17 854218034
18  10 2023694849
15  17 856440001
14  10 1049319865
4  9 1006423768
2  18 1354538322
4  1 667935894
18  14 1226768224
14  3 255379222
2  5 1739793502
11  16 1362130948
8  12 1057539143
5  19 1155687331
8  7 1518284850
14  15 359170872
18  4 414417694
4  1 889680250
9  11 923149770
0  17 726536548
15  18 560278417
9  12 725047348
15  16 634228225
5  9 1994087810
7  4 1610231320
9  11 2113165443
16  3 343264390
3  14 1879131662
8  7 825342513
3  14 1787548927
0  13 1221799449
5  7 30802806
15  11 1017639359
11  3 908582025
6  13 534039772
15  2 973605206
2  11 1704956356
0  9 1969113595
11  6 1710942964
1  11 106549018
7  10 2130517647
3  8 1406085705
13  12 1153750456
12  4 391535357
3  5 1193842922
6  4 2146116524
18  5 500200799
6  12 1209056803
19  18 178417554
1  0 1051302642
17  8 262177613
15  14 529954766
5  11 868606409
16  14 1017069619
5  9 1010049263
13  5 571156027
9  6 1789279759
6  8 1913302851
10  0 169066459
19  4 1065732029
14  4 1357080877
18  8 1541424037
12  2 1157821243
6  14 579082312
1  6 523938250
1  12 502762055
19  16 1678590002
7  12 1182229620
18  15 1005560402
13  11 805663841
10  3 218024903
9  17 462114191
9  3 1771586280
12  0 1320147331
14  0 2052754970
14  2 453500438
3  6 527515035
11  14 216770363
3  18 777234944
14  5 673942820
17  14 395354527
18  10 861065182
14  11 2055713804
11  2 55046283
17  2 564195048
12  5 2118809790
0  1 647249474
6  5 1919591404
2  3 966560282
5  17 1604693331
19  14 1792096507
17  15 372880203
6  2 1111966182
15  18 1729771795
2  11 270243800
12  10 129073819
10  19 1595277153
19  5 1576699303
7  9 1107084969
16  19 1985239057
16  14 1269820939
4  3 1590781891
12  15 1599050062
8  10 1015035832
4  13 262696736
14  12 697837177
14  2 1423566175
4  18 631039048
17  1 717348958
7  3 515953181
19  9 1679624158
12  7 416224725
1  2 88495765
12  9 423806500
18  19 868058340
10  2 762069786
16  6 1565429009
6  13 809138804
7  6 1972511838
1  3 689918312
3  8 2127355702
12  11 1391437721
8  10 1782837452
3  18 298576187
14  19 52954176
16  6 1789299613
0  18 2137910230
16  0 943115786
6  2 837582266
18  6 1876570940
2  0 1629082157
14  13 507283197
5  14 562690765
4  2 1553716449
11  12 386442664
13  12 940134642
9  8 1831150385
19  13 1521906546
1  15 1942238591
2  12 211379622
16  15 787826168
5  13 340588700
8  5 1230858597
6  15 1769446746
16  17 2028787427
15  13 706747730
5  3 743579388
18  12 1001332852
18  15 1401196259
13  2 727850197
8  19 274131399
8  17 293464655
16  7 85958646
1  17 2111851507
2  12 2030033661
13  16 1647815744
8  17 1664743252
13  1 1003764471
19  1 1511375598
19  10 2138866905
3  10 2080263758
8  17 9630807
3  18 551393182
8  11 1034628931
9  5 1495658155
14  6 739664800
16  18 1326715935
17  14 2140132130
11  1 1162520110
5  1 1725482477
5  6 552061
2  15 1456241190
2  0 191792793
6  1 2089129063
8  18 1725093470
8  4 1169613273
4  14 1668245810
2  18 570599612
17  5 795297018
17  9 967350570
9  10 1060878730
0  14 139202527
18  9 505628109
19  7 865863730
3  8 239416901
7  19 33290444
10  0 308398681
14  9 1401784228
4  5 797902178
18  5 1530291968
18  4 1960659161
13  0 768987167
1  12 1397518922
4  15 441371669
14  5 941449926
11  13 799264308
