200 20 13 4
14  17 579637529
18  17 13880151
14  18 82076187
12  13 1620751435
12  3 229816307
8  3 1416874217
5  19 673576097
14  17 2109985005
19  13 1714827961
9  18 1827952702
6  12 2123853744
15  13 1330502956
2  8 2046381541
1  4 1117390478
15  8 686941871
13  8 1616403475
15  4 765804319
16  10 1949494842
8  5 1847712314
3  10 242069812
5  13 1360065296
0  8 1561794400
13  4 232441611
8  11 91723961
4  16 1314751539
2  19 1561862814
6  10 1158876728
4  6 992488299
6  19 135265618
19  3 1263614852
0  8 1517013571
18  19 560927431
1  4 1009908989
9  16 1108199407
0  5 1636021353
4  17 1602602179
14  6 1216974291
13  19 425843158
13  12 1070223968
19  18 1469338588
11  9 153974245
4  16 2045533969
11  16 1190771731
4  0 1813066351
10  0 1447810186
19  7 162725532
13  7 1364409045
4  12 1329904852
18  4 1168861471
2  17 1582933480
19  7 940797139
0  11 57943215
16  13 355239782
7  15 836803491
5  18 71794530
8  0 270635569
15  12 681876073
4  18 1371299418
15  11 322787090
9  15 235451951
14  9 691704088
0  8 25930216
7  12 1433380409
17  18 1823961929
18  12 637744859
12  15 875517687
17  14 311037509
1  7 1606848120
15  4 1153523739
5  19 1777117446
0  8 1397052414
15  12 1039749596
0  8 1462527668
8  1 2007783731
6  3 1764533810
9  0 923229842
6  19 1826221782
9  1 1660644137
2  8 1171160018
4  11 842196462
10  18 823172586
12  13 993247811
15  18 1978534315
10  14 1192961871
7  12 740079696
1  6 472028092
17  0 843780523
19  3 1930760153
14  12 1700044685
8  16 1172766243
0  9 1146251917
7  8 823013152
12  10 1198037370
3  10 105206181
6  5 610824906
4  1 117846155
2  1 1415463106
10  13 1454566977
14  6 404412854
15  19 373650441
14  2 305877737
13  2 15806971
10  5 1762145573
18  0 1452743711
11  19 2044023937
5  0 148685454
14  17 1924010482
9  11 2018158898
4  10 1998592231
11  15 1793587958
14  9 1554003556
14  5 963775199
9  6 808628989
14  19 28877560
4  5 1055606376
15  8 946669165
15  17 1732928750
14  4 1956521886
18  8 912881240
8  1 1407626405
11  0 588402493
19  10 1649582453
2  8 1833574431
0  9 1011697721
19  10 1046036390
15  2 2109391489
4  14 1961142611
19  15 1608680871
19  16 723880528
2  3 1115462003
17  2 466103479
4  12 2058584194
7  3 1918072799
3  13 792768503
19  4 1787320793
2  0 273304144
0  4 514142652
18  1 65330182
16  1 47336327
17  9 1948187723
9  8 78905512
11  12 1495185443
1  14 652533570
19  16 281314435
10  12 479186389
14  17 1016116581
2  13 567696816
11  15 793566117
16  0 1397946349
16  9 703427333
12  3 772087829
12  13 1311197591
17  1 717233070
14  7 2109672577
13  9 1581905986
13  19 1953360726
7  18 1543063569
15  0 306813441
8  7 1560352008
18  2 1249575188
13  17 2140850180
3  9 1176484327
7  3 444219805
4  10 1977435770
15  9 232058341
8  17 1526271247
0  13 1291897916
18  4 46819258
19  5 2130114120
13  11 357546450
2  11 1332481970
10  8 60054166
1  9 707656337
10  3 1940251958
12  13 1421285447
9  1 891357676
8  3 910792189
15  8 1870139200
16  14 573238374
19  10 449020573
4  13 145942542
14  5 1295655088
16  19 232667299
2  6 364086661
1  8 960410285
0  13 1157511065
5  18 783980220
10  5 1356534202
14  6 1658574182
13  9 115593277
7  0 369315114
10  17 2014036541
12  7 1372357700
5  1 1396077501
18  1 299632422
17  3 978562496
4  9 2132013841
17  1 1316580933
19  12 1807040422
2  19 401062285
