200 20 1 19
11  7 1632147655
8  11 1309586141
5  3 1616456761
3  2 63814327
5  14 965487372
8  3 27366362
11  6 976999481
8  18 1134570763
2  18 748269402
8  5 1960599028
9  3 1905435677
6  8 1439810599
16  12 845308128
18  8 1995351532
12  7 390852531
4  1 1821090768
11  13 227928139
10  5 1771051607
8  1 685467104
2  18 1870904003
4  16 661323737
13  5 826748737
5  10 344985755
19  18 73972318
4  2 1648559170
11  18 1213686711
13  10 611056754
6  8 1995049688
5  15 1889760890
9  16 1064624321
12  18 2127259467
1  6 1006400748
7  11 858722396
13  7 1711600794
8  19 1745826135
8  4 155599535
6  15 1705517571
11  18 722032543
0  1 2073554609
5  13 674442807
6  15 1402901000
10  5 1147033518
10  17 280816309
8  15 175832280
6  15 849316073
3  13 1039287683
1  15 1933265693
4  19 458003218
10  3 585105453
3  18 358636365
18  4 142681612
17  8 1045182265
2  7 289867172
12  16 126456263
16  18 1481443438
15  6 1421703218
1  10 302879878
2  15 86629443
0  1 296199311
8  16 202520227
16  11 1851755967
14  16 973901426
19  14 793576855
6  1 2076562620
15  7 50811182
16  18 1273754478
14  11 967252291
19  9 2026354584
14  7 984004981
1  4 1740160627
19  3 845052426
19  18 1342451945
19  8 1092445515
3  2 361626084
4  9 1579955705
16  4 449471031
17  6 58614270
12  19 1653980879
15  9 168601578
3  9 1393983170
7  18 22252297
12  2 1476293747
17  8 276233203
11  18 1670952654
14  6 1909203773
18  3 1875104534
4  17 1109036765
3  7 1771894689
17  7 348401469
18  0 926094961
8  9 165263988
9  14 1406148426
0  4 501862804
16  8 895825343
12  13 233430467
0  10 1917334210
7  0 1140412403
10  15 1258501338
5  17 677622318
18  19 982402364
4  2 186996272
6  11 143322175
0  12 1264029375
1  3 1840287987
1  6 1225682464
13  6 1993640784
16  15 642472765
4  13 346783180
2  10 199867006
7  2 1278966280
11  0 2069703156
17  16 151080216
19  17 1303548313
10  11 945386658
14  0 369334496
14  19 1594448187
5  19 1358081958
17  3 1893727239
9  2 1469684903
9  3 334770009
16  10 1455045341
15  5 1246254256
9  18 2001727687
12  5 1870720529
11  6 648226857
17  11 83064287
0  6 638368169
16  12 1011035381
6  3 1999008948
10  19 787701482
0  16 1295490683
19  13 2134717021
10  7 1347844292
13  16 1673512303
16  9 624972895
1  5 1600282804
1  7 1839021640
6  19 1987684672
17  10 962886921
4  11 486430724
10  15 1313914076
16  2 2091021757
2  1 1910040333
18  3 1707452566
9  7 1301484371
4  3 651124868
4  3 58869816
7  12 82235908
18  15 1602766627
9  0 1908504005
17  16 1865213105
3  4 2059325566
18  13 1876846358
4  12 1419427078
6  3 1182802768
17  5 303196089
19  1 1257860158
9  14 1903294961
1  18 876107943
3  13 2142034849
1  17 1874393468
1  14 1751375046
19  14 1010133188
16  11 221164233
0  18 927005117
4  7 2081259885
12  19 987362505
18  16 142214266
13  10 1391782581
7  4 933617021
9  3 294848108
17  0 1295762533
5  4 144556000
10  15 1690806365
9  5 659456327
6  10 2093594778
7  15 1637207704
19  13 193659700
10  0 2071996016
1  4 1226675477
4  17 1139590232
11  13 581296452
4  17 724602925
7  8 710267227
2  6 158593914
18  1 352715694
19  0 283037622
18  16 905196540
5  17 229760343
2  11 781049544
4  13 258451282
5  7 18002963
11  16 1914320972
12  7 197238223
1  11 1589847842
9  18 1562596785
14  9 1002821947
18  5 1151051879
19  15 2122553096
15  7 1504336468
