200 20 7 8
17  1 971740614
0  2 1822167292
13  16 1309069520
1  14 1775182253
10  14 1500869403
19  7 1325747765
2  1 1713919048
11  4 641877642
4  12 929825004
16  10 681069869
1  14 848117057
5  2 1592666432
5  12 1826952199
8  3 187058819
4  2 1196965428
19  16 825969328
3  18 1490393252
16  18 1989063596
17  5 835497072
14  17 2133808800
6  4 1651897869
0  5 1831331327
0  17 458971300
10  1 1422502903
17  18 1723726200
3  9 698298313
3  19 917020760
7  18 348651570
18  2 545499140
1  16 453610632
16  12 1048176333
11  7 451764478
0  4 860047436
14  16 1134851876
10  17 192244009
6  11 582744418
2  17 378292184
4  0 1117400979
17  11 100377987
9  6 162865877
11  7 2013283877
2  15 497336816
1  5 678760006
13  1 1815233739
11  19 628692763
4  14 2126996135
15  18 699681346
13  3 407653899
4  1 201834115
17  15 741872843
3  17 264291101
2  12 45246141
4  10 1360204499
3  16 584107448
13  11 1754465057
4  1 1903827765
7  18 1768417452
6  3 1785991703
16  0 401122233
5  8 2079093961
4  3 319000255
16  15 1591970039
11  15 2119716675
1  19 492584311
12  15 1251318571
13  2 1931683619
19  1 1604834134
11  6 1298105489
6  9 400433693
16  8 1667644099
2  10 379283663
17  8 1879773041
18  16 1878467939
1  6 2001900972
15  14 868286936
15  18 1820570042
6  7 1928362075
8  16 1734741520
9  19 2002813414
15  5 346075042
0  19 2058002932
17  12 1534402669
6  9 206253356
8  11 2082873013
16  4 1827895994
8  12 70206297
5  1 1508378374
0  8 699664857
2  0 510174516
3  0 1621166681
19  5 751005617
12  3 2021408541
9  13 340969620
14  3 2084208297
2  13 140632738
14  1 1729850611
4  18 1800424382
6  17 1761517330
1  18 401222921
1  9 1972569860
1  17 1874825570
1  11 1395342363
10  14 1678369171
18  1 93130135
14  13 513684638
8  5 1148636888
9  13 480400501
17  9 2116513006
16  2 2081965483
14  13 1519978706
2  17 827744021
0  16 977888258
5  16 159488141
0  18 785139800
12  8 2049767994
17  16 845855304
0  9 1172794082
16  10 162699306
18  11 1003695699
12  0 1598793631
1  5 1407178808
15  14 1172005349
12  3 1986920649
16  1 293587412
5  13 332363745
14  11 1976139100
18  5 2122543934
9  2 484323869
6  4 51328709
15  10 845520930
8  9 1724090941
14  12 78336610
8  5 444184558
17  0 479306407
10  17 1087630719
16  17 703107502
19  4 936003855
6  14 324497491
4  9 749090274
6  16 1916560988
8  16 789541303
13  15 82704833
1  11 1527074115
9  6 189388074
6  19 78986808
19  7 936699241
14  15 2129743483
3  1 102107959
7  6 1317140797
10  14 1477555043
0  8 268527898
3  19 1552576075
1  10 100211284
17  6 992559536
3  15 1702229258
16  3 1813360157
8  18 1693804450
11  6 1802036658
6  4 1819212905
1  7 1583104797
16  4 637007317
18  1 227159419
7  9 2060932499
11  18 1081751332
18  1 1480664248
14  16 1695360019
4  3 254820324
13  15 645971047
17  1 1005970533
7  11 161993241
18  7 1685503302
11  6 1956353076
4  3 1973505895
9  18 649348428
13  8 330850469
5  14 471695896
2  6 1513442041
0  9 806269891
16  12 892331703
1  6 917355502
17  2 558997141
13  3 187469338
1  5 1067230361
7  4 332299173
2  11 1888759175
7  5 1373519334
17  18 1162309446
11  1 566917473
11  7 64591517
17  12 9986544
2  11 413820721
8  17 1722073342
18  11 92203301
6  0 664131495
13  18 563315232
11  10 1599077620
3  12 1027757757
3  18 64284614
0  10 1371974804
7  3 605836394
