200 20 10 9
13  17 202915036
6  1 1340762017
7  11 1364737427
7  1 1407935056
18  3 1035054183
4  19 254480078
13  5 595530494
11  18 1834034842
4  7 1109558522
18  9 906878582
4  0 1154059763
13  7 1421585987
1  4 2069394093
19  7 656353803
2  12 12002248
1  14 468239946
8  17 1178954638
10  11 1272570867
19  8 1022556160
14  4 1177310239
8  2 1496404932
4  3 834614310
7  2 184020304
0  8 205920990
13  14 1173718015
7  11 936400188
8  13 38035765
10  18 1810157673
5  13 889282544
19  17 40824858
11  6 1702907365
16  6 1527879537
18  6 905437020
6  13 588802103
14  0 2109720079
19  15 1387754643
8  17 1508935145
3  15 1072808936
13  5 844825505
6  9 184323441
15  13 1194627454
14  19 1510553814
14  8 617396741
2  3 1476613542
2  16 44547316
11  9 970681039
1  4 258613496
16  13 2143312578
9  8 1325251257
7  3 1205342569
10  12 1517076491
7  11 490559653
8  13 785222471
11  5 1826325508
12  19 769465498
12  8 271178716
2  17 950034154
6  8 351527321
14  16 1505725331
15  2 1091562605
8  12 835320642
8  17 244778473
4  16 256082226
8  3 945533469
19  2 1990797894
17  0 2008887239
7  4 372546449
0  14 238478969
12  11 178992998
16  13 304595688
10  6 34696696
16  9 979407476
17  18 1406816525
2  12 819655465
19  15 411815435
3  0 1381087221
3  15 738514087
16  19 848860213
18  17 246457454
5  1 1000390827
2  7 905291339
12  18 1221381372
10  9 2110886883
11  14 1306845420
12  10 901497937
1  14 711761883
11  4 1735257103
3  10 170159985
3  15 1910983273
6  1 1135982232
5  17 806974385
9  3 2100931618
8  9 1792033710
4  1 1450899444
16  9 2099322246
14  9 390316767
7  8 712787344
3  12 197767002
4  13 1716362734
16  0 1531970351
17  10 237000131
8  11 1367382849
19  17 759649618
19  7 1792202199
10  16 473801829
10  7 256714123
2  8 1751128423
2  1 1559018497
19  6 153776562
8  5 1759403347
6  8 1559771420
1  10 1794218194
6  15 2011680058
1  5 1639372554
13  2 840646292
3  13 592251232
10  0 1429809033
4  5 234452521
16  0 203422617
7  19 90387151
16  13 878801075
15  14 1020665478
12  18 677843254
18  6 960361734
17  10 741597591
5  9 830134872
19  8 670882413
16  9 1291227471
7  1 773496553
2  3 963112650
7  13 1954756276
7  8 1325444382
5  9 1813540627
18  9 1906878367
0  11 576650526
0  14 2045990241
4  7 897809474
2  15 783163601
1  10 591572448
16  19 1070864416
12  2 570248345
13  0 1704299805
6  13 65084723
8  7 52700924
9  7 392653083
1  2 2051314316
1  19 307131249
14  13 1881042323
13  6 25489296
5  16 1500472465
5  16 943186427
1  4 641314134
13  8 1445453401
7  2 726931354
9  15 261449383
0  8 1337195963
6  9 729078427
5  1 59501888
5  18 2111199695
4  14 1534805968
9  12 2103913843
14  4 405051160
13  5 747345095
0  6 714633163
7  4 1477621791
8  2 1687080855
8  17 1011146283
18  10 227468797
16  11 1393726455
18  10 1200537847
7  6 2026132436
12  3 405323594
8  19 1463397251
16  8 607272895
6  3 1181033013
17  8 1103105964
17  6 1659875697
14  4 1809296582
7  16 1567791649
10  0 1293373687
0  4 1420871143
18  5 31945367
2  18 1968311279
10  13 1704182853
8  10 2087279491
14  17 471357427
0  8 499163157
18  10 1191136987
11  10 57640383
2  9 664419280
15  1 1500788446
18  5 1569683564
6  7 1029094125
16  5 330766895
6  0 1247753982
4  17 690971083
11  13 1123753744
17  15 189086700
6  13 298728303
15  7 1318228905
