200 20 0 1
3  5 1062404162
3  15 400523553
12  1 1211968190
12  3 1071759495
15  13 269743603
0  17 2057271123
7  17 244650793
14  6 1047319300
6  5 1031155477
11  2 1063483578
3  5 2113835650
10  1 1016754801
10  0 1950613372
2  8 663103388
19  6 1623096805
10  4 1382556334
16  19 354624193
6  18 645326160
19  18 1310205822
18  3 331075898
11  7 1494062137
9  6 1750217534
15  19 1258019268
18  8 1479736609
11  19 1589703805
19  14 1042928384
17  19 1965887244
10  4 1481142073
10  12 1760469120
9  0 1804494593
13  3 2062135911
6  10 1875766567
14  4 1433363297
5  10 646964551
14  10 1862131130
3  9 2012760388
1  2 203313090
7  16 1753158708
3  9 623042627
9  1 867689540
14  16 1560011236
4  0 1427209925
6  14 1605900893
12  19 1990605347
2  4 1777066579
8  0 60740276
3  13 1738709352
16  10 2064061321
0  7 918162239
10  15 2111569297
5  17 1149667954
0  12 1834594412
1  3 1813612354
12  3 1478284787
18  12 37496476
9  14 1427410725
9  5 1859960205
5  7 1309922836
19  7 975966207
14  2 713483451
9  8 1792599321
8  5 2399874
15  12 1314615369
11  16 148380882
15  7 1857678580
2  15 1600305372
0  1 942765773
16  14 1424219019
5  13 1903876327
16  2 959224780
9  5 1647325385
4  9 1615085644
11  7 2056582951
7  13 2064671817
19  9 2071448243
1  2 48259462
5  15 1779260242
14  1 1869677441
10  14 1627871126
1  4 88800693
15  11 459429911
0  3 1518348148
1  11 1479530526
9  5 1952960107
11  3 1878178590
8  1 578307444
1  16 1445879128
13  10 648476610
9  15 1274357606
14  4 1174693660
2  1 739369755
16  11 523606715
4  9 517379516
18  15 476442770
11  3 2022158695
12  10 1314909044
8  6 1435523572
9  3 888184737
17  11 135837176
8  6 899626817
15  1 700208883
7  6 2121708760
4  14 1993634018
8  17 2000748964
12  3 530853727
18  19 747733556
8  10 513184482
6  3 349366781
17  8 2050809607
7  0 484583846
5  0 124439704
8  14 1668910635
5  12 547544051
3  8 263947032
7  1 1917910942
0  2 657772589
8  10 1256530784
17  6 1142067117
2  15 1727773804
0  5 820236869
5  9 279606969
2  17 230774461
8  15 1340595149
10  11 429892193
2  18 1333222110
4  8 445122389
18  6 1579539475
15  5 1248671610
15  4 473112159
15  2 739119201
7  15 510707364
5  0 1408006565
2  9 1609367628
7  17 541721476
8  10 337624454
4  6 2114590076
1  0 763074032
15  11 1179166353
14  15 1388758480
14  6 1443914326
13  16 1477389571
10  3 1352150282
8  12 793420146
0  11 2086948205
4  5 1300729376
2  7 1008302572
17  14 791987377
1  19 1367014304
13  7 1447164639
12  19 1541491892
2  5 1571428951
4  11 1181818637
19  17 338266591
17  11 1937553475
9  10 1236255445
5  15 1137014633
10  6 703130131
8  5 755157056
6  8 62191256
3  9 1315322234
4  9 1895345143
15  2 53156017
4  11 921040470
7  4 1405014995
13  11 1630092363
18  14 1926146638
1  12 1832162683
15  6 1128833550
6  12 1757026655
7  19 1117042915
2  11 389949908
4  6 1925466246
3  7 539794788
11  4 1956450522
11  19 466963195
18  10 1687221866
5  11 1487739947
8  11 411321316
0  7 2108526990
1  8 1371881391
14  17 546299803
15  19 1545288164
9  18 2883398
2  3 98649635
5  3 1980849563
7  13 1847758222
6  8 1477200108
7  2 1396119282
7  16 251870687
4  6 1779581152
12  2 739486471
7  17 1882486190
8  6 383108143
12  11 330285678
5  16 1520769024
14  7 1292871991
18  13 1122797820
7  12 594718124
15  5 1280287284
4  11 862887450
