200 20 9 8
13  15 1408408164
2  11 1386696179
9  19 118261295
9  17 2115955834
18  6 1547769491
15  4 1337000306
16  10 1613831524
3  7 836660760
3  17 1317120175
18  14 662547465
13  19 1185167543
13  18 1554242696
12  14 695931166
9  19 1297915594
18  19 512433655
8  9 29720333
10  11 1804628035
16  0 1275695508
19  18 1396040135
6  13 338711003
0  13 216159920
4  13 1047957625
7  14 989119149
16  2 1989989797
14  19 600730953
12  2 55837844
15  6 1053646989
8  12 899226215
16  17 2116728106
18  1 93100846
2  17 83931699
14  2 129286852
13  4 525538845
3  16 1571962236
1  16 1328400795
3  13 1933225848
4  14 1192096064
8  15 1779003316
6  4 2094583175
12  1 1714000429
18  9 198917878
19  11 154728698
12  15 355162193
18  5 606718996
4  16 936790131
16  7 778381008
3  2 412279997
10  18 2031511880
1  5 1838005530
3  16 626939665
19  12 1630806257
16  10 784135265
6  5 1944457005
10  11 280449921
8  17 1192475748
6  15 1518842085
5  1 1655728065
13  18 1006399382
17  7 397714059
13  10 716365484
16  2 115173812
12  4 159543531
15  3 1909551903
0  16 1867124962
14  12 1908494815
8  5 2088004039
4  5 1987416174
6  13 1865826944
7  15 1946733836
3  19 774279043
19  7 278886472
19  4 1829463858
7  0 1220613544
2  16 1160208250
4  17 397847784
15  9 2073243422
18  15 685803890
9  2 548529332
17  0 1932880711
16  5 2068093761
1  18 1491986073
3  13 432685690
3  14 288591190
7  0 69738101
5  0 328075875
17  0 625570649
3  2 1719408697
17  11 156156544
9  6 1376897139
9  18 459924114
6  17 1416106803
2  14 807018410
3  17 1918293000
13  8 1726651365
2  14 850742404
7  0 700352444
10  0 774908649
0  12 492664253
16  19 1302177419
19  6 2134319201
19  4 393153444
2  8 83397484
1  10 640087655
11  16 1831274447
7  14 271603661
3  18 426864888
16  17 29692030
11  14 1918395810
5  1 985135418
9  5 354735967
12  17 85297587
2  7 174824731
5  11 389555736
12  17 1943934471
16  4 2014194207
16  7 1574946448
15  7 417294167
11  13 755268231
13  5 1170002234
10  12 590404461
6  3 1823158970
1  0 1396630889
10  4 1411676569
7  5 1237828670
3  8 859853730
14  1 997616240
15  2 1797069218
8  16 528238482
8  4 238949541
1  19 945407198
3  11 218271849
8  13 1987976306
19  16 942195100
19  6 1529108601
14  3 633402235
9  12 1842194514
9  12 1916419261
15  19 490527636
6  7 1257312777
12  7 1854342192
13  6 189546831
8  9 1504589209
15  0 1751115259
9  16 2008354249
19  12 240945409
18  2 1789890769
19  7 1984602483
12  2 1598366888
9  4 1988733838
7  1 1765526108
13  1 129440868
12  10 460234997
17  6 1056389834
8  6 1527632034
17  12 1240111876
10  19 1654886891
0  7 1447581728
18  6 1653105125
2  17 1527584961
5  16 425582282
18  13 870908481
9  7 1429287725
11  19 331076890
5  1 273072770
3  14 658013172
4  8 1794554132
14  0 385907791
4  13 440224615
13  11 1908097043
4  10 1782916526
1  3 338535248
7  15 1599834699
9  11 1478140209
14  17 1183490983
16  18 191385655
8  17 1071300585
4  15 878260184
3  13 237247624
16  2 1300529529
14  13 1158165192
5  7 1601284385
10  12 112724527
1  2 1011364446
5  17 703886950
17  4 1371662263
11  19 1412291620
10  9 531740753
6  10 986901322
15  9 516985470
1  8 1119413685
15  14 1115774859
18  15 812388837
6  15 435776167
10  14 2051869166
6  2 629687397
3  16 182223656
3  8 122496633
0  9 2113837497
19  6 1147737911
10  19 253579412
