200 20 17 19
18  7 1212858518
5  2 1693445953
2  11 1825223853
7  1 889702221
8  3 841355014
19  16 788743564
1  5 1308816522
17  8 347326098
15  5 1529823111
8  2 153292054
17  8 1355265766
10  9 113344145
17  1 2084591269
12  17 958541333
3  14 384157860
14  7 1517582598
3  5 190615590
8  18 318494870
7  15 269344868
8  9 1669209725
15  4 1891443120
18  14 965333088
14  1 1635015542
19  13 6031209
14  17 1071031539
8  17 1033120059
13  10 1659811736
6  16 1519885805
19  15 95069264
5  16 244488513
0  2 1104667728
14  11 1193362659
5  17 288585477
9  15 1322648674
7  13 726521555
5  13 2004748710
16  2 1374378144
17  11 683053620
6  5 2069455362
15  14 2075367495
6  8 1169849146
17  15 1499698633
15  8 1335831441
13  3 1689087740
13  19 1460924096
5  6 1346336749
18  14 1675561015
5  17 1104341173
16  0 1592656242
9  1 1429958884
10  2 861033871
8  15 1308100297
14  9 1664659160
4  18 2029325326
17  18 1122065875
14  6 1737686787
17  13 1526021775
16  5 863090916
7  13 144322841
6  3 1961669912
11  10 75810332
14  4 1236642312
16  14 1365696294
12  7 2145139388
7  11 26918370
2  9 1657457737
1  15 869325966
9  19 168343337
11  14 1758159906
7  17 1650675671
4  14 65150338
11  18 444726495
17  12 994836650
1  18 1602984871
10  8 944219379
10  7 1805422816
19  10 1758533723
8  2 1395575220
0  10 2000153660
14  15 605326277
12  19 1967849927
17  6 1538478079
0  16 758328507
19  18 147614778
5  0 1820850231
14  19 1040358014
10  11 31769004
17  16 273634757
19  11 391345804
10  13 1705200675
6  18 1841795598
5  8 1906102871
18  16 1771173019
9  3 2119302551
14  13 709689401
11  6 260003325
6  13 427475036
10  17 2067499629
3  1 2021804885
6  5 55662015
16  14 1865744232
19  5 1078245935
11  12 1864391553
13  6 638006607
17  5 974383775
16  17 1505275509
2  12 242341422
15  1 2014186476
1  7 1999797032
4  6 1202473150
3  2 521950798
0  3 1397087157
19  9 1501893733
12  4 1070853580
7  3 702722551
10  1 1886440873
1  10 1382973901
16  10 1207293505
17  18 1371745214
12  3 1950713846
4  5 2032481130
15  18 1176640059
17  12 614414557
1  17 1067680737
16  12 1672368762
0  16 415126713
5  8 853896432
16  1 1964963937
5  13 1614089050
18  12 572623127
7  12 1199703808
18  4 1381265649
13  15 1675944084
14  4 1666810361
19  16 571201487
4  9 1976432780
12  8 1851132902
11  3 623671674
5  9 916459403
6  16 651693068
18  5 480502896
15  5 353602706
10  19 742253894
13  17 807457415
7  18 1540504727
0  15 1912658020
8  4 1608004805
17  11 1802354588
19  5 658314840
10  17 116972480
0  2 1505777193
0  8 750773244
6  7 1395870778
5  13 2094064675
18  6 1518253867
8  4 982035091
8  0 1871693214
7  9 553394556
14  18 1622401010
12  13 1475658554
12  7 1251409416
1  6 1936144336
10  2 1533905911
10  0 1260789563
6  16 593230481
16  3 2136179181
16  6 1457061678
14  8 508679964
16  7 878554173
9  8 20605267
11  5 1355236743
7  16 1569157683
17  6 810440291
14  7 280834308
14  16 233644456
10  4 1550825384
12  3 1070545373
3  7 570153944
4  2 833262819
4  2 227852830
3  9 1687000378
13  18 9875992
15  0 462601010
2  12 1636354822
15  4 1029740160
18  2 943492630
2  13 2013080151
6  1 1538281227
16  18 1627661965
18  7 682705362
5  19 1406991158
6  0 1514768065
1  18 159796890
7  14 162649965
0  2 1708079238
7  14 655887979
5  4 1600981441
9  13 1991367454
11  16 1041629350
19  10 1766205026
