200 20 1 19
15  13 1742214341
10  7 594558662
13  18 574037097
11  6 548646468
8  13 449029889
14  1 1777290508
6  3 131894791
8  10 1851263949
19  18 1387032276
1  14 731077452
13  3 1255670218
3  15 1480309934
17  14 957001245
3  15 1863999111
8  19 357575730
4  7 947151192
16  0 1721413440
2  17 483911961
16  9 443228986
10  13 646482934
15  13 367433125
0  16 681462171
11  16 551549775
17  19 1623911443
11  13 2037584133
7  11 206446970
5  16 1377685778
12  4 1215080298
13  14 409150376
11  2 1100859823
8  4 908157263
13  15 1713791866
3  12 1743929066
10  11 931276381
4  7 370066899
10  16 1944793751
9  14 344370212
12  1 1164401735
16  10 45328368
12  2 1620669324
13  6 406434568
16  17 1110779989
0  1 858148063
19  4 203218697
8  3 477546061
1  8 1866075973
5  9 1468478261
10  18 880703795
1  13 1918550758
17  0 111203569
2  19 1357817842
13  9 1644629769
17  19 2106478265
4  14 499872420
8  9 759002260
0  2 1776663821
1  18 2076625796
12  8 633043323
2  6 1726093197
3  2 717119056
16  3 626957437
12  9 623451140
10  9 636618162
7  6 1973577863
5  8 1145298985
13  6 763529500
11  6 748651818
19  11 1302270694
10  2 1448032569
6  13 994032103
15  10 1830914723
10  18 471910375
1  12 1543684986
2  15 660144418
19  9 2130583784
16  9 793919815
17  6 1934074381
14  3 1161507803
16  12 1596325883
18  2 465996072
5  8 1969457673
13  8 1809603061
19  7 521188301
3  17 732708415
9  15 1628507255
0  1 231838186
12  3 1661669516
2  18 622703349
17  5 1677335152
0  11 1676531273
1  16 1154202386
8  5 800074025
14  2 52812134
3  5 1968634397
18  3 319416682
7  17 1582315675
12  9 863665836
13  16 735624763
17  10 1628739039
8  13 987810485
17  8 1809995899
13  15 1224884435
17  12 770349360
18  19 1428011264
14  4 659099081
8  0 1001206321
18  6 273280300
13  12 1009017542
9  0 1025795865
16  15 175576270
18  4 150214593
3  6 450435910
6  3 429247643
19  18 17614238
12  18 1581454582
12  13 405588639
17  14 1919913412
18  19 1473639914
19  2 737860931
0  8 1164168422
18  12 2355966
2  14 163618420
16  4 666227719
14  15 1630215945
5  11 2139809863
16  9 1031511698
17  0 1261396771
8  14 2023664851
14  10 1287254621
10  13 90390611
10  19 746245988
10  14 738325194
15  8 1467908226
19  15 311937824
5  8 1368087904
9  3 522013512
2  12 693797611
11  15 1341089896
4  16 1895421919
7  16 880047500
17  13 1653951511
2  4 1681035331
16  17 1277583361
16  10 4319208
8  10 1818385109
5  17 752031151
18  0 829343667
11  12 1535264505
18  16 394620793
13  3 794667088
12  14 1613836221
14  2 865550067
1  8 1844617456
6  4 544224164
15  16 85169565
6  11 631484431
17  12 2082976565
1  15 1496063398
0  12 1284524860
6  14 253499903
5  9 1244141740
7  14 1881743780
10  8 1121390074
12  4 420929063
9  13 1755425959
19  14 223835341
14  16 1713075605
19  13 754265209
0  12 1492223672
3  10 1507102701
14  8 1515438366
10  15 1199426325
3  17 1327638661
10  8 491219422
4  7 1533599242
15  4 772530892
5  6 1818851039
12  9 1728886295
18  14 20007712
14  10 922116390
16  7 1375983799
19  16 277092561
17  6 1184785034
8  12 297052958
9  3 1876339978
1  8 236332061
8  12 921081194
15  14 509708854
17  8 24149131
6  7 1465432339
7  9 1992688869
9  14 897388175
5  17 550681902
10  19 1061361388
14  2 4090962
6  2 63524791
18  9 1280040183
10  19 1401480198
9  10 868300593
10  15 2139033629
