200 20 1 6
16  15 17241085
15  19 2143557918
1  0 258877015
6  14 1708909416
1  2 1080685936
7  13 456077994
2  19 1927097802
16  6 831014888
9  18 86317521
19  6 1226014630
13  15 369510168
18  10 182837107
7  13 679260222
10  2 574096265
16  5 483480485
15  14 80481090
9  16 20537660
19  5 1280915376
16  10 986719928
18  12 1849430939
0  13 479819608
7  15 1011265336
18  11 1939881539
17  19 1049627782
16  17 419232430
7  0 1850837705
13  11 543453009
16  1 1026692611
17  11 1328575274
16  5 1638111721
13  10 1176129070
8  11 542357057
16  4 2028488518
8  7 260691832
6  13 1698177468
9  5 1132137587
2  9 1518886925
9  2 613031984
3  7 1631143297
4  13 1230093144
16  17 1928362927
13  19 65937441
19  5 913095277
8  15 1559697700
2  9 1313954293
11  13 431223858
11  19 2140185979
4  19 1265908600
12  3 2080140177
14  16 1921017684
19  2 1467398690
12  5 1427723940
17  12 507993765
13  4 513255215
13  17 178941155
0  10 303032914
19  0 502768031
3  7 283989730
18  3 510467804
13  12 257363397
11  0 129067903
11  5 866541897
1  9 1534346241
1  13 440209089
16  18 1213888536
14  2 1071296404
6  16 852433290
18  1 359118233
2  19 1782445255
6  18 728331779
3  8 959883699
7  6 213927702
10  3 658292138
2  13 425542616
18  1 1328863999
12  13 474898503
7  18 1554820111
11  18 894966609
6  12 240119102
4  10 1001085784
9  15 2124207491
13  14 152449032
4  7 2109289617
19  11 37587192
3  13 1830229382
11  12 786241380
14  19 421627665
14  5 564463438
8  6 330619955
13  4 6563516
19  8 1168626704
3  19 1484647004
12  11 1285654787
1  4 1720933930
13  17 513757330
10  14 367258623
8  10 1103390450
5  12 1449541025
18  19 184780106
9  10 1197708305
15  4 1322559854
5  8 395496410
19  4 312200881
8  14 730891913
16  17 1222040104
18  5 1626579625
19  5 189216637
12  3 82405813
10  1 423207821
12  4 1128853227
6  16 1860833234
11  14 2011985656
0  9 1228672242
0  7 1889230394
4  8 934135885
15  1 1658576161
7  15 1508787834
10  9 233971416
14  2 1252329232
19  9 1806041900
5  18 794861766
1  15 1664773761
18  10 50896361
13  12 1713941378
3  9 727812764
4  1 1054568899
16  8 87432930
4  18 244414504
1  17 1955997416
0  10 1861500007
12  6 1992569368
11  3 136193226
2  12 2140182019
4  1 1160877919
2  17 447378678
7  8 2111838398
1  11 1402800174
1  18 1283493876
6  8 1645950747
13  1 115266388
1  9 697518292
2  3 1734576187
17  0 1657967338
7  16 754411753
17  1 248391204
7  16 1379039471
8  1 335973971
18  16 83755401
1  11 1591965966
10  6 1669760158
18  9 575115048
1  13 2069190322
8  15 416740390
0  2 2033568188
6  8 1487239277
16  17 19532699
3  2 1487826067
0  16 1897671362
13  14 1568699012
6  13 87031738
16  19 2101808270
8  14 1837673630
8  7 479231262
12  10 700528325
3  1 436741977
17  13 1115310166
8  12 1860914348
12  4 1645601214
14  17 1951266823
0  6 2112652291
7  17 661494721
13  19 500108128
1  12 1497945061
14  13 1401310550
7  13 825714457
0  14 268097154
6  11 1427367803
18  15 2031892359
6  2 703118360
4  5 1716492920
0  3 722969876
3  0 267515369
0  6 909031118
15  4 843794198
7  1 2132565307
0  7 401250694
11  19 452400348
3  10 337748149
14  0 773401975
4  1 788286932
1  4 141515919
16  9 1888668811
8  5 1909185320
6  8 367988570
11  2 558015896
9  0 1062872355
5  14 1437935677
15  16 795138166
10  2 839136136
19  16 1257654497
