200 20 0 2
17  5 1149822289
12  8 19139086
5  12 361013114
13  16 742646944
19  2 573110425
18  19 1432081121
9  2 16227588
6  16 474648460
16  4 1731979880
19  15 630004579
14  8 2108343231
7  3 1569224299
14  15 714794853
11  16 1360931339
18  15 717271114
0  13 395447432
15  3 1829460943
13  12 1612068907
3  5 1850226627
2  8 659524192
5  17 1363607797
13  5 1621183962
13  7 1764574488
17  16 1315034009
19  5 1963343925
3  19 698397483
7  0 402329440
8  11 685450425
14  9 218519055
3  16 2110731387
1  3 468274045
13  17 1803646279
19  7 675674863
9  5 583130627
11  1 739831862
6  7 511209580
9  5 1853508599
16  0 1100262553
10  2 178622448
13  14 685863422
9  2 1167757012
8  18 550318579
2  5 198863807
2  13 5640842
15  3 2063326225
14  0 955860054
17  11 208916036
4  13 1509236302
14  17 674039913
18  14 1651544977
10  5 1082479856
14  18 2038046765
13  10 226214869
19  3 1840567592
14  7 2085915872
1  0 228358170
6  14 1923567515
17  5 2007013425
5  17 430337407
12  6 114110976
7  17 225945561
11  2 1596897683
4  14 1072514667
9  4 36797621
18  10 603669197
8  14 1907742016
10  18 1253117635
12  14 913069105
12  4 207593600
12  14 94543121
1  0 1588679232
1  4 1078488769
12  0 464529252
8  2 654416038
14  7 1359893305
12  10 796105171
12  14 995415772
13  2 1736098413
6  0 1361566600
11  9 533774353
5  17 268381159
5  19 880771345
4  19 104689498
9  16 452700778
14  12 551892025
2  5 1260707257
1  2 954241887
5  16 1843404789
11  17 1653959027
7  17 1177387230
4  19 715878232
1  9 271632381
8  10 860928605
1  8 1393301191
8  13 1793084789
5  10 679020274
12  6 308884514
15  13 427066936
2  14 1802278498
8  10 1234452312
18  7 1528326288
8  4 386120379
11  15 904385492
14  7 663318905
7  14 749253406
16  8 1828410762
12  6 1355547169
5  8 1997922696
4  5 989326355
0  3 821937412
8  0 1376558711
2  15 894184029
13  14 57885061
12  2 908796872
6  7 676933415
3  9 1702961838
9  5 1398275183
16  14 1120344253
16  12 924925460
4  16 1310520553
7  16 1546774952
4  10 1688689082
2  7 2074905030
12  5 511873135
0  5 1592788379
15  2 775914277
5  2 1724624636
19  11 27279853
18  12 234551978
7  17 1249595867
5  10 709841239
17  16 1464353345
9  10 344680430
14  0 2073810055
12  8 306531038
5  4 98699932
12  14 509390986
4  12 855185007
13  15 976357820
8  7 1544386567
3  6 1151671644
18  11 914469095
10  0 1109608588
8  13 750674620
7  14 1155606048
12  8 2110671549
6  5 740207181
0  4 1291412096
4  6 1359615771
13  4 1433349321
18  19 712288039
6  12 855199926
8  1 855044235
10  15 2016545597
8  3 1076834999
2  18 1224217931
6  14 672479554
1  12 1336875070
10  4 1126450932
5  9 1642224005
16  17 1442128630
7  16 1843970689
19  16 587324280
5  4 2076448037
5  18 1642836106
15  5 2099456305
2  17 1889315301
11  5 1432321924
10  5 2004411455
5  4 447886330
3  10 38352627
13  9 1601059786
9  3 1669803858
2  12 291602803
17  3 943879278
4  6 1311585141
7  14 1126996979
10  8 276097372
1  0 634598457
2  18 1637514787
12  19 1078822940
7  1 794078214
15  3 1791711809
11  15 1042584631
5  1 710999016
2  13 238311317
5  10 1673605554
9  8 731754003
0  13 27696517
2  14 1563452906
14  16 2083706054
8  3 1158314824
14  19 94269495
13  16 1672736010
4  17 1994646174
9  13 1926154670
11  5 971256456
17  18 915243611
0  12 1361173710
7  19 147550687
