200 20 19 17
8  4 713929149
11  4 1544981752
3  16 537402883
7  10 1273898349
12  2 1198018267
6  17 1572488345
19  14 487024435
12  11 1553960332
16  5 705457603
18  13 417769758
8  14 930989873
10  17 2082749243
1  15 1276786419
14  11 1907188709
4  7 2100280993
3  15 126653664
17  18 527962702
3  2 1531630097
3  1 1462710230
1  9 2016400690
6  16 868772616
12  9 628630071
12  9 802655683
4  9 1232399664
1  10 797482959
5  0 1362271841
10  19 841436732
15  11 505123717
8  5 1589171683
12  18 787619972
15  3 1961089508
11  8 1507439645
14  5 1331026830
19  4 818420020
8  13 1962186906
16  17 263239959
8  2 1956281602
11  8 778268143
16  15 591159737
17  18 28693895
10  19 1078757165
6  12 1884636076
19  4 644322098
4  8 54858890
12  1 487472428
13  2 107012956
8  12 1516032230
19  15 1342090774
11  6 479198439
11  5 428740723
5  1 1916599866
0  12 1223165434
14  12 787248313
9  5 241121965
12  2 1817432007
3  16 1771898344
9  0 1967652371
6  19 456219984
13  0 770971791
16  15 1878916157
12  18 949191170
10  14 1624475091
1  6 2123812878
16  19 2140331477
18  7 1080717083
15  10 115614483
17  4 66985804
15  19 1070400693
7  14 2794020
7  4 995361592
3  12 1052116079
4  12 449174376
18  12 1192994489
0  17 1263052667
15  6 1798804428
2  13 1957397090
3  9 1068268094
16  19 1928418176
9  3 1724625205
18  5 1367069154
1  16 136815773
13  1 418606443
16  0 1262790632
16  14 915075950
5  13 927965721
17  16 1945100319
14  4 325690003
1  17 844495404
1  11 1982769388
1  11 925936016
13  16 1265523592
0  18 1361073737
8  4 529327975
7  3 1219329324
17  11 1300494725
18  17 331805951
10  15 1377608975
18  11 368187073
10  7 1035577031
7  14 1864424014
11  8 1962725976
5  2 269234321
2  4 1803551824
10  1 1301149446
14  6 887994677
12  4 881563153
17  16 930495027
16  10 1183139233
19  10 1378831312
14  8 1660766105
9  15 386708268
0  5 1684543836
3  4 763909690
15  1 908115188
6  5 1400206270
19  5 227209861
16  4 850694900
7  12 2112963442
0  13 1521804565
4  2 1109132076
15  17 1397138194
18  6 1456549435
8  0 1740870202
16  7 192410850
5  2 431303082
14  13 1178223569
9  6 408433229
16  3 1634368854
1  18 1797921158
17  5 1463423859
13  6 1984846140
16  14 1664390465
18  11 177011654
2  17 411853964
1  16 1586163040
11  7 893249702
15  4 1246057074
18  7 395794860
2  14 1136121695
0  6 1963387365
15  6 1348100759
3  17 424453961
1  3 828926633
14  3 1819302750
9  1 284758445
12  2 2093913165
8  0 1248283411
17  6 342303849
1  11 1572664808
2  10 671209248
3  17 973821842
15  4 1718349869
14  17 937453503
7  17 379843486
7  12 552123338
5  15 1258110032
3  13 1149544142
4  3 1579748105
17  1 401576120
6  4 1697973461
2  3 2103832837
6  3 1673615426
1  17 775212814
5  3 1166398115
17  3 1990545224
1  11 428451353
2  18 1309473364
5  3 1756959628
0  5 179205479
16  6 183672533
17  4 347449093
0  12 1017552379
6  11 816029043
15  12 1727029135
8  14 1655930266
5  15 53394904
15  16 577762428
6  19 115566287
10  17 728603179
18  14 1164278645
6  13 297933082
19  13 776467983
14  0 22120138
11  6 832503373
9  18 1110035140
10  16 1147431588
18  16 850437211
9  18 1190380594
13  2 1220035520
14  3 1356681891
12  7 1449556577
5  0 502318922
3  19 2095602038
3  10 874434962
7  8 212836178
4  13 645051607
5  10 765134958
7  8 1059681290
19  15 1404073954
14  10 192084551
