200 20 6 15
5  15 914172
8  11 399253561
3  10 660454749
1  18 922043771
6  5 941097283
17  13 382394800
5  9 1634277428
19  6 1138222835
19  18 365954117
5  10 1371275203
11  8 688936541
1  17 987057159
14  15 398383440
0  9 1008601590
15  17 1939251091
7  9 1494609301
16  6 1823660703
10  3 658309629
18  8 494509923
9  2 1983164867
15  1 460362241
6  7 367092328
7  9 1869612372
16  3 1454143638
14  2 756838491
4  11 1304161685
7  18 215789699
11  1 1423614521
10  2 641085860
2  10 1846680839
17  10 1821916884
9  17 652453540
15  11 2095949294
8  15 560424111
3  2 615866172
19  9 1753258107
19  4 1509014626
13  5 1427495485
7  6 537363609
13  8 1186209614
14  17 1509992165
14  8 821983734
11  8 503105628
8  1 286906984
16  12 612625787
17  16 573531834
3  12 64867515
14  9 926213784
13  2 1761068722
12  16 1503664108
5  15 679795009
14  10 1608443252
18  8 258629537
17  7 616374890
13  16 1964092017
6  19 529985713
12  17 454440563
19  8 1934740277
9  5 1104985137
6  9 590973668
9  7 1361203027
13  2 811684376
12  11 897099610
15  9 1576662950
5  18 1048521272
4  3 1053881572
7  6 1505287243
1  11 950144522
12  0 342864833
4  9 871004049
0  5 657295641
5  9 893056060
11  5 1465635
14  12 562782091
17  19 1218832434
18  4 656098850
18  0 55106948
1  0 119954654
4  16 634257673
0  2 340638744
3  18 696235339
4  16 301654630
8  13 2084366096
5  7 212298187
14  10 1309055447
15  17 99263512
7  6 567437553
12  0 1851320370
14  5 1958736773
8  12 1403212582
7  3 1748729208
0  2 1788293562
12  13 1682728165
9  10 1948603795
3  16 1654334572
13  19 499570556
0  6 1716597358
9  6 1381580098
1  12 544498324
11  4 113371911
18  11 1958581691
7  3 1249478194
9  0 639185650
9  19 1563478613
11  12 435089211
11  13 1600969378
8  2 1465016205
0  15 2089308860
3  0 109739222
13  0 1391390907
12  1 1331130817
7  9 38249669
13  5 794469837
10  9 627785902
11  9 1194764124
12  18 216236773
6  4 1267579970
4  16 1899341578
19  7 1961109502
9  1 1676566760
2  7 1102202775
5  7 819694142
15  3 2043411237
17  11 524694960
15  13 1801872314
19  3 931171481
9  6 292966211
16  13 1667139535
16  0 1543979509
13  0 644634159
10  9 1572617066
16  1 976104701
1  12 1315162678
16  6 1062186741
7  19 786570237
2  1 326203159
19  12 1931018868
10  15 861575257
5  15 1999100060
1  3 1758383515
15  6 517339544
16  4 1102306471
17  16 689543777
14  12 1431818178
14  4 1928724875
5  15 10969341
17  13 783639174
5  11 784539896
9  3 1387186528
15  6 778168747
9  8 866130522
17  16 1165271647
7  17 126423121
3  16 732817246
10  3 479113385
8  14 117668064
7  3 1334598153
5  6 149325265
8  9 702901541
8  16 1823916411
15  10 513153004
11  3 1236378340
10  3 1379334740
11  3 105058743
11  4 1996556883
1  15 743669580
13  2 786601075
0  8 1583358660
14  17 739426389
0  16 1570838444
19  5 1338023607
12  10 927870837
15  10 206856754
9  8 1144121942
3  19 368174
6  3 472456931
15  2 225173723
10  0 229248778
6  8 1182798883
19  17 2094827263
16  1 1693120245
7  18 494655869
18  9 652769714
18  15 12202953
12  3 320769402
1  3 1304977818
12  3 214837776
2  1 1821808314
4  14 1307839236
17  8 1756302816
6  1 59226249
15  1 2019901998
1  13 337538372
15  2 151473700
3  0 1796480128
13  10 412647080
12  0 2147262668
5  6 2046397753
5  11 431323860
18  16 1015980118
