200 20 2 12
19  3 1850531738
15  8 1964927193
0  1 1046763952
7  3 1725028916
9  17 701885230
2  0 2138817695
11  4 623562318
17  9 328380946
17  2 307152194
7  5 1372547145
13  18 1491277393
11  10 1032507187
18  15 80427593
12  1 92301978
2  6 214753193
13  2 157129372
18  11 1150639087
18  19 537033695
17  19 1757196138
12  6 996447113
19  6 2105401219
0  15 1327296052
19  18 2120533035
7  6 1833648394
17  8 936924425
6  13 1895797634
5  2 648528978
16  4 1000076714
12  13 898735593
18  8 1704932015
15  16 108087044
5  14 1985132543
16  6 1884004580
13  8 2136846674
18  10 1038943730
17  18 442793263
17  6 1330913610
0  10 1081024135
15  2 406144053
10  0 345520162
2  13 1417504486
14  17 1767454623
13  15 371091451
4  19 169031694
7  0 1200451321
15  9 1690377347
2  8 2053494497
6  19 1045952476
3  13 94101437
12  1 1497026435
1  8 509816095
15  2 1324262395
13  10 609726596
16  2 389394559
9  6 463075673
0  17 765187603
16  6 991177388
16  6 1639962396
17  12 2034640259
14  1 81617866
19  15 1852516911
12  2 2104759026
2  14 1254172347
14  8 458753535
11  16 1323977091
7  12 503755235
15  6 413448529
15  0 284837722
2  18 708931176
16  6 1061106614
5  13 1001651943
13  4 434863500
11  5 1336968727
9  14 1272767698
18  10 281179024
9  5 1623825311
0  10 1520892839
2  0 453656427
13  2 911788821
15  5 768670892
14  5 1714371065
11  19 1240439885
7  14 68990137
19  6 833515924
9  12 4961982
13  12 687528850
4  7 45311047
19  5 1349468951
11  9 1276812671
18  9 1670788285
2  11 804861002
18  19 788671277
9  18 867838823
8  3 1274836385
14  2 2037434526
8  12 1440133896
16  6 1926564122
0  2 1953575328
5  8 2000834498
4  1 864477027
6  0 1058123760
9  14 459968257
12  3 1029682917
10  2 1768286130
9  8 1778151466
13  9 715902868
1  5 14438838
3  8 1897207426
18  12 1465849405
4  18 1719454811
14  11 694494403
5  2 1134564097
9  13 336595421
7  8 526659613
11  12 2041921454
8  9 1067757139
3  4 742275638
12  17 1937279792
1  11 2144104775
0  6 165385984
14  12 57466283
12  15 851549079
10  3 315496923
0  2 1085089219
17  15 2098719869
16  0 1124481321
4  8 1296741820
12  16 415313748
3  14 1092202712
14  13 773847116
16  9 1701822700
8  17 2121862269
5  6 107931054
16  11 1321175573
14  7 1084360919
1  3 1786812438
19  0 666753874
9  19 908875420
3  15 671453940
9  15 1768927896
3  6 1780682804
13  6 687297596
11  13 1046233913
5  14 518110974
10  12 2119756203
4  11 1819681371
13  18 1305801027
9  6 560981444
15  0 547793448
5  13 796412932
13  7 290056192
6  8 1469891507
7  13 634533596
12  13 170715993
14  16 19658756
19  8 1074307864
10  14 25380008
9  4 299263055
7  9 6258463
10  19 1999704668
1  17 153909351
2  11 1592632025
17  9 970455288
16  11 34299881
15  16 482710455
12  15 1473687685
6  15 703148962
1  10 1229096212
14  5 904388303
2  18 1437417725
18  16 1608439725
16  6 1236233679
8  2 1939901158
18  10 237954586
10  14 915896384
11  0 483340471
13  16 1441861839
1  12 1656187280
3  6 474902366
12  10 1111072785
11  0 1787800739
13  14 318230996
18  6 1045076969
1  15 681422855
9  12 1029513506
19  10 176996141
18  11 1830843901
2  19 2077772665
11  1 443878677
0  15 545735717
14  17 1455202238
17  4 20632579
5  14 1611365677
4  18 1285769607
6  18 1984147666
1  5 322813485
1  15 1715666334
4  14 2103685881
0  17 790777826
18  5 918262854
