200 20 11 4
18  17 367746009
13  14 499705135
5  14 1222380607
9  5 2039730175
0  4 1118823146
12  16 2110798301
5  14 1562456655
16  0 480986552
14  2 470116428
18  7 1472300109
4  18 1985304639
14  17 264240383
0  6 1630798774
4  3 305157665
11  18 314609404
8  7 1172985009
5  9 508005978
5  16 1524202781
11  5 1525956797
7  15 98323770
14  9 1221641664
4  17 969920434
9  17 1588695314
14  13 1638242056
6  8 1795736028
16  10 640051682
10  9 1841083797
14  12 936929765
17  16 2103276280
19  11 1051073186
6  16 789633382
11  1 1718059021
16  6 914709938
16  0 258796975
19  11 652726869
7  1 610139629
3  8 438021489
4  5 1613040431
3  19 2017301729
12  0 1364157235
17  6 1173259970
14  15 1939371322
0  11 2100696654
3  0 960301061
12  18 483180704
13  5 859157372
18  17 747831174
1  0 187049621
18  8 1006312647
18  2 2139257222
2  8 688755283
4  5 284872038
15  4 925445882
18  2 734269798
14  2 1786998358
14  12 1644138904
15  18 808965569
9  7 1656564798
4  18 217161716
16  4 1475786631
12  3 144255903
5  11 1302678542
17  5 1949070849
12  2 1355235549
6  0 1120913856
16  5 833220702
17  13 1973570995
1  11 1006509031
14  19 2020356944
12  16 457320777
19  7 2057580230
11  2 1556914254
13  4 264990475
16  17 1598534189
12  9 2019667847
16  3 1565600990
11  12 1571474990
13  3 1596041569
12  17 1730073283
18  2 586105895
10  16 225838202
1  6 181485749
8  7 2004540696
4  8 2130981413
19  16 822728190
18  3 269883664
17  6 1002616785
5  4 1365356864
14  15 2027159228
5  8 1118619439
6  16 1869073418
18  5 460566514
10  5 659895593
18  8 1743513806
9  19 724753707
14  16 1663698608
6  12 808396909
16  7 47507852
5  3 832058649
9  17 99621174
11  6 1344491510
7  0 1909804872
7  10 1157255868
0  17 1603967574
10  18 1985312421
8  19 1957202949
0  15 1468982355
16  12 1014708274
11  1 1501171255
7  3 2033094462
13  11 1572845573
14  15 1318561535
2  15 1987588209
13  3 1544708061
13  10 1093897264
15  6 2082878042
12  9 514125137
7  17 1373878148
9  7 1753521295
9  14 899935116
16  0 1362440259
3  0 642782818
8  9 1826673772
8  4 871548411
13  12 1916110417
15  12 834012616
7  8 762968214
1  18 193748530
7  17 1441353457
18  1 1113239972
17  2 488813935
6  8 428338941
8  3 508581802
13  9 1437735904
3  14 1170157078
16  12 2058763907
11  7 591425543
10  3 425929319
13  15 1958000012
7  1 346215628
1  13 588333149
13  14 968472986
1  10 817570639
17  19 860092972
6  17 1605502032
9  5 493532904
16  3 496720832
7  0 656183885
18  0 476537543
8  5 1247443475
8  10 957138926
2  0 1944506933
12  6 219720256
0  17 1596133751
16  8 328406593
9  4 1036875060
13  3 315126682
8  3 1549127681
12  2 1858880262
13  11 173097297
19  2 2061073542
3  6 258986648
8  3 1686573549
0  16 1050874017
16  14 501519454
4  16 385898667
13  9 1277569969
19  14 143939080
9  6 333491018
11  1 371181899
14  15 719152182
11  4 57192348
2  3 1536989736
9  14 245699798
15  7 102751009
11  2 906185112
19  16 1556440213
11  18 132531563
0  6 2053091508
8  7 110094986
9  1 276729986
17  11 1948588336
7  2 1876091917
13  14 624465879
2  9 1549290748
13  19 2039211785
14  12 1661258241
6  14 159979623
12  3 1942606128
7  14 1906802979
6  13 2033452176
12  5 858112029
4  9 281514384
4  7 621872192
15  14 365138990
7  9 1740517967
17  7 273583508
17  3 120322928
7  14 1334140294
3  13 1616830800
