200 20 7 19
0  14 1711432612
17  8 911573068
18  15 453721704
18  14 1715725805
8  18 654526825
14  1 1191881737
3  4 822372210
3  7 800570450
8  18 994539749
18  10 1903541221
13  3 138614453
10  17 847685807
7  8 1229194990
16  14 1878031480
10  13 921723916
8  16 1238285830
16  15 670537656
3  8 1490088367
13  6 570842603
15  7 1680817662
0  19 520906593
16  1 741732951
0  5 1130137735
6  4 1148469238
15  17 1399004536
8  18 1439724910
6  1 107535538
4  7 919252458
18  14 708518093
6  17 801509626
6  7 55025047
12  4 1734216065
2  3 1966741697
9  1 444189935
1  19 253008791
9  7 592755557
2  3 1381482723
7  2 759551407
10  12 1396204984
7  10 979825729
17  14 1877231274
9  18 1949750263
9  8 1096749309
3  17 585682457
15  7 1890836198
5  14 1304276137
7  5 1475179272
9  1 2075441986
16  5 299109158
5  13 1853523351
10  0 890948178
8  6 125461367
8  3 1768370884
3  19 1310926085
10  12 1209390776
1  11 942493882
9  16 1725197114
1  3 822466338
5  14 56705693
15  19 934609813
13  16 330990127
18  13 1079279097
6  10 1764580235
11  13 22383553
2  17 1899753824
17  14 100461147
12  17 2104100726
18  14 1722188033
10  8 278337759
15  10 1007911463
5  19 1863444624
0  9 1918724144
19  1 1346395515
17  6 1161590673
11  9 748451459
2  0 694880201
7  15 683755718
14  17 1749907645
10  13 1267617967
17  2 1587537877
6  12 270228737
11  18 1183601358
19  15 1489242795
3  4 995867929
1  18 1327185976
3  6 1101900963
18  1 1318390384
7  2 469135611
16  4 1380803486
0  17 1380403807
19  9 1270347397
8  3 721657218
10  15 1024294331
13  6 375990392
0  5 641114424
19  16 642119084
18  16 447128259
19  0 973158694
3  14 1048087443
6  19 560803864
3  19 194915951
8  10 81975271
13  3 141254200
14  7 1775684266
16  7 717449277
3  2 94243796
13  14 400692951
10  13 794757310
11  14 435801385
4  2 1969468648
8  1 639675462
16  12 1921944555
9  17 508021208
3  17 1292091389
7  4 1540453353
1  18 743804063
8  16 419830910
4  13 1427758039
1  18 152431887
1  5 817243137
19  18 878608573
14  1 1974256603
18  14 775504227
9  2 1093587377
7  16 1620432895
10  19 1831724065
7  4 1044636906
17  9 1982260661
11  6 1776617439
4  9 768697933
10  17 990689749
17  1 486806669
19  0 2140177882
19  0 1627434028
18  5 2106887598
8  10 1097427411
7  1 647678855
14  7 523972980
0  1 1730849038
19  14 891860046
0  11 1615679238
7  18 517576834
4  12 1297547093
19  10 696676179
17  11 925085726
10  15 469524567
14  1 1233863982
0  18 141867556
9  13 1721033635
3  6 1286517643
16  6 1768497277
17  2 1902599302
5  15 13090421
9  18 2094401005
8  3 1287103014
2  12 981631875
6  14 1400000056
17  8 1054018121
2  4 35954958
3  4 1862241519
17  19 203955726
9  17 104914590
9  2 802192260
17  11 346999861
2  15 95383111
1  2 999522980
19  7 1635805310
16  11 506343867
1  2 1167776808
8  4 367822614
17  0 537483685
18  1 317119349
9  8 1492790682
4  5 257056928
5  17 572545567
3  9 1442272154
12  5 1061188127
13  9 1063264713
0  5 15134902
14  2 1359483757
6  10 900942459
18  17 1704198396
6  2 1245322038
10  11 1768925520
2  14 296811693
19  7 86435491
2  9 2075083257
5  2 2064794511
9  6 1181273485
13  16 1066644948
5  6 795503516
7  6 1328618170
17  5 365228698
5  14 91103401
14  0 280271176
10  0 76010185
9  6 1300825713
13  14 1811748873
3  4 1986742159
14  18 1848161898
