200 20 18 17
12  3 1919473964
6  9 1808442311
12  19 378583328
19  2 1939635734
9  1 780558678
11  9 1612526209
4  7 880263892
12  14 222718798
3  5 785397797
0  19 1543321205
1  17 1723827426
2  18 33093069
10  6 107688043
8  12 189501744
17  1 968113345
12  15 1654157845
1  15 1882997109
8  6 680729099
14  12 1275220736
12  13 2024551092
8  16 1623246769
7  15 1557637977
5  18 1979816332
14  5 1242627704
3  4 269374947
0  9 1362326801
2  4 668623456
12  4 1260758430
16  14 585330480
5  18 1619820222
5  7 2031992227
9  3 1562260248
11  14 936063274
4  7 1729227327
11  13 1189857303
15  0 1467085950
9  8 1875125401
19  8 695597805
18  6 363717800
11  2 821053743
9  10 146421207
15  5 2076787878
16  3 1984294010
18  1 1155185232
7  8 1644414528
5  18 2114851953
18  5 43029058
8  1 1416136243
17  1 221442572
4  3 255383539
2  10 2059047144
15  2 1610072438
18  15 154399192
16  17 985695470
18  14 742847061
3  1 1720696944
10  4 1816053215
5  8 38514196
1  5 2002036852
16  6 416212225
12  6 105905846
0  16 786110292
13  9 636019250
15  4 230999447
1  16 1035235309
9  13 701793215
15  3 730441169
3  4 413901031
12  9 64329150
2  0 440517883
2  1 54169241
2  11 438134988
9  6 1800432011
19  15 1647541256
2  0 1085838358
14  16 1228010344
16  6 589811578
13  12 1205201576
15  3 1266402894
15  8 217112197
11  3 1741449152
11  9 1863433879
15  1 1681498337
10  5 221331691
0  13 402406751
19  7 2050617358
0  3 68996749
15  9 439557611
11  7 157717627
8  0 1769627566
11  15 925158677
18  5 1052652114
14  6 95086835
11  5 1182717520
4  12 1755758360
1  15 1821986474
15  8 1425183944
16  3 1624937388
8  14 1838282041
13  17 367589329
7  2 1310226908
17  12 430779793
7  18 354627250
4  14 1107121627
5  8 1747913751
15  14 1930890703
7  11 484260683
10  8 323968289
0  10 691868087
19  3 1475593698
5  9 596529127
15  7 728850015
19  8 1560680251
10  6 2122651852
17  1 1594786046
15  10 1204231280
12  17 32396503
4  8 1952356109
1  0 1810319599
10  5 336958513
8  14 1896917150
0  10 1309750273
10  8 194835591
13  1 1975341344
2  7 2146645192
9  13 1862950313
11  17 1615714215
17  14 1576184032
1  14 65193053
16  13 206138229
3  18 1582175164
1  16 264455439
2  11 1078152064
7  14 2117476378
14  6 1951908312
15  16 714506581
5  17 359991318
19  4 2118114388
15  13 2004379605
8  5 1790147641
3  14 827740126
10  6 1497630191
14  16 1568166395
19  1 828180471
5  19 163367492
16  2 767276183
14  7 1218204419
8  1 963696960
6  19 1579791956
3  19 621682654
4  7 932552464
0  7 426072240
19  1 1519822187
0  1 2032839053
6  18 78137591
9  8 581105558
0  9 1696046721
17  13 1807115466
18  9 999950448
15  12 115739419
1  4 751589294
13  12 940498941
0  1 1060549884
16  6 1567410305
16  3 1570014481
7  3 677075984
12  8 1719052180
11  5 2010350448
14  2 951947432
16  1 318782268
4  8 1955938848
10  3 1002716547
0  6 345360898
0  15 1938988375
3  7 1709539725
13  7 1911752605
15  13 2122932187
7  11 1306089265
6  15 1616416195
5  19 1624993959
2  13 1473133758
10  19 1579445490
12  5 105753066
15  12 376949162
13  9 954941057
7  8 363019095
6  9 1226709600
1  14 156773107
5  6 473601923
9  5 1268421507
1  19 804468
11  12 1237850786
3  15 2084308186
3  2 1912176296
2  18 599358197
15  5 1268512548
14  16 2079507056
10  15 1900988681
5  8 1445402796
6  9 1385015573
