200 20 6 18
18  4 1455997626
2  8 44782593
3  8 799305270
10  18 709542666
11  2 1364035438
13  19 1986137437
5  11 1843814084
14  8 1045400851
1  10 1807609892
6  4 119762273
12  13 1212574878
17  15 603976952
16  9 233542838
10  18 1648368527
0  3 1264245106
18  10 392937908
18  14 2117533814
2  14 625059999
3  10 1073904999
7  10 721529609
11  0 1715772336
17  0 447643647
16  10 613716411
2  3 1039990940
14  2 983160851
5  18 162433686
12  11 1899541243
10  0 579258017
17  10 794276441
8  3 923585277
14  7 2096313399
2  6 2028953997
6  19 1631253304
17  11 405366265
2  3 65628509
5  19 855714104
18  13 1644546217
18  8 309732182
17  19 1600006593
9  13 1233932676
9  14 984275882
2  18 947121377
18  5 1205873047
19  9 1578494416
8  0 946284711
3  10 407615817
3  1 1627087971
11  6 1058734390
16  12 415772680
0  5 1509444479
7  5 812450376
9  6 1086140770
15  14 115814462
16  13 1700517237
7  11 1599688890
15  19 540278783
11  2 1480143293
11  14 133102321
11  7 32001373
0  3 230403800
1  14 276730882
0  9 1055736396
7  9 1232379057
4  10 357536900
12  4 724002899
4  2 1497859211
1  11 1259658608
10  7 2120876849
10  12 94928333
8  12 1091022597
1  12 2042506286
15  2 1307763186
1  6 679983543
19  6 1145103894
19  4 1254928365
2  18 346393116
10  7 1605054475
11  6 838509192
6  16 618899615
7  8 1816107324
0  4 812752830
11  17 232351737
4  16 62358933
0  19 180915603
3  5 1709254398
9  11 1182867703
6  15 1590755734
6  1 534962226
16  15 458767335
7  3 409503633
19  16 984302686
5  16 714382956
6  7 1517421472
1  19 66827715
18  2 725266833
5  16 1785359731
12  1 514795534
6  5 1899145609
16  8 112244994
2  13 502353431
16  18 1210449308
18  5 92751335
19  5 343222079
14  16 1874077916
18  17 339655264
9  7 1494115305
16  3 3035821
10  8 1386173783
11  13 2101476145
15  9 60750947
16  1 141489342
14  16 2018322
14  15 1372699739
19  18 2096482109
3  18 1800843199
8  6 320116007
13  5 804229910
3  10 1430468715
2  15 184849758
3  18 893448169
17  13 1692921803
13  12 2129397757
17  2 1709539128
10  13 956686932
8  4 1714834853
16  8 660038393
0  10 1490454916
4  0 761765068
2  13 995577228
13  16 1439933063
4  13 2021186854
14  0 1303607355
19  14 2096938474
11  5 1246982425
4  10 2049775357
10  2 913926768
18  4 670015618
9  10 283494097
5  4 1032430768
12  14 208584223
10  5 651312962
19  7 1926762550
5  17 589161521
19  18 1925408016
16  0 2020892338
14  12 1954427709
0  19 1397643806
6  4 1190692481
15  10 1421338032
6  14 847938239
12  7 1253955680
16  2 520847478
7  2 1332326017
10  16 868675422
11  18 363820970
6  3 727648634
4  1 556387210
11  1 141096820
4  15 294988707
6  14 338633162
5  6 223980855
4  18 1932221874
15  6 1729605318
9  0 2146691894
18  15 1429920729
13  14 1121038527
13  19 126910291
0  6 774280873
1  9 343213791
9  6 1036903937
3  17 393450852
13  19 164281687
15  13 1468925934
5  2 681427874
11  19 1693241111
10  2 1719618385
5  2 1684089151
12  18 1467686302
11  2 1830024443
1  7 1642448306
12  8 1332623170
10  14 2116252854
3  17 1085543902
6  2 1974576904
9  4 1114831168
9  6 1291250837
13  4 1456653790
13  4 987526230
1  8 47972023
9  19 860597331
5  1 778113112
13  11 1388691904
19  11 313141310
4  2 698629161
11  9 1149916143
17  5 779648666
5  18 177872867
13  5 670001274
4  14 1276332305
4  2 1450538316
