200 20 12 3
12  10 254445706
19  5 1887438163
15  19 1009680421
5  1 1678924159
12  7 1402658732
15  5 1393891661
12  8 946814042
1  3 550793727
12  16 1907956492
18  9 1210053944
4  15 1160213402
9  10 1082856880
7  4 1174634941
11  7 1721527194
18  1 514194135
3  19 1438248480
6  19 211736296
0  8 558204309
14  17 219363168
6  3 1935663916
10  9 1446070776
1  4 1704946048
19  14 1780454944
0  7 575289505
9  11 2134383948
0  16 61238839
3  9 1824777545
11  3 1095708731
1  4 1589769567
7  10 1791934986
16  0 1891320661
16  5 1206024125
16  7 1337652727
6  11 2008997565
13  1 1626423066
2  13 227415918
4  7 133867099
4  12 896889668
14  10 332716459
6  3 1070811111
1  9 1852903572
18  4 1526278593
13  12 1999806031
11  9 2045582803
15  17 1036952268
3  18 1977749330
11  13 1258792341
17  14 1178024477
12  1 2098417668
9  13 1837990632
13  6 468131578
8  18 1650735848
19  9 897553146
7  4 1338538085
13  6 1421452993
17  10 1443489042
14  18 1030823518
8  15 1787756370
17  18 1108233888
8  18 896425256
6  10 1135313369
14  10 2110700399
9  12 512905767
0  3 1628988870
1  6 1099342599
2  7 371661531
13  16 1076873558
5  16 586182699
4  7 408438356
13  16 201206354
0  10 1437861663
0  19 274557818
5  6 1779939046
5  18 1408693833
5  10 70041535
1  15 1781809415
13  4 236151705
1  16 127576756
8  18 1446913113
1  19 2120105698
3  4 994285172
0  17 23557665
15  19 584143951
10  2 466389920
13  1 1631497928
17  14 1494341475
6  3 618311966
14  15 130204935
17  14 2028410410
9  3 1633825613
19  9 1317736148
5  7 1041135691
5  4 1340667977
16  15 2135448805
12  2 820674674
15  2 95456278
1  0 1444646773
0  17 1376283906
19  17 1242090695
9  10 593343329
4  13 1360446890
5  0 257211520
8  7 1793920353
8  16 67228174
5  4 1747856877
5  6 1407390894
4  18 1928105
10  3 713376425
9  19 712467843
15  4 937296380
0  4 1364316890
5  10 241571057
4  5 1898508390
19  5 443495787
8  2 2027479064
9  19 2109955436
6  3 649188904
3  11 278587094
2  7 1664444363
19  6 647013223
11  6 1621558834
15  19 106024451
8  0 1102831640
8  16 1992445862
14  6 1036087585
7  4 907713321
17  8 1732671638
12  18 2025874573
17  18 297783385
16  6 663415672
7  19 1497238452
4  1 329587295
7  5 1624388272
0  19 1363733491
2  19 1314792019
10  0 1178092841
11  9 1817949060
16  8 1520268470
13  0 823984139
12  14 332745736
12  8 1050971437
2  4 1388432977
5  4 1923094073
9  0 1201009483
18  9 2007316427
16  19 2059198494
17  0 825238389
17  14 1976392324
4  8 2127704536
12  5 1467316339
2  17 731184643
13  7 97603902
19  12 277552546
13  7 1965162602
4  8 1202075572
7  17 2117118179
19  1 693914897
19  14 65297919
11  1 320952421
8  14 1283421930
2  15 13880156
5  10 1900346618
4  16 1949268529
9  5 1896698250
12  8 2140032233
6  9 1922680768
6  2 1371654469
6  18 920715559
19  11 354141253
9  1 831804139
6  18 1996399205
1  3 1196814455
15  0 440699974
4  19 274976165
12  8 651912922
10  18 1945440578
15  2 2123220863
19  16 576021425
13  4 2144037090
15  4 1106534034
7  11 2072358475
19  7 68076588
6  16 2125317498
13  6 983921163
1  3 1697092604
17  2 1861499722
4  2 796631444
5  9 933134575
2  8 1355704497
15  18 1034599475
5  4 1753343200
7  13 1832279882
0  10 1192368818
7  18 18155209
8  1 403093712
10  9 2118375860
8  7 1868105429
5  10 1475075422
0  3 370124732
0  5 725997998
