200 20 13 16
5  19 709629444
1  11 287082100
10  6 42032946
2  5 466007383
11  4 1271799736
5  19 18457725
19  3 1393949987
0  15 1591827702
6  4 2124616427
17  4 407202623
12  15 950611221
10  0 506015737
15  9 1251513295
18  0 717803443
19  6 949476680
7  11 2030629761
1  5 1788887046
8  17 1447669552
3  9 1041963951
9  3 1202030777
9  0 1327857384
13  8 2103843611
7  1 758137677
1  7 517825612
16  10 1235953113
6  8 100963164
17  9 229687388
8  7 1699110223
5  12 614256410
5  14 1388790802
12  0 505561471
0  8 291898597
2  6 1216702744
13  19 220038149
5  6 995602987
13  0 1800730680
15  3 82979854
12  18 913212505
13  1 2095767598
15  2 216727782
5  9 315148837
7  1 1197890715
15  18 66099933
11  18 1938472324
1  7 533398806
5  9 1293046354
19  2 981655178
15  9 430257412
5  14 50629706
0  16 1811526365
10  8 625680184
12  0 1186244544
11  0 2012036046
14  4 270828797
16  11 1827676697
0  10 1551507996
6  1 1559363356
10  11 1050919067
7  17 2135109075
18  5 558195959
19  14 1846504723
17  7 1645342243
11  14 1362287855
18  19 1151980849
12  1 1747021355
5  13 1770640420
18  2 420691893
14  4 1233812064
17  7 2001760031
9  8 52928633
13  2 1426894636
5  15 114420793
4  6 735192414
3  12 2115368449
3  17 1806197297
19  2 795312647
7  10 1939225265
0  1 233320955
3  9 1253845918
3  14 625606015
3  4 1163169066
2  9 1749912078
16  8 1208700663
3  19 947920186
17  14 1519948637
13  5 464011416
10  18 1763667633
0  1 91775695
16  10 928189670
4  8 1063041109
16  9 1634258012
15  9 433081972
12  7 1893993541
19  1 1875032979
7  1 917164386
11  6 1840253899
8  1 569605732
16  6 2001526535
1  14 1209179369
6  0 2087463300
16  6 1170691541
0  15 1416623618
16  7 492594422
14  18 1889816862
17  14 1515482435
15  2 518593464
9  2 19515711
2  3 2054500351
18  5 909999125
2  17 335766815
12  4 146605313
12  0 1933710981
10  3 1366099409
4  19 282568433
4  13 1268858323
12  8 970044176
18  17 1361618029
5  17 1350508740
13  16 1185154344
7  9 322078109
14  18 318465897
15  1 172084935
9  1 1682771758
13  1 1892332829
15  2 617017024
18  4 1874308434
0  15 261383378
19  0 919527505
8  15 1704221741
11  9 2096605683
3  14 1004309552
14  15 284227734
5  4 2145838745
3  2 527607922
15  13 1773557280
16  12 664057899
15  2 1294306872
13  18 685538529
7  18 79192280
2  13 1514701475
14  11 923918135
19  9 1376427544
19  1 1998067812
9  19 730916129
8  13 1011854640
3  9 1563281870
7  19 1840672708
11  0 292476508
10  18 208390654
10  3 980229602
9  5 2097076954
9  10 672419184
4  14 896033820
2  9 317489742
5  2 2146887982
16  18 816795353
9  6 1328642996
12  16 1273751032
18  19 1778139688
16  9 1289946966
15  14 607958730
6  14 577439864
19  18 446376485
4  11 1265878716
1  15 1602672573
10  7 1865894639
15  3 867788373
15  13 457309861
9  1 251001859
4  8 1311543944
6  9 425459588
10  8 1910137743
7  13 1092340435
18  2 355178099
9  5 1799740130
0  15 882618431
15  10 2094141318
6  17 608113707
13  6 1826477920
11  15 1906349273
2  15 777253842
10  18 4307392
8  10 1989976345
16  1 1815291469
4  7 1879052930
14  0 1224411247
16  15 694342003
8  19 1040971618
9  18 901091774
9  6 1371304416
19  6 857026405
5  19 1235518052
7  15 904832023
5  14 1524046296
12  0 1566124993
11  9 1267401787
8  1 1217269692
13  9 1066716053
12  5 1004259
1  2 330654848
