200 20 2 19
16  15 430855523
4  6 830787314
2  8 2116504545
19  6 358787355
10  3 1371362395
16  13 1772978212
12  11 611394682
6  4 816783398
3  1 1990965374
6  17 187297134
4  18 1883804991
18  16 421188822
3  17 1180785824
18  10 2047579375
13  4 1160608253
1  0 2040918667
1  4 1326584149
3  2 342054718
10  1 549499215
10  13 1394600467
6  13 1884134567
8  5 1125411025
0  15 808571445
0  7 1797568195
1  9 748950351
12  2 1336509764
9  3 1753189468
7  17 442143668
0  18 1508758261
4  7 1461099064
9  16 2094785016
6  18 544067436
19  7 1918858327
16  10 832924930
4  2 616267701
12  10 1071827143
15  17 1268350595
9  11 1950334735
8  15 602953928
19  1 467625781
15  9 1979063946
8  2 292353341
6  16 742020070
9  12 501890761
18  7 484553199
2  15 373231197
13  7 1527318340
8  5 1680257976
16  17 518909420
16  12 945041670
8  5 321743322
10  14 1612517739
19  3 349904785
2  0 80479446
17  16 762495429
4  19 347331810
19  17 176453961
2  15 628708661
18  0 602040269
9  1 901324337
13  6 296901319
13  18 2100495077
15  0 628574445
10  16 1639062633
16  18 157532996
3  11 1713662048
18  13 1164034746
9  4 1927134221
7  9 1537643334
2  7 647526057
14  5 1941315421
7  5 1636533675
8  15 328804491
1  3 145754504
18  3 1495596184
18  11 422345207
4  11 1274217124
1  6 386726612
19  1 1289373075
7  10 407502519
7  11 486108067
15  19 1803042434
9  16 275323181
10  3 1094447848
5  15 314292623
14  6 378482917
12  15 41570044
1  2 576575395
13  18 1628179849
8  5 35049870
11  18 839629344
7  16 338015583
2  13 1885921060
5  9 1631321479
1  2 2088103620
8  3 284938340
16  13 686107525
19  14 2010748835
9  16 246038937
6  11 1511975424
7  0 1772296766
18  8 1993776684
11  0 911196527
2  16 123170937
9  14 1720563647
16  13 375214637
9  8 265158523
2  7 1645887627
13  15 1904884430
6  5 1997730777
4  11 866164806
16  1 537179868
14  5 805350089
8  19 2139523119
14  13 1184363484
5  11 33086211
17  10 1958121952
0  6 329774314
1  17 460523360
16  7 468808524
15  11 1486867366
17  11 2097267391
7  13 127945005
2  3 1437822090
18  4 790965539
13  5 1624245655
4  15 723854976
14  15 2083105571
12  6 1331591605
12  2 1507587491
2  5 1315638114
3  16 103507770
9  3 1728582769
0  8 1475829687
17  15 277313033
4  0 1769583807
0  6 1102318023
5  7 2092052645
7  2 1843447976
14  6 725377816
13  16 2040549929
8  16 1422442002
6  12 618444132
0  8 344688937
6  13 35616161
12  6 649693536
5  7 1650956365
10  17 744225380
10  18 1316701799
4  7 1958438740
13  11 1156213886
5  3 518651366
15  0 835161247
15  19 620518123
15  4 1113611843
15  12 310907837
4  17 169857675
9  18 1215861773
4  0 212449946
18  19 84073305
13  3 1240024714
6  1 945638754
10  19 1550642793
13  9 906073834
12  11 1176517593
2  0 522379569
19  17 1216138369
1  7 1986759110
4  5 546354882
7  0 943925476
4  6 1653931677
14  3 1541474331
6  9 528281221
19  1 1256188000
14  0 1254694462
16  10 776215344
13  17 1479685063
7  3 446837577
18  10 1523109556
2  17 511550879
10  11 540349307
2  11 72233667
0  18 113322152
3  16 1435660689
9  0 1295494262
11  5 1706084764
0  19 1034098646
12  15 1506852384
17  18 305089004
3  1 1252319847
13  1 1117999826
6  18 202363189
5  14 1299480812
8  9 389305672
10  9 1279400299
11  16 9161747
18  15 856600960
4  11 1585387173
1  8 1534970938
8  15 295671817
